# successful candidates for region at (1.9752365912670198, 7.438263235654969) and radius 1.01.1417970641787287 7.319384890289396
1.1417733047111567 7.3320251062619475
1.14810591269668 7.319396567087799
1.4694996144915957 7.6295668593102075
1.475820261450915 7.623253770162116
1.4758129451465825 7.629574025618055
1.526266848024594 7.680190286051751
1.5325809222741997 7.6801966571276905
1.5388949967098577 7.68020293797144
1.5452090713289142 7.680209128582923
1.5704474806426092 7.69919384023418
1.5767677092432772 7.692879299210757
1.5767618352127069 7.699199584734764
1.576755957774368 7.705519870255746
1.5830761899507195 7.699205238923219
1.5829540147930508 7.831931269055286
1.58294815999088 7.838251556171953
1.589396232726899 7.692890513986974
1.6146266730023537 7.724513335443356
