# successful candidates for region at (41.68880523172507, -69.47607095690584) and radius 1.042.20038441241741 -69.45551492681369
42.311669811887555 -69.47410190662507
42.31093715671957 -69.44883910327613
42.31057150524492 -69.436207700341
42.31763389844083 -69.4551314303694
42.3174489887213 -69.44881573641115
42.31726419279567 -69.44250004223848
42.31707951055913 -69.4361843478516
42.31689494190704 -69.42986865325068
42.32396080648103 -69.44879212624942
42.32358750165761 -69.43616075221513
42.32302840486292 -69.41721368952571
42.33028398610047 -69.44245259322375
42.3297188106818 -69.42350555318119
42.329530650464484 -69.41718987272162
42.32934260586411 -69.4108741920397
42.336984398684606 -69.44874417603928
42.33660344061856 -69.43611283150442
42.336032881596026 -69.41716581299629
