# successful candidates for region at (72.03625216414505, -32.85225947006995) and radius 1.072.80633159787338 -33.24295031867759
72.81915081748926 -33.24287121785622
72.81903785657728 -33.23021197199955
72.82567436283598 -33.25549041303102
72.82533270607904 -33.217512706442236
72.83214234007563 -33.26177964839778
72.83849539760597 -33.25540933258342
72.84467252687921 -33.2300498947496
72.85067011151932 -33.18570138046842
72.85748982613921 -33.229966897932485
72.86395817566232 -33.23625449591513
72.86389846662968 -33.22992490997877
72.8638387729727 -33.223595323969484
72.87042745903823 -33.24254175654622
72.87036727225116 -33.23621217614153
72.87030710096359 -33.22988259566273
72.87024694517068 -33.2235530151099
72.87677636263342 -33.23616952996435
72.8767157290933 -33.22983995498522
