# successful candidates for region at (186.97050598691968, 33.18013420794931) and radius 1.0186.3613891241788 33.58977744697233
186.3677754005652 33.58980834929357
186.37416168148624 33.5898389259243
186.38059094254493 33.58356150002406
186.38054796689391 33.58986917686392
186.38050498019086 33.59617685366641
186.38046198243228 33.60248453043149
186.38041897361472 33.608792207159176
186.38735887016668 33.5268222935383
186.38718915576615 33.552053017405846
186.38693425674018 33.58989910211184
186.3938243820373 33.51423648525989
186.3937824554434 33.5205441701568
186.39374051807388 33.52685185501807
186.39369856992536 33.53315953984368
186.39365661099453 33.539467224633604
186.3936146412779 33.54577490938786
186.39357266077218 33.55208259410642
186.40024655851505 33.507958025251384
186.4002051064332 33.514265713943736
186.40016364369822 33.52057340260122
186.40012217030687 33.52688109122386
186.4000806862558 33.53318877981163
186.40003919154162 33.539496468364504
186.39999768616104 33.54580415688248
186.39995617011067 33.552111845365545
186.4065858351037 33.5142946174367
186.40654483622936 33.52060230981294
186.40642177636997 33.53952538673712
186.41296656800105 33.51432319573821
186.41288548755884 33.526938587811216
186.41280436543167 33.5395539797509
186.4193873659301 33.50804374912691
186.41934730507737 33.5143514488477
186.41930723392912 33.52065914853595
186.41926715248212 33.52696684819163
186.41922706073308 33.533274547814734
186.4191869586788 33.53958224740526
186.4191468463161 33.54588994696319
186.4191067236417 33.5521976464885
186.41906659065236 33.5585053459812
186.41902644734492 33.564813045441284
186.42580723032458 33.501763970106275
186.42576764339134 33.50807167345134
186.42572804628492 33.514379376764616
186.4256884390021 33.5206870800461
186.4256488215397 33.52699478329578
186.42556955606352 33.53961018969964
186.4255299080433 33.5459178928538
186.42549024983077 33.55222559597611
186.42545058142272 33.55853329906657
186.42529180577142 33.58376411110947
186.4321479249344 33.50809927262446
186.4321087915758 33.514406979488406
186.43206964816002 33.52071468632129
186.4320304946839 33.52702239312311
186.4319521575379 33.53963780663348
186.43191297386178 33.545945513342026
186.43187378011268 33.552253220019445
186.43183457628749 33.55856092666574
186.43171690432357 33.577484046417794
186.43167766016228 33.58379175293949
186.4316384059091 33.590099459430014
186.43848954090225 33.51443425701849
186.43845086135505 33.52074196736096
186.43829604372357 33.54597280842728
186.4382573144395 33.552280518617934
186.4382185751987 33.558588228778206
186.43806351860584 33.583819069115144
186.44467911758082 33.54599977810905
186.44464085276329 33.55230749177105
186.44460257810843 33.55861520540339
186.44456429361318 33.56492291900606
186.44452599927445 33.57123063257903
186.44414251381568 33.63430776667374
186.4441041109946 33.64061547991949
186.4511377669429 33.53341098811701
186.45109998602018 33.53971870526635
186.4510621953856 33.546026422386774
186.45102439503611 33.55233413947825
186.45098658496872 33.558641856540774
186.45094876518039 33.56494957357434
186.45091093566802 33.571257290578934
186.45049416837446 33.640642175714525
186.45774361894274 33.49559097641182
186.4577063597429 33.501898697116474
186.45766909096858 33.50820641779298
186.45751992006618 33.533437300217116
186.4574826033743 33.53974502075263
186.45744527708993 33.546052741259935
186.45740794121005 33.552360461739
186.45737059573162 33.55866818218983
186.45729587596722 33.57128362300669
186.46408619734163 33.501924667184134
186.4640493922036 33.508232391201446
186.46390207703814 33.533463286995854
186.46379149123715 33.552386458552775
186.46368082012407 33.57130962986178
186.4636069919468 33.583925077263274
186.47046603873392 33.5019503121391
186.4704296972336 33.50825803945543
186.47039334639408 33.51456576674496
186.47035698621244 33.5208734940077
186.47028423781097 33.533488948452735
186.47010220311483 33.56502758409568
186.4700657680906 33.571335311143685
186.4700293236978 33.57764303816481
186.46999286993355 33.58395076515904
186.46995640679495 33.59025849212635
186.47713257518342 33.45151378645384
186.47709677097927 33.45782151723592
186.4770609575781 33.46412924799197
186.4768458838719 33.501975631980876
186.4768100060108 33.508283362554394
186.47677411892963 33.514591093101785
186.4767382226255 33.52089882362308
186.47670231709552 33.52720655411823
186.47666640233678 33.533514284587234
186.4766304783464 33.539822015030104
186.4764866900107 33.56505293653991
186.47645071981873 33.571360666851895
186.47641474037778 33.57766839713769
186.47637875168493 33.583976127397264
186.48326113783023 33.49569289289465
186.48322573270784 33.50200062670896
186.4831903184874 33.508308360497836
186.483154895166 33.51461609426128
186.48311946274083 33.52092382799926
186.48308402120898 33.52723156171179
186.48304857056766 33.53353929539885
186.48297764194513 33.54615476269653
186.4828356752606 33.57138569698591
186.48265801146985 33.602924364273136
186.4896405267934 33.49571755933566
186.489605585194 33.502025296322856
186.48957063461557 33.50833303328527
186.48953567505535 33.51464077022291
186.48950070651054 33.52094850713576
186.48946572897827 33.52725624402382
186.4894307424558 33.533563980887074
186.48939574694023 33.53987171772552
186.48936074242883 33.546179454539136
186.48908038214782 33.59664134815344
186.4890452965466 33.60294908474327
186.48901020192127 33.60925682130819
186.4959854412825 33.50204964082205
186.4959509543475 33.508357380916195
186.49591645854986 33.514665120986216
186.4958819538868 33.5209728610321
186.49584744035553 33.52728060105384
186.49581291795326 33.53358834105142
186.49577838667724 33.53989608102486
186.49574384652465 33.54620382097412
186.49546720541474 33.59666573969716
186.49543258524804 33.60297347942853
186.49539795617693 33.60928121913566
186.49536331819863 33.61558895881852
186.50229724560174 33.5146891465507
186.5022632048218 33.52099688968778
186.50222915529284 33.52730463280135
186.50219509701216 33.53361237589142
186.50216102997703 33.53992011895797
186.50185403225692 33.596689805497476
186.5018198775261 33.602997548328446
186.50178571401057 33.60930529113581
186.50867803616313 33.51471284691589
186.50864445926766 33.52102059310232
186.50861087374238 33.52732833926588
186.50857727958467 33.53363608540658
186.50820717333266 33.60302129144253
186.51502571717654 33.521043971275255
186.51499259565634 33.52735172044695
186.51495946562292 33.53365946959643
186.5149263270736 33.53996721872363
186.52134165507897 33.533682528460496
186.52130898077456 33.53999028055524
186.52772384790498 33.53370526199834
186.52769163784677 33.54001301701874
186.52765941950867 33.54632077201812
