# successful candidates for region at (212.73715711162203, -11.238482155950033) and radius 1.0212.8076828475804 -11.964384421362105
212.80768123104755 -11.958059662819554
212.80763942856746 -11.793615940661219
212.81401798701557 -11.964382834770667
212.82035312637475 -11.964381111785954
212.82035121942462 -11.958056353919384
212.82034931323946 -11.951731596052602
212.82030379403574 -11.79993740718803
212.8520182961787 -11.939071428205233
212.85835285446677 -11.939068888937374
212.85835008072317 -11.932744133765581
212.85834730809353 -11.926419378593348
212.90275177002667 -12.033918559476588
212.90900573837504 -11.901095168535656
212.90899005157272 -11.875796168436668
212.90898613381725 -11.869471418409722
212.91542114427924 -12.027586392237023
212.91533942638827 -11.901091407350378
212.93444454885747 -12.046548482726305
