# successful candidates for region at (40.055810997478055, 2.826364458130836) and radius 1.040.486193492395614 2.928995063885537
40.48619589701791 2.935320868047107
40.49251258910128 2.9289926807629967
40.4988341610115 2.9353160635045272
40.498836639871065 2.941641864101745
40.505155807183414 2.941639407869807
40.51779673043623 2.9479601861056217
40.53022761119553 2.4229143483454223
40.53022995239299 2.4292401397078947
40.54286049057669 2.422909374717815
40.542862894113036 2.429235162163056
40.54917449955658 2.4165810534435783
40.549176930230246 2.4229068388931614
40.54917936493593 2.4292326243411853
40.54918180367375 2.4355584097876477
40.55549336985868 2.422904270394651
40.555498305692375 2.4355558372431942
40.55550077973497 2.44188162066506
40.56181480768543 2.4355532319734463
40.56202265101123 2.9289641739411807
40.638219313780404 3.593132501494149
40.65081231050488 3.5045650351144326
40.657131029572675 3.498235779627906
40.65713483106902 3.5045615267427377
40.657138637503394 3.5108872738546673
40.66345351012488 3.4982322366441885
40.68245678906004 3.5551530189695675
40.682464809575286 3.567804493070671
40.69443311973553 2.3785593700715233
40.69511885861547 3.580448480441601
40.70074934196924 2.378556068386316
40.71405421293806 3.5298311785126733
