# successful candidates for region at (141.39656866089666, 61.518369930246386) and radius 1.0142.18815040762993 61.9436979603648
142.193727019758 61.90565668943683
142.19471771970885 61.94366024206111
142.19488309889618 61.94999416667487
142.19504855322702 61.95632809105285
142.20011995508764 61.899284793622826
142.20028616582525 61.90561871127063
142.20045245196684 61.9119526286799
142.20145175515563 61.94995612811789
142.20667772869476 61.899246512949695
142.2068452955567 61.90558042191523
142.20701293843763 61.91191433063835
142.21340440881912 61.905541821371955
142.2201338618053 61.91183680078109
142.22652258540407 61.90546368672683
