# successful candidates for region at (222.8243585318053, -3.348458067646202) and radius 1.0222.06745246279598 -3.9660166605495886
222.07377081495997 -3.972346077393033
222.07377626452006 -3.9660218057737113
222.08010006631847 -3.966026907832569
222.62411114394405 -3.2010468363051596
222.63043099245135 -3.1947236434234507
222.63674841146113 -3.2010492941655047
222.64306818084026 -3.1947260196690386
222.64938458158417 -3.2073760359533683
222.64938567903775 -3.2010515918611997
222.6493867750565 -3.1947271477687837
222.65570431284715 -3.2010526806472686
222.65570536928664 -3.194728235853144
222.6620229466699 -3.201053729392133
222.6620239635301 -3.1947292839221064
222.66202497905914 -3.1884048384518677
222.66834158050557 -3.20105473809578
222.67465927542455 -3.2073801535024287
222.6746602143536 -3.2010557067581984
222.67466115205508 -3.194731260013786
222.68729576162758 -3.21370641978999
223.49672604012264 -4.086243788270298
