# successful candidates for region at (11.535651114740341, 13.668173772512045) and radius 1.011.276325276474006 14.293266290631601
11.276318100725083 14.299578183556031
11.276310922474915 14.305890076478013
11.282666445867182 14.299584780758984
11.282659443334637 14.305896674844984
11.282652438361705 14.312208568928655
11.289021615807911 14.293279319242123
11.289007964557245 14.30590310968668
11.295369786009521 14.293285588345924
11.295363137230353 14.299597484675521
11.422779408244509 13.371837427289307
11.435454794296575 13.302411747816013
