# successful candidates for region at (155.96350475388485, -16.568844574291397) and radius 1.0155.09982752203769 -17.079046544514352
155.0999435749558 -17.05372925607641
155.10619166318153 -17.079072859177863
155.10622047604943 -17.07274353300964
155.10624927998796 -17.0664142068084
155.10627807499876 -17.060084880574156
155.10639316579653 -17.034767575307313
155.1064219161927 -17.0284382489082
155.11244132138 -17.104416299896776
155.11258440511102 -17.072769648988167
155.11261299526154 -17.06644031870881
155.11275581312378 -17.034793666824466
155.125058412283 -17.12978534089402
155.1313962381824 -17.1361402510666
155.13767880094886 -17.155153666089205
155.13770664783434 -17.148824320199992
155.13773448610317 -17.14249497428004
155.13779013679715 -17.12983628234796
155.14404552400123 -17.155178860265654
155.14407315623217 -17.148849510444116
155.1441835996691 -17.1235321108554
155.1464983610585 -16.585537256306917
155.15038482269526 -17.161533213162222
155.1528193629957 -16.591891262533107
155.15287269154348 -16.579232549831563
155.1591937034504 -16.585586363837052
155.15924659791355 -16.572927643417625
155.16530482320925 -16.642574903926295
155.1655151261978 -16.59193999319497
155.1655413770634 -16.585610629227347
155.16562008035123 -16.56662253715642
155.16575108822119 -16.534975716478588
155.17165437990602 -16.642599011016678
155.17170658645065 -16.629940275954613
155.17186301019797 -16.591964070105444
155.17188905227087 -16.58563470236733
155.17191508619 -16.579305334601642
155.1719411119568 -16.572975966808393
155.1719671295727 -16.56664659898759
155.17204513352948 -16.547658495359965
155.17821089578067 -16.591987954735146
155.1782367290601 -16.585658583256652
155.17826255425112 -16.57932921175103
155.17831418037372 -16.566670468658426
155.18378631061591 -16.781892890288933
155.18401881290862 -16.72492851986539
155.18458440741844 -16.585682271894985
155.1847124095275 -16.55403539555094
155.19014049362946 -16.781916500963025
155.19037110143358 -16.724952097316212
155.1966726218364 -16.737634245723
155.19669801063958 -16.73130486380057
155.19672339151828 -16.724975481852102
155.19685017709327 -16.69332857171959
155.20307568314993 -16.72499867347274
155.20317628715375 -16.699681130905617
155.2032516577069 -16.680692973711864
155.2033018655014 -16.668034202121678
155.20952774002276 -16.699704115218278
155.20955266148027 -16.693374725915543
155.20957757515288 -16.687045336587676
155.2158791944102 -16.699726906735734
155.2159039059568 -16.693397513866145
155.22097088599008 -17.02254868978038
155.22223065030335 -16.69974950545767
155.22855780837716 -16.70610131127269
155.228606399412 -16.69344251147096
155.23371985502692 -17.01626426388129
155.2400818949083 -17.016286457045794
155.24644393627858 -17.016308455900344
155.25280597912467 -17.01633026044462
155.254011403973 -16.69353019348613
155.25403484871353 -16.687200779826714
155.25408171622192 -16.67454195244117
155.31128045953741 -16.66206898706547
155.31765199081192 -16.655759229371547
155.32402309772854 -16.649449272936646
155.3302265514982 -16.69377473379944
155.33024747799422 -16.687445281867994
155.3304355223925 -16.63048021368825
155.33657782238336 -16.693793859155797
155.33659853902165 -16.68746440423111
155.3429290945306 -16.693812791741138
155.34294960131058 -16.687483333853386
155.3429701016838 -16.681153875948613
155.34299059565134 -16.674824418026834
155.34301108321444 -16.668494960088047
155.34930066484822 -16.68750207073454
155.34934123966784 -16.674843149043227
155.3619630350044 -16.70019789944832
155.36829484236526 -16.706545533196664
155.36833419548486 -16.693886594366965
155.37466601019113 -16.700234035328453
155.38103675320218 -16.693922339046882
155.3810560008201 -16.687592864014267
155.38736899012164 -16.700269399997513
155.41251951032336 -16.78895065296109
155.4127020909685 -16.72565576946788
155.41847492195112 -16.928216107664834
155.41889202532457 -16.78263782043197
155.41905442757246 -16.725672401790494
155.41907244412343 -16.71934291076466
155.4247079704611 -16.972539081478267
155.42481603019135 -16.934562122712784
155.42483402056436 -16.928232629539817
155.4248699845348 -16.91557364315502
155.42528196502738 -16.769995296016276
155.42540676527483 -16.725688841187882
155.43060352228161 -17.13712230974536
155.43062147765178 -17.13079281442734
155.43103291915654 -16.985214418591767
155.4310507414085 -16.978884922967993
155.43115755873876 -16.94090794895908
155.43117534227275 -16.93457845324659
155.4311931202796 -16.928248957521443
155.43165341165874 -16.763682064239305
155.4369696661116 -17.137138527214397
155.4369874069964 -17.13080902936484
155.4374291468843 -16.972571579078977
155.43753465544373 -16.934594589856495
155.4379721606439 -16.77635712998521
155.43798959007253 -16.77002763143066
155.4380070140653 -16.76369813286386
155.43804184574725 -16.751039135693524
155.43805925343835 -16.744709637090004
155.43811144392373 -16.725721141206073
155.44377234566255 -16.978917037374462
155.44378973672173 -16.97258753672038
155.44380712237998 -16.96625803605421
155.4443089614093 -16.782702511497465
155.4443434041968 -16.770043509431964
155.4443606175349 -16.76371400838128
155.44441222533808 -16.74472550515756
155.45013314939655 -16.978932803372903
155.45015032762566 -16.9726033002555
155.4501675005199 -16.966273797126316
155.45054395641412 -16.827024725309556
155.45066319809175 -16.78271820126941
155.4506802113844 -16.776388697788395
155.4506972193717 -16.77005919429571
155.45071422205464 -16.76372969079136
155.45073121943415 -16.757400187275355
155.45074821151113 -16.75107068374769
155.456510919583 -16.972618869684126
155.45652787971275 -16.966289364122247
155.45654483457474 -16.95995985854887
155.45703423831847 -16.77640419193809
155.45705103558444 -16.770074686021665
155.4570678276117 -16.763745180093867
155.45708461440123 -16.757415674154693
155.45710139595397 -16.751086168204154
155.4628715125807 -16.97263424500602
155.46288825994554 -16.966304737041778
155.4629050021086 -16.95997522906633
155.46292173907094 -16.95364572107967
155.46923210660577 -16.972649426220975
155.46924864120513 -16.966319915884696
155.46926517066888 -16.959990405537493
155.48188881136497 -16.997997266182853
155.49514288323363 -16.7828226201106
155.49515842100664 -16.77649310029602
155.57678999567582 -17.25137782658233
155.57689464066272 -17.200741460593388
