# successful candidates for region at (146.44039862405037, 18.90279202744987) and radius 1.0146.48049777159477 18.379978995967836
146.48680785688708 18.37997754443114
146.4868095727116 18.386294124376658
146.48681128903792 18.39261070432207
146.49311989118277 18.386292460842736
146.49312379113 18.39892562025015
146.5184567531796 18.594730776860306
146.5247748078855 18.594728041318074
146.64467336523956 18.4746209054948
146.65092450618886 18.424081424003003
146.65097132460312 18.461980805880785
146.657236217351 18.424074247789946
146.65724424848943 18.430390810399526
146.65725228197508 18.43670737300675
146.6574134453052 18.563038624656137
146.65748627614772 18.61988768758969
146.6635727299402 18.443016544209723
146.66374695336316 18.57566433579509
146.66379692782735 18.613563704616528
146.66987663787452 18.436692380318874
146.6701242540983 18.61987263164086
146.6758586752589 18.196655310760974
146.68249202266182 18.430359981378782
146.69511590619916 18.430343294870323
146.71379923786552 18.272402877896752
146.72011564927436 18.278710164934353
146.7264114674942 18.27238413956676
146.73272834176896 18.27869100135977
146.77055424820256 18.272311901666797
146.77720852174633 18.44916377351385
146.79549184573432 18.13330226930864
146.80177963675393 18.126973767660814
146.8017928611552 18.133290298107095
146.8018060894398 18.139606828546917
146.80806696971337 18.12064505899288
146.80808042072871 18.126961587675474
146.80809387569437 18.133278116351384
146.81438120380682 18.126949197166752
146.8333554758285 18.158493368868022
146.83338427672692 18.171126411360913
146.83959893462597 18.133214049266826
146.8396427837104 18.152163607314776
146.83965740865477 18.158480126648328
146.83967203789197 18.164796645973993
146.83970130924817 18.17742968460165
146.8458851052087 18.126884086778908
146.8458999435519 18.133200604190016
146.8459147862523 18.139517121593
146.8459444847282 18.152150156374567
146.84595934050535 18.158466673753157
146.8459742006431 18.1647831911236
146.85220095148844 18.13318694856036
146.852216024818 18.139503463978524
146.85223110257337 18.145819979388307
146.85226127136485 18.158453010182694
146.85851726237857 18.1394895957808
146.85859384958977 18.1710721626648
146.86480296433206 18.133159005643304
146.87111973442268 18.139461227636403
146.87119862994615 18.171043773899203
146.87746898458403 18.15839624915205
146.89007283484673 18.15836660459036
146.8964081778924 18.170984467541228
