# successful candidates for region at (218.4844664807326, 46.048573242571024) and radius 1.0218.19531410082791 46.247400610114795
218.20174462069954 46.24110491078902
218.201712126952 46.24741652544405
218.20167962343825 46.25372814008426
218.20817366422622 46.23480885068008
218.20814191525525 46.24112046768745
218.20811015674315 46.24743208468064
218.20807838868578 46.253743701659644
218.20804661107906 46.26005531862448
218.2145392133935 46.241135668546285
218.21444611559133 46.2600705263392
218.54657546494224 45.68600901924729
218.5466035702416 45.71125567685312
218.61605081268857 45.603898331149146
218.61606565645744 45.6102099868035
218.6224061469728 45.61651416766982
218.6224372844429 45.62913747674486
218.62873178758318 45.61650634206269
218.62874806784845 45.622817995441096
218.62878064288145 45.63544130218654
218.68607218207393 45.730029654104456
218.6924342267027 45.73632992871858
218.6987491802624 45.73000657404174
218.69879771124354 45.74262984808163
218.70511265487912 45.73630614160259
218.72399469420643 45.704709674582745
218.73663739572658 45.6983707641227
218.81959901876758 46.84688784282912
218.81963823134188 46.8531994359313
218.82638797771335 46.89736166826218
218.83290372273305 46.90365397490054
218.89070871807778 46.840348562872094
218.8971767689942 46.840325696965756
218.89722504917256 46.84663725194736
218.909764723929 46.79609804566597
218.91622746819917 46.79607412170859
218.916277910753 46.80238566616471
218.9163283686373 46.808697210585585
218.922741404253 46.80236137771885
219.00367809737872 46.4801268500522
219.01010328867923 46.48009773568665
219.0101641275092 46.48640922159439
219.05514547380972 46.486195363056865
219.06150456352844 46.4798519306135
219.06813234436595 46.49875392520841
219.10763477793842 46.58060065973635
219.11407177255435 46.580565732090285
219.1268711763229 46.574183403714265
219.1333073988286 46.57414740477369
219.13338270619337 46.580458795663645
219.17731596033408 46.491837790044706
219.18374242292518 46.49179899659398
219.18382338677532 46.49811034313146
219.19016887632887 46.49175984499728
219.19025058413524 46.498071185619224
219.19041407379856 46.51069386658347
219.19659532046074 46.49172033525561
