# successful candidates for region at (164.3143319969771, 65.7978370478481) and radius 1.0163.44008786779688 66.16485908365806
163.43965215549034 66.17747879243997
163.4394341256695 66.1837886463117
163.4681344220002 66.1145260941366
163.47858820533264 66.19662621819279
163.4781710875575 66.20924603942153
163.48539343313618 66.19035162846549
163.48518668545717 66.19666154894595
163.48497982781444 66.20297146911496
163.48477286012061 66.20928138897231
163.48456578228814 66.21559130851774
163.49178518393754 66.19669659966435
163.49137465106884 66.20931645833943
163.50498223538182 66.196765860992
163.51258056461748 66.16525028217555
163.51218097271234 66.17787019881871
163.51178095595924 66.19049011429705
163.5193689151272 66.15897419994062
163.51897281749703 66.17159413516121
163.5185762988435 66.18421406923693
163.51817935849755 66.19683400216596
163.55571186774816 66.04555913479602
163.55552387591015 66.05186915110801
163.56227130011212 66.04559118059858
163.5618984681717 66.05821122990662
163.56864600735088 66.0519329813057
163.56846116812045 66.05824301423264
163.5682762311408 66.06455304690917
163.57539021399643 66.04565443738491
163.57520709759729 66.05196447888429
163.57502388438502 66.05827452013789
163.77294194816653 66.62705936557106
163.7795190911121 66.63339249010137
164.5481464269289 66.24918097058816
164.54820489863278 66.2554914320152
164.5482634015153 66.2618018934174
164.70832845363566 66.34351756182619
