# successful candidates for region at (65.13562665690559, -55.080139845984625) and radius 1.065.88890436074422 -54.30631589514256
65.90190648468312 -54.3252131010172
65.90835243655228 -54.33149831243232
65.90823321770897 -54.32517259453101
65.90799490882154 -54.31252115825524
65.94061195824261 -54.362919147092335
65.97687842032617 -55.811450705481185
65.97674211004971 -55.80512507592177
65.94581839360369 -54.30594554207458
65.98344450957484 -55.81140597687812
65.98330713563684 -55.80508035571137
65.99001058371735 -55.81136090054499
65.98987214612627 -55.80503528783611
