# successful candidates for region at (349.6439849354718, -56.641377057156944) and radius 1.0349.16990391935326 -57.4177302956746
349.17615967684674 -57.44303318026502
349.18266257848256 -57.449376872225926
349.1827420400965 -57.44305724253141
349.18345579322437 -57.386180572424145
349.21661064891634 -57.36101695444242
349.22317836102025 -57.361038914928564
349.9581356205399 -57.28550971462399
349.96474488714455 -57.29181299679961
349.97124425144216 -57.28547651026647
349.97952378002384 -56.02780293638426
349.985806925062 -56.0214657818048
350.03657666925915 -56.027634130072954
350.0429813207615 -56.03393341317366
350.04291584731664 -56.027613740896584
350.04285039853875 -56.02129406857436
350.04938807125274 -56.04023236184083
350.04932153239423 -56.033912693512924
350.04925501860845 -56.0275930251384
350.04918852988163 -56.02127335671732
350.0556617371498 -56.033891647209465
350.05559418302715 -56.02757198279905
350.0870717954211 -56.00850294107022
350.08699914922414 -56.00218329718027
350.09348151045594 -56.01479959175281
350.0934077977569 -56.00847995224687
350.09333411281386 -56.0021603126837
350.09974379248007 -56.008456637031244
350.10592828316123 -55.99579373391284
