# successful candidates for region at (175.48102168414803, 9.428176381346894) and radius 1.0175.40011300019148 9.146380620829081
175.4127307266813 9.228622539867466
175.41905911925397 9.17168880078838
175.42537743239458 9.165363740480291
175.42537543011173 9.178015939272058
175.43800950767962 9.18434378279807
175.50749153893196 9.038845085431209
175.5074953186745 9.089453887076171
175.51380589280078 9.032518464284333
175.51380647669401 9.038844564363664
175.51380706087423 9.045170664442967
175.5138082300956 9.057822864601501
175.51380940046525 9.070475064759936
175.5138105719833 9.08312726491827
175.51381115817307 9.089453364997402
175.51381174465 9.095779465076506
175.52012141443555 9.038843932232803
175.5201221111393 9.045170032158799
175.5201228081853 9.05149613208476
175.52012420330428 9.064148331936574
175.52012699765098 9.089452731639776
175.5264371613799 9.04516928878439
175.52644690312746 9.121082485729662
175.52644771752605 9.127408585474788
175.52644853232275 9.133734685219865
175.5264501631105 9.146386884709877
175.53275867652906 9.089451131088005
175.5390755542618 9.09577626319771
175.55169484399502 9.03251300687361
175.5517087237557 9.102100093178066
175.56432301117232 9.02618420134713
175.59591090927339 9.070458163651873
175.6022307402436 9.083108276141372
175.63374961433738 8.943922173595706
175.66531263133098 8.937581316228227
175.6653158902682 8.94390740520644
175.67162577455207 8.937578031372372
175.6779389176553 8.93757463588455
175.68424846856047 8.931245043263035
175.68425565448953 8.943897216265638
175.69056149983314 8.931241427390969
175.69056520349258 8.9375675130132
