# successful candidates for region at (323.9601409250055, -16.048622580753687) and radius 1.0323.05434549413036 -16.43824503276004
323.07320008043433 -16.47629583299057
323.0795150562516 -16.48265054397229
323.0795435875816 -16.476321996992084
323.0795721098853 -16.469993449978375
323.0796291274199 -16.457336355850504
323.08568862730147 -16.520647830341716
323.08571700693744 -16.51431927942191
323.0858870964218 -16.47634797320861
323.09200539500324 -16.527002202537343
323.0920617514098 -16.514345092508517
323.0922306069427 -16.476373761639778
323.09835055298817 -16.527027835821134
323.09837852969287 -16.520699276741578
323.0985741191321 -16.476399362285218
323.10469571263576 -16.527053281079443
323.10477899856136 -16.508067591591207
323.1048067429865 -16.501739028365144
323.1048344786392 -16.495410465107433
323.1110959948178 -16.514421403975387
323.11112354219335 -16.50809283676033
323.11115108086 -16.501764269514087
323.11117861081925 -16.495435702236673
323.1112061320726 -16.48910713492809
323.11738603686985 -16.527103607518157
323.11741339571336 -16.520775036373863
323.1174680874612 -16.508117893993045
323.1174954203686 -16.501789322756558
323.11752274463356 -16.495460751489354
323.12370403996044 -16.533457063773575
323.12373120143195 -16.52712848869786
323.12375835432016 -16.52079991359185
323.12378549862655 -16.514471338455568
323.12381263435265 -16.508142763289012
323.12383976149994 -16.501814188092194
323.13007636760767 -16.527153181850647
323.13010331453984 -16.52082460281287
323.13013025295527 -16.514496023745274
323.13015718285544 -16.508167444647864
323.13018410424195 -16.501838865520654
323.1302110171162 -16.495510286363647
323.1302379214797 -16.48918170717686
323.13636802807355 -16.539834852767246
323.13639478595655 -16.533506269886406
323.13650173295747 -16.508191938069263
323.1365284485824 -16.50186335504158
323.15566580190915 -16.476621317677722
323.16200933011334 -16.47664504044644
323.16206102523506 -16.463987843482954
323.1622932486196 -16.407030455786987
323.162421975752 -16.375387461662505
323.16832720552515 -16.482997177615154
323.16835285985195 -16.4766685754256
323.1686856280433 -16.39439674449998
323.1687367016051 -16.381739539337207
323.1749757970753 -16.407077255861722
323.17510247824436 -16.375434224456534
323.17512779038645 -16.369105618095936
323.1751530945012 -16.36277701170884
323.1813422211349 -16.400771764795056
323.18139249237305 -16.388114544892527
323.1814678394837 -16.369128714843008
323.1876583515396 -16.407123306090842
323.18768329438427 -16.400794692524496
323.18770822932436 -16.394466078932457
323.1877331563613 -16.388137465314728
323.1877580754964 -16.38180885167133
323.18778298673107 -16.375480238002257
323.18783278550467 -16.362823010587153
323.19399963099465 -16.40714605001249
323.1940738218253 -16.38816019836449
323.19409853642645 -16.381831581097963
323.19414794212344 -16.369174346489178
323.20038997091444 -16.394511364876422
323.20046350111534 -16.375525502297076
323.2067551571323 -16.38820510234538
323.20682805060954 -16.36921922900258
323.21307171831353 -16.39455590120858
323.2131440213003 -16.375570017338433
323.21319218509075 -16.36291276130498
323.21938868254637 -16.400906519682607
323.21941259416116 -16.394577888269446
323.2194364981971 -16.388249256832662
323.2195559047406 -16.356606099294744
323.2257534714247 -16.39459968792642
323.22577717085846 -16.388271053015423
323.2258008627795 -16.38194241808122
323.23211784492287 -16.388292661823847
