# successful candidates for region at (1.9175758491109396, -43.804109343033005) and radius 1.01.045360091956521 -44.161732326851514
1.0716524605498055 -44.11778155747368
1.071742561973955 -44.11147551199491
1.0776154521827992 -44.1493587622316
1.0777050004055073 -44.14305271055769
1.077794522717503 -44.136746658764274
1.0779734896512214 -44.12413455481916
1.0780629342938635 -44.11782850266756
1.0841182168720873 -44.14309932564937
1.0842070557390573 -44.1367932671082
1.0844734181661135 -44.11787509077914
1.0905314434070235 -44.14314558345086
1.0906195988245981 -44.136839518213655
1.0907077287372946 -44.13053345286063
1.1313337371686898 -42.99561664016239
1.1376258004727584 -42.995659967729644
1.1438380648136006 -43.00200906988561
1.1569726358762522 -42.9579510514529
1.175837286998083 -42.958075706582065
1.2443838455285272 -43.01526191470256
2.2220803318175775 -44.67546185115752
2.235024193756891 -44.67542708661356
2.26730805258042 -44.662721008559416
2.6674943903343156 -44.58514036565512
2.667413422232644 -44.5788342253348
