# successful candidates for region at (168.1672242467368, 29.789351116066694) and radius 1.0167.65899012126692 30.248496932494064
167.72287183590535 30.236116861126536
167.7292814926364 30.229833617247788
167.7292535324282 30.23613804816272
167.729225565098 30.24244247906002
167.73563523166987 30.236158928720137
167.7420440790167 30.229875066593127
167.74201693359075 30.236179502798397
167.74198978125034 30.242483938987032
167.74866571232613 30.173155381754803
167.74863903550101 30.179459820691434
167.7486123518828 30.185764259611993
167.7483986381512 30.2361997703971
167.75504335021478 30.173175317421613
167.75501707985075 30.179479758901262
167.7614468479718 30.1668905030002
167.76142099065402 30.173194946998912
167.761395126752 30.179499390982524
167.76759479247534 30.22364984166439
167.7675692831234 30.229954287995664
167.76754376727393 30.236258734312262
167.77397569250869 30.22366887848158
167.77395059044954 30.22997332724244
167.78038128345892 30.217383157730506
167.78035659498173 30.223687608895613
167.78033190021625 30.229992060046968
167.7867860562446 30.21109712586076
167.78673749985478 30.223706032906147
167.79319001113626 30.204810782990627
167.79316614919819 30.211115238844215
167.79314228118278 30.217419694684956
167.8013579263864 29.719385274753513
167.7995462444709 30.211133045501676
