# successful candidates for region at (12.364185363571982, 41.66702321942783) and radius 1.011.366253213282006 41.76123797502838
11.366154767432183 41.76757079208575
11.36605629401531 41.773903608988746
11.36595779302082 41.78023642573734
11.365859264438129 41.786569242331424
11.365168791000182 41.830898954159544
11.365070041330485 41.837231769515576
11.364971263977152 41.843564584716596
11.364674765708957 41.86256302938879
11.372866426597065 41.748627613035445
11.37276866841465 41.75496043813891
11.37267088286335 41.76129326309009
11.37257306993267 41.767626087888964
11.372475229612112 41.77395891253546
11.372377361891177 41.78029173702951
11.372279466759354 41.786624561371056
11.372181544206128 41.792957385560044
11.37208359422098 41.799290209596414
11.371985616793383 41.8056230334801
11.371593432447819 41.83095432748679
11.371495317649908 41.83728715060615
11.37139717534628 41.843619973572466
11.37129900552637 41.849952796385665
11.371200808179607 41.8562856190457
11.371004330863217 41.86895126390603
11.379379940309677 41.74234969611103
11.379282841878315 41.74868252905235
11.379185716265523 41.755015361843455
11.379088563460886 41.76134819448427
11.378991383453977 41.76768102697473
11.378894176234366 41.77401385931476
11.378796941791618 41.780346691504334
11.378699680115295 41.78667952354336
11.37860239119495 41.79301235543181
11.378505075020124 41.79934518716959
11.37840773158037 41.805678018756666
11.377920605041211 41.83734217442926
11.37772556320439 41.85000783564119
11.377530411972398 41.86267349624837
11.377432795306943 41.86900632632501
11.377335151261155 41.87533915625028
11.37645512099588 41.93233461875592
11.385892173169445 41.73607140719773
11.385795734129433 41.7424042479231
11.385699268095314 41.748737088500235
11.38560277505674 41.75506992892909
11.385506255003358 41.7614027692096
11.385409707924817 41.76773560934173
11.385313133810753 41.77406844932537
11.385216532650796 41.7804012891605
11.385119904434577 41.78673412884707
11.385023249151715 41.79306696838498
11.384926566791828 41.7993998077742
11.384829857344526 41.80573264701467
11.384733120799414 41.81206548610632
11.384539566374153 41.824731163842934
11.384442748473187 41.83106400248778
11.384345903432777 41.837396840983565
11.384249031242502 41.84372967933026
11.38405520537063 41.856395355576055
11.383861270774085 41.869061031224696
11.383181642271905 41.913390891285445
11.38298721737876 41.92605656424097
11.382889963992893 41.932389400493854
11.382792683300158 41.938722236596725
11.39221153880918 41.742458443214744
11.392019844717069 41.75512413939451
11.391923957419511 41.76145698726482
11.391828043273904 41.76778983498867
11.391732102269955 41.774122682566
11.391636134397361 41.78045552999674
11.391540139645821 41.78678837728086
11.391444118005023 41.79312122441827
11.39134806946465 41.79945407140894
11.391251994014382 41.805786918252785
11.391155891643892 41.81211976494976
11.391059762342849 41.818452611499815
11.390867422907744 41.831118304158906
11.390771212752991 41.837451150267825
11.390578711517312 41.8501168420441
11.390386102310977 41.86278253323127
11.390289757192885 41.8691153786038
11.390193385051 41.875448223828855
11.389421433811838 41.92611098031389
11.389324817987752 41.9324438242092
11.389228175035754 41.93877666795647
11.389131504945402 41.94510951155563
11.38903480770625 41.95144235500664
11.398912798154784 41.72351371402146
11.398722528863448 41.73617942614122
11.398627354277751 41.74251228198467
11.398341670638084 41.761510848648626
11.39824638942995 41.767843703914274
11.398151081540654 41.77417655903533
11.398055746959967 41.78050941401175
11.397960385677651 41.78684226884346
11.397864997683461 41.79317512353039
11.397769582967154 41.79950797807251
11.397674141518474 41.80584083246975
11.39757867332716 41.81217368672205
11.397483178382952 41.81850654082935
11.39738765667558 41.824839394791596
11.397196532930232 41.83750510228071
11.395951612485213 41.91983218677963
11.39585566116609 41.92616503841315
11.395759682908382 41.93249788990064
11.395567645535744 41.94516359243727
11.395471586400056 41.95149644348629
11.395375500284281 41.957829294389036
11.395279387178027 41.96416214514546
11.405421191192167 41.71723431006676
11.405326728169719 41.723567173821465
11.405043180463975 41.74256576423163
11.404570071551534 41.77423007873213
11.404475370267264 41.78056294120426
11.404380642458685 41.7868958035336
11.404285888115623 41.79322866572008
11.404191107227899 41.79956152776366
11.404096299785326 41.80589438966427
11.404001465777714 41.81222725142187
11.403716804262661 41.831225835835994
11.403621863892882 41.83755869702095
11.403051662378688 41.87555586111932
11.402956535481529 41.88188872129995
11.402766201613705 41.89455444123005
11.402575760912775 41.90722016058488
11.40238521329654 41.91988587936398
11.402289899369473 41.92621873853749
11.402194558682716 41.932551597566885
11.40190837596129 41.9515501737899
11.401717453492921 41.96421589055033
11.411928305200323 41.71095453473975
11.411834500132139 41.717287406063434
11.411740668817737 41.72362027724679
11.411646811247067 41.72995314828977
11.411552927410069 41.7362860191923
11.41145901729668 41.74261888995433
11.411365080896832 41.748951760575814
11.410989072231269 41.774283241655105
11.4108950042479 41.78061611157299
11.410800909917544 41.786948981349994
11.410706789230098 41.79328185098604
11.410612642175446 41.7996147204811
11.410518468743472 41.80594758983509
11.410424268924057 41.812280459047976
11.41004720556932 41.83761193448727
11.40995287366066 41.84394480299376
11.409858515303712 41.850277671358796
11.409669719204295 41.86294340766428
11.40948081718972 41.875609143403295
11.40938632643881 41.88194201106024
11.409291809178562 41.88827487857539
11.409197265398792 41.894607745948704
11.409102695089297 41.90094061318011
11.409008098239878 41.90727348026957
11.408913474840322 41.91360634721701
11.408818824880417 41.919939214022385
11.408724148349945 41.92627208068563
11.408439959232833 41.94527067982202
11.408155530612175 41.96426927767724
11.408060667801115 41.970602143343996
11.418434140634803 41.7046743881944
11.418340993162037 41.71100726703341
11.418247819629682 41.71734014573404
11.418154620027758 41.723673024296225
11.418061394346282 41.7300059027199
11.417968142575258 41.736338781005024
11.417874864704695 41.74267165915154
11.41778156072459 41.74900453715939
11.417688230624938 41.755337415028514
11.417408083508542 41.77433604780301
11.417314648830526 41.78066892511671
11.417221187982848 41.7870018022914
11.417127700955472 41.79333467932703
11.41703418773835 41.799667556223575
11.416566228454712 41.831331938617694
11.416472557887921 41.83766481467842
11.416378861060933 41.84399769059966
11.41628513796366 41.85033056638133
11.416191388586011 41.856663442023404
11.41609761291789 41.86299631752582
11.416003810949192 41.869329192888515
11.415909982669813 41.87566206811144
11.415816128069636 41.88199494319453
11.415722247138543 41.88832781813773
11.415628339866412 41.894660692941
11.415440446258511 41.90732644212749
11.415346459902466 41.9136593165106
11.415252447164832 41.91999219075355
11.415158408035458 41.92632506485628
11.41506434250419 41.932657938818735
11.414970250560863 41.93899081264085
11.414876132195312 41.945323686322595
11.414781987397365 41.951656559863885
11.414593618463563 41.96432230652491
11.414499394307336 41.97065517964454
11.414405143677968 41.9769880526235
11.414310866565259 41.98332092546173
11.424753691605867 41.71105964304959
11.42466114961374 41.71739252907733
11.424568581728696 41.7237254149685
11.424475987940815 41.73005830072303
11.424383368240175 41.736391186340875
11.424290722616846 41.742724071822
11.424198051060896 41.74905695716632
11.424105353562387 41.755389842373795
11.424012630111372 41.761722727444365
11.423641476583212 41.787054266356556
11.423548623220332 41.79338715074181
11.423083966022057 41.82505157060856
11.422990956435683 41.831384454169616
11.422897920777068 41.83771733759314
11.422804859036194 41.84405022087903
11.422711771203044 41.850383104027266
11.422618657267599 41.85671598703779
11.422525517219825 41.86304886991052
11.42243235104969 41.86938175264543
11.422339158747153 41.87571463524245
11.422245940302172 41.88204751770154
11.422152695704698 41.88838040002263
11.42205942494467 41.894713282205664
11.421966128012034 41.90104616425061
11.421872804896719 41.90737904615738
11.421779455588656 41.913711927925945
11.421686080077766 41.92004480955624
11.421592678353969 41.9263776910482
11.421499250407177 41.93271057240179
11.421312315804231 41.9453763346936
11.421125276188121 41.958042096431235
11.421031716974854 41.964374977092085
11.420938131477953 41.97070785761424
11.420844519687297 41.977040737997626
11.431166400460787 41.711111662787026
11.43107449001326 41.717444556092055
11.430982553849468 41.723777449262364
11.430890591959557 41.73011034229791
11.430798604333676 41.73644323519862
11.43070659096196 41.74277612796446
11.430614551834546 41.74910902059536
11.430522486941562 41.75544191309128
11.430430396273133 41.76177480545217
11.429415694911162 41.831436612493945
11.429323294165131 41.83776950323017
11.42923086751479 41.844102393830646
11.429045936461359 41.85676817462419
11.428860901671207 41.86943395487413
11.428768345349944 41.8757668447951
11.42867576306459 41.88209973458003
11.428583154805162 41.888432624228834
11.428490520561676 41.89476551374146
11.428305174082546 41.90743129235799
11.428119723547205 41.92009707042917
11.42802695923343 41.92642995926013
11.427934168875563 41.93276284795459
11.437396536318989 41.723829127176614
11.437305206331391 41.73016202744331
11.437213850784616 41.73649492757703
11.43712246966886 41.74282782757771
11.437031062974334 41.749160727445314
11.436939630691231 41.75549362717977
11.436848172809741 41.76182652678104
11.43574867798049 41.83782131158829
11.435656886425065 41.84415420945328
11.435565069133387 41.85048710718434
11.435473226095576 41.85682000478141
11.435381357301736 41.86315290224444
11.435197542406376 41.87581869676817
11.434921626645526 41.894817387547135
11.43482960310749 41.90115028420481
11.434737553744037 41.907483180728065
11.434645478545228 41.91381607711686
11.43455337750113 41.920148973371134
11.434461250601792 41.92648186949083
11.43436909783727 41.932814765475904
11.434092484253 41.9518134526228
11.434000227928124 41.95814634806882
11.433907945688233 41.964479243379955
11.44381052906617 41.72388044871003
11.443356784740155 41.755544984638014
11.442082915695364 41.84420566774567
11.441991733680975 41.850538572693
11.441900526098538 41.85687147750819
11.44180929293822 41.863204382191185
11.441718034190203 41.86953728674194
11.441352743124327 41.894868903621465
11.441261356290171 41.9012018075102
11.44116994380923 41.907534711266386
11.441078505671639 41.913867614889966
11.440987041867524 41.92020051838087
11.44089555238701 41.926533421739066
11.440620929788246 41.94553213101679
11.440529337503275 41.951865033843575
11.440437719492449 41.958197936537374
11.440346075745861 41.964530839098146
11.450494579393 41.70493266934765
11.450404588781844 41.71126558431474
11.450314572994033 41.71759849915267
11.450224532019925 41.72393141386138
11.448508955254031 41.84425676870662
11.448418408521258 41.850589680820114
11.448327836398521 41.856922592803315
11.448237238876063 41.86325550465615
11.448146615944124 41.86958841637858
11.448055967592941 41.87592132797056
11.447965293812741 41.88225423943202
11.447783869926178 41.894920061963205
11.44769311980025 41.901252973032825
11.447602344206171 41.90758588397173
11.447511543134143 41.91391879477985
11.447420716574367 41.920251705457154
11.447329864517032 41.92658461600358
11.446966201115798 41.951916256879514
11.45735311926052 41.67331864475681
11.456996032032317 41.69865033471123
11.456817338570868 41.711316178925074
11.456727954344837 41.71764910084097
11.456638545109168 41.72398202262948
11.456549110854285 41.7303149442905
11.454935005029407 41.844307512334915
11.454755156923813 41.85697335066558
11.454665195043514 41.86330626963813
11.454575207931962 41.86963918848211
11.454485195579457 41.87597210719745
11.454395157976297 41.882305025784106
11.454305095112776 41.888637944242035
11.454215006979183 41.894970862571164
11.454124893565798 41.90130378077146
11.453944590860756 41.91396961678532
11.453854401549638 41.92030253459879
11.453764186919807 41.92663545228321
11.453673946961517 41.93296836983853
11.463318826252411 41.70503348818099
11.463230098415846 41.711366417250616
11.463141345755814 41.717699346194664
11.463052568262809 41.7240322750131
11.462963765927318 41.730365203705865
11.46118248760269 41.857023751093756
11.461093161368824 41.86335667713592
11.46100381008193 41.86968960305131
11.46091443373238 41.87602252883986
11.460825032310543 41.882355454501564
11.460735605806777 41.88868838003632
11.460377648779481 41.914020080905146
11.460288096721316 41.92035300580453
11.460198519523283 41.92668593057668
11.460019289668907 41.93935177973912
11.469819036494263 41.698750427074124
11.46973096468872 41.70508336324403
11.469642868245746 41.71141629929019
11.469554747155904 41.71774923521256
11.468583785771138 41.78741152217458
11.467521137780244 41.863406727148316
11.467343681979905 41.87607259289661
11.467254916743636 41.88240552558317
11.467166126603876 41.88873845814461
11.466810716818332 41.91407018713814
11.46672180201738 41.9204031190732
11.46654389752281 41.93306898256702
11.475880644478915 41.724131710622274
11.473684811203736 41.882455239027756
11.473596657432202 41.88878817856568
11.472890536016111 41.93945169042316
11.47280215929068 41.94578462884885
11.481859921328766 41.755845640085134
11.481424536285644 41.78751038330986
11.481163012466888 41.806509227795004
11.480202208471503 41.8761716482483
11.480114715618997 41.88250459483413
11.48002719821988 41.88883754129838
11.479939656264708 41.89517048764103
11.47985208974404 41.90150343386202
11.479764498648434 41.907836379961296
11.47923843547124 41.945834053998404
11.479150672086057 41.952166999244376
11.487671869110839 41.80022518869134
11.487585304145497 41.806558143585434
11.487498714924032 41.81289109836032
11.486196959524658 41.907885405643455
11.486109980935685 41.91421835850418
11.485935950503137 41.92688426386545
11.48576182233513 41.9395501687462
11.485587596356412 41.95221607314602
11.482346679852231 42.186535217320746
11.494865832567074 41.74327708008323
11.494780117959396 41.749610042835926
11.49469437935618 41.75594300547155
11.494007605586193 41.806606702336445
11.493835671543296 41.81927262537871
11.49262943022889 41.90793407348427
11.492456723005002 41.920599992753374
11.49237033302931 41.92693295221045
11.49228391879868 41.93326591154914
11.492111017535263 41.9459318298712
11.49202453048379 41.952264788854464
11.491938019140004 41.95859774771915
11.488807352793074 42.18658418747923
11.488719936014657 42.192917141923346
11.501281810977016 41.74332521433847
11.501196728844093 41.74965818382893
11.500344595987876 41.812987872381775
11.50025925134821 41.81932084060087
11.500173882789321 41.82565380870411
11.498804725323856 41.92698128256223
11.495268035672785 42.186632797572955
11.49518126392595 42.192965758876994
11.50769779896576 41.74337299205151
11.507613349311614 41.74970596822983
11.507359858463872 41.76870489608279
11.506682840780334 41.81936869868124
11.506513349126909 41.83203464819039
11.506343762434701 41.84470059724262
11.506258933426238 41.85103357159728
11.501728728418044 42.18668104760072
11.501642601706969 42.193014015713906
11.51402997929074 41.74975339603752
11.513778386953689 41.76875234381456
11.513694475870366 41.775085326182825
11.513022340428178 41.825749181088725
11.512938217515496 41.83208216244629
11.512854071021025 41.83841514369131
11.512517249044018 41.86374706754528
11.512432984504644 41.87008004822702
11.508103949284369 42.1930619124329
11.508018443507408 42.19939488718932
11.5201136470077 41.77513242376531
11.520030345796398 41.78146541261794
11.519363095396177 41.832129319458005
11.519196048936784 41.844795295060585
11.519028908789922 41.85746127021949
11.518945303561189 41.863794257632456
11.518861674883583 41.87012724493437
11.518778022748089 41.87646023212517
11.51869434714569 41.88279321920484
11.51465014321195 42.186776467453804
11.514565306584792 42.19310944903286
11.514480446033705 42.199442430498536
11.51439556154942 42.20577541185078
11.526532827529955 41.775179164552604
11.526450159695113 41.781512159951774
11.525705106149257 41.83850911364282
11.525622206366275 41.844842107951976
11.525539283339475 41.85117510215189
11.521195032960147 42.18049064892942
11.521110865113963 42.18682363727683
11.521026673534898 42.193156625512614
11.520942458213764 42.19948961363675
11.5207739563085 42.21215558954982
11.532130637778407 41.838555562674436
11.532048373152511 41.844888563496816
11.531883774694531 41.857554564818805
11.531719083902537 41.87022056571016
11.531636703859103 41.87655356599424
11.53155430070554 41.88288656617055
11.527655119564082 42.18053745207768
11.52757159658825 42.18687044702932
11.527488050061333 42.19320344187104
11.527320886317742 42.20586943122456
11.527237269082818 42.212202425736265
11.527153628260296 42.218535420137876
11.53831122162203 41.85760067594718
11.53822952346756 41.863933682914826
11.538147802398967 41.87026668977639
11.538066058407452 41.87659969653188
11.537984291484195 41.882932703181254
11.537902501620385 41.88926570972445
11.533700591372183 42.212248901647776
11.533617596333704 42.218581902611284
11.5451436493145 41.825981361134126
11.545062700407655 41.8323143750411
11.544981728808569 41.83864738884387
11.544819717498804 41.851313416136676
11.544738677770683 41.85764642962663
11.544657615315431 41.86397944301221
11.540163923103151 42.21229501728321
11.540081573852708 42.21862802475776
11.539751944436453 42.243960053587955
11.539586990153479 42.25662606736161
11.551567938768704 41.82602672554877
11.551487624674664 41.83235974581542
11.551407288066299 41.838692765979516
11.55132692893496 41.845025786041
11.551246547272 41.85135880599984
11.551166143068759 41.857691825855994
11.550924795130724 41.876690884807914
11.546627264202275 42.21234077264147
11.546218516317795 42.244005841263856
11.55823114118108 41.80707265242859
11.558071894231123 41.81973870608553
11.557912558004105 41.832404759339006
11.557832856390275 41.83873778581433
11.557753132431456 41.84507081218867
11.557673386119069 41.851403838461984
11.557593617444523 41.85773686463423
11.557513826399232 41.86406989070536
11.557434012974591 41.87040291667533
11.557354177162006 41.87673594254412
11.557274318952865 41.88306896831169
11.557114535310477 41.89573501954295
11.557034609859997 41.90206804500658
11.556954661978493 41.908401070368804
11.556874691657336 41.914734095629605
11.556794698887897 41.921067120788926
11.556714683661534 41.92740014584673
11.555672438200157 42.00972946234211
11.55284737299531 42.23138522844334
11.552603925421662 42.25038428823352
11.56425843370885 41.83878244834727
11.564179344926334 41.84511548098437
11.564100233968306 41.851448513522044
11.564021100826245 41.857781545960265
11.563783568210614 41.876780642677716
11.563625102056974 41.88944670665796
11.563545835631565 41.89577973849855
11.563466546962362 41.90211277023939
11.563387236040809 41.90844580188045
11.563307902858346 41.914778833421686
11.562194896103872 42.00344126449529
11.559312670556452 42.23143028232432
11.559151687950072 42.24409633501648
11.570448593142189 41.857825869833036
11.57029153187901 41.870491946847395
11.57013438249069 41.88315802346979
11.570055774728427 41.8894910616339
11.569977144909457 41.895824099699894
11.5698984930253 41.90215713766776
11.569819819067472 41.908490175537416
11.569741123027478 41.91482321330887
11.569504902329522 41.933822326033464
11.568558026779735 42.00981876806676
11.565777977277028 42.23147497577222
11.565698143680416 42.23780800848178
11.56553840888844 42.25047407359996
11.576564427611649 41.88320201456698
11.576486456281026 41.889535058904734
11.576408463072239 41.895868103145965
11.576252410986509 41.90853419133868
11.576174352092726 41.9148672352901
11.576096271287097 41.92120027914484
11.575079222993384 42.003529840440955
11.572638894383722 42.19985411245148
11.572559818749733 42.20618715191542
11.57248072081136 42.21252019128087
11.57240160055996 42.218853230547815
11.572243293083494 42.23151930878599
11.582994481538165 41.883245648008234
11.582607589982082 41.91491089936433
11.582142602832475 41.95290919785267
11.581443651169403 42.00990663914741
11.579022559958634 42.20623109966716
11.578944107649534 42.212564145236904
11.578865633209496 42.21889719070975
11.58942454419838 41.883288923792485
11.58827180386952 41.978284761985776
11.586262171532967 42.142944164719516
11.586184583878623 42.149277217393866
11.585563094826922 42.199941635367566
11.585485310091217 42.206274687186074
11.585407503415166 42.212607738909284
11.58532967479027 42.21894079053718
11.595854615520436 41.8833318419187
11.595245521360892 41.93399633980528
11.594329310789435 42.0099930755757
11.592795406307863 42.13665427221037
11.59210232588603 42.19365179853837
11.592025208354993 42.19998485655158
11.59194806907406 42.20631791447112
11.60228469543247 41.88337440238587
11.60115108599531 41.97837042084256
11.60107534211165 41.98470348801438
11.600847982708686 42.003702688984475
11.600772153629674 42.0100357557926
11.59917480550188 42.14303013768323
11.598640253605614 42.18736158933575
11.598487330656193 42.200027717551535
11.598410836833743 42.20636078152129
11.608714783862625 41.88341660519299
11.60811588287874 41.93408119833008
11.608040925651611 41.940414272071834
11.607890948038893 41.95308041928804
11.607515635204194 41.98474578576759
11.607440509348931 41.991078858795625
11.607290194285026 42.00374500458352
11.607215005060102 42.01007807734333
11.607139794695664 42.016411150013646
11.605176878455174 42.1810710079158
11.605101094228013 42.1874040781565
11.60502528863142 42.19373714830671
11.604949461657124 42.200070218366385
11.60487361329684 42.20640328833551
11.604797743542287 42.21273635821402
11.614402416828094 41.946789249663766
11.614030402409501 41.9784546460427
11.613955936800107 41.984787725055256
11.613881450263353 41.99112080397998
11.613806942791172 41.99745388281684
11.613732414375496 42.00378696156582
11.613657865008248 42.01012004022686
11.613508703386726 42.022786197284994
11.613434091116279 42.029119275682035
11.612761635433808 42.08611697728788
11.612087474137544 42.14311467173418
11.612012461784163 42.14944774845181
11.611937428292304 42.155780825080704
11.611862373653791 42.16211390162082
11.611637082776467 42.18111313070811
11.611561943469457 42.187446206892744
11.611486782974838 42.19377928298842
11.611411601284397 42.200112358995106
11.611336398389929 42.20644543491277
11.61126117428322 42.21277851074135
11.620838894691556 41.946830795438544
11.620765171843695 41.95316388072701
11.620691428287984 41.959496965929326
11.620617664016445 41.96583005104545
11.620543879021097 41.97216313607536
11.620470073293957 41.97849622101899
11.620396246827038 41.984829305876346
11.620322399612347 41.99116239064739
11.620248531641886 41.99749547533206
11.62010073340165 42.010161644442185
11.620026803115856 42.016494728867585
11.619878880172857 42.02916089745883
11.618543821272622 42.14315639916483
11.618469452753564 42.1494894817665
11.618395063277426 42.15582256428093
11.618320652836104 42.16215564670811
11.61824622142148 42.168488729047986
11.61809729563986 42.18115489346571
11.618022801256618 42.18748797554349
11.61794828586758 42.193821057533825
11.617873749464618 42.200154139436705
11.617799192039586 42.20648722125207
11.617724613584343 42.212820302979885
11.617650014090746 42.21915338462013
11.617575393550638 42.225486466172754
11.62727538089258 41.946871983047856
11.627202296293811 41.95320507412332
11.627129191166436 41.9595381651141
11.627056065502543 41.965871256020186
11.626982919294223 41.97220434684154
11.626909752533562 41.97853743757813
11.626836565212642 41.984870528229905
11.626763357323538 41.99120361879686
11.626690128858323 41.997536709278926
11.626616879809065 42.003869799676096
11.626543610167827 42.010202889988335
11.626470319926671 42.01653598021559
11.626397009077651 42.02286907035784
11.624926452173877 42.14953085529923
11.624852706717036 42.15586394364849
11.624778940476476 42.16219703191199
11.62470515344416 42.16853012008969
11.624631345612036 42.17486320818158
11.624557516972052 42.181196296187586
11.62448366751616 42.18752938410772
11.624409797236291 42.19386247194192
11.62433590612439 42.200195559690144
11.624261994172382 42.206528647352386
11.624188061372198 42.21286173492858
11.62411410771576 42.219194822418714
11.624040133194987 42.22552790982275
11.623966137801792 42.23186099714065
11.623892121528087 42.23819408437237
11.633856707034628 41.93424661861699
11.633784301363667 41.94057971559542
11.633711875359003 41.946912812490716
11.63363942901281 41.95324590930285
11.63356696231725 41.95957900603178
11.633494475264492 41.9659121026775
11.633421967846688 41.97224519923996
11.633349440056 41.9785782957191
11.633276891884568 41.98491139211493
11.633204323324545 41.9912444884274
11.633131734368073 41.99757758465647
11.633059125007284 42.00391068080212
11.632913845041296 42.01657687284298
11.632768483363598 42.029243064549746
11.632331907429393 42.0672416376627
11.632259073101027 42.07357473288844
11.63218621827367 42.07990782803033
11.632113342939402 42.08624092308838
11.631310358537954 42.15590496318239
11.631164093855238 42.16857115119623
11.631017746699744 42.181237338872755
11.630944542174749 42.18757043258444
11.630871317007605 42.19390352621167
11.63079807119032 42.20023661975444
11.630724804714895 42.206569713212716
11.630651517573327 42.212902806586456
11.63057820975761 42.219235899875606
11.630504881259734 42.22556899308017
11.630431532071682 42.231902086200094
11.630358162185438 42.238235179235346
11.630284771592978 42.24456827218588
11.630137928257287 42.257234457832716
11.63006447549799 42.26356755052893
11.62999100200034 42.26990064314031
11.640220165946472 41.940620181185956
11.640148378018656 41.94695328376615
11.639932893230034 41.9659525910164
11.639861024606207 41.97228569326959
11.639789135788945 41.97861879544096
11.639717226770466 41.98495189753045
11.63964529754299 41.991284999538045
11.639573348098722 41.99761810146371
11.63935737838723 42.01661740674878
11.63928534799783 42.02295050834639
11.639213297352631 42.029283609861906
11.639141226443824 42.035616711295305
11.638780567671818 42.06728221722916
11.638708375017012 42.073615318169104
11.638636162043777 42.07994841902668
11.638563928744267 42.08628151980185
11.63805772585196 42.1306132229184
11.637912913069442 42.143279423065465
11.637840476074658 42.14961252301491
11.637768018667002 42.1559456228816
11.637695540838575 42.16227872266553
11.637623042581474 42.16861182236662
11.637550523887795 42.17494492198486
11.637477984749625 42.181278021520214
11.637405425159052 42.18761112097264
11.637332845108155 42.193944220342125
11.637260244589012 42.200277319628626
11.637187623593695 42.206610418832085
11.637114982114271 42.2129435179525
11.637042320142806 42.219276616989845
11.636969637671358 42.22560971594405
11.636896934691986 42.231942814815106
11.636824211196739 42.238275913602976
11.636751467177662 42.244609012307635
11.636678702626803 42.25094211092904
11.636605917536198 42.257275209467146
11.63653311189788 42.263608307921935
11.63646028570388 42.26994140629338
11.646513718968652 41.95332650500774
11.646300089500485 41.97232582892951
11.646228839660083 41.97865893674271
11.646157569797987 41.98499204447549
11.646086279906488 41.99132515212783
11.646014969977863 41.99765825969967
11.645943640004386 42.003991367191006
11.64587228997833 42.0103244746018
11.645800919891967 42.016657581932016
11.645729529737556 42.02299068918162
11.645658119507354 42.02932379635059
11.645014522745898 42.086321757237016
11.644584551683677 42.124320394186
11.644512819184795 42.13065350006029
11.644441066477903 42.136986605853394
11.644369293555187 42.14331971156527
11.644297500408827 42.1496528171959
11.644225687031 42.155985922745224
11.644153853413876 42.16231902821323
11.644081999549627 42.16865213359989
11.644010125430414 42.17498523890514
11.643938231048399 42.18131834412899
11.643866316395735 42.187651449271385
11.643794381464575 42.193984554332296
11.643722426247066 42.200317659311686
11.643650450735354 42.20665076420952
11.64357845492157 42.21298386902577
11.643506438797857 42.219316973760414
11.643434402356341 42.225650078413395
11.643362345589148 42.231983182984706
11.643290268488402 42.238316287474305
11.64321817104622 42.24464939188215
11.643146053254714 42.250982496208216
11.643073915105996 42.25731560045248
11.642929577705333 42.269981808695405
11.652880324681606 41.95969937917259
11.652739162457234 41.972365606218744
11.652668551597088 41.97869871962341
11.65259792089478 41.985031832949105
11.652527270342658 41.99136494619578
11.652456599933078 41.997698059363415
11.652385909658381 42.00403117245196
11.652244469483003 42.01669739839173
11.652173719566992 42.023030511242865
11.652102949755204 42.029363624014806
11.651110079028166 42.11802719448794
11.651039009856426 42.12436030606804
11.650967920665613 42.13069341756843
11.650896811447987 42.13702652898908
11.650825682195803 42.14335964032994
11.650754532901315 42.149692751591004
11.650683363556766 42.15602586277224
11.650612174154398 42.16235897387359
11.650540964686453 42.168692084895035
11.650469735145162 42.17502519583657
11.650398485522757 42.18135830669812
11.650327215811462 42.18769141747967
11.650255926003501 42.194024528181195
11.65018461609109 42.200357638802664
11.650113286066443 42.206690749344034
11.65004193592177 42.213023859805276
11.649970565649275 42.219356970186354
11.649899175241158 42.22569008048725
11.649827764689617 42.23202319070791
11.649756333986845 42.23835630084834
11.64968488312503 42.24468941090846
11.649613412096357 42.25102252088827
11.649541920893004 42.257355630787714
11.649470409507147 42.2636887406068
11.649398877930961 42.270021850345444
11.659388041133635 41.95340566783399
11.659108271527643 41.978738144082115
11.659038279988486 41.98507126295034
11.658968268779118 41.991404381740956
11.658898237891957 41.99773750045397
11.658828187319417 42.00407061908931
11.658758117053907 42.010403737646996
11.658688027087834 42.016736856126954
11.658617917413604 42.023069974529164
11.65819684507087 42.06106868330811
11.657563902142076 42.11806674121198
11.657493476100685 42.12439985836605
11.657423030221352 42.13073297544185
11.657352564496406 42.13706609243934
11.657282078918174 42.143399209358506
11.657211573478971 42.1497323261993
11.657141048171118 42.15606544296169
11.65707050298693 42.16239855964565
11.656999937918709 42.16873167625115
11.656929352958764 42.17506479277815
11.656858748099395 42.18139790922664
11.656788123332898 42.18773102559655
11.656717478651565 42.19406414188788
11.656646814047681 42.20039725810061
11.656576129513535 42.206730374234674
11.656505425041404 42.21306349029005
11.656080779078081 42.25106218496821
11.656009934823544 42.25739530047193
11.65593907056911 42.26372841589671
11.655868186307023 42.27006153124252
11.665755939628797 41.95977783658004
11.66561733226898 41.97244408568137
11.66554799937942 41.97877721011788
11.665478647006758 41.98511033447825
11.665409275143483 41.99144345876242
11.665270472915044 42.00410970710214
11.665201042534841 42.010442831157604
11.665131592633955 42.01677595513677
11.665062123204853 42.02310907903959
11.664714482872366 42.05477469740775
11.66464489611566 42.06110782085196
11.66457528977793 42.067440944219626
11.66394795034343 42.12443905107907
11.663878147778957 42.13077217367962
11.663808325550074 42.13710529620327
11.663738483649173 42.14343841865002
11.663668622068645 42.14977154101981
11.663598740800877 42.15610466331264
11.663528839838252 42.162437785528454
11.66345891917315 42.168770907667245
11.663388978797943 42.17510402972896
11.663319018705007 42.181437151713574
11.663249038886702 42.18777027362108
11.663179039335395 42.1941033954514
11.663109020043441 42.200436517204544
11.663038981003197 42.20676963888046
11.662968922207012 42.21310276047914
11.662898843647232 42.21943588200052
11.66261833161895 42.2447683673126
11.662548154126245 42.25110148844711
11.662477956823937 42.25743460950413
11.672056428979387 41.9724827878529
11.6719877350801 41.978815917729776
11.67191902187724 41.9851490475319
11.671643975881244 42.010481565992286
11.671575166048859 42.01681469542022
11.671092955052508 42.061146599315975
11.671023990224807 42.06747972814363
11.670955005989027 42.0738128568961
11.670194896315682 42.143477268203526
11.670125678597183 42.14981039605161
11.670056441372857 42.15614352382414
11.669779297266285 42.18147603415802
11.669709962399539 42.18780916155228
11.669640607981625 42.19414228887079
11.66957123400497 42.20047541611355
11.669501840461999 42.20680854328049
11.669432427345134 42.2131416703716
11.669362994646791 42.21947479738684
11.669015537167194 42.25114043132399
11.668945986820502 42.25747355788341
11.668806827215477 42.27013981077396
11.678631585931925 41.95985486089625
11.678495533463098 41.972521131649984
11.677609325902905 42.05485188438841
11.67754102180869 42.06118501869924
11.677472698494322 42.06751815293631
11.67740435595238 42.07385128709961
11.677335994175433 42.0801844211891
11.676376905455609 42.16884829067564
11.676308254259936 42.17518142365447
11.67623958370992 42.181514556559016
11.676170893798067 42.18784768938926
11.676102184516884 42.19418082214515
11.676033455858866 42.20051395482667
11.675964707816508 42.2068470874338
11.675895940382304 42.21318021996649
11.67582715354874 42.21951335242472
11.67548292812728 42.251179013597934
11.67541402473956 42.25751214560878
11.675345101899776 42.26384527754496
11.684934645647811 41.972559117071725
11.684124402795216 42.048556799591815
11.684056759069536 42.054889939332476
11.683989096311485 42.06122307900081
11.68392141451372 42.06755621859675
11.683853713668885 42.07388935812031
11.683785993769627 42.08022249757145
11.683718254808586 42.08655563695011
11.682903897772846 42.162553303831984
11.68283591033713 42.16888644226608
11.682767903736192 42.17521958062731
11.682699877962607 42.18155271891563
11.682631833008953 42.18788585713105
11.682563768867803 42.1942189952735
11.682359461245062 42.213218409262886
11.681882070507427 42.25755037267934
11.681745499840751 42.270216647282155
11.6913069885523 41.978929890013
11.690504199906817 42.05492763524449
11.690370138210245 42.06759392512405
11.690303079065762 42.0739270699573
11.690236001047435 42.080260214719495
11.69016890414797 42.08659335941059
11.689294922947857 42.16892423391278
11.689160179951035 42.18159052122697
11.68909277995885 42.18792366477676
11.68902536096101 42.19425680825496
11.697812892831077 41.97263401278557
11.697680598434168 41.9853003149856
11.696752452070223 42.073964422609684
11.696686015936038 42.08029757263236
11.695753943214534 42.16896166561485
11.695486960723134 42.19429426108863
11.70431750818563 41.96633776668478
11.704252027685035 41.97267092307589
11.704186528785645 41.97900407939907
11.703070225595928 42.086667726473316
11.702146898266665 42.17533189157516
11.710691169950813 41.97270747498729
11.71056143194464 41.985373797843316
11.71036668816755 42.00437328162731
11.710171780100287 42.023372764810574
11.708672006422754 42.169035449181465
11.708606578233125 42.175368608564554
11.708541131597656 42.181701767880185
11.717194522393614 41.96641050190448
11.717066098678767 41.97907683506801
11.717001859754623 41.98541000155179
11.716809034631828 42.00440950061088
11.71668039418837 42.01707583298981
11.716616046837252 42.02340899908105
11.716551681390573 42.02974216510677
11.715390001033176 42.14373914233682
11.715131049217794 42.16907180104424
11.715066265638933 42.17540496555588
11.723633040429982 41.966446332019316
11.723505894566925 41.979112675256374
11.723442294837957 41.98544584677886
11.723378677234852 41.99177901823729
11.72331504175072 41.99811218963162
11.723251388378666 42.00444536096184
11.723187717111793 42.01077853222791
11.723124027943204 42.017111703429826
11.723060320865992 42.023444874567545
11.721654220265332 42.16277462330466
11.730008640496086 41.972814980439296
11.729882737122285 41.985481333523666
11.729819758897008 41.9918145099717
11.729756762970391 41.99814768635691
11.729693749335608 42.0044808626793
11.72963071798583 42.01081403893881
11.729567668914227 42.01714721513546
11.729504602113966 42.02348039126919
11.729441517578207 42.02981356733999
11.736136117430203 42.00451600576241
11.73607372600053 42.01084918696495
11.736011317028927 42.01718236810587
11.73594889050863 42.02351554918515
11.73588644643287 42.02984873020278
11.742516741083412 42.01088397630545
11.74245497221479 42.017217162340216
11.742393185977441 42.023550348314586
11.742331382364664 42.02988353422856
11.749265149375816 41.979252451682626
11.74908196914758 41.99825202502593
11.748959763161986 42.01091840695951
11.748898634399298 42.017251597837664
11.755402792163771 42.0109524789263
11.767101531478293 42.137683638340526
11.76704198884974 42.14401684233234
11.773616299745989 42.13138351858745
11.773557417437726 42.1377167272995
11.77349851853931 42.144049935956836
11.798986426282449 42.18217807274276
11.798929991105918 42.18851129920442
11.805446854977507 42.18220939409178
11.805391064816051 42.18854262497338
11.805335258922335 42.19487585580594
11.811907290015299 42.182240355379705
11.811852144871601 42.188573590630455
11.811796984177512 42.19490682583327
