# successful candidates for region at (224.241256124172, 9.64451794126708) and radius 1.0224.74974771135302 9.506878797491629
224.81312777725765 9.64600007032663
224.81314925690432 9.658656357092593
224.8194340318155 9.639661457397459
224.819444882602 9.645989598327374
224.8194557384981 9.652317739249108
224.81946659950432 9.658645880162663
224.8194774656212 9.664974021068033
224.82576198755174 9.645979011289874
224.82578394170915 9.658635288140331
224.83202370493424 9.614327629536279
224.8512604057731 9.772498074812132
224.85737064665483 9.658580601647397
224.86365292813508 9.639584950353367
224.86366460872222 9.64591307326957
224.86367629480966 9.652241196176295
224.86387580042415 9.759819284136567
224.87000532571588 9.658557921408264
224.87652631513154 9.766124404738953
224.89475164171873 9.386402474156949
