# successful candidates for region at (2.524950451377172, -44.69017110786234) and radius 1.02.3461592776162354 -44.732433821686996
2.7173201807536174 -44.58697700144937
2.7236901254759966 -44.58064286403879
2.7432192569181613 -44.67545614730458
2.7431954412756183 -44.66913293534435
2.749596068580729 -44.66912056402399
2.7620869734039504 -44.593216271411066
2.7685057429582622 -44.599526055453744
2.820389754550278 -44.744839119899986
2.8200027686003613 -44.66896087948172
2.826436252787285 -44.67526740160567
2.826403357427172 -44.66894421725829
2.8263704716909706 -44.662621032895046
2.832837536323561 -44.675250379319166
2.832803942534096 -44.66892719746209
2.8327703585728687 -44.662604015588464
2.8392045238421564 -44.668909820093525
2.845850250984513 -44.71315432181204
2.845535150692576 -44.656245731660064
2.8522557177231254 -44.71313621075413
2.852219965918357 -44.70681303679416
2.852184224580562 -44.70048986281544
2.8586611804135216 -44.71311774175865
2.8586247289585813 -44.70679457050268
2.8585882881754414 -44.70047139922722
2.86499234764651 -44.7004525778067
2.871320756804041 -44.68778706706782
3.20284617428697 -44.56616108349682
3.2026987329940693 -44.5535151848608
3.2096077128740954 -44.59773777438859
3.2091608293005494 -44.55980011324885
3.209086424809164 -44.55347716944005
3.216000262791388 -44.59769936313415
3.21592503196849 -44.59137642542541
3.215849823122591 -44.58505348763344
3.2223928042132477 -44.597660594923276
3.222316877571458 -44.591337662877095
3.2222409731098987 -44.58501473074617
