# successful candidates for region at (350.85860288697177, -20.317911563319143) and radius 1.0350.29997804755624 -21.138519401898545
350.40791339870384 -21.13883127748166
350.5055938610122 -20.08363222137431
350.530723025856 -20.127920073874495
350.530736318925 -20.12160019316788
351.25044585980766 -20.39954509772034
351.2567805512685 -20.405850763239584
351.2632153276584 -20.450075346823496
351.26308261320185 -20.399516481192084
351.2630494810097 -20.38687676469296
351.26950205044994 -20.43742096930516
351.2693673383921 -20.38686211995546
351.26935052059366 -20.380542263744406
351.27571936183335 -20.399486956454517
351.27568519456617 -20.38684724822948
351.5752321537123 -19.576942503863116
351.58154611307947 -19.583236688906656
