# successful candidates for region at (210.3860578198934, -25.11198578983033) and radius 1.0210.7661687412097 -25.661796659085915
210.88027136441883 -25.43383469108497
210.90018911841204 -25.617133119944295
210.90592274941852 -25.465362144034533
210.90589554912665 -25.45903927863866
210.9058683559131 -25.45271641322299
210.91227574131142 -25.459016865234258
210.92512074577087 -25.47793978769747
210.93147338201635 -25.47159369154663
210.93788311662942 -25.477893028767255
210.93785423222158 -25.471570178394863
210.93782535533018 -25.46524732800015
210.93779648595333 -25.45892447758313
210.94420586913614 -25.465223544478164
210.94408910196194 -25.439932155084325
210.9505568434119 -25.45887664334295
210.95693701832457 -25.458852316120616
210.9569071552816 -25.452529475095076
210.96331719065432 -25.45882771549732
210.9632869938871 -25.452504877681044
210.9696668298819 -25.452480006902135
