# successful candidates for region at (51.939876696058384, -10.789575477556129) and radius 1.051.54301537170345 -10.731314627506
51.54302368889501 -10.724988709303846
51.853302716721515 -9.959786600759285
51.85330444099486 -9.953460631012687
51.891174132595005 -9.972446578763936
51.897485765175034 -9.978773452599752
51.89748661054696 -9.972447480904552
51.89748745554157 -9.966121509209312
51.903794045396964 -10.01673006106492
51.903795487899146 -10.004078117336059
51.903796208668254 -9.997752145471576
51.90379692911609 -9.991426173607062
51.90379908853232 -9.972448258013308
51.90379980769542 -9.966122286148657
51.90380052653744 -9.95979631428397
51.910106810353085 -10.023056686143782
51.91010859591349 -10.00407877012386
51.910109190570076 -9.99775279811717
51.91011156654611 -9.97244891009019
51.91011215987769 -9.966122938083387
51.910112752944364 -9.959796966076562
51.91642123519847 -10.010405269865077
51.916421703951386 -10.004079297743464
51.916422172495416 -9.997753325621838
51.916424512083395 -9.96612346501349
51.92904835261922 -9.991428032938652
51.97975156097279 -11.509658970048145
51.98585855440526 -9.953469067765242
51.99217482399311 -9.978771980561895
51.992172738570716 -9.966120037813141
51.99848859712356 -9.985096853087732
51.99848625893867 -9.97244491081806
51.99848392284051 -9.95979296854803
52.00479744264067 -9.966117716548464
52.01111121457412 -9.972442338983603
52.01109845763755 -9.915508603809977
52.017422146506114 -9.966114895265566
