# successful candidates for region at (49.61790603490034, -2.213604300393143) and radius 1.048.82833749946232 -2.2804124154324685
48.828340930677 -2.2740924671010636
48.828344355457084 -2.2677725187661877
48.83465777828208 -2.286735750458034
48.834661188402656 -2.280415798928946
48.83466459214 -2.2740958473964366
48.834667989494285 -2.267775895860513
48.84098487737232 -2.28041915521958
48.84098825363225 -2.274099200511708
48.840998344423504 -2.255139336367953
48.84731525765595 -2.267782568586032
48.891240055802626 -2.89348299224896
48.89124378719821 -2.8871630133734514
48.8975703544696 -2.8871664076554877
48.90388958308622 -2.8998097417504014
48.90389692177565 -2.88716977225805
48.9102125699389 -2.9061330701072734
48.91021985517144 -2.8934930948264093
48.91022348911604 -2.8871731071810984
48.91655005649049 -2.887176412424594
48.92287305492183 -2.8934996813514084
48.92920319134033 -2.887182933872771
49.012011484011175 -1.503135699128344
49.03096367981908 -1.534742696693669
49.03096566781117 -1.5284226584900211
49.03728644896957 -1.5284248887378737
49.06203526251854 -2.944124686349194
49.72627989618134 -1.9772535309425192
49.73260278051982 -1.983573217490976
49.73892475556033 -1.9772525885713887
50.194075472339975 -1.7938682481726693
50.20039936849757 -1.8001859761742673
50.20039502999202 -1.7875458964868347
50.200392867849104 -1.7812258566406525
50.206714545387605 -1.7812235243365453
50.213040645892406 -1.7938612369702036
50.21303622290873 -1.7812211668576816
50.21936461269741 -1.8001788820709044
50.21936237037479 -1.7938588494503869
50.21936013294645 -1.7875388168281139
50.21935790041229 -1.7812187842040887
50.2256840948393 -1.7938564367044554
50.225679577898106 -1.7812163763757984
50.36466840422095 -1.5725980378114088
