# successful candidates for region at (54.76254306064815, 17.58795716423828) and radius 1.054.83441964494781 18.001661243274324
54.92993062761743 17.950980093956524
54.92993657871794 17.957308014367353
54.9299723228662 17.995275536804222
54.93630556539021 17.957302526925204
54.942661745681 17.94464099714629
54.942674551662385 17.957296834595343
54.949023652359074 17.93830718387139
54.94903690714208 17.950963019544044
54.95539881140056 17.94462900144511
54.96184535276343 18.014229771846257
54.961852457282944 18.020557687788514
54.96185956393379 18.026885603728864
54.968223709799894 18.020551166075233
54.96823104362442 18.026879081031552
54.96823837964884 18.03320699598585
55.07006510620546 17.9634678567784
55.10191110368436 17.963415825338366
