# successful candidates for region at (35.94591434050365, 2.455795247075307) and radius 1.035.853967169282974 2.982036118765154
35.86029077476209 2.9883536323649045
35.86028751262347 3.032573082624104
35.86028704380631 3.038890146946644
35.860286574289724 3.0452072112691333
35.86661185648251 3.032573502587704
35.86661142229183 3.03889056724631
35.87293620034595 3.0325738903436554
35.87293580078179 3.0388909553125543
35.898234356674344 3.0136239214337928
35.90455904680792 3.00099001533956
35.90455837156674 3.0199412137409847
35.96147509000165 2.8872834051654945
35.9867702030775 2.9125511056460707
35.98677063816033 2.925185237940313
35.986770856202064 2.931502304087417
35.993093648231444 2.906233818896378
35.9930938988663 2.91255088486419
35.99309414988632 2.918867950831986
35.99941759465259 2.9125506323642316
36.005740655279745 2.8999162170824335
36.005740972613694 2.9062332826143287
36.00574160874676 2.9188674136780466
36.00574192754591 2.925184479209869
36.01206569066847 2.925184162760523
36.54274664713504 1.7311402461245322
36.542748915763475 1.7374571982621434
36.54275118924373 1.7437741503979718
36.561701573969955 1.7311324996326976
36.56801752324584 1.7248129214207715
36.56801988287547 1.731129863653828
36.56802224756226 1.7374468058849517
36.57432396682868 1.693225562584372
36.574335808168215 1.7248102610752634
36.574338191760916 1.7311272007675516
36.574340580462135 1.7374441404578682
36.580656500626084 1.7311245109739022
36.58696029852352 1.6932201870398829
36.764280890295296 2.4448390023813857
36.77060223710527 2.4448351279855762
