# successful candidates for region at (206.21997981735313, -33.069960952800706) and radius 1.0206.89689019794793 -33.71462763685037
206.89684052275172 -33.7082902539289
206.89674121090775 -33.69561548793661
206.90326928796725 -33.70825541790376
206.9164335438103 -33.746208972628615
206.98164516523485 -33.847232745467046
206.98158905317814 -33.840895425935955
206.98808426509663 -33.847193516872736
206.98802767874355 -33.84085620243732
206.98797110704666 -33.83451888793752
206.98791455000128 -33.82818157337337
206.98785800760277 -33.82184425874491
206.98780147984652 -33.81550694405212
206.9944092525453 -33.83447933939761
206.99435222145146 -33.82814202996987
206.9942952051273 -33.821804720476706
206.99418121676908 -33.80913010129424
206.99344172944444 -33.72674507024527
207.00078988696131 -33.828102156474145
206.99992909431015 -33.733042584779376
206.9998145742741 -33.72036797409368
207.0261844036839 -33.789915661479796
207.04512472149307 -33.75176659217588
207.04500349915116 -33.739092056584894
207.05155665894196 -33.75172414414806
207.05149556749316 -33.74538688189672
207.05143449185357 -33.739049619570146
207.05137343201807 -33.732712357168374
207.05786547820594 -33.7390068530699
