# successful candidates for region at (220.98998901280117, 42.51057180750337) and radius 1.0221.36367045138317 42.64711588902366
221.36370841958743 42.653440868840924
221.36374639855174 42.65976584863579
221.41479606963233 42.62163821384829
221.41483920087109 42.62796316857623
221.41501184805304 42.65326298719862
221.4150550404292 42.65958794178183
221.421205721453 42.6216143888609
221.421293297823 42.63426429153745
221.42138092382137 42.64691419409474
221.42142475544333 42.65323914532863
221.4481480406537 42.79861375417417
221.44819479545487 42.804938690581125
221.4545759575182 42.798588043356375
221.45467079243664 42.81123790882744
221.46105193565762 42.8048869033877
221.461100015959 42.811211832399906
221.46114810992285 42.81753676137635
221.46752923403318 42.81118539767231
221.46757798428789 42.817510322890946
221.47395844658487 42.8111586046453
221.47400785312806 42.81748352605519
221.47405727371208 42.8238084474273
221.480437716369 42.81745637086973
221.48676615011868 42.80477903001619
221.49319468956205 42.804751166055304
221.49324605036162 42.8110760757742
221.4932974257558 42.817400985452295
221.49967524007994 42.81104784955604
221.49972727175285 42.81737275522166
221.49977931821263 42.823697660845404
221.5062098147757 42.82366906820328
221.50626253267737 42.829993969719595
221.5124802726907 42.80466542470016
