# successful candidates for region at (17.1139794280083, -10.62230719949381) and radius 1.016.681028758002224 -10.216285258520383
16.68114177934725 -10.134131401441888
16.687452316456586 -10.140459399744552
16.687469401143744 -10.127820341034745
16.693746249305857 -10.159426339490357
16.693754678187013 -10.153106808323576
16.693763103327104 -10.146787277152164
16.693771524726557 -10.140467745976123
16.6937799423858 -10.134148214795456
16.700065837992963 -10.15943456655123
16.700090733328455 -10.140475967633579
16.706369065363763 -10.172081738427009
16.706385427007657 -10.159442668956006
16.706409942257288 -10.140484064716814
16.712672786107703 -10.18472879261724
16.712680849027493 -10.17840925614542
16.712688908373355 -10.172089719669367
16.712696964145703 -10.165770183189087
16.712705016344934 -10.159450646704581
16.712713064971467 -10.15313111021585
16.712721110025708 -10.146811573722895
16.712729151508064 -10.140492037225718
16.718984943872368 -10.19105619077607
16.718992883333144 -10.184736652588423
16.71900081927587 -10.178417114396677
16.719008751700954 -10.172097576200832
16.719024605999795 -10.15945849979685
16.719048361075785 -10.14049988516019
16.725312980871994 -10.184744387794009
16.725359782752246 -10.146827148428285
16.7316253933258 -10.191071539779747
16.73168678114213 -10.14051520730543
16.737907776461917 -10.2226767429562
16.737953176869887 -10.184759483907976
16.737998456707473 -10.14684222472598
16.744213732483836 -10.235323203074238
16.744228637960493 -10.222684113531315
16.744302967695063 -10.159488665600865
16.75052018544363 -10.247969544585837
16.750615267516032 -10.165815441802375
16.756848763249543 -10.241657123625313
16.756855965961524 -10.235337575717544
16.76325470432833 -10.165829530534312
16.77583294977053 -10.222719092457355
