# successful candidates for region at (160.49561836568645, 30.467354994869197) and radius 1.0159.64064469086262 30.516239338983528
159.65955774817525 30.522673550950763
160.57615719323448 30.222327654417718
160.57616237531983 30.22863988007972
160.58246639895728 30.228635855237858
160.6139712789923 30.21598673969754
160.62028250692813 30.222293118703778
160.63287207500395 30.209656083966973
160.93397176409522 29.887071313292346
160.94019731947765 29.87442588740157
160.94025394167062 29.88705015428937
160.94647869438822 29.874404432753206
160.94650740182485 29.880716563492847
161.00981659068287 29.975166952834954
161.00988227848885 29.98779115505675
161.00991513489785 29.99410325613103
161.00994799964744 30.00041535718088
