# # ids of objects in overdense bins for (225.8614636061614, -32.67365766524237)
6.204565766473251840e+18
6.204589234176293888e+18
6.204589509054274560e+18
6.204588478262046720e+18
6.204589504757750784e+18
6.204589405970796544e+18
6.204592528414283776e+18
6.204569030646043648e+18
6.204564838762924032e+18
6.204589264239582208e+18
6.204592631498452992e+18
6.204565697755501568e+18
6.204566002696507392e+18
6.204565521658765312e+18
6.204589337255517184e+18
6.204565766475815936e+18
6.204589543409816576e+18
6.204589302894572544e+18
6.204565766475814912e+18
6.204566075712686080e+18
6.204589504757754880e+18
6.204589234176297984e+18
6.204589474694495232e+18
6.204566075713467392e+18
6.204589470398002176e+18
6.204589470398001152e+18
6.204568858851471360e+18
6.204589577773758464e+18
6.204588542683564032e+18
6.204589302895801344e+18
6.204565766474983424e+18
