# successful candidates for region at (175.14498060902045, 19.58210731790132) and radius 1.0174.80434348345315 19.507947024486874
174.80420992246644 19.571190894308938
174.81068333264275 19.507958806934038
174.81702318274853 19.507970368031973
174.8168817140891 19.577538661474474
174.8168688312585 19.58386305175307
174.81685594475073 19.59018744202593
174.8232242998055 19.57755001903752
174.82321166601116 19.58387441093693
174.82964112075942 19.53961479386053
174.8296287571965 19.545939187380878
174.82960401947793 19.55858797440571
174.82957926763095 19.571236761409374
174.82956688640752 19.577561154903265
174.82955450164985 19.58388554839185
174.83599432699248 19.53330130360628
174.8359822154993 19.53962569868799
174.83597010054723 19.545950093764613
174.83595798213548 19.55227448883616
174.83594586026334 19.558598883902633
174.83593373493014 19.56492327896402
174.83590947387768 19.577572069071536
174.84231144474688 19.54596077860884
174.84228770189836 19.558609571796804
174.8486062856771 19.571268834244055
174.8867312459356 19.527056150222162
174.89307185067057 19.52706505893006
174.89306197887117 19.53338946659737
174.89941245609674 19.527073746191956
174.93743983489568 19.539770050752555
174.9374316977614 19.546094466430326
174.94378882795831 19.533452773227474
174.9437809416923 19.53977718992627
174.95012204904143 19.539784107589814
