# successful candidates for region at (198.6199139285243, 22.36774321775525) and radius 1.0198.35825091667908 22.127460680140178
198.4849014174822 22.22852392868434
198.5039168199265 22.241152226641585
198.55473912686625 22.064589289259448
198.5547362058789 22.070896116282608
198.56107104051267 22.070898524035528
198.6180830793105 22.184432043008016
198.6244226325737 22.171818333400278
198.63076104537882 22.159204377386594
198.63076153316226 22.16551120611039
198.63076202107703 22.17181803483417
198.63709986366734 22.1592038324668
198.63710063650072 22.16551066111736
198.63710140954223 22.171817489767893
198.63710527787373 22.2033516330203
198.64343868189547 22.15920304111309
198.6561081847398 22.12766657794215
198.6561114367621 22.140280234407122
198.6624398502668 22.108744564233376
198.66244366861125 22.12135822028785
198.66244939998649 22.140278704368722
198.66245131147429 22.146585532395452
198.66878297222118 22.127663272419365
198.66878736306157 22.14027692799581
198.67513028888703 22.152888560320545
198.68146882131225 22.152886290668757
198.6878073535213 22.15288377461634
198.68782262379094 22.18441790897648
198.6941458854918 22.152881012163324
198.69415590033447 22.17180149166629
198.70048441720158 22.15287800330976
198.70048803955606 22.15918482940671
198.70049166288618 22.16549165550326
198.7004952871922 22.1717984815994
198.7258480667577 22.165477152186835
198.72585759765917 22.178090800479882
198.7891098876991 22.05820775274698
198.808188641485 22.114948268595544
198.81451672114443 22.108634017371926
198.81452545649051 22.114940830543578
198.81453419419014 22.12124764371289
198.85252545036724 22.10227741906352
199.1765743149103 22.328537738159046
199.21470682818585 22.341016492967288
