# successful candidates for region at (338.98161658354246, 14.152819815871942) and radius 1.0338.79272280604425 14.83216324574765
338.7990853953518 14.832168196763801
338.80544798494134 14.832172978156574
338.8054429092309 14.838500141059649
338.81181057480296 14.832177589925903
338.8118056824082 14.83850475362471
338.81180078834655 14.844831917322418
339.35871185001616 14.667434448665023
339.36505872725076 14.661097227615198
339.3715167397176 14.718031033720182
339.37783065356393 14.692712111854814
339.3778646767462 14.711693464137856
339.38418921068666 14.692701497932275
339.38422377986393 14.711682844712467
339.3842353108056 14.7180099602936
339.4033857133733 14.755939741223552
