# successful candidates for region at (206.33038579955675, 47.299383969320914) and radius 1.0205.4353435962005 47.90086403367342
205.44181498749285 47.900913824498765
205.44839390134592 47.89463304287061
205.45497121716716 47.88835188452562
205.45486452873013 47.89468210349557
205.45475780707827 47.90101232231269
205.46133516829227 47.89473080289567
205.46843600051034 47.85679773436141
205.4750060668674 47.85051542408692
205.47490193793368 47.85684566651429
205.47479777660777 47.86317590879595
205.48136788723178 47.85689323777562
205.6155007389673 47.978086300503804
205.61541337954412 47.98441669076632
205.62206846630895 47.97179565279534
205.6218953582133 47.984456445827334
205.6284631224444 47.97816543623097
205.6354536755328 47.94022200686405
205.6420141539343 47.93393021818802
205.64176205027218 47.95292146410487
205.738618025408 46.83922379381295
205.73847818549453 46.85188479510607
205.737145445391 46.97216429388996
205.74502987334347 46.83292596398026
205.7449607343179 46.839256469700096
205.74489157423343 46.84558697535394
205.74482239308088 46.85191748094174
205.7436430811966 46.95953606580245
205.7435039360622 46.97219707452416
205.7517134789297 46.80130572868629
205.75144021015024 46.826627772142935
205.75130345092 46.839288793484215
205.75116660836647 46.85194981456716
205.7500000722431 46.95956848330943
205.75811923013492 46.79500715531613
205.7577814365832 46.8266597340947
205.757713816154 46.83299024966115
205.77476926705936 47.02299990530635
205.7747032717353 47.029330433300196
205.78106860256491 47.02936113670499
206.45052569318872 47.50542075384086
206.46341978222677 47.52439881736208
206.482732471397 47.53703640506693
207.14183815661565 47.3506839322931
207.14814391378033 47.34430829612805
