# successful candidates for region at (244.08851984814342, -22.379860130150128) and radius 1.0244.1795827309079 -22.937133479124867
244.1859967382521 -22.962469865758333
244.1923745245839 -22.93712578949373
244.21157935814534 -22.956117434537163
244.21796411793727 -22.943442405661816
244.22444246559013 -23.025792465909642
244.2243540016378 -22.937102149778624
244.23084252498745 -23.025786970604617
244.23083589702944 -23.01945194877487
244.23082927085397 -23.013116926943813
244.23075650045317 -22.94343168671646
244.23074989563597 -22.937096664869816
244.23074329259595 -22.930761643021878
244.23073669133268 -22.924426621172643
244.2372425838557 -23.025781222499603
244.23723565784883 -23.01944620144738
244.2372287337047 -23.013111180393736
244.2372218114228 -23.00677615933867
244.23721489100276 -23.00044113828218
244.2371665001574 -22.95609599084703
244.23715959461651 -22.949760969779195
244.23715269093353 -22.943425948709947
244.24364264217112 -23.025775221594696
244.24362097583284 -23.00677016086855
244.2436137576046 -23.000435140623406
244.24360654131786 -22.99410012037672
244.2435632843437 -22.956089998864183
244.2435560816349 -22.949754978606695
244.24354888086398 -22.943419958347665
244.24354168203052 -22.937084938087093
244.2435344851341 -22.93074991782499
244.25005775018843 -23.03843900667414
244.2500426999099 -23.02576896789
244.25003517780607 -23.01943394849541
244.2499600679559 -22.956083754457392
244.2499525680794 -22.94974873504439
244.24994507022078 -22.943413715629717
244.24993757437957 -22.937078696213373
244.24993008055526 -22.93074367679536
244.2499225887474 -22.924408657375675
244.24987768022012 -22.886398540822547
244.25645057930393 -23.032097479898262
244.2564427570483 -23.0257624613856
244.2564349368963 -23.019427442871123
244.2564271188475 -23.01309242435483
244.2563568509704 -22.956077257626767
244.25634905392644 -22.949742239092384
244.25634125898034 -22.9434072205562
244.25633346613162 -22.937072202018204
244.25632567537966 -22.93073718347841
244.25627897487482 -22.892727072201758
244.25627119878726 -22.886392053649345
244.25626342479273 -22.880057035095128
244.2628428135625 -23.025755702081607
244.26281846551242 -23.006750649275236
244.2627536333634 -22.956070508372406
244.26274553915232 -22.949735490750786
244.262737447119 -22.94340047312722
244.26272935726294 -22.937065455501703
244.26272126958364 -22.930730437874246
244.2627131840806 -22.924395420244842
244.26268086382103 -22.8990553497078
244.26266471673574 -22.88638531442763
244.26265664645246 -22.880050296784635
244.2692849846366 -23.05742377320498
244.26921762747617 -23.00674364001683
244.26912524774994 -22.937058456663973
244.27569525963887 -23.06375151904184
244.2756865312708 -23.057416503386385
244.27562549837708 -23.013071393735103
244.275616788769 -23.006736378061625
244.30121342675534 -23.00670480327522
