# successful candidates for region at (18.811047365912426, 28.728154800488642) and radius 1.018.703319716298598 29.546876710526508
18.735483483613063 29.445659938046422
18.76755394061419 29.414036968377086
18.786773191629347 29.452006189671444
18.793184990751328 29.452007184062303
18.793183885045647 29.458334588532882
18.79318277905677 29.46466199300342
18.79959608117259 29.458335280385405
18.799595372184577 29.46466268494489
18.79959466301497 29.470990089504372
18.806007965380225 29.464663074181267
18.82525631075994 29.540591279972336
18.831651961265894 29.4330245819727
18.831673675796672 29.54059045711945
18.838064241547556 29.439350862682247
18.83809104071073 29.540589331093987
18.844475246959345 29.439349436421647
18.844493881896845 29.496296073254086
19.363796868648713 29.444556415333597
