# successful candidates for region at (349.2776699541575, 9.905697464498536) and radius 1.0348.4495599768805 10.443518940018912
348.44954342111004 10.449839212140244
348.4559119003318 10.43721437315276
348.45589547853893 10.443534648855243
348.4558790494115 10.449854924540189
348.4622635639589 10.430909678562749
348.46224727603015 10.437229957818472
348.64593553317206 10.45659055770549
348.7533907699754 10.608467602701548
348.7533801717 10.614788014819679
348.7533695687329 10.621108426930595
348.7533483487214 10.633749251130762
348.759719137682 10.614797993802885
348.75970866290373 10.621118408168433
348.7660581040662 10.614807851403869
348.7660477574771 10.621128267996625
348.7660374063092 10.627448684582507
348.79135490525846 10.652768619253916
348.79768491215555 10.659098309765922
348.804053575314 10.640146165461081
348.8040343822626 10.652787024168198
348.8104025192843 10.633834750126802
348.8103930574798 10.640155181524912
348.8103835914922 10.646475612917282
348.810374121321 10.652796044303907
348.8103646469656 10.659116475684785
348.81673254000947 10.640164076095834
348.8167138607436 10.652804942891837
348.8230628137469 10.646493284555522
