# successful candidates for region at (53.18481679816418, -0.16565633091635346) and radius 1.052.743754008137536 -0.03737263723350611
52.750080491295 -0.024733623975788044
52.7564067203002 -0.03737284315351372
52.756406845527216 -0.024733722682674937
52.76273313978215 -0.031053381904416134
52.85130211162105 -0.031054613091256678
52.85762836580495 -0.043693859537848094
52.85762846675258 -0.031054689988739236
52.86395477368739 -0.037374351503591266
52.863954821884136 -0.031054765413624414
52.8702811770157 -0.031054839365911073
52.870281221711174 -0.024735251986204854
52.87028130344906 -0.012096077226734043
52.87660695669769 -0.09425079828177516
52.87660753214728 -0.031054911845598387
52.87660761724063 -0.01841573455809559
52.882933841932925 -0.03737457273476158
52.88926028440915 -0.024735461292403216
53.80027053590825 0.5882610730860359
