# successful candidates for region at (16.406774332144117, -6.888501234625983) and radius 1.016.29037437503892 -6.854843294806405
16.32826834198919 -6.9560524096272065
16.328269395623565 -6.94972731903692
16.33458815029245 -6.956053402284626
16.334590087311675 -6.943403220474571
16.34090795862122 -6.9560543116809
16.340911491257394 -6.930753946907317
16.347227766973273 -6.956055137816015
16.726612082170632 -7.240579985282225
16.732908805210677 -7.202625327136047
16.73290432245804 -7.1963002696917275
16.74555045875786 -7.196291408777625
16.7455458050665 -7.18996635411267
16.758225621779587 -7.234232521429847
16.76455414732711 -7.24055283742768
16.764549211756815 -7.234227787148877
16.770872801602337 -7.2342229684455805
16.77086778189812 -7.2278979196746285
16.770862765292478 -7.22157287090132
16.7771912844308 -7.227893018085652
16.783468184519872 -7.170962620945642
16.78987002543629 -7.265833226172252
16.78985943360895 -7.253183138032131
16.796188666439285 -7.259503019246811
16.796177906400764 -7.246852934333985
16.79611362452421 -7.1709524246305865
16.802425503813847 -7.158297118531559
16.808759063960487 -7.170941891685499
16.808753555387487 -7.164616852502258
16.808748050233174 -7.158291813316159
16.840390507388907 -7.189889177890059
16.840384554552543 -7.183564147453329
16.840378605404613 -7.1772391170132686
16.846713486361256 -7.189883358915075
16.846707446724196 -7.183558330305273
16.8530425954066 -7.196202482456694
16.85303646517269 -7.189877455703795
16.85303033873509 -7.183552428947367
16.853005870941637 -7.158252321886401
16.852993659814782 -7.145602268334795
16.85298146386458 -7.132952214769127
16.859415536254676 -7.246796691982147
16.859334613966396 -7.164571368728108
16.859328416125674 -7.158246343837002
16.859322222133493 -7.151921318942275
16.859316031989543 -7.145596294043931
16.859309845693513 -7.139271269141971
16.859303663245093 -7.132946244236399
16.85929748464397 -7.126621219327214
16.865745637451766 -7.253115626070405
16.865650961144944 -7.158240281683676
16.865638403999846 -7.145590235702019
16.86562586246145 -7.132940189705496
16.87206306029692 -7.246784429818673
16.872056637828 -7.240459408815653
16.871954416699815 -7.139259072244724
16.878386822061817 -7.246778172025778
16.87838031230873 -7.240453152982868
16.878373806569716 -7.234128133935995
16.87828314751787 -7.14557786686536
16.878276701950767 -7.1392528477593755
16.87827026039253 -7.132927828649468
16.884703986615698 -7.2404468127025385
16.884598987030525 -7.139246539249647
16.88459245910267 -7.1329215221245
16.884585935237105 -7.126596504995327
16.890914657639478 -7.132915131601665
