# successful candidates for region at (19.123300326811716, -58.12240529148437) and radius 1.018.403155233906027 -58.30290973906232
18.40341256329045 -58.29025375474684
18.403669685334304 -58.27759776978352
18.409671648360778 -58.296617434451676
18.409926592439298 -58.283961435430854
18.438426531221875 -58.46131994568921
18.43854961002958 -58.454991915064404
18.44063434756266 -58.34741537195279
18.440878670499465 -58.33475930527563
18.446910201537612 -58.35377724590856
18.44715233313568 -58.34112116586176
18.447273325644804 -58.33479312562357
18.44739426933291 -58.32846508524232
18.932405594879345 -58.50096943804374
18.93257722955832 -58.46932758424395
18.932645786086084 -58.456670842643845
18.93886396121171 -58.494650416354254
18.93889714622583 -58.488322043709886
18.938963475899087 -58.47566529838902
18.939029751819497 -58.46300855302537
18.93909597405156 -58.45035180761899
18.94528797611968 -58.49465944534465
18.945320005295486 -58.488331070869314
18.94535202148554 -58.48200269638398
18.945416014939592 -58.469345947383445
18.951742867603574 -58.48833977803621
18.958225131881544 -58.475691409299436
19.765403149055256 -58.7273435642792
19.771869714112018 -58.72731138565979
19.778455156957268 -58.733606945955735
19.778336267175387 -58.72727888460991
19.778217425951002 -58.72095082312773
