# successful candidates for region at (351.07599609583303, 8.603773895720826) and radius 1.0351.079314327299 9.395775127915112
351.0856511440917 9.402097768861802
351.1108749060627 8.080641583617433
351.11718737115314 8.061672726660955
351.12350226866147 8.067994767155382
351.12981564762873 8.061671208064174
351.16139180171473 8.086956636038826
351.16139453784837 8.099602131333455
351.16140276392275 8.137538617213684
351.3010252788075 9.281898695085431
351.3010332036856 9.29454416117574
351.30735583500893 9.27557214087942
351.3073599059525 9.281894872953435
351.3073639789213 9.288217605026231
351.3136945329608 9.281890944721438
351.3199991476423 9.23762780003024
351.32002486596696 9.27556418034223
351.3200592766847 9.326146020682316
351.3200765333401 9.35143694081974
351.32632860533147 9.231300937970765
351.3263329953176 9.237623666974104
351.3263373874937 9.243946395976025
351.3263549781025 9.269237311969468
351.3263637865526 9.281882769957639
351.3326668428458 9.237619428007129
351.33899607809553 9.231292356313778
351.3390006902232 9.237615083129361
351.3390053046517 9.243937809943374
351.33900992138126 9.250260536755816
351.33901454041205 9.25658326356669
351.33901916174443 9.262905990375987
351.34533453744604 9.237610632340859
351.34537240787665 9.288192437731238
351.3453771522896 9.294515163397607
351.35170229193176 9.2818651472323
351.35171200148284 9.294510596242633
351.3580369178788 9.28186047630176
351.35804188296134 9.288183199618794
351.45937741933244 9.269125910666668
351.45938416190546 9.275448611293344
351.4593909078342 9.281771311916671
351.45940440975977 9.294416713153288
351.4657186730562 9.275442138327374
351.47204621860317 9.269112861986208
