# successful candidates for region at (39.23414961754321, -43.95525128124405) and radius 1.038.96968160388139 -43.175760726278654
38.97597792550292 -43.18209994561497
39.070631640061706 -43.25817230042644
39.0960164871831 -43.232906986889866
39.09603088466322 -43.22658226665399
39.096045278034076 -43.22025754641497
39.10235939259897 -43.226589772569454
39.108674823942835 -43.23292164883173
39.10868790206354 -43.226596926505714
39.108700976451516 -43.22027220417709
39.11501641298352 -43.22660372846259
39.12129787010019 -43.25190907528899
39.1276179118075 -43.258239901843105
39.12762902356849 -43.25191517676577
39.127640132156586 -43.24559045168655
39.13396017827408 -43.25192092606189
39.140301122235726 -43.245601596508465
