# successful candidates for region at (231.50251992616427, 60.234292724224154) and radius 1.0230.80319112669358 59.981474905019034
232.13934904990577 60.07030619164624
232.13947119832716 60.07662810857549
232.2485563660858 60.06341308564369
232.25484315716514 60.057054885631565
232.2549873865839 60.06337667359149
232.26127293098688 60.0570181688754
232.26141839281914 60.06333994902374
232.2678493846696 60.06330291194161
232.26799614134174 60.06962468401349
232.26828984215098 60.08226822756154
232.27457640419647 60.07590909039247
232.27770013243017 60.20866608589644
232.2862408830494 60.025259433072875
232.28639095500517 60.03158118235097
