# successful candidates for region at (225.79913183109304, 47.00756659307945) and radius 1.0226.16736078377193 46.200933743722466
226.16834228174685 46.346220881200324
226.17360507960126 46.194596372031675
226.18617869728624 46.194554250180445
226.18622339548799 46.20087107315745
226.19242008821647 46.18821584788031
226.192465498788 46.19453266765103
226.19251092298796 46.20084948739279
226.19342227790997 46.32718587612336
226.19875229528947 46.19451073738646
226.19972436620796 46.32716387662713
226.20503908671066 46.19448845938729
226.2060264493774 46.32714152829861
