# successful candidates for region at (326.85394856487056, -28.286556687635922) and radius 1.0326.7536723003163 -28.780997918906905
326.75367835744396 -28.774663611647185
326.75368441301936 -28.7683293043866
326.75369046704265 -28.76199499712514
326.7600206487517 -28.81900828178924
326.7664053731121 -28.819012504028517
326.76641596018493 -28.806343887271236
326.7727851886142 -28.825350738047042
326.7727900979691 -28.819016429164687
326.77279991290385 -28.80634781139827
326.7791838660829 -28.806351438498513
326.7919742461788 -28.768351940603804
326.82385516329083 -28.8633773153463
326.82385698570164 -28.857043003802048
326.8494068218098 -28.819040356736075
326.85579154982736 -28.81904041952738
326.88134538395997 -28.876046504210723
326.88773973456193 -28.895048014136783
327.2688007762483 -28.31166872555783
327.26877607898564 -28.305334493806065
327.26875138804354 -28.299000262039637
327.2751297736699 -28.30531515005559
327.2751047045661 -28.298980920764798
327.27507964187805 -28.292646691458895
327.2814834660265 -28.305295512284196
327.281458018762 -28.298961285506657
327.28786298805556 -28.31160980470283
327.2878371560203 -28.30527558049221
327.2941908436164 -28.305255354680007
327.29395525262987 -28.248247359343097
327.3005977126775 -28.317903272820963
327.30057111732526 -28.311569053842945
327.3003055378531 -28.24822686312903
327.30697913258507 -28.32421666993618
327.30695215197704 -28.31788245364039
327.3069251782742 -28.31154823732712
327.3068982114747 -28.30521402099636
327.30665582061675 -28.248206073233863
327.3133339478261 -28.324195553958337
327.3133065887715 -28.31786134036542
327.313279236719 -28.311527126754523
327.3126520676787 -28.165840208754886
327.3196887605259 -28.32417414384881
327.31966102302573 -28.31783993299642
327.319550143995 -28.29250308940211
327.31952244197004 -28.28616887845737
327.3259311500374 -28.298815607197213
327.325903062864 -28.292481399047077
327.3258749828784 -28.286147190877976
327.3254266790591 -28.184799857598296
