# successful candidates for region at (63.97269517339187, 17.354306723149858) and radius 1.064.27948962536762 18.015637583670543
64.27950052666179 18.021971536626786
64.27951143123991 18.028305489578532
64.28584768462443 18.009293737362917
64.2858588088778 18.0156276888196
64.28586993648265 18.0219616402716
64.28588106743963 18.028295591718923
64.28589220174935 18.03462954316156
64.29222799167377 18.015617590659787
64.29225070292446 18.028285490488635
64.34320775932318 18.028197359320092
64.34957738771995 18.028185427760665
