# successful candidates for region at (156.58437871782937, -12.984871402686611) and radius 1.0155.83709043971746 -13.615089247634035
155.84342523233832 -13.62143284483137
155.84344474812482 -13.615107556312571
155.84346425684754 -13.60878226777476
155.84348375850752 -13.602456979217951
155.84350325310587 -13.596131690642148
155.84979905749663 -13.615125708653464
155.84983773336154 -13.602475124900202
155.85623002275443 -13.58984252387396
155.9512676841002 -13.691298977781306
155.95762402089989 -13.691314506472082
157.25673447103344 -12.236365085474405
157.2630703153814 -12.2426743551632
