# successful candidates for region at (218.03969704129753, -7.144610120271743) and radius 1.0217.3724093806072 -6.421331677474571
217.37242658301486 -6.408672488522717
217.37243517575484 -6.40234289403557
217.37871670596937 -6.4276700193343865
217.3787252341553 -6.421340422098519
217.37873375675136 -6.415010824855306
217.37874227375795 -6.408681227604754
217.37875078517553 -6.402351630346864
217.37875929100446 -6.396022033081642
217.38499879903907 -6.452997083396343
217.3850157312071 -6.4403378834854905
217.38505796472458 -6.408689883582105
217.39130666834103 -6.459335277962843
217.39131506098246 -6.453005675299102
217.39132344813882 -6.446676072628271
217.39133182981044 -6.440346469950356
217.3913402059978 -6.434016867265361
217.39763962860602 -6.446684578548988
217.4039558092916 -6.446693001206573
217.40396402767595 -6.440363393169974
217.40397224068286 -6.4340337851265685
217.41028012693383 -6.4403717299245145
217.4102882583502 -6.434042119241437
217.47988671842268 -6.326524456116109
217.47989386713567 -6.320194818041612
217.48619428684546 -6.332861392607616
217.4862013596032 -6.326531752216942
217.49250201220045 -6.339198250920292
217.49250900889632 -6.332868608239545
217.49251600096858 -6.326538965553803
217.49882373113013 -6.332875741081079
217.49883064251668 -6.326546096126605
217.49885824236674 -6.30122751625998
217.50511108556898 -6.358201379871947
217.50511793433952 -6.351871732694152
217.5051247785921 -6.34554208551158
217.50514528424543 -6.326553143935254
217.51143966271746 -6.345549057204526
217.51145317613796 -6.3328897583926045
217.51774786445964 -6.351885597643179
217.51775454701982 -6.345555946054138
217.5177612251691 -6.339226294460551
217.51776789890783 -6.332896642862418
217.51777456823632 -6.326566991259742
217.52408262185213 -6.332903444541482
218.73681636712357 -6.547881133471848
218.74949778737198 -6.579510371766216
218.749488488056 -6.5731807967369695
218.74946990745872 -6.560521646652714
218.74945135090465 -6.547862496534145
218.7558063101005 -6.573171340833461
218.75577820025032 -6.554182624626093
218.76213359674028 -6.579491370188387
218.76212413189674 -6.57316180114073
218.7621146731719 -6.566832232084176
218.76210522056533 -6.560502663018728
218.76208633370516 -6.547843524861178
218.7684419534425 -6.573152177658896
218.76843241200774 -6.566822611632557
218.76842287674478 -6.56049304559717
218.77475015059122 -6.566812907418342
218.77474053267204 -6.560483344439397
218.80006096092018 -6.5920914547968525
218.80637902936348 -6.592081319016459
218.80636897219313 -6.585751771755546
218.81279885816843 -6.655366539261564
218.81910746875675 -6.6490266626197165
218.8317555559548 -6.655335279042109
218.83174510019987 -6.649005744908513
