# successful candidates for region at (20.91237280818753, -55.41958231337382) and radius 1.020.457929289655414 -54.608880081223695
20.45807062197502 -54.59625883680938
20.555489155678433 -55.6568089315259
20.56839022900332 -55.65684561696938
20.575166570264578 -55.618999306532956
20.575275007183645 -55.60637792404713
21.63661276819503 -55.51635406348433
21.64315714560527 -55.522626382205566
21.64304000291719 -55.51631600834585
21.64292290369827 -55.51000563433926
21.649467225159263 -55.516277616999304
21.656013637974368 -55.522549248990984
21.655894434811522 -55.51623888944585
21.65577527588224 -55.50992852974863
21.65553709062776 -55.497307809898224
21.662321631764232 -55.51619982568663
21.662081298807845 -55.50357912063401
21.661961199192383 -55.49726876787579
21.661841144119634 -55.49095841496312
21.668506423658297 -55.50353973528871
21.67505373869044 -55.50981035179011
21.67493153560412 -55.503500013864695
