# successful candidates for region at (222.43201088947882, 54.83294035003221) and radius 1.0221.59537033191415 55.29682445280179
221.64733396246302 55.29716729796863
221.64720948313916 55.30347197359813
221.64708495790447 55.309776649060524
221.65370602935954 55.30351329173044
221.6535825347255 55.30981797481439
221.67571398935925 55.17123633263581
222.94951512830377 55.52557320600217
222.9495978539548 55.531878142419956
222.95604843775638 55.525545649234125
222.95613220769283 55.53185058053664
222.99506812669313 55.512763250119654
222.99542820208683 55.53798284734694
223.00150830363486 55.50642839061089
223.00159928211482 55.51273328457622
223.00169029434565 55.51903817845284
223.00178134034573 55.52534307224069
223.00187242013357 55.53164796593973
223.00196353372755 55.53795285954991
223.00803840600034 55.506398085121965
223.00813042756172 55.512702973464876
223.00822248326085 55.51900786171701
223.0083145731164 55.52531274987835
223.00840669714697 55.53161763794884
223.00849885537124 55.5379225259284
223.01466156291949 55.51267231678655
223.01484779578664 55.525282081820784
223.0268687144 55.45586612342596
223.0333904451794 55.4558344828845
223.0344474020505 55.52518800348611
223.04107792833324 55.53146081162234
