# successful candidates for region at (15.45574790409471, -4.537059400073087) and radius 1.015.646284521009118 -4.719542795227177
15.658921823004844 -4.719539326468084
15.665249926309233 -4.751186020263934
15.671568862322538 -4.751184142335315
15.671559124871871 -4.719535635029821
15.684206734244894 -4.751180219078905
15.684196426602188 -4.719531720912568
15.690512964712457 -4.713199981667108
16.15211008569124 -5.048367413781316
16.158438389454385 -5.054690659795254
16.158431759802397 -5.048361104063219
16.158425135996914 -5.04203154832522
16.164753433794193 -5.048354737326268
16.16474675040378 -5.042025184496087
16.171068364690363 -5.042018763674217
16.17741722512191 -5.06733047356762
16.183745964191953 -5.073653470740925
16.1837390778181 -5.067323926816082
16.183732197502163 -5.060994382884822
16.190060930390135 -5.067317322967873
16.190053990332125 -5.060987782048931
16.190047056384287 -5.054658241123467
16.190040128546283 -5.048328700191483
16.196375783037023 -5.060981124142495
16.19636878939988 -5.054651586255282
16.19636180192516 -5.048322048361436
16.20268347517824 -5.048315339513012
16.209019368067327 -5.060967637118307
16.22156227888139 -4.972340564536848
16.221498219236533 -4.915374834132113
16.227825802573015 -4.921697486181975
16.227818651767166 -4.915367963719417
16.234139084170277 -4.915361036835433
16.240466784314187 -4.921683569532921
16.297492695881665 -5.035548893128999
