# successful candidates for region at (156.3904831061885, 24.00931311619335) and radius 1.0156.53604608826603 24.656331865414852
156.5552025149016 24.662633263553282
156.55521079051383 24.668953996357736
156.56158555188358 24.662626287427027
156.56159414818165 24.668947019309908
156.56796858814434 24.662619046108173
157.08554900933572 24.762280403357916
157.0856190937259 24.774921476445233
157.09190168476636 24.755930822962807
157.09193703504596 24.76225135571882
157.09197239461457 24.768571888440338
157.0920077634744 24.774892421127348
157.09204314162778 24.781212953779836
157.09832505778346 24.762222042350963
