# successful candidates for region at (139.4688694339103, 38.51752166973508) and radius 1.0139.1230363799663 37.97519959378192
140.05895750799718 39.35913636261345
140.05906373636392 39.37178343821333
140.0653602632311 39.35278043684328
140.06546762464387 39.365427503733684
140.09746977034027 39.333642678371696
140.0976394112389 39.35261321091799
140.10398095171152 39.339931696184415
140.10403807919835 39.346255202345674
140.14307262438047 39.377658199987955
140.1431333336896 39.38398167664176
140.14319405947668 39.39030515323265
