# successful candidates for region at (239.821493891309, 68.3647783188748) and radius 1.0239.03572916118958 68.15678340375636
239.0485325950093 68.15684361170139
239.0866746670549 68.76458263251662
240.15469325342326 68.0570555905717
240.15487619107304 68.06971215805345
240.1609745516974 68.05071431981486
240.1611608812384 68.06337087990092
240.16134742634694 68.07602743975403
240.17979776383865 68.03168907689579
240.18019095387834 68.05700215083284
240.18626514073048 68.03800338223213
240.18646522921668 68.0506599111332
240.25454527867134 67.94291031085797
