# successful candidates for region at (232.45358599397744, 24.042511813799276) and radius 1.0232.868882693869 23.532207244430165
232.86890278960496 23.53852970998469
232.87524477430654 23.538512521586405
232.94866984105246 24.492993934198925
232.94869459027367 24.49931636786727
232.94871934600354 24.50563880151857
232.95505907802607 24.49297321217779
232.9550841466261 24.499295643111594
232.9614737008709 24.499274652617046
233.01855643409385 24.4042377527455
233.15341149246257 23.37311777200121
