# successful candidates for region at (46.90682885414682, -13.672099856497104) and radius 1.047.03772321356477 -13.245120028515288
47.03771639000879 -13.232558538624366
47.03771298006744 -13.22627779367802
47.03770957135029 -13.219997048731095
47.04402886708468 -13.251397415229562
47.04402171243403 -13.23883592653403
47.04401813703405 -13.232555182185296
47.04401456291738 -13.226274437835919
47.044010990083855 -13.2199936934859
47.044007418533276 -13.213712949135235
47.05031988387968 -13.23255166794528
47.0503161455878 -13.226270924220934
47.050312408637986 -13.219990180495886
47.062915245175 -13.219982681281593
47.069220892439404 -13.226259436739173
47.06921666314138 -13.219978695057414
47.06921243536203 -13.213697953374753
47.075522474309246 -13.226255292033155
47.07551808089538 -13.219974551088617
47.08182861512469 -13.232531729732713
47.08182405595833 -13.226250989554508
47.08181949842872 -13.21997024937526
47.08181494253566 -13.213689509194964
47.0881256373784 -13.226246529303301
47.088120915733185 -13.2199657899174
47.08811619578345 -13.213685050530378
47.088111477528926 -13.207404311142232
47.09442233280053 -13.219961172715097
47.09441744879424 -13.213680434149406
47.10702516619086 -13.219951465077406
47.107014743824884 -13.207389991398353
47.11333196060369 -13.226227110574023
47.11332658249737 -13.219946374642154
47.11332120632225 -13.213665638708823
47.11331583207803 -13.20738490277404
47.113310459764456 -13.2011041668378
47.11962799853379 -13.219941126462716
47.11961692006139 -13.207379656461663
47.13216639386651 -13.150842093243563
47.13847201841788 -13.157117115070898
47.14476562117558 -13.1508305153649
47.1510715720491 -13.15710522020392
