# successful candidates for region at (189.48386011310836, 18.448191956030037) and radius 1.0189.42906546147006 18.74681822763405
189.5682551869307 18.73416946242881
189.56828349473824 18.79104015727809
189.5746054668042 18.778399310247266
189.57460885086942 18.784718275912468
189.57461223592443 18.791037241577246
189.58093373571046 18.77839618478783
189.58093735576827 18.784715149993996
189.58094097688493 18.79103411519969
189.61177925451997 17.704153770396243
189.6180540348101 17.68519260377119
189.61805882022944 17.69151156572771
189.6243374941986 17.678869158285604
189.62434250237533 17.685188119582303
189.62434751204347 17.69150708087805
189.62435252320333 17.697826042172853
189.63062573725648 17.678864469465136
189.63063620353185 17.691502390675605
189.6306519146343 17.710459272483547
