# successful candidates for region at (35.31164714206094, 17.257706751057857) and radius 1.035.135800582307986 17.885792972485348
35.14215651197155 17.879470966510713
35.84459059420181 17.062596801032246
35.84460872813746 17.068924177377664
35.84462686763632 17.075251553710114
35.8446450126994 17.08157893002959
35.85091198879037 17.06258008719402
35.85093033780406 17.06890746098289
35.850948692446934 17.07523483475848
35.851022167330754 17.100544329727967
35.85723338223612 17.06256317628287
35.85728909159624 17.081545289848616
35.857326259654116 17.09420003215778
35.8573448522315 17.100527403291952
35.85736345050922 17.106854774412508
35.85738205448831 17.113182145519445
35.85753109169494 17.16380111388408
35.86359233862313 17.075200805455797
35.86362992576941 17.087855542556916
35.86366753597284 17.10051027960234
35.8636863497236 17.106837648104154
35.86370516924179 17.11316501659203
35.863723994528456 17.119492385065968
35.87000924776459 17.106820324512274
35.870028282821345 17.113147690350925
35.876178352154035 17.056183897838487
35.87638991410594 17.125784893071128
35.87675702239781 17.24600478976353
35.88249952588518 17.056166201345004
35.883104272805454 17.252314372039276
35.88882069840709 17.056148307809973
35.88891892589102 17.08778509681667
35.89514186970636 17.05613021723365
35.895161718161255 17.062457572298197
35.895241172891375 17.087766992400898
35.901463039769624 17.056111929616286
35.901483103232195 17.062439281883474
35.90156341865287 17.08774869079335
35.90788566316209 17.0877301919943
35.92107146507918 17.252203531150393
35.92113420221576 17.271185560600564
35.927399325959165 17.252184364751358
35.92746271446256 17.271166385413707
35.93374852561747 17.258492337655664
35.93960386337758 17.119271413756017
35.94005504374066 17.252145438026407
35.9460787598019 17.16354303797795
35.952447384809076 17.176177779287347
35.95257894963596 17.21414174968377
35.95260090059509 17.220469078017157
35.95875051929506 17.169830334555456
35.95888334201239 17.20779428660747
35.958927670461605 17.220448937137625
35.96509789277135 17.176137342992092
35.96520967724998 17.207773954120796
35.96523205467318 17.214101276287703
36.02187952703265 17.137981839739677
36.028179016368256 17.131632277417115
36.02820346964814 17.13795956712636
36.02822793041957 17.144286856812087
36.03452741073738 17.13793709708601
36.0345520873616 17.144264383336058
36.034576771544835 17.15059166956217
36.04090114286465 17.150568995162953
36.04092605059262 17.156896277898408
36.04722551262986 17.150546123276975
36.05987424744258 17.150499787046062
36.066353360827705 17.188439933710285
36.07879495449627 17.137774278874097
36.13005864180674 17.28942989320905
