# successful candidates for region at (146.13637690207008, -2.4715336346887327) and radius 1.0145.29025553789162 -1.9891104004189015
145.4484117144296 -2.084104819291646
145.45473718564762 -2.0904351834298422
145.45474300367684 -2.0777806338511526
145.46740540398955 -2.065132160792904
145.4800620086358 -2.065138123441331
145.48638755027443 -2.071468350432975
145.48639031099657 -2.0651410620595825
145.48639306641218 -2.058813773683857
145.4927158795362 -2.0714712632186294
145.4927186133822 -2.065143972207144
145.4927213419733 -2.058816681193369
145.49904691579238 -2.0651468538839777
145.49904961755894 -2.058819560257964
146.46734783944345 -2.36896700557003
146.46734630689406 -2.3626396163667085
146.46734477704953 -2.356312227162732
146.4736759293805 -2.362638049274064
146.47367437027916 -2.356310661433716
146.4800055518523 -2.3626364524957784
146.48000396349417 -2.3563090660448904
146.4800023779443 -2.3499816795932986
146.4863335566943 -2.356307440996274
146.49265332979311 -2.318341484705197
146.49899274304883 -2.3563041019197524
146.49899106988403 -2.349976719791448
146.4989893996826 -2.3436493376623613
146.49898773244445 -2.337321955532494
146.505320633833 -2.349975007256341
146.50531216720924 -2.318338104066487
146.50531048292888 -2.3120107234261007
146.51165019776604 -2.3499732650873573
146.5116484692583 -2.343645885969562
