# successful candidates for region at (35.03327441855054, -53.046299538630215) and radius 1.034.35022547892483 -52.962257628272404
34.35052517917015 -52.94328545567767
34.35660406035478 -52.96229404737444
34.35670306211301 -52.955969983622026
34.3568020294251 -52.94964591975617
34.36298265248432 -52.96233012480057
34.363080721148584 -52.95600605477119
34.885967770099114 -52.989423202038026
34.885989341090706 -52.983098819614476
34.88601090457144 -52.97677443718554
34.90496600148462 -53.04004042943584
34.91135636241955 -53.04004713395066
34.911374244491974 -53.033722746536334
34.91139212032996 -53.0273983591183
34.93708709480782 -52.96417782950547
34.93711523780995 -52.951529046462
34.94983317205023 -52.97051184471007
34.96894516524318 -52.989496902594986
