# successful candidates for region at (210.929867564313, 83.73890948021193) and radius 1.0210.32057754343097 83.72907945047321
210.6565100429096 83.32940369933314
210.66327089229637 83.3231580569206
210.6630221969259 83.32940724325734
210.66277303514275 83.33565642946814
210.67170176564 83.27316799129996
210.66977698406382 83.32316151216423
210.6695343577493 83.32941070173796
210.6692912764037 83.33565989119188
210.66904773874583 83.34190908052557
210.6779266649092 83.27942052976549
210.67722489974116 83.29816810998808
210.67604652521365 83.3294140747749
210.67580952432436 83.33566326739175
210.68393518630634 83.29192218590921
210.68370684139802 83.29817138225329
210.68347807024008 83.30442057849072
210.69018878927582 83.2981745694728
210.70777873161296 83.35442648669758
210.7145169764982 83.34818014816294
210.71431532628316 83.35442935782896
210.72085192649357 83.35443214319454
210.78859910726325 83.24196906184687
210.79515145439024 83.23572163678706
210.7950274166941 83.24197087312191
210.79490314938352 83.24822010942502
210.80145572947603 83.2419726000575
210.80866519323368 83.19822956597706
210.80788404544936 83.2419742426536
210.81515728288133 83.1919818731629
210.81505234733658 83.19823111421181
210.81494721878872 83.20448035523773
210.81441866228147 83.2357265600227
210.81431236445425 83.24197580091011
210.81420586985175 83.24822504177438
210.81388519991356 83.26697276422652
210.8214395042562 83.19823257864937
210.8210412844641 83.22322954801736
210.820740686331 83.24197727482715
210.820438415727 83.2607250014499
210.82033728478413 83.26697424361565
210.820235965935 83.27322348576038
210.8279199243265 83.19198471562916
210.82782666383596 83.19823395928964
210.82773323181559 83.204483202932
210.82754585128902 83.21698169016246
210.8274519018303 83.22323093375039
210.82735777893657 83.2294801773201
210.8267893723971 83.266975638352
210.8342138259191 83.19823525613263
210.83386252172767 83.22323223537708
210.84614565007496 83.26697931464388
210.852669091505 83.2607311229212
210.8525977470421 83.26698037076869
210.85252627001745 83.27322961860568
210.85904984594387 83.26698134224037
210.8722734032534 83.22948752925026
210.9558314517798 83.26698575593979
210.96225362942735 83.26073612047465
210.962283559666 83.26698537296065
210.96231354551668 83.27323462544484
210.96873566674054 83.26698490532843
211.541848571681 82.89787901341766
211.5474255134821 82.891622052572
211.57969397034452 82.91032711697791
211.58026467171422 82.91657597178688
