# successful candidates for region at (343.53982144981927, 4.168635475211503) and radius 1.0342.91985538364145 4.910687404207835
342.92619948734796 4.904374483348479
342.9261939681398 4.910692639083349
342.9325270855047 4.917015978408189
342.9388711374173 4.910702947449879
342.9578501179504 4.95494518271818
342.9641943140422 4.948631941109564
342.9641891035248 4.954950111507286
342.96418388824105 4.961268281901188
342.9705280891882 4.954954986318502
342.9768721707056 4.9486416320651685
342.9768670749396 4.954959807151768
342.98324623887214 4.904419154772217
343.217742750224 4.967739489306236
343.2240818535606 4.967742207587142
343.2304265659313 4.955108377966758
343.23042376271974 4.961426624901961
343.2304209569462 4.967744871836061
343.2304181486105 4.974063118769055
343.23676555444814 4.955110985661334
343.23675455627284 4.980383978440342
343.5537069655359 4.538166199717502
343.56637804815625 4.550802421720847
343.5727131906028 4.544483898607047
343.57904922889514 4.557120156072502
343.5853839284247 4.544483251126456
343.5853847059112 4.557119805840781
343.5917192973264 4.544482848957731
343.5917197399093 4.5508011261145525
343.59172018292077 4.557119403271344
343.5917206263607 4.563437680428107
343.59805466622083 4.5444823945033885
343.5980551628315 4.550800671433812
343.598055659923 4.557118948364196
