# successful candidates for region at (326.6390236260027, 19.8689134236725) and radius 1.0326.02101284081346 20.69392880465696
326.0209873591662 20.70026218847776
326.0275736087795 20.649617167396407
326.0274224895042 20.68761748967452
326.027397278164 20.6939508766475
326.02737205973574 20.70028426359949
326.03380666553386 20.687639329374065
326.04016615832074 20.69399433304998
326.0465750229894 20.68768232129108
326.0593433875129 20.687724396563137
326.07211175895213 20.687765555187646
326.104560145136 20.535862308444965
326.1169086566755 20.656235254558435
326.1232915415744 20.65625387277093
326.1232703073702 20.66258730287868
326.1296744280086 20.656272261980995
326.1296534565911 20.662605694697525
326.1296324792754 20.66893912739952
326.13603660732895 20.662623857481176
326.13601589287447 20.66895729275982
326.1359951725946 20.67529072802429
326.1429697829244 20.49163896480573
326.14239930797214 20.668975229052162
326.1494059410398 20.472656279666687
326.14938592208114 20.478989720403174
326.1493658974807 20.485323161126324
326.1489037718076 20.630992294067568
326.15578124461763 20.472673681129248
326.1557219529936 20.491674010706046
326.1556823973929 20.50434089702559
326.15564281950026 20.51700778329309
326.1618047502127 20.586692874139327
326.1616870870294 20.624693546428265
326.17450753601486 20.605726973378662
326.18105753633694 20.548742438651825
326.18745449186497 20.542425272559868
326.1938144241183 20.548774787892263
326.2002108593681 20.542457160369167
326.20019286999354 20.548790619831987
326.20017487555316 20.555124079284067
326.2065713171668 20.54880622331772
326.21296723206075 20.542488134492128
326.2512363797677 20.54257557472431
326.25761457517507 20.542589348615724
