# successful candidates for region at (179.2033907171128, 4.053506735999932) and radius 1.0178.45770634449704 3.9414920628261654
178.46403625168782 3.9351765983459956
178.46403058115206 3.941497789476513
178.47036605593564 3.928861079053173
178.4703604399319 3.935182273206412
178.47035481789462 3.94150346735434
178.59649649967616 4.390415455820563
178.60282431486263 4.390420285246868
178.6028193549977 4.396741536507345
178.60915213012848 4.390425064056838
178.6218364786764 4.3525069185081025
178.62183170437922 4.35882817707025
178.62821094423137 4.289298921665964
178.62820158969828 4.301941443604758
178.62816398173723 4.352511531221559
178.6281592593825 4.358832792158039
178.63453330733964 4.295624723758013
178.65982374407204 4.3209274757379115
178.65981485916154 4.333570020602895
178.6661466001094 4.327253049247108
178.66613780974916 4.339895598542372
178.66611133226024 4.377823246355382
178.6661069038253 4.3841445209802385
178.6724782332778 4.320936023120796
178.6724346676346 4.38414879143088
178.67881403533207 4.3082976632857575
178.6851411768989 4.308301806868883
178.76101606470345 4.396845875238138
178.78634472963103 4.365253072897079
178.78634129898816 4.371574384746562
178.7863378649031 4.377895696594212
178.78633442737564 4.384217008440026
178.79267233832383 4.365256377013706
