# successful candidates for region at (44.34917072155393, -32.0768922661169) and radius 1.043.62034925381104 -31.28268087858843
43.626657771273756 -31.276389316616793
43.9232466807453 -32.11929234845851
43.99230938593657 -32.22707291660084
43.99858479343354 -32.23974543849589
43.99860917279396 -32.23341795913538
43.99865791278117 -32.22076300037676
43.99868227341174 -32.21443552097866
44.00498163557524 -32.22078024730121
44.00873354145748 -32.90416535896149
44.03034302262236 -32.2018636249594
44.036643726140476 -32.208206787998385
44.03668714574259 -32.195551803836636
45.03356640378681 -31.928338658239664
45.03986983597881 -31.92830461235457
45.03982224506145 -31.92197731046028
45.04617326347503 -31.92827025435221
45.05887792913901 -31.940855179067665
45.058780104208736 -31.928200601998387
45.06518221114776 -31.9408198756998
45.06513285794707 -31.934492591699897
45.065083517360534 -31.928165307648218
45.06503418938435 -31.921838023544776
45.071436700602796 -31.93445698068686
45.07138692564518 -31.928129701183444
