# successful candidates for region at (188.56547785732369, 3.715428167412988) and radius 1.0187.71315016275665 4.178728580688137
187.72583472414627 4.147110629973545
187.73849265086284 4.1407968706134195
187.75114409213566 4.140809028961206
187.7574510682989 4.159793403907827
187.76378314180636 4.153473250532341
187.77010280358618 4.159805300850439
187.8025137287902 3.255195491488999
187.80883312414826 3.25520068969152
187.8152930101963 3.071747448277544
187.8143430069017 4.204128517106431
187.8216112225885 3.071752471443379
187.82066921950528 4.204134088115814
187.83331592931202 4.2104712486598554
187.8396704630365 4.17884586693875
187.85944358750936 3.1793266501545423
187.859439011209 3.1856528225789336
187.86576248860064 3.1793314247815343
187.87207689535896 3.1856623346322834
187.87207239527365 3.191988512774099
187.87839137844546 3.1919932072008574
187.87837348572972 3.217297931016461
187.90997350076114 3.2109946187632588
187.9099692251866 3.217320813435399
187.91629260761636 3.21099906334735
187.91628837325493 3.217325260686827
187.92261590240045 3.204677264895219
187.92261171452913 3.211003464879695
187.92260752138094 3.217329664860671
188.59244595006837 3.514889878314913
188.71885312716145 3.4199823485049494
188.77572906931977 3.3820130646912587
