# successful candidates for region at (174.66224255977937, 40.336309863463974) and radius 1.0174.9162706360972 39.84103607330386
174.9225705480393 39.834713125518405
174.92259454722566 39.84102201291398
174.9226185529269 39.8473309002999
174.9289184557235 39.84100760680302
174.93526753339276 39.84730173840397
174.94156626457175 39.84097775741912
174.94159201951837 39.847286638804874
174.94161778145707 39.853595520179496
174.9478901647944 39.84096231414685
174.9479165028205 39.847271193438814
174.95424098323528 39.84725540230612
