# successful candidates for region at (17.24339408915556, 8.084684233549087) and radius 1.016.48773583865714 7.745937408800878
16.487724339444885 7.752253880607919
16.494039328299298 7.7459487856386895
16.49402792499894 7.752265260603534
16.745544534724917 8.264285226003965
16.751863893583955 8.257976284825027
16.75185608129495 8.264292866091456
16.75816762810615 8.264300408705317
16.764608012989274 8.15692590219349
16.76460046725454 8.163242487622314
16.77721301435437 8.169573611217238
16.783595398931293 8.106414820993795
16.783530314542514 8.163264143339331
16.808790651780715 8.144341862280246
16.815100304027364 8.144348493110638
16.81509356118075 8.150665093817613
16.815086814650726 8.156981694520844
16.81508006443694 8.163298295220336
16.815073310539066 8.169614895916082
16.814807031292773 8.41596232010871
16.82140995648098 8.144355026971285
16.821403312966748 8.150671629467373
16.82139666582336 8.156988231959831
16.82139001505049 8.163304834448654
16.821107400712705 8.428602135673515
16.82770651720026 8.156994672375882
16.827640842943172 8.220160714732948
16.8465671016906 8.226496114495191
16.871828550888672 8.207569965340273
