# successful candidates for region at (17.524198367282402, -40.82893085726654) and radius 1.017.136359914422098 -40.34842632006682
17.14258832932575 -40.361097585643456
17.14888975257925 -40.36111825665872
17.14892507376666 -40.35479312577078
17.149101534657213 -40.32316747102171
17.14917205139187 -40.31051720897788
17.155156441992848 -40.36746371715156
17.155191179677157 -40.36113858350224
17.15536472543449 -40.32951291495651
17.161458466053404 -40.36748370255779
17.161560871501962 -40.34850829334729
17.161594987954395 -40.342183156905236
17.16782758727457 -40.354853065581594
17.167861120213836 -40.34852792647233
17.167894643969227 -40.34220278734447
17.167928158544154 -40.335877648198014
17.168363014139434 -40.25365083760544
17.174161372573494 -40.348547215518465
17.174194303630347 -40.342222073751856
17.174621587929924 -40.25999522915582
17.174654393035652 -40.253670087138644
17.174687189169802 -40.247344945103656
17.180881337334743 -40.26633928247991
17.18091356082064 -40.26001413789722
17.180945775493168 -40.25368899329733
17.186761887978204 -40.34858476137227
17.187205537209998 -40.26003270321677
17.23702895161343 -40.380347009193905
17.243305751110796 -40.386687691575
17.243332205845437 -40.380362523958034
17.35043881658959 -40.39954918340349
17.350455187433706 -40.39322398689753
17.35672811323686 -40.40588370198398
