# successful candidates for region at (340.41782572619195, -19.850211049430825) and radius 1.0339.72050946711414 -20.600416421751515
339.72689180328024 -20.59412133843576
339.98944444111527 -19.84918557846194
340.64141714230544 -20.298279771400527
340.64140808546597 -20.291959753655924
340.64782412008634 -20.342511836370555
340.64781478798335 -20.336191819786546
340.64774022573965 -20.285631687009694
340.6667235077848 -20.260326137714724
340.6730739997483 -20.266637205240063
340.67306367309914 -20.260317193497524
340.6730533493612 -20.253997181751405
340.6794038376784 -20.26030802431141
340.68575484117764 -20.266618639269694
340.68574400150436 -20.26029863015652
340.69216190357963 -20.304529065201013
340.6920841645587 -20.260289011033002
340.6920619815727 -20.24764899551923
340.69202873054303 -20.228688972217622
340.69851523806 -20.310839217670548
340.6985038629423 -20.304519211344513
340.69849249102964 -20.29819920501414
340.69841297732756 -20.253959160580326
340.69840163103163 -20.24763915421534
340.6983902879348 -20.24131914784603
340.69837894803635 -20.2349991414724
340.6983676113357 -20.228679135094453
340.69835627783215 -20.222359128712192
340.704706491322 -20.22866907316221
340.71105721948294 -20.234978789916685
340.7110453704836 -20.228658786421036
340.71103352482584 -20.222338782920666
340.7173842488024 -20.22864827487108
340.7173116895788 -20.190728262727337
340.7236490316625 -20.19071753548888
340.75543114202827 -20.23490047700085
340.76809524282436 -20.228556089375395
340.77476658343437 -20.373903257778114
340.7746362295187 -20.317023374348988
340.7744197063318 -20.22222356737344
340.7811999962391 -20.41181036760502
340.78118521346096 -20.405490382441986
340.78117043484326 -20.39917039727166
340.78112612394386 -20.38021044171697
340.7811113619591 -20.373890456517504
340.78109660413037 -20.36757047131076
340.78097869101447 -20.317010589395068
340.78745613943033 -20.37387742971656
340.7873211514608 -20.316997579188104
340.78709693092054 -20.22219782695581
340.7938773468809 -20.405464084684493
340.7936636108393 -20.316984343728308
340.79342037129 -20.21586463791313
340.79983590016013 -20.247451106435804
340.79977415126524 -20.222171187438946
340.80620694678106 -20.260077397355392
340.8061912378821 -20.25375741956999
340.8061755334119 -20.247437441776302
340.8060970774605 -20.215837552683755
340.81277107947386 -20.348543164408465
340.8125790358743 -20.27270345546918
340.81256306153875 -20.266383479668523
340.81254709170616 -20.260063503859314
340.8125311263756 -20.253743528041547
340.8125151655461 -20.247423552215228
340.8124513672202 -20.222143648824463
340.81913111137413 -20.354848991610677
340.8191148208972 -20.3485290179252
340.819098535008 -20.34220904423084
340.8190171743441 -20.31060917562609
340.8189196927419 -20.272689333008184
340.81890346183053 -20.266369359207587
340.8188872354945 -20.260049385398144
340.8254585611587 -20.34851464603056
340.82537589107386 -20.31691478764383
340.8253593710269 -20.310594815939055
340.8253428556343 -20.304274844225137
340.82526034845336 -20.272674985518588
340.83171834366084 -20.316900200671313
340.8317015665324 -20.310580231032322
340.83168479413075 -20.304260261383916
340.83804376084237 -20.310565420906126
340.84440324522825 -20.316870350972387
340.84438595393846 -20.31055038556069
340.8443686675203 -20.304230420138975
340.85072814580235 -20.31053512499623
340.85044804358586 -20.209415711592857
340.85698138439733 -20.278919833769724
340.85696360903177 -20.27259987264926
340.8569458386765 -20.266279911518208
340.8568038560789 -20.21572022208878
340.8634125257602 -20.310503928211176
340.86334032652746 -20.285224092775852
340.8633222894337 -20.278904133889736
340.8633042574237 -20.27258417499272
340.8697363993727 -20.30416803540548
340.86969978596284 -20.291528122200624
340.8696814869957 -20.28520816558136
340.8696631931857 -20.278888208950864
340.8696449045317 -20.272568252309153
340.8694805384895 -20.215688642029516
340.8760226461607 -20.285192013296342
340.8760040956349 -20.278872058953347
340.9078078141055 -20.31038764509942
