# successful candidates for region at (155.7412311831352, 1.8419941721739674) and radius 1.0154.90868523154472 1.4157526276018866
154.9277004492368 1.2642253468389786
154.92769816605391 1.2705393200935386
154.93401954292565 1.264227918798424
154.93401727747474 1.2705418953409136
154.93401500547736 1.2768558718809928
154.94033638890994 1.2705444505084689
154.94666658585498 1.2389770703657552
154.94666438164327 1.245291053416474
154.94665773034615 1.2642330025547353
154.94665550035944 1.2705469855961713
154.94664877173483 1.2894889347064427
154.95298560917013 1.2389795693188568
154.95298122940878 1.251607541839758
154.9529746118231 1.2705495006039889
154.9529656988763 1.2958054455907573
154.95296345465695 1.30211943183166
154.95930246334183 1.245296037767048
154.9593002878435 1.2516100272116308
154.95929810600396 1.257924016653969
154.95928265556452 1.3021219426870092
154.9656062666804 1.2894964481591884
154.98457016934978 1.2705617744436914
154.99089138675623 1.2642501639913717
154.99088928089603 1.2705641689715361
154.99088716895054 1.2768781739496173
154.99721048058328 1.2642525354075593
154.99720839245563 1.2705665434192768
154.997206298294 1.2768805514289465
155.00352750402854 1.2705688977868836
155.5722215793283 1.5927215641453618
155.5785406124519 1.605350479908486
155.57853796013174 1.6369213660492183
155.5848612441679 1.5990368432438216
155.58486073811864 1.6053510211198956
155.5848602308002 1.6116651989958672
155.58485870122945 1.6306077326231647
155.58485818883403 1.6369219104987232
155.58485767516927 1.6432360883741788
155.59118134938487 1.5990373623921557
155.59118086378882 1.6053515408901675
155.59117890922553 1.6306082548812693
155.5911784175398 1.6369224333788066
155.5911779246361 1.643236611876249
155.5975019185814 1.59272368103062
155.59750145460515 1.5990378601250006
155.59750098946233 1.605352039219295
155.59749864624897 1.6369229346894623
155.6164609617055 1.6116675862888903
155.61646014907586 1.624295947746976
155.6227811078954 1.6116679993470462
155.62910161787448 1.6053542092475563
155.62910125408789 1.6116683909383729
155.6291008893912 1.6179825726291364
155.6354214002829 1.6116687610628662
155.64174154648018 1.611669109720521
155.6480616926797 1.6116694369113325
155.6480613896507 1.617983619852205
155.6480610858655 1.6242978027930415
155.6986228623381 1.6116712816310617
155.70494277220556 1.624299786231641
155.71126305729538 1.6179857135825813
156.03986442610343 1.2896257865000662
156.05250275756225 1.289623840846933
