# successful candidates for region at (218.75731075712602, 17.796316384936528) and radius 1.0217.9669481492151 17.16430091566725
217.9732136042345 17.17062621593913
217.97953296501055 17.164350632381293
219.15192171426236 18.072760519976978
219.151935806974 18.079061035040457
219.15820309868593 18.05384615931515
219.15823171451788 18.066447185651093
219.15826034738512 18.07904821195631
219.16451220805536 18.047532628900132
219.1645267351678 18.053833140135442
219.16454126660463 18.060133651362836
219.16455580236664 18.066434162582294
219.16457034245462 18.072734673793835
219.17087988927483 18.066420935699856
219.18354327764916 18.072694375688975
219.18355849961554 18.078994880874458
219.18374151673785 18.154600942421702
219.1837567976512 18.160901447494005
219.1837720831049 18.16720195255758
219.1898675874305 18.07268053530009
219.18988303524657 18.078981038418654
219.18989848765906 18.085281541528264
219.1900842754476 18.16088757814452
219.19619189621244 18.072666491067906
219.19625461885886 18.09786849509741
219.1963960178769 18.154573003624012
219.1964117522383 18.160873504525206
219.20259574886776 18.104154737364745
219.2027392280086 18.160859226636266
219.21526299667343 18.110426102441856
