# successful candidates for region at (28.930135624721732, 18.90747609934265) and radius 1.028.095154266119827 19.134914153152764
28.1015361966241 19.128615816557286
28.10788626474942 19.12864392899678
28.107854884815712 19.134970602484895
28.107823495792992 19.14129727593812
28.107760690473278 19.153950622739828
28.107729274172662 19.16027729608829
28.114174050742953 19.141325180223646
28.114142895074554 19.147651857694242
28.12064817122594 19.116046141884848
28.126997761333623 19.11607359757709
28.126783128043115 19.16036039617666
28.126752430616435 19.16668708155761
28.133316960436943 19.12242752664402
28.133134416888343 19.16038766337621
28.13969694781272 19.11612786037506
28.145837000811824 19.160441548528002
28.14577705323869 19.173094942827294
28.145506859383843 19.23003521559884
28.158126037784964 19.249068433317888
28.15806682165518 19.26172184215328
28.164510092209838 19.242767963443082
28.170893653074923 19.236467269125267
28.17727672057386 19.23016635046
28.177219016624218 19.24281978214175
28.190126360636544 19.198583670374738
28.190069712572996 19.211237117132747
28.19004137624768 19.217563840469225
28.19650719534767 19.192282068210393
28.196451049779416 19.20493552232113
28.1964229648097 19.21126224933472
28.196394871714098 19.217588976320435
28.20277621897032 19.211287164865652
