# successful candidates for region at (20.844220148548974, -18.412313894403617) and radius 1.020.043107768660988 -18.068343748085965
20.068176041832412 -18.10003516423884
20.074507277723413 -18.093742975745577
20.087113514152584 -18.093793124536962
20.093471024747572 -18.08118271196247
20.099800645493286 -18.074889669707577
20.106076358809343 -18.081231604256715
20.11235252239009 -18.087573338962624
20.112379028474635 -18.08125573997033
20.118681699876266 -18.08127966872782
20.118734232238378 -18.068644463618035
20.125010414887228 -18.074985784493617
21.405772941055627 -18.492482835324733
21.519565768670414 -18.51106754662923
21.557528496664073 -18.52356493343992
21.56387385208687 -18.529858828141272
21.563847312956426 -18.523541223113686
21.563820781619537 -18.517223618060367
21.570112606807225 -18.51088210058995
21.570059117557946 -18.498246897387627
21.56992553188636 -18.46665888892454
21.576457943048325 -18.51717557717468
21.57626918451603 -18.472952390517484
