# successful candidates for region at (207.49265880124682, -8.42253631733746) and radius 1.0207.84898309884662 -8.699807049221999
208.00748268676895 -8.750247711877584
208.0074740467468 -8.743920595260052
208.0138295074999 -8.756566424189593
208.01382075658077 -8.750239309781154
208.01381201019595 -8.743912195366805
208.01380326834507 -8.737585080946554
208.02015882610823 -8.750230804880996
208.02014997336104 -8.74390369269679
208.02014112520288 -8.737576580506536
208.0330264255555 -8.883082745702511
208.0330081017369 -8.870428530677973
208.03935746876712 -8.8767467786309
208.03934820174675 -8.870419673429453
208.0393389394902 -8.864092568221443
208.04568830145402 -8.870410712865127
208.1469751367536 -8.78167442773361
208.15965232713543 -8.781652969327144
208.15964110545804 -8.775325913074637
208.16599092178026 -8.78164208572027
