# successful candidates for region at (194.00833648538108, -12.38448485152228) and radius 1.0193.50787988640187 -12.66183031905614
193.53950258286662 -12.712483306155908
193.53951415670008 -12.706158750768353
193.5395257261492 -12.699834195373677
193.5458811073157 -12.693520515049167
193.55856874111387 -12.693541820719267
193.56490161970055 -12.699876814847363
193.56491255879624 -12.693552251311795
193.56492349374605 -12.687227687769862
193.56493442455053 -12.680903124221567
193.56494535121027 -12.674578560666909
193.57125637699104 -12.693562533742458
193.571267155507 -12.687237968237968
193.5712779299369 -12.680913402727297
193.5712887002814 -12.67458883721044
193.5724692603988 -11.966237460780567
193.57761081777275 -12.687248100572349
193.5851517189478 -11.9472834317905
193.5851717174761 -11.9346342917504
193.59149718614714 -11.934643905584414
193.5915070301793 -11.928319333698578
193.59782265526897 -11.934653374631182
193.59783234992494 -11.928328800915882
193.59784204079423 -11.922004227195345
193.60415767011432 -11.928338123373784
193.60416721166553 -11.922013547851916
193.61047359483769 -11.934671878362474
193.61676204304115 -11.959979229142485
193.61686371512448 -11.89040885969583
193.62308811199009 -11.959988125910826
193.6231790657298 -11.89674231835364
193.62319721385128 -11.884093156786927
193.62951256842197 -11.890426470857237
193.6295214917383 -11.884101888383034
193.67378356745985 -11.890483555261612
194.55418786458696 -12.522602740775213
