# successful candidates for region at (256.76980120061114, 25.68568631510236) and radius 1.0257.37186844416357 25.218369211178725
257.4470130424297 25.085181367084093
257.45333003201944 25.085152133950178
257.4533656323166 25.091478669589034
257.4596470185551 25.08512262941035
257.4596829478229 25.091449161237968
257.4597188864141 25.09777569303077
257.4597548343313 25.104102224788743
257.4660365278917 25.097745909392287
257.497624688021 25.09759291908424
257.5162666273875 25.046885898818395
257.5163442963642 25.05953889116459
257.5288176470508 25.03416826458569
257.5552617984636 25.217503362971563
257.56162707586327 25.223795889155472
257.56670351001026 25.03396783256421
257.5730178082395 25.033933478317437
257.57305957197997 25.040259935925707
257.5793741948941 25.04022530609203
