# successful candidates for region at (136.413458799604, 21.189809342070998) and radius 1.0135.5634704919815 20.8035708182214
135.56982696573291 20.797278974491004
135.6140714227274 20.7974920766186
135.6267127189257 20.797550855030185
135.63902712914498 20.860841429378034
135.6454802528979 20.83557692973413
135.6454153716655 20.8482234840258
135.651834672596 20.8292820072831
135.65180251233707 20.835605288382794
135.65177034319154 20.84192856944897
135.6517381651574 20.848251850481624
135.65812477416097 20.835633412622265
135.65806096103603 20.84827998246374
135.65307356679264 21.81574217791199
135.6530402752976 21.822065457611064
135.65300697468504 21.828388737275493
135.66441540318618 20.841984591228115
135.65947110869513 21.80944738576071
135.65943810485757 21.815770669419933
135.65940509198086 21.822093953045098
135.65937207006297 21.828417236636195
135.65933903910187 21.83474052019321
135.67098863955573 20.79142590890269
135.67076930488383 20.835688957871923
135.6707065598741 20.848335543005085
135.66580264542256 21.81579892146112
135.6657699111652 21.822122208979383
135.67734007402197 20.78513000690027
135.67730904152566 20.79145330350735
135.67727800045054 20.797776600083175
135.68366021188604 20.78515716358204
135.68362944579445 20.791480463926828
135.68359867119776 20.797803764240903
135.68994985234244 20.79150739016071
135.81059599357476 20.652860384681933
135.81057070309507 20.659183753452858
135.81054540561462 20.66550712220293
135.8168605391172 20.665529303506972
