# successful candidates for region at (40.060507904752896, -26.05496107037639) and radius 1.039.86084315023134 -26.40112406113023
39.86727686664875 -26.350571468163544
39.87998008264758 -26.34426766991077
40.09588983471159 -26.780467137714684
40.10226255276268 -26.78678560697055
40.10226024741662 -26.78046544171038
40.10225794266592 -26.774145276450074
40.10863597477717 -26.793103795572073
40.10863331700406 -26.78678363056855
40.108630659917324 -26.780463465564846
40.11500408100984 -26.78678137398899
40.18502748659627 -26.736176787154296
40.191402650619374 -26.742491332648246
40.19139543397561 -26.73617117427784
40.19138821919549 -26.729851015906096
40.19776338071587 -26.736165281515387
40.204139245635375 -26.74247926567206
40.204131326785955 -26.736159108867046
40.20412340998153 -26.729838952060433
40.20411549522155 -26.723518795252215
40.21049927215478 -26.736152656332916
40.210491004338586 -26.729832500363326
40.210482738657504 -26.723512344391985
40.216849981361676 -26.723505613718693
40.23600975842636 -26.76140465635065
40.24238914059247 -26.7677169515404
40.242379104770244 -26.761396800313367
40.24236907153973 -26.755076649083758
40.24874845022493 -26.761388664245736
40.24873806562172 -26.755068514071723
40.24872768370029 -26.74874836389496
40.255107058783736 -26.75506009906583
40.2550963255807 -26.748739949980802
40.26147605099464 -26.75505140406621
40.261464966510395 -26.74873125610924
40.261453884888645 -26.742411108149145
