# successful candidates for region at (41.04684905629915, 15.887431626635166) and radius 1.040.16886985007893 16.226991093780338
40.17518687991955 16.233335857202206
40.18097822962536 16.35974386294138
40.24441769749734 16.37262732928618
40.25079275343524 16.36633165400518
40.26381742874682 16.284228767014312
40.26379239539375 16.290547944795446
40.26376735407645 16.296867122550488
40.27018892120563 16.27793246903478
40.270164098625834 16.28425165050529
40.27013926814771 16.29057083195014
40.27651076996805 16.284274347776353
40.27631352968805 16.334827827698906
40.282661827300075 16.33485036759406
40.28263734037139 16.341169556077983
40.2890101263569 16.334872721030063
40.2889858428219 16.34119191309155
40.288961551570154 16.347511105128547
40.295382499336384 16.328575692373292
40.29535842684655 16.33489488800658
40.295334346705914 16.341214083615803
40.301706728757 16.334916868523315
40.30807869790457 16.328619459941535
40.30805503207626 16.33493866257995
40.33374477560584 16.252874160731842
40.33372201016714 16.25919337728223
40.34009044747884 16.252894979113464
40.34641376036187 16.2592348346091
40.40954635232846 16.360539026027215
40.40950545604929 16.37317753460207
40.415855002889835 16.373196176681628
40.42224463241568 16.360576111672575
40.422224594853056 16.366895371903034
40.42220455092661 16.373214632116838
40.42855410014757 16.373232900907446
