# successful candidates for region at (27.00889021675479, -17.058351914360795) and radius 1.026.276628080359043 -16.65138077165634
26.282415602709214 -16.79041327654444
26.282439898488114 -16.78409463700155
26.28290009363577 -16.66404048120684
26.288716448081964 -16.796754229995198
26.28876462407589 -16.784116944067563
26.295041598229208 -16.79677634881478
26.29506547837819 -16.79045770245965
26.301366749851457 -16.796798272522143
26.30773880970713 -16.784182694953056
26.307785687499344 -16.771545388701114
26.314040302906395 -16.790522878215107
26.314086772240806 -16.777885565382597
26.31413321286244 -16.765248252463664
