# successful candidates for region at (358.6168681441904, -16.275447375176523) and radius 1.0357.7831676828027 -15.987277272858314
357.7895256314667 -15.980979782907067
357.78960449833914 -15.962013556565584
357.8022661794303 -15.962062134380819
357.8151059730067 -15.91785532691541
357.81513138433024 -15.91153323593662
357.82141019425234 -15.924201028758693
357.82146062378405 -15.911556839340859
357.82773983642204 -15.924224452529653
357.82776485456554 -15.91790235411985
357.8340694800729 -15.924247689179529
357.8342430363842 -15.879992973974465
357.84054670856517 -15.886338103829452
357.8405712783291 -15.88001599792717
357.8405958402494 -15.873693891999432
357.84672877177076 -15.924293601114744
357.8468263898781 -15.899005163465779
357.84687515222515 -15.886360944490832
357.8468995217265 -15.880038834965772
357.85303419650916 -15.930638389344924
357.85305841979397 -15.924316276399429
357.85308263535387 -15.917994163429237
357.85313104330436 -15.905349937414794
357.85315523569756 -15.899027824370565
357.8531794203712 -15.892705711301677
357.85320359732646 -15.886383598208129
357.8593640466776 -15.930660881073567
357.8593880692509 -15.924338764561744
357.8594120841631 -15.918016648025631
357.8594840829479 -15.899050298271643
357.8657177201295 -15.924361065601367
