# successful candidates for region at (157.39875828059894, 5.3956095557236035) and radius 1.0156.5727858484836 4.871492300001756
156.57908949917814 4.877827940521781
156.57908149783407 4.884155362744085
156.58539326637262 4.884163524725393
156.5917050350695 4.884171623618239
156.59165762531887 4.9221361969938116
156.5915460625984 5.010720200372475
156.59071082502993 5.643463032770899
156.5907021319942 5.649790460649297
156.59801680392357 4.884179659422526
156.59796976490304 4.922144252674483
156.59796190175663 4.928471684854585
156.5978749674413 4.998073438294646
156.59786702433848 5.004400870376208
156.59703036832724 5.643471467012084
156.6042741034702 4.9284796805777145
156.6033413547239 5.649807269545876
156.60333279098845 5.656134704046545
156.6033242205982 5.662462138538444
156.61602261832005 5.61818660820578
156.6232790146587 4.871556281291989
156.6230957063814 5.023414964788803
156.62234189094687 5.618194764684201
156.62233356377843 5.624522208977529
156.6295831590122 4.877891443703577
156.62940884460915 5.023422755189848
156.62866116374767 5.618202855049908
156.63588742027883 4.884226549382901
156.6357598521696 4.991793224849325
156.63575229103452 4.998120676280316
156.63572198299087 5.02343048192937
156.63498862196744 5.6118834286327965
156.63498043672092 5.618210879302804
156.63496404706342 5.630865780618658
156.6349558426516 5.63719323126449
156.6420726774232 4.991800872263757
156.64204264530122 5.017110690473316
156.6420351215253 5.023438145007273
156.64202759145053 5.029765599533847
156.6413159385948 5.605563929804883
156.64130782739744 5.611891383627792
156.64129970986534 5.618218837442788
156.64839293261542 4.985480998469505
156.64838550282724 4.9918084561466
156.64837806679455 4.998135913816462
156.6483482602112 5.023445744423464
156.64762703299695 5.611899272535906
156.6603128013379 5.573950073374172
156.66663160225588 5.573957745780889
156.6666237923178 5.580285211958842
156.66661597625833 5.586612678129428
156.6729504033365 5.573965352257084
156.67294266079682 5.580292821448626
156.67293491218854 5.586620290632925
156.67926920457845 5.573972892802663
156.6792615294373 5.58030036498167
156.67925384828038 5.5866278371535625
156.68558039823787 5.580307842557885
