# successful candidates for region at (15.860361442870213, -9.66470016912703) and radius 1.016.212200911552962 -10.41063318799447
16.21853881119515 -10.397966290524549
16.224897870481662 -10.404289624598464
16.22489065048848 -10.397959509754193
16.25029800489645 -10.39793119477136
16.256665544341594 -10.410584031261186
16.256657691790814 -10.404253924657988
16.25664199731903 -10.391593711439475
16.26300168037493 -10.397916322140379
16.67542098177991 -10.219935288744479
16.675405041501808 -10.213605354820523
16.675389108490347 -10.207275420879675
16.681753226120748 -10.213590095371602
16.687956045149868 -10.156605375365048
16.69431935966797 -10.16291983485818
16.69430311387497 -10.1565899114705
16.694270644574754 -10.1439300646423
16.694254421065867 -10.137600141201798
16.70065018199385 -10.156574329440119
16.707046751274223 -10.175548377595266
16.7070137425496 -10.162888545399326
16.706964286031464 -10.143898796969214
16.713427475768455 -10.188192373052464
16.713410828691575 -10.181862460673411
16.7133941892166 -10.1755325482759
16.713377557342668 -10.169202635859932
16.713360933068916 -10.16287272342552
16.713344316394494 -10.156542810972674
16.71332770731855 -10.150212898501396
16.713311105840223 -10.143882986011699
16.719775160737907 -10.188176418114066
16.719758389808543 -10.181846509435914
16.719741626537637 -10.175516600739025
16.71970812296775 -10.162856783289065
16.719657925029775 -10.143867056973805
16.726021592099872 -10.15018091491953
16.732351561532834 -10.143834844657723
