# successful candidates for region at (151.42691832563057, -4.863073956383993) and radius 1.0151.0878804136417 -4.2380599625301745
151.0942004088954 -4.244377967071332
151.09420611051198 -4.231747957508379
151.09421180116456 -4.219117947940504
151.09422314958212 -4.193857928790023
151.10054283995984 -4.200175868753299
151.1005456191172 -4.193860862611189
151.1005483955865 -4.187545856467901
151.10686808870182 -4.1938637401443986
151.1068708113867 -4.187548732674456
151.11318788685054 -4.2001815701591685
151.11949991445528 -4.2254443765580865
151.1195025422319 -4.219129366517923
151.11950516747612 -4.212814356476714
151.11951302801566 -4.193869326346798
151.12582522761838 -4.219132080182674
151.12582779886966 -4.212817068892492
151.13214791305077 -4.219134737455512
151.13215043030908 -4.212819724942316
151.13215294513932 -4.206504712428154
151.14480290719513 -4.193879823294564
151.14480530717228 -4.187564808409672
151.14480770482595 -4.181249793523899
151.15113006721253 -4.181252274750478
151.1511324088621 -4.174937258718909
151.15745242964084 -4.181254699740731
151.17007743396312 -4.238094554774952
151.1700971546187 -4.181259381012138
151.600090072159 -4.484406188013874
