# successful candidates for region at (37.700659719001564, -26.054152986530084) and radius 1.037.99985686267248 -26.19962500525061
38.051075838502875 -26.364074833702976
38.0574447252191 -26.37038871025388
38.057425260523715 -26.36405935621954
38.057405800861936 -26.357730002175405
38.063774680835365 -26.364043600810962
38.07018458756947 -26.383015617189255
38.07016441963378 -26.37668626729585
38.070144256913544 -26.370356917391927
38.07012409940742 -26.36402756747751
38.07010394711406 -26.35769821755259
38.07647351620946 -26.364011256219463
38.30541426814397 -26.432860679094468
