# successful candidates for region at (241.9292580976738, 39.27545693393475) and radius 1.0242.4055869564825 39.52822382001014
242.41199486306218 39.528197585990874
242.431629642809 39.58501343108215
242.4316753814645 39.59133528095595
242.43804277700735 39.584985761051186
242.43813543459132 39.59762945324039
242.44412791810186 39.54070484287087
242.44440901246023 39.57863589770076
242.44450281240438 39.59127958234615
242.45747452294566 39.61018798303106
242.457570788606 39.622831651765374
242.4639874072376 39.6228025541004
242.4640361444801 39.62912438445114
242.4764716599428 39.57849054776016
242.4765214719302 39.58481237034714
242.48283379113775 39.572138606453755
242.48288417311025 39.57846042498982
242.48293456876794 39.58478224348287
242.48919476355806 39.565786322458756
242.4892457152015 39.57210813689821
242.48929668068354 39.57842995129366
242.51462707373736 39.54037376240579
242.51505329617063 39.590948141832406
242.52114368815427 39.55298514674594
242.57889380812094 39.55900121829547
242.5790120286804 39.571644721314584
242.59189598818477 39.57789464682844
242.5982475059756 39.57153647079465
242.63017894662977 39.55870561329544
242.7069646884514 38.97026451926222
242.7070342647075 38.97658616676037
242.71332165821104 38.970221968625054
242.7632079434629 38.8876883596265
242.76343130212396 38.90665314597572
