# successful candidates for region at (29.395661114989643, 3.887974517575118) and radius 1.029.606564198368808 3.839355005659536
29.61289080689326 3.833036020857982
29.61289242017934 3.8393534127556705
29.619218981683147 3.833034381767932
29.619220641965807 3.839351772762854
29.61922230408495 3.8456691637572984
29.625548863727516 3.8393500856811054
29.65701156169896 3.2265545926978203
29.657184151801015 3.8203887888352313
29.66333369009452 3.2202353440944025
29.663335466358518 3.2265527281074418
29.663512232566536 3.820386822472894
29.676164243637178 3.8077479853028002
