# successful candidates for region at (162.77641155346672, 43.92956579163604) and radius 1.0162.4454206599546 44.20639362826715
162.45180135879934 44.200088184205015
162.45176657041648 44.206411715371615
162.45811248473132 44.20642945234893
162.47080432461854 44.20646387592034
162.94666228584907 44.17512584951051
162.94669875626647 44.187773008353766
162.946716999419 44.19409658776796
162.95294816802738 44.15614554873303
162.9529670633636 44.162469126783726
162.95298596418485 44.168792704829116
162.9530048704933 44.17511628286918
162.9530237822912 44.181439860903915
162.9530616223643 44.194087016957404
162.9530805506439 44.200410594976155
162.95940624321435 44.194077096113645
162.9594258513214 44.20040067269104
162.95944546512436 44.20672424926273
163.00352667277988 44.11811506784093
163.00986313170546 44.11810236887983
163.00991305816999 44.130749495525905
163.0100380011396 44.16236731197837
163.01619958787305 44.11808932049712
163.0162252249395 44.12441288193194
