# successful candidates for region at (185.74428893380232, 58.68568203228414) and radius 1.0184.86647633205456 58.89471576598557
184.87293222130597 58.89475929429032
184.87875611431232 58.920060239711496
184.88537367260048 58.913788717571194
185.0000146649849 58.990281229738514
185.0066237087146 58.98400352835318
185.0064885977891 58.99031812411657
185.00635343133334 58.99663271970531
185.0130964699856 58.984040092914526
185.01296254438853 58.990354696191254
185.01282856374817 58.99666929929637
185.01943650466217 58.99039094596139
185.49952408834864 57.93756538304419
186.0217193043504 58.83423840574904
