# successful candidates for region at (14.723297138672015, 5.723665518786181) and radius 1.014.344587871520556 4.902282156052348
14.34458408599957 4.908604450698597
14.836352335666911 5.465078079635246
14.867908972309339 5.509327486003837
15.208884470477534 5.812612551643689
15.303539838300768 5.774591322670426
15.30354629672462 5.780913553903159
15.309845837191395 5.768262697268893
15.309858889646156 5.780907154915993
15.316158289509078 5.7682562339209
15.31616488348702 5.774578460309279
15.322457428355088 5.755605253524225
15.322470741682496 5.768249701388959
15.34777625514974 5.818800589736854
15.354061092786258 5.793504845797069
15.35408221754015 5.8124714793551115
15.354089269681525 5.818793690529667
15.36038093191067 5.7998200962523345
15.360402284058443 5.818786721930258
15.360409412104133 5.825108930477868
15.366686557438028 5.793490860277878
15.366700917090691 5.806135272120216
