# successful candidates for region at (240.7686251887516, 72.6832781155402) and radius 1.0240.50900358743579 72.17415231236512
240.5430075598531 72.0036255051778
240.54293085727647 72.00994278100471
240.54940627203763 71.99731546040633
240.5493317718118 72.00363273880596
240.54925721921862 72.00995001717509
240.55565598862253 72.00363976678942
240.56148740266462 72.047867571215
240.5602804071944 72.1552613792717
240.567895101246 72.04155691881157
240.5678267105515 72.0478742042205
240.5677582716658 72.05419148960381
240.5742322545004 72.04156334340207
240.57416602290348 72.04788063107367
240.5740997446368 72.0541979187212
240.5805053395797 72.04788685177425
240.5996959780488 72.02895238891493
240.5996384639268 72.0352696849476
240.60602883781297 72.02895777930789
240.71300614191964 72.25644139372261
240.71296775374233 72.26907603176257
240.7195192328802 72.21853918103673
240.72590278732724 72.22485799455289
