# successful candidates for region at (223.26054598927846, 15.088164475209147) and radius 1.0223.34895065723714 14.520767292318943
223.38042033063348 14.349956197906481
223.3867244037846 14.343627029436204
223.3867316514052 14.356278643773017
223.39303191881476 14.343623496391515
223.39303572312875 14.349949302968586
223.430828185334 14.280340655428411
223.43085745680418 14.318295470005943
223.4308672272322 14.330947074856276
223.43715918278446 14.311964932361404
223.4371743785535 14.330942337258707
223.44343436254775 14.274005220086186
223.4434395962067 14.28033102090542
223.44348152959884 14.330937427413378
223.44359214795674 14.463779244107267
223.46253087481406 14.470089223722155
223.4688360043994 14.463757807039215
223.46884202074364 14.47008360423442
223.46884803912346 14.47640940142796
223.47515316634434 14.470077811863934
223.4751593670728 14.476403608088688
223.4751655698988 14.482729404311668
223.48147069468305 14.476397641837826
223.4941068512415 14.489036776885191
223.55691679729924 14.261236003891835
223.58210985030777 14.242224976021111
223.58843320370212 14.254867673261938
223.59485304627347 14.33076791701009
223.62622125470878 14.229507883214273
223.63254675203044 14.242149358570396
