# successful candidates for region at (139.28039005572543, 24.54752622730631) and radius 1.0138.98134526232897 25.3044871538837
138.99441619467845 25.171598475285368
139.00080404390198 25.165281186122098
139.00717716477502 25.165292837725243
139.0071630917409 25.171622050247883
139.0135227937164 25.177962648705847
139.0199099935834 25.17164455044282
139.0198965735777 25.17797376591912
139.03256748674897 25.21597050383371
139.032375334469 25.310908777313333
139.03876853653392 25.30458989730637
139.03875603306932 25.31091911686783
139.03874352633238 25.31724833642506
139.04516107614276 25.29827074517365
139.0451489060312 25.30459996606421
139.05152927656468 25.3046097653858
139.0579096481064 25.30461929527097
139.064301200493 25.29829933106705
139.0642900206282 25.304628555719564
139.06427883783743 25.310957780368696
139.0707679399974 25.247674514096772
139.07075711290688 25.254003739957767
139.0706812438837 25.298308320895835
139.07067039410194 25.304637546731417
139.0771558417023 25.241353998339928
139.07714534675188 25.24768322535
139.0771348490544 25.25401245235709
139.07712434860926 25.260341679361204
139.07707180514376 25.291987814336984
139.07706128819794 25.298317041323184
139.0770507684996 25.304646268306392
139.0835227543989 25.247691667485064
139.08351258609488 25.254020895602853
139.08346170463898 25.285667036149793
139.08344133340754 25.298325492348958
139.08338015570436 25.33630086087912
139.08985094259992 25.27934598644099
139.0898410908068 25.28567521562095
139.0898312364352 25.292004444798295
139.0962395192571 25.273024665317276
139.0962299997809 25.279353895540435
139.0962204778132 25.285683125761143
139.09615375422354 25.32998773723744
139.10260905777207 25.279361535344226
139.10254466223412 25.323666153878342
139.10894378176425 25.31101506681042
139.1217708314394 25.26039513688148
139.1281567680269 25.254072462011965
139.1281489034277 25.260401696911543
139.12814103677002 25.26673093180945
139.13452697608508 25.26040798775163
139.1472418285699 25.29839518549101
139.1537135232048 25.209791341119164
139.16004549003122 25.254101220526724
139.1600392728446 25.26043045921007
139.16003305403072 25.266759697892372
139.16002683358914 25.273088936573618
139.1664350069154 25.24144768609435
139.16642912229295 25.24777692543008
139.17281764866473 25.235123119996
139.17281209480697 25.241452359947466
139.49692341563875 24.60208224147743
139.50323388844268 24.583085375200124
139.50325640738464 24.595743822222754
139.5095887599711 24.589405139908376
139.50961192598257 24.602063584443467
139.52206868989808 24.481788690628587
139.69428697978617 24.810536340769744
139.6943080491051 24.816865511510102
139.69432912394407 24.823194682238285
139.70066321378377 24.81684800631306
139.70068461218557 24.82317717474342
139.70070601619355 24.829506343161228
139.70704009862314 24.82315940049678
