# successful candidates for region at (39.59468426592559, 30.778768836337402) and radius 1.038.755140622275505 31.411902378360484
38.755084311318285 31.41823239955033
38.755027985927455 31.42456242067133
38.761561000234224 31.41194356179571
38.76150511983592 31.418273588278684
38.7745117691083 31.399364906166635
38.77445677802682 31.405694943245386
38.78098584963786 31.393075088540588
38.78093130288082 31.399405130853168
38.780876742144045 31.40573517310112
38.787350842101 31.399445039482956
38.787296711711036 31.40577508685951
38.79377038672588 31.399484632055227
38.7937166866848 31.40581468451978
38.81908448813273 31.44395034739401
38.84437172122637 31.4947413643021
38.85084778560582 31.48844808758649
38.85079777965863 31.494778183258955
40.2393047291356 31.558610489070677
40.24573518585291 31.55857854225784
40.252077085622936 31.54588596779924
40.25220993149355 31.564876433565953
40.26516204313174 31.577471239487124
40.27163940970589 31.583768153851395
40.27807157730281 31.58373460431137
40.37402848450112 31.519892605002227
