# successful candidates for region at (53.36089767061212, 14.346313391529728) and radius 1.052.72829885158044 15.12737801463219
53.96507922561254 14.779131768652501
53.977398582085335 14.652437948645188
53.9842531903375 14.836079988045544
54.04808125291689 14.975230991456433
54.04810129602065 14.98156401504442
54.05440396265578 14.96887941507852
54.054424183900274 14.975212435508269
54.05444441198954 14.981545455919447
54.05446464692469 14.987878476312048
54.06036030138607 14.848533361011574
54.060767113794824 14.975193709077763
54.06078752686904 14.98152672628295
54.06667909170187 14.842181514357497
54.07303878476763 14.84849552655056
54.07353614465398 15.000487787475627
54.073556955837965 15.006820798102776
54.07357777406017 15.013153808710289
54.079900807948675 15.006801543755536
54.0855075552368 14.785126966446505
54.09182384443918 14.778774486626016
