# successful candidates for region at (168.05788376534082, 39.66954695678036) and radius 1.0167.1959797838528 40.35014178688281
167.20240450811426 40.35018885634395
167.20232468710594 40.35650974915025
167.20890844119995 40.343914674326385
167.20882924126835 40.350235573657535
167.20875001959934 40.35655647288458
167.20867077618482 40.36287737200741
167.21799223034157 40.12905017851347
167.21783646506182 40.14169199674333
167.2152539832484 40.350281938822505
167.21517536092227 40.356602844421865
167.22431882874363 40.135416886603196
167.31013482389466 39.31421015496222
167.32279231026743 39.31429084979417
167.39313113643482 39.23885726544001
167.39945309928856 39.23889324965673
167.39939358122382 39.245214320027706
167.39933404708643 39.25153539033818
167.3992744968707 39.25785646058814
167.40565715936322 39.2515710403309
168.757348742845 39.73172430447436
168.75741286338456 39.73804534119171
168.75747700136364 39.74436637783972
168.76248965953636 39.611586342766024
168.7637804068096 39.73800698618381
168.7638451285291 39.74432801761517
168.77014794311876 39.737968283644754
168.77021324857586 39.74428930981218
168.77027857179638 39.75061033590771
168.77651547224792 39.73792923357538
168.77658136143964 39.744250254431634
168.78281653928383 39.731568820404284
168.7828829941329 39.73788983597659
168.78294946705628 39.7442108514744
168.80828421883675 39.73140777663356
168.80835300794766 39.73772877030483
168.81423527980647 39.693440716824426
168.81458176617267 39.72504565883537
168.8146511199805 39.73136664699439
168.81472049264923 39.73768763507227
168.81478988418573 39.74400862306901
168.8206685175353 39.6997202564552
168.82101801349822 39.73132516987842
168.82108796972165 39.737646152315705
168.82696206317235 39.69335748302979
168.8333964506926 39.69963631686996
