# successful candidates for region at (213.5632482514533, -15.371409944868565) and radius 1.0213.20498086724123 -14.965560634141093
213.2239641558874 -14.9719166154353
213.22400455258588 -14.946610104323746
213.2302756353435 -14.984579304908374
213.23029547653465 -14.971926046270921
213.23030539219178 -14.965599416945608
213.23650005124938 -15.054181500132527
213.23650982038265 -15.04785486933731
213.2365293489423 -15.035201607734136
213.2365975970336 -14.99091519198942
213.2366073338324 -14.984588561151805
213.23661706740063 -14.978261930309952
213.23662679773884 -14.971935299463873
213.2366365248475 -14.965608668613559
213.24285298620057 -15.041537330551597
213.2429390328682 -14.984597639693867
213.24910178897994 -15.098485948348166
213.24912061025228 -15.085832680876118
213.2491863866597 -15.041546244600159
213.26180811583 -15.073196721836323
213.2681159541799 -15.092185022813712
213.2681336309693 -15.079531746869465
213.28742490589542 -14.858123373461924
213.6421796659976 -15.889524795550589
