# successful candidates for region at (306.0431807250964, 81.53517642472586) and radius 1.0305.9631795163797 80.73314467312407
306.1755939306156 80.80270000441391
306.1819542234451 80.79637300683635
306.18204889579255 80.80269758999606
306.1821436984407 80.80902217313069
306.1822386316587 80.81534675624006
306.18830584773696 80.79004589780892
306.1884047845939 80.79637047925799
306.1885038575273 80.80269506067948
306.188603066818 80.80901964207352
306.18890151565455 80.82799338608972
306.194855342148 80.79636783685986
306.24000913096074 80.79634612513007
