# successful candidates for region at (148.566096370316, -15.32175092365703) and radius 1.0147.87838548400785 -14.92102346496997
147.8788939825795 -14.762764402975687
147.87891423437173 -14.756434040254248
147.87893447939297 -14.750103677514273
147.88471805197418 -14.921042618710759
147.88475851203236 -14.908381887849329
147.88528204453627 -14.743792379991566
147.89746258101627 -14.89575890789137
148.88085937124666 -16.18795186204291
148.88082962360795 -16.16896036682377
148.88081971412205 -16.1626298684091
148.92533547921036 -16.11824869210833
148.93170476841513 -16.11823829136823
148.9316932839435 -16.111907805695804
148.93807405695668 -16.11822770784646
