# successful candidates for region at (134.7343539257408, 6.512034965029755) and radius 1.0133.94734786835875 5.8996042578983525
133.95363878559718 5.91858352571431
133.9536295524071 5.924906799136082
133.96627638896013 5.918602211540483
133.9726041936076 5.912288157070207
133.97893184279792 5.905974020061138
133.97891399319866 5.918620592445449
133.98525049595756 5.905983089920886
133.98524164894226 5.912306379240847
133.98523279564176 5.918629668552189
133.9852239360557 5.924952957854908
133.99155159829837 5.918638668428282
134.00430945704016 5.8301302593999855
134.0043009073529 5.836453558030647
134.01062721978124 5.830138988335468
134.01696176813468 5.817501032107441
134.03576669324326 5.931346159781749
134.0549071099404 5.785934712275236
134.05489919197203 5.79225803435529
134.054891268309 5.798581356428339
134.0612400296575 5.773296164857795
134.06121651350983 5.792266139536965
134.06120866351102 5.798589464416276
134.11172601840235 5.8176216410210655
134.11815113189607 5.722778840427463
134.1434376828434 5.7038375912733885
134.14975398107214 5.703844602403519
