# successful candidates for region at (24.329593011323137, -1.7985346140400482) and radius 1.024.82431869690935 -1.8409673203540886
24.900141012361317 -1.7019029169456183
24.906460724346754 -1.6955808733408888
24.912784284599272 -1.7018989949965644
24.919107891801904 -1.708217090421486
24.92542556939156 -1.695574900868013
24.982348820841 -1.7777166483710058
24.988672981725376 -1.784034447496828
24.988670713799376 -1.7777143867981355
24.994992606742127 -1.7777121034286167
25.032926384251347 -1.7840179867988195
