# successful candidates for region at (170.69320672463567, 66.54725596080979) and radius 1.0170.02871323767027 67.1861317724025
170.0418573693684 67.18618554985643
170.04826090909043 67.19252006755063
170.0622332109071 67.16103201452015
170.06206846399783 67.16734006158785
170.0689614224453 67.15474961180963
170.06879847973264 67.16105766616813
170.06863544676034 67.16736572034112
170.06847232345356 67.17367377432849
170.0753637624224 67.1610830495256
170.07520244339855 67.1673911107296
171.39925399117365 66.40366731900914
171.3994320648591 66.4099752810908
171.40562004001075 66.40363839056768
171.4863777122688 66.34016020575922
171.48737615847847 66.3716994531083
171.49353247259748 66.36535909308287
171.50009177610468 66.37163415415101
171.50604026372972 66.35898547029002
171.50624485706092 66.36529329316849
171.506449559931 66.37160111574423
171.5126010241288 66.36526000438882
