# successful candidates for region at (159.10718389376095, 6.848402015976406) and radius 1.0158.27024527188107 6.362305269458707
158.27655496260803 6.362315894843249
158.2954942816627 6.356019967051299
158.29520482205433 6.533184965810106
158.2951839405306 6.545839608250519
158.30181405266808 6.349702942555275
158.30180389381346 6.356030267461298
158.30179372816065 6.3623575923566795
158.30172237820057 6.406648866325932
158.30148559493563 6.552177334238503
158.30811350622233 6.356040487494684
158.3080933274321 6.368695143951235
158.3080528888968 6.394004456738463
158.30802248914424 6.412986441218537
158.30778740530576 6.558514985737343
158.31443311858746 6.349723295595626
158.31442311888733 6.356050627151328
158.31441311249552 6.362377958696722
158.3144030994116 6.368705290231803
158.314393079635 6.375032621756564
158.31435293359246 6.40034194775227
158.32073273180643 6.356060686431107
158.32071287164572 6.368715356082995
158.33306604703506 6.539573458229054
158.3393878611225 6.533256025184294
158.33937799165892 6.5395833694416945
158.3393681157027 6.54591071368926
158.34599038317774 6.343445424328552
158.34598078779308 6.349772772058536
158.34568014175775 6.545920546947881
158.35230934772042 6.337127724520507
158.3522998382326 6.34345507541387
158.35229032237356 6.349782426297899
158.35228080014292 6.356109777172586
158.89467979547567 6.88182409283432
158.89466846966633 6.907134188265763
158.89466563370493 6.913461712121679
158.90099895825037 6.875499304674697
158.90099621533304 6.881826829408336
158.90099347066615 6.888154354141243
158.9009879760829 6.900809403604859
158.9009852261663 6.907136928335567
158.90098247449959 6.913464453065541
158.90097972108256 6.919791977794782
158.9073179513474 6.869174432251426
158.90731529415265 6.875501957833219
158.90731263526206 6.881829483414325
158.9073019827382 6.907139585731867
158.9072993153662 6.9134671113095285
158.9072966462975 6.919794636886502
158.90729397553207 6.926122162462786
158.91363163012429 6.875504528450046
158.91361615630254 6.913469686853608
158.91361357158232 6.9197972132519405
158.91361098521892 6.926124739649626
158.91360839721216 6.9324522660466625
158.9199304969347 6.919799706891065
158.91992799497342 6.9261272340837765
158.93890814702448 6.843876338377659
158.93890591540682 6.850203867803055
158.93890368236168 6.856531397227962
158.95154204376732 6.83755303411405
158.9515399809882 6.843880564891694
158.95153791688892 6.850208095668921
158.9578558980518 6.843882554533584
158.9578479690909 6.869192680185712
158.9578459836833 6.875520211597785
158.95784399700864 6.881847743009476
158.96416422156474 6.869194589857758
158.96416232013084 6.875522121879978
158.97047865662796 6.875523949620223
158.98311297927506 6.8691998237803
158.98311132976235 6.875527357474779
158.9894292319341 6.869201403389878
158.98942453231987 6.888184005986668
159.7591311539978 6.204398178352203
