# successful candidates for region at (183.65730355735982, 81.65569829559377) and radius 1.0183.06299483744047 82.52962434402914
183.3656349946575 81.78388781723125
183.37214759141904 81.79021480336615
183.3719293580099 81.79653700024137
183.4265623362899 81.77128244755701
183.433282623262 81.77128622465531
183.51457981751892 81.73338931414742
183.727218669927 81.56270700953712
183.73377403032202 81.5627057939223
183.7338309639652 81.56902806252012
183.74032938875766 81.56270446943353
183.75394339099472 81.60695735116863
183.76061032548176 81.61327795538085
183.8007145891485 81.6448769623416
183.8132503089932 81.6069384727031
183.81996160258427 81.6132580769134
