# successful candidates for region at (197.29575782400696, 60.10964635207911) and radius 1.0197.20761418983824 59.87796814580493
197.2140144896326 59.86535476677025
197.5740208182713 59.518102407677546
197.60604938713107 59.574809485551334
197.637030718117 59.51795288065209
197.6433316760568 59.51793625512995
197.64339683857168 59.52424490645507
197.6434620282859 59.5305535577403
197.64352724521638 59.53686220898563
197.6496989714686 59.52422797325403
197.6497653429148 59.53053662100596
197.64983174207057 59.5368452687165
197.64989816895303 59.54315391638568
197.65606865114003 59.5305193799981
197.65613623251704 59.53682802411037
198.04775294885494 59.85061561996427
198.05397269194052 59.84427083955443
198.0541165463314 59.850579127119296
198.05426046139965 59.85688741449194
198.059755434576 59.819000925790704
198.06033506852032 59.844234046973284
198.0604801297807 59.85054232678094
198.0606252522274 59.856850606393145
198.0662589963864 59.825272129816696
198.06684369908527 59.850505218950346
198.0724705005272 59.81892648111687
