# successful candidates for region at (56.29331206042186, -15.0654152650755) and radius 1.056.85191916835166 -14.501371494175162
56.858487230484194 -14.596204105364354
56.85824165565086 -14.501356084807348
56.85822532818299 -14.495032883338636
56.85820900623364 -14.48870968185767
56.86482906466765 -14.602511682109654
56.864812465077186 -14.596188483448334
56.864795871081135 -14.589865284774413
56.871137698757536 -14.596172687676257
56.87112092111629 -14.589849491641813
56.883805314050335 -14.602463765219667
56.89645614227191 -14.602430951203717
