# successful candidates for region at (216.2344238745737, 42.638158790152936) and radius 1.0216.52323209687177 42.979314960034316
216.53606991778824 42.97928210805469
216.58078950398408 42.941312824850485
216.6191217679234 42.9159621700674
216.64489674300592 42.93479517184052
216.65135360702806 42.94107930398368
216.7416804651045 43.00379056055347
216.7480492388638 42.997455068019526
216.75446995869376 42.997426308896024
216.76083676295318 42.99109011404759
216.76094459734773 43.003704270915854
216.76720226177173 42.98475357026512
216.76725681322364 42.991060644577686
216.76731138017755 42.99736771884444
216.77367685731386 42.99103081789157
216.806362845563 43.05394680448592
216.85122228488905 43.04110115477449
216.8580312731276 43.07890870282093
216.8772527750038 43.072495943450335
