# successful candidates for region at (249.84760968346728, 51.78809241273189) and radius 1.0249.10196865435498 52.13011737941551
249.10865180322864 52.11750435563853
249.10854705373032 52.12383112953016
249.10833744745116 52.13648467692234
249.11491589430537 52.13019807382659
249.12149248189226 52.12391110360596
249.12138953173735 52.13023789101983
250.49264193083883 51.1436386681547
250.49281935192778 51.156292407385386
250.49906579240408 51.149930309679256
250.50531051093995 51.14356787942921
250.51173609467472 51.1498588206853
250.5179790516893 51.14349571398045
250.53679229843968 51.13073122935749
