# successful candidates for region at (29.224191879269604, 23.15595984943748) and radius 1.029.027769300486607 23.79061959098056
29.02771238269636 23.828567430716827
29.034148280046953 23.790627398953184
29.0341391079154 23.79695203995855
29.034084023929218 23.834899885940043
29.03407483472664 23.841224526928503
29.040474039435605 23.828582801220257
29.040465161032742 23.834907443220537
29.040456280271332 23.841232085218557
29.040447397150825 23.847556727214318
29.040394048855127 23.885504579141397
29.04684629886069 23.83491474250518
29.046837726540748 23.8412393854783
29.05321090743626 23.847571071619413
29.07880115649415 23.79067483762557
29.078794139445534 23.796999484967106
29.07878712053253 23.80332413230723
29.16171291322247 23.82235270296007
29.174473973777847 23.82235723844228
29.174471571608855 23.828681893680017
29.174464361272346 23.84765585939223
29.174461956549827 23.853980514629306
29.18085031603051 23.835008430268417
29.180848221030274 23.841333085757153
29.180844029360095 23.85398239673424
29.187233249510697 23.82868539791607
29.18723146343021 23.835010053621758
29.187229676875255 23.841334709327356
29.18722788984571 23.847659365032857
29.1936140886927 23.82868676308952
29.19361261097564 23.835011418977576
29.193611132866025 23.84133607486557
29.199993758641646 23.835012526335856
29.20636887306523 23.879285968741822
29.212753288899233 23.866637248201545
29.21275162793446 23.885611216886538
29.219135979822912 23.86663758178984
29.219135490452828 23.879286894335657
29.22551867076656 23.866637657208162
29.244638125360648 23.683221307349648
29.24463910852515 23.689545963456716
29.244640091950995 23.695870619563763
29.251010605619364 23.67689569780849
29.2510118949259 23.6832203537883
29.25101318457516 23.689545009768054
29.25738406867647 23.67689448723674
29.27014646632375 23.721163882421013
29.27650194271885 23.670564657568104
29.276504456969754 23.67688931269563
29.28925450924302 23.68320923180875
29.2956867975774 23.790725598159923
29.295700605452428 23.816024214643495
29.302062029462995 23.78439792666202
29.30206578692975 23.790722580380763
29.302069545394872 23.797047234099093
29.302073304858595 23.803371887817022
29.3020808267828 23.816021195251665
29.308444775975797 23.790719304845428
29.308448842312586 23.797043958126263
29.30845290972977 23.80336861140662
29.308456978227618 23.80969326468651
29.31482376469046 23.790715771553973
29.31482813889877 23.797040424362883
29.321263717201564 23.87293246039054
29.32761669853468 23.83498049402034
29.33398192833018 23.81600222988492
29.333987231784604 23.82232688106826
29.34037898687358 23.834971614847742
29.346748285948625 23.82231748841138
