# successful candidates for region at (226.0125866658089, 31.978330689463572) and radius 1.0225.74494133053386 32.79501756425168
225.75124243435675 32.832928341127946
225.8987342569409 32.86472638573733
225.91160335057194 32.8331557809253
225.91802447593813 32.82684441070977
225.91801780147463 32.83316069100169
225.9180111252952 32.8394769712927
225.92444469495211 32.82053271719223
225.92443847480467 32.826848998076656
225.92443225305817 32.83316527896029
225.93090432890338 32.77000673043212
225.93085247430562 32.82685326336722
225.93730895573677 32.776326951021105
225.94369991690664 32.801595698076234
225.9501165135371 32.79528271259906
225.95011210832553 32.80159899543608
225.9501077019817 32.80791527827268
