# # ids of objects in overdense bins for (80.95410136814, -23.7257484830247)
2.957941266636196864e+18
2.957940304560542720e+18
2.957939514290160128e+18
2.957940201480663040e+18
2.957940334623584256e+18
2.957946038340221952e+18
2.957941094834136064e+18
2.957940338924091904e+18
2.957940751240727040e+18
2.957947172211642880e+18
2.957940510722533888e+18
2.957946935988401664e+18
2.957988129019748352e+18
2.957940510722531328e+18
2.957941266631612416e+18
2.957939991029402624e+18
2.957939613072279552e+18
2.957940094106398208e+18
2.957940098405211136e+18
2.957940957399077888e+18
2.957939995322578944e+18
2.957946931693454336e+18
2.957946175779203072e+18
2.957940510722551296e+18
2.957940029682096128e+18
2.957940923035297792e+18
2.957940128468365312e+18
2.957939995322639360e+18
2.957940300264349696e+18
2.957946867268955136e+18
2.957941026113580032e+18
2.957940029682142208e+18
2.957940819959965696e+18
2.957941159257874944e+18
2.957939887947007488e+18
2.957940441999412224e+18
2.957940888675801600e+18
2.957940888675803136e+18
2.957940162827668480e+18
2.957946072699964928e+18
2.957941232272092160e+18
2.957941060473242624e+18
2.957939789165819904e+18
2.957939926606428672e+18
2.957940712581482496e+18
2.957939651725487616e+18
2.957940201484712960e+18
2.957940201484826624e+18
2.957941094834218496e+18
2.957940064045545472e+18
2.957940888675854336e+18
2.957940132760412160e+18
2.957940476359221248e+18
2.957941056179088896e+18
2.957945832181773312e+18
2.957940579442040320e+18
2.957939269471652352e+18
2.957940441999373312e+18
2.957941124898563584e+18
2.957936383253636096e+18
2.957940201480637952e+18
2.957940957398849536e+18
2.957940064041995264e+18
2.957940510718873600e+18
2.957947240931625472e+18
2.957940545082310656e+18
2.957936902947041280e+18
2.957940781300242944e+18
2.957939784867385856e+18
2.957940441999407616e+18
2.957938857154828288e+18
2.957940854319653888e+18
2.957941129193814016e+18
2.957939475630097920e+18
2.957940643861265920e+18
2.957940029683960320e+18
2.957940815660872704e+18
2.957941060473278464e+18
2.957941197917266944e+18
2.957941197913249792e+18
2.957940441999431168e+18
2.957940991753784832e+18
2.957940441999289344e+18
2.957946862973968384e+18
2.957946897333706752e+18
2.957940098405358592e+18
2.957940991753753600e+18
2.957940991753837568e+18
2.957946072699966464e+18
2.957939475630595584e+18
