# successful candidates for region at (57.96401109097284, -41.36760662664396) and radius 1.058.07537512107996 -42.07554475023325
58.70488827434698 -42.18710834716798
58.70481453712598 -42.1807826426543
58.70474082067654 -42.17445693805492
58.71145015129826 -42.19339256112551
58.711375747542675 -42.18706686255197
58.71122700290787 -42.17441546514321
58.71793826173893 -42.19335070894934
58.71786321223195 -42.18702501628124
58.71778818386836 -42.18069932352438
58.71733845724043 -42.14274516512133
58.724502080183974 -42.19963418168972
58.724350668340996 -42.18698280835679
58.72382139820409 -42.142702998849266
58.723745873320965 -42.13637731141632
58.73030433053926 -42.14266047128133
58.73022816136516 -42.13633478984352
58.75670891589604 -42.18044068770288
58.763275220677045 -42.18672196613993
58.76319567343024 -42.18039631613892
58.76311614859133 -42.17407066603817
58.769682421871394 -42.18035158297958
58.769602251674684 -42.17402593918924
58.769522104058936 -42.16770029529758
58.77600755280713 -42.16765521326511
58.775926782773084 -42.16132957563028
58.775765310931554 -42.14867830005208
