# successful candidates for region at (161.49072071841695, -9.817679107663983) and radius 1.0160.65405191228135 -10.106785269341906
160.65406822572825 -10.100456960932185
160.65410083028397 -10.087800344059449
160.66020468898395 -10.182740663863374
160.66041573176685 -10.100472609064727
160.68571148629428 -10.138503966621695
160.69205973868733 -10.138519039737103
160.69207534518358 -10.132190710201513
160.69842347413146 -10.132205660548667
161.73960893841593 -10.246956738258817
161.745959342066 -10.24695198280727
