# successful candidates for region at (246.8711544052628, 35.51219004992204) and radius 1.0246.09666998016965 36.252331664887215
247.25381502667094 36.330141571211364
247.2666805204354 36.33010041141273
247.2731132621974 36.3300793211611
247.27314570560986 36.336407986345776
247.27954600047156 36.33005789067517
247.28574460933865 36.28573550298705
247.28577802949104 36.29206416261657
247.2921737100254 36.28571341244174
247.29863726366898 36.292019635735336
247.29867172933865 36.29834828947096
247.298706204079 36.30467694318442
247.40696311132012 35.19671061723784
247.40700496990536 35.203039216052375
247.4130933844933 35.165039395056
247.41313568347599 35.1713679903749
247.41322031442633 35.184025180909444
247.41326264640117 35.19035377612507
247.41334734336843 35.203010966452986
247.41943278303242 35.16501083532273
247.41947557677253 35.17133942693472
247.41951838163507 35.1776680185115
247.41956119762364 35.183996610053036
247.41960402474186 35.190325201559325
247.41964686299343 35.19665379303038
247.41968971238197 35.202982384466154
247.4197325729111 35.20931097586665
247.42572889983188 35.15865335556336
247.42577217708046 35.16498194346136
247.4258154655763 35.17131053132336
247.4258587653231 35.177639119149305
247.4259020763246 35.1839677069392
247.42594539858442 35.190296294693034
247.42603207689388 35.20295347009245
247.43202403420963 35.15229555122423
247.4321115665855 35.16495271947252
247.43219914446465 35.1776098875734
247.4383181865008 35.14593742243269
247.43836243000098 35.152266002778376
247.43840668499797 35.1585945830864
247.43845095149555 35.16492316335675
247.43849522949753 35.1712517435894
247.43853951900763 35.177580323784355
247.44465608328403 35.145907545823505
247.44470082114907 35.152236122292415
247.44474557063938 35.15856469872281
247.4447903317588 35.16489327511468
247.44483510451113 35.17122185146802
247.44487988890015 35.177550427782805
247.4449246849297 35.183879004059015
247.4449694926036 35.190207580296665
247.45112970732333 35.16486305474693
247.45117497482417 35.17119162717784
247.45122025409032 35.17752019956934
247.45126554512555 35.18384877192142
247.4513108479338 35.190177344234066
247.4572404451713 35.1331896593236
247.45760640056514 35.18381820752942
247.4576521985059 35.190146775873934
247.4635311544454 35.12683023003303
