# successful candidates for region at (151.42899188750667, 88.8174426875978) and radius 1.0150.94074174539713 88.17550451004075
150.94908853978419 88.1694991097255
150.9475087477983 88.17550633282823
150.95427576362354 88.17550813017648
151.03953826222332 88.06138470782916
151.0447165650155 88.06739345973824
151.62441517038894 88.99858341886005
151.62559443328314 89.00459081814455
151.7267870661716 89.05264335923216
151.7378600214099 89.046634868482
151.73981839837674 89.0526422150896
151.74180177060094 89.05864956057664
151.75284969843526 89.05264102195294
151.7549162193892 89.05864835982536
151.76588096499955 89.05263977982231
151.76803063403787 89.05864710976829
151.77020791590806 89.06465443837212
151.97837207817847 89.41908295190673
151.78114501317347 89.0586458104037
151.99378170362576 89.41307370675409
151.99962183424975 89.41908084634095
152.00558400950266 89.42508797976592
152.0149027631978 89.37101729514158
152.09795632809048 89.44910928122844
152.10533111819254 89.45511630173519
152.02880041492207 89.36500795313864
152.03452864402465 89.37101505529435
152.04036734267058 89.3770221510412
152.12798546785731 89.45511371618491
152.05415438278288 89.37101274165933
152.1987509231618 89.4731290204065
151.98696602284735 87.92316004753974
151.99128486404837 87.91715079436632
151.99291090925453 87.92315793881319
151.99454638822849 87.92916508157748
151.99885578352848 87.92315580773895
151.9975913482346 87.87509442317123
152.0017828585118 87.86908514122699
152.0034017835668 87.87509227476792
152.00502988800326 87.88109940660283
151.9979555121323 87.83304017681621
152.0092122070929 87.87509010452266
152.002064932435 87.82703089400259
152.00365321272247 87.8330380272665
152.00525032337572 87.83904515885628
152.00935090195546 87.83303585629933
152.06196465520426 87.93514740818921
152.0660909036121 87.92913795531737
152.06794396349645 87.93514501746819
152.0698078366561 87.94115207744633
152.07392325788112 87.93514260427058
152.08972539903112 87.94715178544752
152.0937946852028 87.94114226124077
152.09573963044645 87.94714929030334
152.0976959916485 87.95315631698644
152.10175384717914 87.94714677255115
152.11984570026425 87.96516267455682
152.1118059193641 87.92311107141323
152.12386220952985 87.95915307453109
152.1259131141249 87.96516006608351
152.12797616340129 87.97116705501385
152.11576457005037 87.9171014915609
152.11775052412327 87.92310849340556
152.119747999484 87.92911549274075
152.13198051236563 87.96515743480295
152.12369511406436 87.92310589305215
152.13763343369666 87.92910760182058
152.14152879370073 87.92309795791803
152.14359521460435 87.92910492669314
152.14567365836186 87.93511189275878
152.1495569800488 87.92910222915518
