# successful candidates for region at (172.30137540145648, 35.797634017796035) and radius 1.0172.7412678423533 35.59149183029462
172.747576340391 35.5851588548956
172.74761156611066 35.59146853546322
172.74764680099162 35.597778216007256
172.74768204503698 35.60408789652772
172.75402676694694 35.60406426202986
172.7603714850765 35.60404029392102
172.78540642610548 35.547154131397974
172.79197879427122 35.584986474808474
172.79828276459475 35.57865086034097
172.7983612176407 35.591270169961824
172.79843971149907 35.6038894794657
172.8047844016825 35.60386317609426
172.81108883364834 35.59752689125796
