# successful candidates for region at (189.89621648818115, 46.90332671029425) and radius 1.0189.24502171070716 46.841468866040856
189.24494489993043 46.84780276866748
189.2513664766142 46.84150469695806
189.25129041412814 46.84783860504691
189.2577112509454 46.84154017707043
189.2576359367539 46.84787409056804
189.25756059959502 46.85420800398728
189.2639814677248 46.84790922522997
189.27491218434236 46.999992725444386
189.28134862090255 46.993692999797815
189.28127576796004 47.00002693265286
189.28105707537756 47.01902873077968
189.28763935967984 47.00006078771065
189.31966236416784 46.98122289118394
189.32615874965464 46.9685866823916
190.4971224211064 47.59552697168518
190.50348469702507 47.58915949304805
190.50355793396145 47.595493430845934
190.50954970475343 47.55745593633386
190.50991942567498 47.58912560017579
190.50999343855293 47.595459532721854
190.5159058989081 47.551087785052616
190.51598054896786 47.55742171274528
190.51605522212807 47.56375564036243
190.5164289347933 47.5954252773138
190.52823327906526 47.506680857063515
190.52991147930703 47.646027023474005
190.52998803314392 47.65236093922103
190.53465790858104 47.50664560628716
190.53643049796287 47.65232556263523
190.547507141591 47.50657403521444
190.5491576495477 47.63958593780825
190.65048113933253 47.518617739365425
190.6569071354219 47.51857570212304
