# successful candidates for region at (204.92390629152925, 16.112616754743105) and radius 1.0204.25440065734162 15.367539072829102
204.26081066819373 15.342256831073062
204.2607902515625 15.348582241528238
204.2607698283055 15.354907651965327
204.26711797252668 15.348601448018426
204.26709774413806 15.354926861532192
204.2670775091858 15.361252275028203
204.27342566114868 15.354945886922886
204.4984863681131 16.645911329374844
204.50486910162053 16.639598436661466
204.50485541501837 16.645923943723723
204.50484172410742 16.652249450778335
204.51125141568605 16.63328534972438
204.51123794133784 16.63961085876573
204.51122446274707 16.645936367799663
204.51760678186577 16.639623090627083
204.5174871961928 16.696552689146735
204.52387100747242 16.690239235143693
204.52385791198685 16.69656474797459
204.5238448123832 16.7028902607985
204.53024151551864 16.690251101573548
204.53022862856986 16.696576616287288
204.53021573756854 16.702902130994275
204.53659934592923 16.69658829408467
204.5430572708614 16.652321152512286
204.54299499988005 16.683948744582686
204.54942653134745 16.652332436737698
204.55579579256977 16.652343530658786
