# successful candidates for region at (150.95491479735213, 32.88579368040005) and radius 1.0150.8381626725132 32.83208886183169
150.93325491361307 32.70570953972035
150.9775571120672 32.71835253643232
150.98388438012506 32.71202965155503
150.98388643654621 32.71835123608049
150.98388849349408 32.72467282060586
150.98389055096877 32.73099440513114
150.99021075010012 32.705706448172485
151.47612975147234 32.4707308207672
151.482441486036 32.47070445804462
151.60922906842245 32.5459669790308
151.61559272801858 32.55225526525732
151.62191016166514 32.55222186640597
151.6282275905735 32.5521881497274
