# successful candidates for region at (204.20014841717835, 16.022307545522555) and radius 1.0204.49893952258776 16.646622255421118
204.50527884628784 16.64030265443396
204.50528877164632 16.646613294381172
204.50529870012645 16.652923934324352
204.5116177595434 16.633982867931554
204.51162788823476 16.64029350643023
204.51163802011214 16.64660414492471
204.51797692957686 16.64028417004003
204.51807009224527 16.69707990298915
204.52441042251164 16.690759729130335
204.52442099397442 16.697070364593205
204.52443156875844 16.70338100005152
204.5307611165707 16.69075000362274
204.53077189507147 16.697060637541693
204.5307826769585 16.703371271455907
204.53712279552397 16.69705072183474
204.54339542109705 16.652866202176302
204.54345131368368 16.68441935598481
204.54974487232937 16.652855920591147
204.55609432288227 16.652845450560523
