# successful candidates for region at (323.9428563076499, -47.448850402499616) and radius 1.0324.15113161234814 -47.630989134633666
324.2941041913339 -46.92165259780874
324.29406257733206 -46.915322461779155
324.2940209760182 -46.90899232572571
324.3012057581921 -47.035575321105476
324.30039861330044 -46.91530279771899
324.300356261496 -46.90897266466138
324.306820888592 -46.927943042019514
324.30677776000215 -46.92161291206252
324.3067346445636 -46.91528278207993
324.3066915422708 -46.908952652071726
324.306648453118 -46.90262252203796
324.3131145371918 -46.92159254174125
324.3130706710382 -46.91526241486252
324.3130268182592 -46.908932287957285
324.31298297884894 -46.90260216102557
324.3129391528016 -46.89627203406739
324.3128953401114 -46.88994190708276
324.3194959399831 -46.92790194348242
324.31931749971244 -46.90258144854244
324.31922836115046 -46.8899212009081
324.3255613772432 -46.88990014337027
324.34589762312135 -47.067077949807846
324.3523004256127 -47.07338549700202
324.35220298796656 -47.06072528426345
324.4772397395476 -48.11737405508163
324.48378888583113 -48.1236740517721
324.4837224680034 -48.11734403061467
324.4836560709406 -48.11101400939842
324.49027240268816 -48.12364366052333
324.4902051888633 -48.11731364412098
324.4967559118547 -48.123612907192005
324.4966879020362 -48.11728289560139
