# successful candidates for region at (231.15307669459403, 44.40596344310907) and radius 1.0230.9721817607123 44.02884470968832
230.97852509401437 44.035177976954934
230.98486978492443 44.04151089236846
231.478270300289 44.66086614508973
231.47830571939735 44.66718945870321
231.48477349880142 44.673494392898235
231.4913532753762 44.69876888603596
231.49775084619844 44.69242647035471
231.51061972269156 44.69238717497107
231.51701448631306 44.6860436906004
231.5298819334871 44.686002240931415
231.5363574217791 44.69230426348975
231.54274936195765 44.685959351240214
231.5492694298575 44.69858392838585
231.54931262927042 44.70490720934392
231.55531000315779 44.64165207656487
231.55566064641755 44.69223829927044
231.55570453460015 44.698561576981575
231.5557484356393 44.70488485466444
231.5557923495402 44.711208132319015
231.56218423700642 44.704862139823334
