# successful candidates for region at (205.71800739628665, -41.16824439525985) and radius 1.0205.79773585698763 -41.770463073250816
205.79772801195057 -41.76412532712545
205.79772016911338 -41.757787580999086
205.79771232847526 -41.75144983487174
205.80412933416284 -41.70708099437422
205.82353444838606 -41.70072723512602
205.85599883630175 -41.75139524346039
205.94680152306677 -41.78927852914008
206.08266691464257 -41.75090505368379
206.09580508508643 -41.782552008885155
206.10228443569835 -41.782530770747655
206.1282825795409 -41.7951175034212
206.1282017943061 -41.782442206819034
