# successful candidates for region at (359.87554087737954, -19.58933767864136) and radius 1.0359.7681533225267 -19.86149772023164
359.774506105529 -19.867832193649225
359.78086691972175 -19.86150482088628
359.7872272278817 -19.855177223788417
360.5864083265227 -19.461297078586124
360.66225317207795 -19.410338750038726
360.662191750155 -19.3976776056358
360.66216105238135 -19.391347033385134
360.6621303633973 -19.38501646110169
360.6685301666595 -19.397650060149093
360.6684992215745 -19.391319491832903
360.6749934399323 -19.42294455068206
360.67493099259434 -19.41028342221891
360.6813643267855 -19.429247107296007
360.6813328420434 -19.422916547115598
360.6813013663123 -19.416585986900742
360.6812698995905 -19.410255426651457
360.68123844187613 -19.40392486636775
360.68767224195483 -19.422888322381485
360.6876088043889 -19.410227209979528
360.68754540313614 -19.3975660974377
360.6871973446878 -19.327929975961528
360.6942356924306 -19.46717374032821
360.69420365740785 -19.460843188456685
360.694171631549 -19.45451263654955
360.6939157543584 -19.403868220011965
360.6938838108918 -19.39753766778488
360.6938518765706 -19.391207115522302
360.6935648789199 -19.334232143563835
360.69350120210845 -19.321571038294735
360.70057682300666 -19.467145044582843
360.7005445398974 -19.46081449680972
360.70051226602305 -19.45448394900044
360.70022221641705 -19.397509017091586
360.7001900347892 -19.391178468921336
360.7065606196947 -19.39748014535825
360.70652819076116 -19.391149601311902
360.70649577111277 -19.384819057228963
360.71286634446915 -19.391120512694425
360.71280102005863 -19.37845943280123
360.71250752292906 -19.32148457144557
360.712442404081 -19.308823490736817
360.71917158178064 -19.384760667327793
360.7191386770903 -19.378430131548537
360.725376933226 -19.35940901443696
