# successful candidates for region at (139.7905138943485, 52.44400081400844) and radius 1.0140.4123871627553 53.14579578524725
140.4187885268363 53.139452464194434
140.41897259832726 53.15207151997748
140.4190646822733 53.158381047722585
140.41915679837493 53.16469057536998
140.42537392004533 53.145727848013415
140.4317733619848 53.139383836926235
140.43807611921173 53.12672997681236
140.53801125385894 51.76948096970085
140.5443046993564 51.76944064018527
140.5444104157608 51.775750046241576
140.55059813352565 51.76939997256449
