# successful candidates for region at (353.46569667562966, 16.355458881763255) and radius 1.0353.40075085142297 16.667348204861934
353.40709803242896 16.68000426697507
353.41345120089716 16.673678832864784
353.4134494832935 16.680005934927266
353.41980395139416 16.6673532071424
353.41980244306444 16.67368030943758
353.4198009342618 16.68000741173266
353.4261549849168 16.66735449239601
353.4261510849123 16.68633579988872
353.42614978409574 16.692662902386154
353.42614848287144 16.69899000488352
353.4261471812394 16.705317107380818
353.4261458791996 16.711644209878042
353.4325016530325 16.6926639972427
353.4325005608058 16.698991099912504
353.4324994682368 16.705318202582262
353.43249837532557 16.711645305251977
353.4324972820719 16.717972407921636
353.4388535220353 16.692664900892158
353.43885263880617 16.69899200370429
353.4388517553003 16.705319106516395
353.43885087151756 16.711646209328467
353.4452053910914 16.692665613334523
353.44520471685996 16.69899271625887
353.4452040424172 16.705319819183195
353.44520336776304 16.71164692210751
353.4515674585026 16.553469868425786
353.45155586404934 16.711647443589083
353.45791728656275 16.49019916672692
353.4579152549318 16.540815991194926
353.4579150006183 16.547143094253414
353.4579147462249 16.553470197311903
353.4579144917515 16.559797300370388
353.4642620808614 16.547143232572257
353.46426203396254 16.55347033565255
353.4706090005619 16.54081607730361
353.5912241975238 16.57874147676449
353.59126122894 16.635685351591036
353.5976068893536 16.629354383967854
