# successful candidates for region at (307.16306687217576, 72.83183259796486) and radius 1.0307.5941077658668 72.67435193383504
307.6056571017629 72.61110861792945
307.60581315096596 72.61743010080376
307.62851422574363 72.48462003100784
307.6333577959303 72.42139018313226
307.63352176408847 72.4277116432158
307.6336858503553 72.43403310315514
307.6338500548584 72.44035456295018
307.6350028077452 72.48460477746055
307.6351679627512 72.49092623609516
307.63949166589975 72.4087318645592
307.6399899742182 72.42769622861103
307.6414913787169 72.48458931274762
307.64781036507696 72.47825218933292
307.65412492650023 72.47191486606827
307.6542966447088 72.47823630802657
307.66078291286834 72.47822021563259
307.66726916940416 72.47820391215147
307.6843584287443 72.39597536325915
