# successful candidates for region at (201.88663525615726, 31.377427126102848) and radius 1.0202.1713959192224 30.54638025456872
202.17141460863496 30.552699791610717
202.1776984525692 30.55268574368232
202.20907532157838 30.539971853548263
202.25911949145095 30.482960624915798
202.25914389219835 30.489280133707016
202.25916829913658 30.49559964248501
202.26542358750433 30.48926181668371
202.4749659487563 31.878783848631077
202.48125743303493 31.86611581815079
202.48129802101892 31.872435219154962
202.4813386193933 31.87875462012392
202.48762922973717 31.86608628234129
202.4876702526097 31.87240567955703
202.5763165071715 31.79612698496927
202.58268346186873 31.796092775519057
202.58273087422657 31.802412111593796
202.58905041184966 31.796058251722958
202.58909825784673 31.802377583373023
202.58914611608606 31.808696914974046
202.5955139286933 31.80866206790191
