# successful candidates for region at (195.32842295067525, 23.25372631974619) and radius 1.0194.55396217340453 22.679091748365312
194.55389021802952 22.69172580468681
194.5538542259506 22.698042832789767
194.5525157535307 22.931772845401348
194.55247939520035 22.9380898720311
194.5524430271884 22.944406898621857
194.56019892104482 22.69175650695182
194.55879958800688 22.93812073360076
194.5665430232949 22.685469921881367
194.5665076268976 22.69178695813392
194.5650840080491 22.94446837753674
194.57285143891684 22.685500117974495
194.5714045027805 22.944498738365038
194.57919465835442 22.679213018750588
194.5791598573285 22.685530063017058
194.598254649228 22.654033111585722
194.59822076327566 22.660350167704333
194.61016740131308 22.786749035955896
194.61654689420823 22.774143401329653
194.61608163069647 22.86258233507706
194.6228923140353 22.76785457071794
194.6228594413644 22.774171641405996
194.62282655993187 22.780488712061988
194.6224312986 22.856293557428984
194.6291719911386 22.774199629961412
194.62871497810133 22.862638668268694
194.63506406090409 22.856349379233773
194.64157292643142 22.818474423751557
194.64154086771242 22.824791505236156
194.6479193001946 22.812184597917277
194.64788754463987 22.818501683049394
194.6478557806234 22.824818768151633
194.6478240081432 22.831135853223984
194.65420216537973 22.818528690590824
194.6541706960668 22.824845779277293
194.73651329439485 22.768319819863947
194.77607488790335 23.886614608933247
