# successful candidates for region at (60.892082833115175, 3.3807472338349354) and radius 1.060.17303247247806 2.9902885004282784
60.17935499835371 2.996618519873581
60.18569035685896 2.983971867660449
60.18568610859122 2.9902974136303824
60.185681854534366 2.99662295959642
60.24898508717025 2.939735017524587
60.2553229512926 2.920762269649161
60.255315390908876 2.9334134220609203
60.25531160289138 2.939738998262105
60.25530780965655 2.9460645744601552
60.34390232732785 2.901836935826791
61.43270229899829 4.091056531342599
