# successful candidates for region at (14.428034297940247, -38.23091698462782) and radius 1.013.558029494393372 -37.61886730284369
13.558103799789885 -37.61254596821535
13.563970652117588 -37.65052059292076
13.564265992257797 -37.62523523111706
13.56433977837287 -37.618913890422704
13.564561019418756 -37.59994986775597
13.564634727356871 -37.59362852667261
13.570210296058253 -37.65688821833597
13.570283640350674 -37.65056687200168
13.570356965197771 -37.64424552557134
13.570576823134607 -37.6252814857043
13.57065007026788 -37.61896013889006
13.570723297989547 -37.61263879197993
13.570942864752244 -37.59367475067461
13.571016014894798 -37.5873534033813
13.571089145659386 -37.58103205599228
13.57557561259804 -37.739111736944906
13.57564866873149 -37.732790385762236
13.576596636457097 -37.650612811745546
13.57696037002059 -37.61900604824477
13.577033058900138 -37.61268469526103
13.577178378879584 -37.60004198901028
13.577251009992839 -37.59372063574332
13.577323621864014 -37.587399282382016
13.577396214499785 -37.581077928926405
13.577468787906817 -37.57475657537653
13.577541342091772 -37.568435221732415
13.581896185400325 -37.73915742199812
13.582837375489051 -37.656979770604835
13.582909640378935 -37.650658412151365
13.583054112687726 -37.63801569496469
13.58341495852251 -37.60640890036783
13.583487070324772 -37.60008754116928
13.583559163020944 -37.593766181877754
13.583631236617649 -37.58744482249327
13.58370329112151 -37.58112346301587
13.583775326539145 -37.574802103445606
13.58807276267779 -37.751845493302156
13.588288738999562 -37.732881403834206
13.588648317579072 -37.70127458620859
13.588720176061207 -37.6949532224069
13.588792015480891 -37.688631858513126
13.58886383584475 -37.68231049452727
13.588935637159404 -37.67598913044939
13.589007419431468 -37.6696677662795
13.589079182667561 -37.663346402017645
13.589150926874293 -37.65702503766385
13.589222652058268 -37.65070367321817
13.589294358226095 -37.644382308680605
13.589366045384375 -37.63806094405121
13.589437713539704 -37.631739579330024
13.589795769502826 -37.60013275434823
13.589867323778842 -37.593811389076954
13.589938859098007 -37.587490023714096
13.59001037546689 -37.58116865825973
13.590081872892064 -37.574847292713855
13.594537354349118 -37.7392477721972
13.594608785771953 -37.7329264029836
13.594680198236233 -37.72660503367909
13.594751591748551 -37.72028366428368
13.594894321943661 -37.707640925220325
13.594965658639625 -37.701319555552445
13.59503697640997 -37.6949981857938
13.595108275261273 -37.68867681594444
13.59517955520011 -37.682355446004394
13.595250816233051 -37.676034075973696
13.595322058366666 -37.66971270585237
13.595393281607516 -37.663391335640455
13.595464485962168 -37.657069965337975
13.595535671437174 -37.65074859494497
13.595606838039092 -37.64442722446149
13.595677985774474 -37.638105853887545
13.59610447635601 -37.60017762854615
13.596175492208822 -37.593856257339944
13.596246489247397 -37.58753488604354
13.596317467478258 -37.58121351465699
13.596388426907925 -37.5748921431803
13.600857950379135 -37.739292437341135
13.600928840225619 -37.73297106220733
13.600999711257254 -37.72664968698398
13.60107056348059 -37.72032831167112
13.601141396902166 -37.71400693626877
13.601212211528518 -37.707685560776966
13.601283007366181 -37.70136418519574
13.601353784421686 -37.69504280952513
13.601424542701562 -37.68872143376518
13.60149528221233 -37.6824000579159
13.601566002960515 -37.67607868197732
13.601636704952634 -37.6697573059495
13.601707388195203 -37.66343592983246
13.601778052694732 -37.657114553626236
13.60184869845773 -37.650793177330854
13.601919325490702 -37.64447180094634
13.601989933800152 -37.63815042447274
13.602060523392575 -37.63182904791008
13.602131094274474 -37.625507671258404
13.602413190826583 -37.60022216376209
13.602483668253164 -37.59390078666578
13.602554127008126 -37.58757940948065
13.60262456709794 -37.581258032206705
13.602694988529079 -37.57493665484401
13.607108187090512 -37.74565814343411
13.607178554035238 -37.73933676251339
13.607248902302333 -37.73301538150444
13.607319231898293 -37.7266940004073
13.607389542829615 -37.720372619222005
13.607459835102787 -37.71405123794858
13.6075301087243 -37.70772985658708
13.607600363700636 -37.70140847513752
13.607670600038274 -37.69508709359993
13.607740817743695 -37.68876571197435
13.607811016823375 -37.68244433026081
13.60788119728378 -37.67612294845934
13.607951359131382 -37.66980156656997
13.60802150237265 -37.66348018459274
13.60809162701404 -37.65715880252768
13.608161733062012 -37.650837420374835
13.608231820523024 -37.6445160381342
13.608301889403526 -37.63819465580585
13.60837193970997 -37.631873273389786
13.608441971448801 -37.62555189088605
13.608511984626462 -37.61923050829469
13.608581979249394 -37.61290912561573
13.608791851854155 -37.59394497705351
13.608861772322502 -37.587623594024436
13.608931674268272 -37.58130221090793
13.609001557697884 -37.57498082770402
13.613429340040616 -37.7457021344652
13.613499165259178 -37.739380747713014
13.613568971943874 -37.733059360873966
13.613638760101148 -37.726737973948076
13.613708529737446 -37.720416586935386
13.61377828085921 -37.71409519983593
13.613848013472875 -37.70777381264972
13.613917727584877 -37.701452425376836
13.613987423201646 -37.69513103801724
13.614057100329612 -37.688809650571024
13.6141267589752 -37.68248826303818
13.614196399144829 -37.67616687541877
13.61426602084492 -37.66984548771282
13.614335624081885 -37.66352409992034
13.614405208862143 -37.657202712041375
13.614474775192098 -37.650881324075975
13.614544323078157 -37.64455993602414
13.614613852526725 -37.638238547885926
13.614683363544197 -37.63191715966135
13.614752856136974 -37.62559577135045
13.61482233031145 -37.61927438295326
13.615238788931576 -37.58134605075973
13.615377461414527 -37.56870327267299
13.619750500503299 -37.74574578547764
13.619819783992709 -37.73942439293907
13.619889049092015 -37.733103000314976
13.619958295807617 -37.72678160760539
13.620027524145906 -37.72046021481033
13.620096734113275 -37.71413882192984
13.620165925716112 -37.70781742896396
13.620235098960798 -37.701496035912726
13.62030425385372 -37.695174642776145
13.62037339040125 -37.68885324955427
13.620442508609768 -37.682531856247095
13.620511608485645 -37.67621046285471
13.620580690035249 -37.6698890693771
13.620649753264946 -37.66356767581432
13.620718798181098 -37.65724628216639
13.620787824790064 -37.650924888433345
13.620856833098202 -37.64460349461522
13.620925823111865 -37.638282100712026
13.620994794837403 -37.63196070672382
13.621063748281161 -37.625639312650634
13.626002908410317 -37.75211049466619
13.626071668420293 -37.74578909647051
13.626140410177582 -37.73946769819063
13.626209133688533 -37.73314629982653
13.626277838959497 -37.72682490137827
13.626346525996816 -37.7205035028459
13.626415194806828 -37.714182104229415
13.626483845395875 -37.70786070552887
13.626552477770291 -37.70153930674428
13.626621091936405 -37.695217907875694
13.626689687900546 -37.68889650892313
13.626758265669041 -37.68257510988663
13.626826825248212 -37.676253710766204
13.626895366644376 -37.66993231156191
13.626963889863854 -37.663610912273754
13.62703239491295 -37.65728951290178
13.627100881797983 -37.65096811344601
13.627169350525255 -37.644646713906496
13.62723780110107 -37.638325314283236
13.62730623353173 -37.632003914576295
13.62737464782353 -37.62568251478568
13.63225638935596 -37.75847487514648
13.632324625602228 -37.75215347133616
13.632392843733323 -37.74583206744289
13.632461043755548 -37.73951066346674
13.632529225675203 -37.73318925940771
13.632597389498587 -37.72686785526584
13.632665535231993 -37.72054645104116
13.632733662881714 -37.7142250467337
13.632801772454036 -37.7079036423435
13.632869863955241 -37.70158223787058
13.632937937391615 -37.69526083331497
13.633005992769437 -37.68893942867671
13.633074030094978 -37.682618023955825
13.633142049374513 -37.67629661915234
13.633210050614311 -37.669975214266294
13.633278033820638 -37.663653809297706
13.63334599899976 -37.65733240424662
13.633413946157932 -37.65101099911306
13.633481875301413 -37.644689593897056
13.63354978643646 -37.63836818859863
13.63361767956932 -37.632046783217824
13.633685554706243 -37.625725377754684
13.633753411853474 -37.61940397220919
13.63409242796258 -37.587796943248044
13.63416017730262 -37.581475537209265
13.638510943716078 -37.764838926786275
13.63857865591423 -37.758517517403774
13.638646350134824 -37.752196107939625
13.638714026384115 -37.74587469839385
13.638781684668356 -37.73955328876651
13.638849324993796 -37.7332318790576
13.638916947366685 -37.726910469267146
13.638984551793264 -37.72058905939521
13.639052138279775 -37.7142676494418
13.639119706832457 -37.707946239406965
13.639187257457541 -37.7016248292907
13.639254790161266 -37.69530341909307
13.639322304949854 -37.68898200881409
13.639389801829534 -37.682660598453786
13.639457280806527 -37.6763391880122
13.639524741887053 -37.670017777489356
13.63959218507733 -37.66369636688527
13.63965961038357 -37.6573749562
13.639727017811982 -37.651053545433555
13.639794407368775 -37.64473213458597
13.639861779060155 -37.638410723657294
13.63992913289232 -37.63208931264752
13.63999646887147 -37.6257679015567
13.640400110179765 -37.587839433311416
13.640467321361102 -37.58151802165409
13.640534514738901 -37.57519660991595
13.64060169031933 -37.56887519809702
13.644900929757789 -37.75855981954857
13.644968081949811 -37.75223840447569
13.6450352163144 -37.74591698932249
13.645102332857757 -37.73959557408901
13.645169431586085 -37.73327415877527
13.645236512505582 -37.7269527433813
13.64530357562244 -37.72063132790712
13.645370620942852 -37.714309912352796
13.645437648473003 -37.70798849671831
13.64550465821908 -37.70166708100373
13.645571650187264 -37.69534566520906
13.645638624383736 -37.68902424933434
13.645705580814669 -37.6827028333796
13.645772519486236 -37.67638141734488
13.64583944040461 -37.670060001230176
13.645906343575954 -37.66373858503555
13.645973229006433 -37.65741716876103
13.646040096702208 -37.65109575240662
13.646106946669436 -37.64477433597237
13.646173778914273 -37.63845291945832
13.64624059344287 -37.63213150286446
13.646307390261375 -37.62581008619085
13.646641108917516 -37.594203001627506
13.646707799604423 -37.58788158447597
13.646774472624193 -37.58156016724489
13.646841127982954 -37.57523874993429
13.646907765686825 -37.568917332544196
13.646974385741924 -37.562595915074624
13.647107572930269 -37.549953079897236
13.651089937431863 -37.77124462261585
13.651156582978027 -37.764923202137446
13.651223210828316 -37.758601781579976
13.651289820988888 -37.75228036094346
13.651356413465898 -37.7459589402279
13.6514229882655 -37.739637519433344
13.651489545393844 -37.733316098559825
13.651556084857077 -37.72699467760737
13.651622606661345 -37.72067325657601
13.651689110812788 -37.71435183546577
13.65175559731754 -37.70803041427667
13.651822066181744 -37.70170899300875
13.651888517411525 -37.695387571662046
13.651954951013016 -37.68906615023658
13.65202136699234 -37.68274472873237
13.652087765355622 -37.676423307149456
13.652154146108982 -37.67010188548787
13.652220509258536 -37.66378046374763
13.652286854810399 -37.65745904192878
13.652353182770682 -37.651137620031335
13.65241949314549 -37.64481619805533
13.652485785940934 -37.63849477600079
13.65255206116311 -37.63217335386775
13.653015496178856 -37.587923396740806
13.65308163103422 -37.581601973980774
13.653213848195579 -37.56895912822603
13.653345995331572 -37.55631628215853
13.657413310171465 -37.771286255573926
13.65747941339543 -37.76496482957441
13.657545499067492 -37.758643403497096
13.65761156719376 -37.752321977342
13.657677617780339 -37.74600055110916
13.657743650833334 -37.73967912479862
13.657809666358844 -37.73335769841038
13.657875664362967 -37.727036271944485
13.657941644851796 -37.72071484540097
13.658007607831424 -37.714393418779835
13.658073553307936 -37.70807199208114
13.658139481287419 -37.70175056530489
13.658205391775958 -37.69542913845114
13.658271284779625 -37.6891077115199
13.658337160304503 -37.68278628451119
13.658403018356662 -37.67646485742506
13.658468858942173 -37.670143430261525
13.658534682067105 -37.66382200302063
13.658600487737518 -37.65750057570238
13.658666275959476 -37.65117914830681
13.658732046739036 -37.64485772083395
13.658797800082255 -37.63853629328384
13.658863535995184 -37.6322148656565
13.6594543758457 -37.57532201353971
13.659519937787962 -37.56900058514163
13.659585482366316 -37.562679156666626
13.663671111714137 -37.77764897972558
13.663736690027058 -37.77132754832661
13.66380225092599 -37.765006116851076
13.663867794416992 -37.75868468529902
13.663933320506127 -37.752363253670445
13.663998829199446 -37.74604182196541
13.664064320503005 -37.739720390183926
13.664129794422854 -37.73339895832603
13.664195250965042 -37.72707752639174
13.66426069013561 -37.72075609438109
13.6643261119406 -37.71443466229411
13.66439151638605 -37.70811323013082
13.664456903477994 -37.70179179789126
13.66452227322247 -37.695470365575446
13.6645876256255 -37.68914893318341
13.664652960693116 -37.682827500715184
13.664718278431337 -37.676506068170795
13.664783578846189 -37.67018463555027
13.664848861943682 -37.66386320285363
13.664914127729835 -37.65754177008092
13.66497937621066 -37.651220337232154
13.665044607392163 -37.644898904307354
13.665109821280353 -37.638577471306576
13.665175017881232 -37.63225603822982
13.665565834788728 -37.594327438175505
13.665630910546252 -37.588006004567745
13.665761010349085 -37.57536313712503
13.665826034406345 -37.56904170329012
13.665891041242132 -37.562720269379554
13.670060076940274 -37.77136850087302
13.670125095511361 -37.765047063966584
13.670190096818496 -37.75872562698487
13.670255080867689 -37.752404189927915
13.670320047664942 -37.74608275279576
13.670384997216264 -37.73976131558841
13.67044992952765 -37.7334398783059
13.670514844605096 -37.72711844094826
13.670579742454603 -37.72079700351553
13.670644623082156 -37.71447556600771
13.670709486493745 -37.70815412842484
13.670774332695357 -37.70183269076696
13.670839161692973 -37.695511253034084
13.670903973492573 -37.68918981522624
13.670968768100133 -37.68286837734347
13.671033545521626 -37.67654693938579
13.671098305763024 -37.670225501353215
13.671163048830294 -37.66390406324579
13.6712277747294 -37.65758262506354
13.671292483466306 -37.65126118680649
13.67135717504697 -37.64493974847467
13.671421849477348 -37.63861831006811
13.671486506763392 -37.632296871586824
13.671551146911051 -37.62597543303085
13.671809536236767 -37.60068967806063
13.671874090781662 -37.59436823913162
13.671938628223815 -37.5880468001281
13.672003148569155 -37.58172536105007
13.6721321379931 -37.56908248267064
13.676383470852743 -37.77140911321227
13.676447947093198 -37.76508767092004
13.676512406213682 -37.758766228553775
13.676576848220147 -37.752444786113536
13.676641273118554 -37.746123343599315
13.676705680914852 -37.73980190101116
13.676770071614992 -37.733480458349106
13.676834445224923 -37.727159015613175
13.67689880175059 -37.72083757280337
13.67696314119793 -37.71451612991975
13.677027463572886 -37.70819468696232
13.67709176888139 -37.701873243931125
13.677156057129375 -37.69555180082619
13.677220328322772 -37.68923035764752
13.677284582467509 -37.68290891439516
13.677348819569504 -37.67658747106915
13.677413039634684 -37.670266027669484
13.677477242668965 -37.66394458419622
13.67754142867826 -37.65762314064936
13.677605597668485 -37.651301697028956
13.677669749645545 -37.644980253335014
13.67773388461535 -37.63865880956758
13.6777980025838 -37.632337365726656
13.6778621035568 -37.6260159218123
13.677926187540244 -37.61969447782451
13.67799025454003 -37.61337303376333
13.678054304562044 -37.60705158962878
13.67811833761218 -37.6007301454209
13.678182353696325 -37.59440870113969
13.67824635282036 -37.58808725678521
13.678310334990163 -37.58176581235746
13.682706871706094 -37.771449385343516
13.682770805613156 -37.765127937710574
13.682834722544223 -37.75880649000487
13.682898622505201 -37.75248504222641
13.682962505501997 -37.746163594375226
13.683026371540517 -37.73984214645135
13.683090220626658 -37.733520698454804
13.683154052766316 -37.7271992503856
13.68321786796539 -37.72087780224379
13.683281666229764 -37.714556354029384
13.683345447565333 -37.7082349057424
13.68340921197798 -37.7019134573829
13.683472959473585 -37.695592008950875
13.683536690058032 -37.689270560446374
13.683600403737197 -37.68294911186942
13.683664100516953 -37.67662766322002
13.683727780403169 -37.670306214498225
13.683791443401718 -37.66398476570405
13.683855089518461 -37.657663316837535
13.683918718759264 -37.65134186789868
13.683982331129984 -37.645020418887526
13.684045926636479 -37.63869896980412
13.684109505284603 -37.63237752064847
13.684173067080206 -37.62605607142058
13.684236612029135 -37.619734622120504
13.684300140137237 -37.61341317274827
13.684363651410354 -37.6070917233039
13.684427145854327 -37.60077027378741
13.684554084278178 -37.58812737453822
13.68461752826972 -37.58180592480555
13.684680955455448 -37.57548447500088
13.689030279441956 -37.77148931726585
13.689157045751797 -37.75884641133729
13.689220403664551 -37.752524958265695
13.689283744757002 -37.74620350512264
13.689347069035009 -37.739882051908076
13.689410376504412 -37.73356059862209
13.689473667171066 -37.727239145264676
13.689536941040814 -37.720917691835886
13.689600198119495 -37.714596238335716
13.689663438412946 -37.70827478476422
13.689789868667509 -37.69563187740731
13.689853058640281 -37.68931042362195
13.689916231851152 -37.68298896976536
13.689979388305943 -37.67666751583755
13.69004252801048 -37.67034606183857
13.690105650970576 -37.66402460776844
13.69016875719205 -37.65770315362717
13.690231846680716 -37.651381699414806
13.690294919442378 -37.64506024513136
13.690357975482849 -37.63873879077688
13.690421014807931 -37.63241733635136
13.690484037423426 -37.626095881854845
13.690547043335132 -37.61977442728735
13.690610032548845 -37.61345297264892
13.690673005070355 -37.607131517939585
13.690735960905457 -37.60081006315933
13.690924728350153 -37.581845698393494
13.695479375778078 -37.75888599255017
13.695604990825286 -37.74624307584067
13.695667773340066 -37.739921617380524
13.695730539190025 -37.733600158850145
13.695793288380965 -37.72727870024958
13.695856020918677 -37.72095724157883
13.69604411867036 -37.701992865145805
13.696106784653054 -37.69567140619462
13.69616943401145 -37.68934994717338
13.696232066751326 -37.68302848808214
13.696294682878456 -37.67670702892089
13.696357282398612 -37.67038556968968
13.69641986531756 -37.66406411038853
13.696482431641071 -37.65774265101744
13.696544981374903 -37.65142119157648
13.69660751452482 -37.64509973206567
13.696670031096575 -37.63877827248499
13.696732531095925 -37.63245681283451
13.696795014528625 -37.62613535311424
13.696857481400418 -37.61981389332421
13.696919931717055 -37.61349243346444
13.696982365484276 -37.607170973534956
13.697044782707822 -37.60084951353579
13.697107183393435 -37.59452805346697
13.697169567546842 -37.58820659332851
13.701863986372926 -37.75260377012012
13.701926243648574 -37.74628230652848
13.701988484397436 -37.73996084286781
13.702050708625263 -37.73363937913811
13.70223728223999 -37.71467498753517
13.70236158214992 -37.70203205945525
13.702423707372127 -37.695710595311965
13.70248581611347 -37.689389131099844
13.702547908379673 -37.68306766681892
13.702609984176465 -37.67674620246919
13.702672043509565 -37.670424738050684
13.702734086384694 -37.66410327356347
13.702796112807567 -37.65778180900752
13.702858122783896 -37.65146034438288
13.702920116319396 -37.645138879689576
13.702982093419768 -37.63881741492764
13.703044054090723 -37.63249595009709
13.703105998337959 -37.62617448519794
13.703167926167177 -37.61985302023023
13.703229837584075 -37.61353155519399
13.703291732594346 -37.607210090089225
13.703353611203676 -37.600888624915974
13.703415473417762 -37.59456715967427
13.703477319242282 -37.588245694364126
13.703539148682921 -37.581924228985564
13.708000543360901 -37.77160707177106
13.708062307907216 -37.76528560322646
13.708124056053462 -37.758964134613954
13.708185787805348 -37.752642665933536
13.70824750316858 -37.74632119718525
13.708309202148861 -37.739999728369106
13.708370884751892 -37.73367825948515
13.708432550983366 -37.7273567905334
13.708494200848984 -37.72103532151387
13.70855583435443 -37.71471385242659
13.708617451505399 -37.708392383271594
13.708679052307572 -37.70207091404888
13.708740636766633 -37.69574944475851
13.708802204888265 -37.6894279754005
13.708863756678145 -37.683106505974855
13.708925292141947 -37.676785036481604
13.70898681128534 -37.67046356692079
13.709048314113998 -37.66414209729243
13.709109800633584 -37.65782062759653
13.709171270849765 -37.65149915783314
13.709232724768201 -37.64517768800228
13.709294162394546 -37.63885621810397
13.709355583734459 -37.632534748138234
13.70941698879359 -37.6262132781051
13.709478377577593 -37.61989180800458
13.70953975009211 -37.61357033783671
13.70960110634279 -37.607248867601534
13.70966244633527 -37.60092739729904
13.709723770075191 -37.594605926929276
13.70978507756819 -37.588284456492254
13.7098463688199 -37.58196298598802
13.714262739581901 -37.777967116442355
13.714323978043094 -37.77164564284938
13.714385200242544 -37.76532416918965
13.71444640618591 -37.759002695463174
13.714507595878855 -37.75268122167
13.714568769327029 -37.74635974781013
13.714629926536086 -37.7400382738836
13.714691067511678 -37.73371679989044
13.714752192259452 -37.727395325830656
13.714813300785048 -37.7210738517043
13.714874393094112 -37.71475237751135
13.71493546919228 -37.708430903251895
13.714996529085193 -37.70210942892591
13.715057572778477 -37.69578795453343
13.71511860027777 -37.68946648007449
13.71517961158869 -37.68314500554912
13.715240606716872 -37.67682353095732
13.715301585667932 -37.67050205629913
13.715362548447493 -37.66418058157458
13.715423495061168 -37.65785910678368
13.715484425514575 -37.65153763192646
13.715545339813321 -37.64521615700294
13.715606237963017 -37.63889468201316
13.715667119969268 -37.63257320695713
13.715727985837676 -37.626251731834884
13.715788835573845 -37.61993025664644
13.715849669183367 -37.61360878139182
13.71591048667184 -37.60728730607105
13.715971288044855 -37.60096583068415
13.716032073308 -37.59464435523116
13.716092842466864 -37.588322879712095
13.716275053373584 -37.569358452758685
13.72058672334827 -37.77800535237879
13.720647419315938 -37.7716838737146
13.720708099165899 -37.76536239498485
13.720768762903765 -37.75904091618952
13.720829410535142 -37.752719437328665
13.720890042065639 -37.74639795840229
13.720950657500852 -37.740076479410455
13.721011256846388 -37.733755000353135
13.721071840107841 -37.72743352123038
13.721132407290805 -37.72111204204223
13.721192958400872 -37.71479056278866
13.72125349344363 -37.70846908346975
13.721314012424667 -37.70214760408548
13.721374515349565 -37.69582612463591
13.721435002223904 -37.68950464512103
13.721495473053263 -37.68318316554089
13.721555927843218 -37.6768616858955
13.72161636659934 -37.670540206184896
13.721676789327196 -37.664218726409096
13.72173719603236 -37.65789724656812
13.72179758672039 -37.651575766662
13.721857961396848 -37.645254286690744
13.721918320067294 -37.638932806654395
13.721978662737287 -37.63261132655296
13.722038989412376 -37.626289846386484
13.722099300098112 -37.61996836615498
13.722159594800047 -37.613646885858465
13.72221987352372 -37.60732540549695
13.722280136274678 -37.60100392507051
13.722340383058457 -37.594682444579114
13.722400613880597 -37.58836096402281
13.72246082874663 -37.58203948340164
13.726910713649515 -37.77804324805619
13.726970867121056 -37.77172176436593
13.72703100461893 -37.765400280611246
13.727091126148693 -37.75907879679217
13.727151231715908 -37.75275731290873
13.727211321326125 -37.746435828960934
13.727271394984903 -37.740114344948836
13.727331452697788 -37.73379286087243
13.727391494470329 -37.727471376731756
13.727451520308065 -37.72114989252683
13.727511530216544 -37.71482840825768
13.727571524201304 -37.70850692392432
13.727631502267878 -37.70218543952679
13.727691464421799 -37.6958639550651
13.727751410668603 -37.689542470539294
13.727811341013814 -37.683220985949355
13.727871255462956 -37.676899501295345
13.727931154021556 -37.67057801657729
13.727991036695132 -37.664256531795175
13.7280509034892 -37.657935046949056
13.728110754409276 -37.651613562038946
13.72817058946087 -37.645292077064866
13.728230408649493 -37.63897059202686
13.72829021198065 -37.63264910692492
13.728349999459846 -37.62632762175909
13.72840977109258 -37.62000613652938
13.728469526884352 -37.613684651235836
13.728529266840658 -37.60736316587845
13.728588990966989 -37.60104168045727
13.728648699268835 -37.594720194972325
13.728708391751686 -37.58839870942361
13.728887374341094 -37.569434252395176
13.729006617072868 -37.556791280724546
13.73323471042724 -37.778080803473756
13.733294321400075 -37.77175931480252
13.733353916543281 -37.76543782606803
13.733413495862367 -37.75911633727031
13.733473059362844 -37.752794848409366
13.733532607050213 -37.74647335948525
13.733592138929978 -37.74015187049795
13.73365165500764 -37.73383038144752
13.733711155288695 -37.727508892333965
13.73377063977864 -37.72118740315731
13.733830108482962 -37.7148659139176
13.733889561407153 -37.70854442461482
13.7339489985567 -37.702222935249026
13.734008419937084 -37.69590144582023
13.734067825553787 -37.68957995632845
13.734127215412288 -37.683258466773715
13.73418658951806 -37.676936977156046
13.73424594787658 -37.670615487475466
13.734305290493314 -37.66429399773201
13.734364617373732 -37.65797250792568
13.734423928523297 -37.651651018056505
13.734483223947473 -37.64532952812452
13.734542503651719 -37.63900803812974
13.73460176764149 -37.632686548072186
13.734661015922242 -37.626365057951894
13.734720248499425 -37.62004356776887
13.734779465378487 -37.61372207752314
13.734838666564878 -37.60740058721473
13.734897852064037 -37.60107909684367
13.734957021881408 -37.59475760640998
13.73525263593165 -37.56315015330281
13.735311711772384 -37.55682866249381
13.739558713623047 -37.77811801863067
13.739617782094621 -37.7717965250236
13.739676834880605 -37.76547503135441
13.739735871986461 -37.759153537623135
13.739794893417645 -37.75283204382979
13.739853899179614 -37.7465105499744
13.739912889277818 -37.740189056057
13.73997186371771 -37.73386756207759
13.740030822504735 -37.727546068036204
13.740089765644338 -37.72122457393288
13.740148693141961 -37.714903079767616
13.740207605003041 -37.70858158554044
13.740266501233018 -37.7022600912514
13.740325381837321 -37.69593859690048
13.740384246821385 -37.68961710248772
13.740443096190639 -37.683295608013154
13.740501929950502 -37.676974113476795
13.740560748106404 -37.67065261887866
13.740619550663762 -37.66433112421878
13.740678337627998 -37.65800962949718
13.740737109004522 -37.65168813471387
13.740795864798747 -37.64536663986889
13.740854605016084 -37.639045144962246
13.740913329661941 -37.63272364999397
13.740972038741722 -37.6264021549641
13.741030732260828 -37.62008065987261
13.741089410224658 -37.613759164719575
13.741148072638609 -37.60743766950499
13.741206719508073 -37.60111617422889
13.741265350838443 -37.594794678891276
13.741558274592395 -37.56318720128159
13.741616812801267 -37.556865705575476
13.74167533550871 -37.550544209808024
13.745882723178537 -37.77815489352615
13.745941249146316 -37.77183339502835
13.745999759572548 -37.765511896469576
13.746058254462643 -37.75919039784985
13.746116733822006 -37.752868899169194
13.746175197656047 -37.74654740042762
13.746233645970166 -37.74022590162518
13.746292078769761 -37.73390440276186
13.74635049606023 -37.72758290383769
13.74640889784697 -37.721261404852726
13.74646728413537 -37.714939905806936
13.746525654930823 -37.70861840670039
13.746584010238708 -37.70229690753308
13.746642350064414 -37.69597540830505
13.746700674413322 -37.68965390901631
13.74675898329081 -37.68333240966689
13.746817276702254 -37.6770109102568
13.746875554653025 -37.67068941078607
13.746933817148498 -37.664367911254715
13.746992064194037 -37.65804641166278
13.74705029579501 -37.65172491201025
13.747108511956778 -37.64540341229719
13.747166712684702 -37.63908191252358
13.747224897984138 -37.632760412689485
13.747283067860442 -37.62643891279489
13.747341222318965 -37.62011741283984
13.747399361365058 -37.61379591282435
13.74745748500407 -37.607474412748445
13.74751559324134 -37.60115291261213
13.747573686082216 -37.59483141241546
13.747863919527399 -37.563223910527235
13.747921920101916 -37.55690240996878
13.747979905317356 -37.55058090935011
13.752090725898393 -37.79083443466651
13.75220673903531 -37.77819142815938
13.752264722496784 -37.77186992481599
13.752322690560757 -37.765548421412745
13.752380643232582 -37.75922691794967
13.752438580517621 -37.752905414426785
13.752496502421229 -37.746583910844116
13.752554408948757 -37.74026240720169
13.752612300105556 -37.73394090349953
13.752670175896972 -37.727619399737634
13.752728036328348 -37.72129789591605
13.752785881405028 -37.71497639203479
13.75284371113235 -37.708654888093875
13.75290152551565 -37.70233338409333
13.753017108271525 -37.68969037591343
13.753074876654756 -37.683368871734125
13.753132629715285 -37.67704736749528
13.753190367458439 -37.67072586319691
13.753248089889535 -37.664404358839036
13.75330579701389 -37.65808285442168
13.753363488836825 -37.65176134994487
13.753421165363651 -37.645439845408625
13.753478826599675 -37.63911834081298
13.75353647255021 -37.63279683615794
13.753594103220557 -37.626475331443515
13.75365171861602 -37.62015382666977
13.7537093187419 -37.61383232183668
13.75376690360349 -37.6075108169443
13.753824473206091 -37.60118931199264
13.754227033616745 -37.55693877567293
13.754284481337713 -37.5506172702478
13.758358346703005 -37.79719214660855
13.758415833447959 -37.79087063864103
13.758473304923507 -37.78454913061469
13.758530761134965 -37.77822762252959
13.758588202087651 -37.77190611438573
13.758645627786876 -37.765584606183126
13.758703038237952 -37.7592630979218
13.758760433446183 -37.75294158960179
13.758817813416877 -37.7466200812231
13.758875178155336 -37.740298572785775
13.758932527666856 -37.7339770642898
13.758989861956739 -37.72765555573525
13.759047181030276 -37.72133404712209
13.75910448489276 -37.71501253845037
13.759161773549481 -37.708691029720114
13.759219047005724 -37.70236952093134
13.759276305266775 -37.696048012084056
13.759333548337914 -37.6897265031783
13.75939077622442 -37.68340499421407
13.75944798893157 -37.67708348519144
13.759505186464635 -37.67076197611038
13.759562368828888 -37.66444046697092
13.7596195360296 -37.658118957773105
13.759676688072034 -37.65179744851694
13.759733824961453 -37.64547593920244
13.75979094670312 -37.63915442982964
13.759848053302289 -37.632832920398556
13.759905144764222 -37.62651141090921
13.759962221094165 -37.62018990136162
13.760019282297373 -37.61386839175581
13.760076328379093 -37.607546882091796
13.760133359344568 -37.601225372369605
13.764684003385673 -37.79722801498765
13.764740947186938 -37.79090650226146
13.76479787586299 -37.78458498947758
13.764854789419102 -37.778263476636006
13.764911687860536 -37.77194196373679
13.764968571192556 -37.76562045077994
13.765025439420418 -37.759298937765486
13.765082292549383 -37.75297742469342
13.765139130584704 -37.746655911563806
13.765195953531634 -37.740334398376646
13.765252761395425 -37.73401288513195
13.765309554181318 -37.727691371829756
13.765366331894564 -37.72136985847007
13.7654230945404 -37.71504834505293
13.76547984212407 -37.708726831578346
13.765536574650804 -37.70240531804634
13.765593292125843 -37.69608380445693
13.765649994554414 -37.68976229081014
13.765706681941747 -37.683440777106
13.765763354293071 -37.67711926334452
13.765820011613608 -37.67079774952574
13.76587665390858 -37.66447623564965
13.765933281183202 -37.65815472171629
13.765989893442693 -37.6518332077257
13.766046490692268 -37.645511693677854
13.766103072937138 -37.6391901795728
13.76615964018251 -37.63286866541056
13.766216192433587 -37.62654715119117
13.76627272969558 -37.620225636914604
13.766329251973685 -37.613904122580934
13.766385759273097 -37.60758260819015
13.76683727905856 -37.55701049101069
13.770953250360382 -37.803585060349846
13.771009666201747 -37.79726354296676
13.771066067056879 -37.79094202552706
13.771122452931 -37.784620508030756
13.77117882382932 -37.778298990477865
13.771235179757063 -37.77197747286842
13.771291520719437 -37.76565595520244
13.77134784672165 -37.759334437479936
13.771404157768913 -37.75301291970094
13.771460453866428 -37.74669140186547
13.771516735019398 -37.74036988397352
13.771573001233023 -37.73404836602517
13.771629252512499 -37.727726848020396
13.771685488863021 -37.721405329959225
13.771741710289781 -37.71508381184167
13.77179791679797 -37.70876229366779
13.771854108392771 -37.702440775437566
13.771910285079372 -37.696119257151025
13.771966446862951 -37.6897977388082
13.77202259374869 -37.68347622040911
13.772078725741766 -37.67715470195377
13.772134842847352 -37.67083318344221
13.77219094507062 -37.664511664874446
13.772247032416736 -37.658190146250476
13.77230310489087 -37.65186862757036
13.772359162498184 -37.645547108834094
13.772415205243842 -37.639225590041704
13.772471233133 -37.63290407119322
13.772527246170814 -37.62658255228864
13.772583244362442 -37.620261033328006
13.772639227713032 -37.61393951431133
13.772918922030534 -37.58233191838805
13.773030696050284 -37.56968887962717
13.773086560857719 -37.5633673601629
13.777223574748469 -37.80994177459461
13.777279462344191 -37.80362025259764
13.777335335092756 -37.79729873054511
13.777391192999337 -37.79097720843705
13.777447036069102 -37.784655686273474
13.77750286430722 -37.7783341640544
13.777558677718853 -37.77201264177985
13.777614476309166 -37.76569111944985
13.777670260083317 -37.759369597064406
13.777726029046464 -37.75304807462355
13.777781783203759 -37.7467265521273
13.77783752256036 -37.74040502957569
13.77789324712141 -37.73408350696871
13.777948956892061 -37.727761984306404
13.778004651877453 -37.72144046158879
13.778060332082731 -37.71511893881588
13.778115997513034 -37.7087974159877
13.778171648173497 -37.702475893104264
13.778227284069258 -37.696154370165594
13.778282905205446 -37.689832847171715
13.77833851158719 -37.68351132412266
13.77839410321962 -37.67718980101843
13.778449680107856 -37.67086827785904
13.778505242257022 -37.664546754644526
13.778560789672238 -37.658225231374914
13.77861632235862 -37.6519037080502
13.778671840321282 -37.64558218467042
13.778727343565334 -37.63926066123559
13.77878283209589 -37.63293913774574
13.778838305918052 -37.62661761420087
13.778893765036925 -37.62029609060103
13.778949209457613 -37.613974566946204
13.779060054224825 -37.601331519471756
13.779281567605208 -37.57604542386412
13.779336909281229 -37.569723899825114
13.779392236299788 -37.563402375731286
13.779447548665964 -37.557080851582676
13.783550335990636 -37.80997663102106
13.783605680346861 -37.80365510439875
13.783661010000229 -37.79733357772194
13.78371632495586 -37.791012050990695
13.783771625218877 -37.78469052420498
13.783826910794394 -37.77836899736486
13.783882181687526 -37.77204747047032
13.783937437903386 -37.76572594352141
13.783992679447085 -37.759404416518144
13.784047906323725 -37.75308288946052
13.784103118538415 -37.74676136234858
13.784158316096256 -37.74043983518234
13.784213499002348 -37.73411830796182
13.784268667261786 -37.727796780687044
13.784323820879667 -37.72147525335801
13.78437895986108 -37.71515372597477
13.784434084211115 -37.708832198537316
13.784489193934863 -37.70251067104568
13.784544289037404 -37.69618914349988
13.784599369523821 -37.68986761589995
13.784654435399194 -37.68354608824589
13.784709486668602 -37.677224560537724
13.784764523337115 -37.670903032775485
13.784819545409809 -37.66458150495918
13.784874552891749 -37.65825997708883
13.784929545788007 -37.65193844916445
13.784984524103647 -37.645616921186075
13.785039487843727 -37.63929539315371
13.78509443701331 -37.6329738650674
13.785149371617452 -37.62665233692713
13.78520429166121 -37.620330808732945
13.785259197149632 -37.61400928048486
13.785314088087768 -37.60768775218286
13.785478673650935 -37.58872316695383
13.785533506438382 -37.58240163843652
13.785588324700756 -37.57608010986542
13.78564312844309 -37.569758581240556
13.78569791767042 -37.56343705256195
13.785752692387774 -37.557115523829616
13.785807452600176 -37.55079399504357
13.789822287517561 -37.816332678103976
13.789877103195545 -37.81001114695491
13.789931904309896 -37.80368961575243
13.78998669086569 -37.79736808449652
13.790041462868002 -37.791046553187215
13.790096220321896 -37.78472502182453
13.790150963232444 -37.778403490408486
13.790205691604704 -37.7720819589391
13.790260405443744 -37.765760427416396
13.79031510475462 -37.75943889584039
13.79036978954239 -37.753117364211114
13.79042445981211 -37.746795832528555
13.790479115568829 -37.74047430079277
13.790533756817597 -37.73415276900376
13.790588383563462 -37.72783123716155
13.790642995811467 -37.72150970526615
13.790697593566657 -37.7151881733176
13.790752176834069 -37.7088666413159
13.79080674561874 -37.702545109261074
13.790861299925705 -37.69622357715314
13.790915839759998 -37.68990204499213
13.790970365126645 -37.68358051277806
13.791024876030678 -37.67725898051094
13.791079372477117 -37.67093744819079
13.791133854470985 -37.664615915817635
13.791188322017305 -37.65829438339149
13.791242775121091 -37.65197285091238
13.791297213787361 -37.645651318380324
13.791351638021123 -37.63932978579534
13.79140604782739 -37.63300825315744
13.79146044321117 -37.62668672046666
13.791514824177465 -37.620365187723
13.79156919073128 -37.6140436549265
13.791623542877614 -37.607722122077156
13.791677880621465 -37.601400589175014
13.79173220396783 -37.59507905622007
13.7917865129217 -37.588757523212365
13.791840807488065 -37.582435990151886
13.79189508767191 -37.57611445703869
13.791949353478227 -37.569792923872775
13.792003604911994 -37.563471390654165
13.792057841978195 -37.557149857382875
13.796149604015268 -37.81636685808054
13.796203876304672 -37.810045322395446
13.7962581341748 -37.803723786657955
13.79631237763067 -37.797402250868096
13.79636660667731 -37.7910807150259
13.796420821319733 -37.784759179131385
13.796475021562962 -37.77843764318455
13.796529207412007 -37.77211610718543
13.79658337887188 -37.765794571134045
13.79663753594759 -37.75947303503042
13.796691678644148 -37.75315149887456
13.796745806966552 -37.74682996266649
13.796799920919808 -37.74050842640623
13.796854020508913 -37.734186890093795
13.796908105738867 -37.7278653537292
13.796962176614661 -37.72154381731248
13.79701623314129 -37.71522228084365
13.797070275323742 -37.70890074432272
13.797124303167006 -37.702579207749714
13.797178316676064 -37.69625767112465
13.797232315855899 -37.68993613444756
13.797286300711491 -37.68361459771843
13.797340271247819 -37.67729306093732
13.797394227469855 -37.670971524104225
13.797448169382573 -37.66464998721917
13.797502096990943 -37.65832845028217
13.797556010299934 -37.652006913293256
13.797609909314508 -37.64568537625243
13.797663794039629 -37.63936383915972
13.797717664480258 -37.63304230201515
13.797771520641353 -37.62672076481872
13.797825362527869 -37.62039922757047
13.797879190144759 -37.61407769027043
13.79798680258946 -37.601434615514975
13.79809435801503 -37.58879154055251
13.798148114358 -37.582470002993695
13.79820185646101 -37.5761484653832
13.798255584328995 -37.569826927721024
13.798309297966894 -37.56350539000719
13.802530655259503 -37.810079157341875
13.802584369883073 -37.80375761711457
13.802638070236693 -37.79743607683594
13.802691756325334 -37.79111453650602
13.802745428153964 -37.7847929961248
13.80279908572755 -37.77847145569232
13.802852729051052 -37.7721499152086
13.80290635812944 -37.76582837467366
13.802959972967663 -37.759506834087496
13.803013573570686 -37.753185293450144
13.803067159943456 -37.74686375276164
13.803120732090932 -37.74054221202198
13.80317429001806 -37.73422067123118
13.803227833729785 -37.72789913038926
13.803281363231056 -37.721577589496256
13.80333487852681 -37.71525604855217
13.80338837962199 -37.70893450755704
13.803441866521535 -37.702612966510856
13.803495339230373 -37.69629142541367
13.803548797753443 -37.689969884265466
13.803602242095673 -37.68364834306629
13.80365567226199 -37.67732680181615
13.803709088257317 -37.67100526051507
13.80376249008658 -37.66468371916305
13.803922610627168 -37.64571909480166
13.80397595584135 -37.63939755324615
13.804029286914043 -37.63307601163979
13.804082603850157 -37.626754469982615
13.804135906654595 -37.620432928274646
13.804189195332265 -37.614111386515916
13.80440220887322 -37.588825218973575
13.804455426990504 -37.58250367696123
13.804508631010387 -37.57618213489823
13.804561820937757 -37.569860592784586
13.804614996777497 -37.563539050620314
13.808857440001509 -37.81011265179351
13.808910611376222 -37.803791107121555
13.808963768625286 -37.79746956239933
13.809016911753625 -37.79114801762682
13.809070040766159 -37.78482647280406
13.809123155667798 -37.778504927931074
13.809176256463463 -37.77218338300787
13.80922934315806 -37.76586183803448
13.8092824157565 -37.75954029301089
13.809335474263692 -37.75321874793716
13.809388518684537 -37.746897202813294
13.809441549023937 -37.74057565763929
13.809494565286792 -37.734254112415194
13.809547567477999 -37.72793256714101
13.809600555602453 -37.72161102181676
13.809653529665043 -37.715289476442464
13.809706489670663 -37.70896793101813
13.8097594356242 -37.70264638554381
13.809812367530535 -37.69632484001948
13.809865285394553 -37.69000329444516
13.809918189221134 -37.68368174882091
13.809971079015156 -37.67736020314672
13.810023954781494 -37.67103865742259
13.810235317667427 -37.64575247402732
13.810288123368391 -37.63943092805387
13.810340915070872 -37.63310938203064
13.810393692779728 -37.6267878359576
13.81044645649982 -37.620466289834795
13.810710065438554 -37.588858558474826
13.810815411262377 -37.57621546558307
13.815236858595746 -37.80382425667821
13.815289472737973 -37.79750270755754
13.815342072903732 -37.791181158387616
13.815394659097887 -37.78485960916845
13.815447231325306 -37.77853805990009
13.815499789590854 -37.77221651058253
13.815552333899388 -37.7658949612158
13.815604864255771 -37.759573411799906
13.815657380664858 -37.75325186233488
13.815709883131502 -37.74693031282072
13.815762371660556 -37.74060876325747
13.815814846256869 -37.73428721364514
13.815867306925288 -37.72796566398374
13.815919753670657 -37.72164411427328
13.815972186497817 -37.715322564513805
13.816024605411611 -37.70900101470531
13.816077010416874 -37.70267946484782
13.81612940151844 -37.69635791494136
13.816181778721147 -37.69003636498593
13.816234142029817 -37.68371481498157
13.816286491449286 -37.677393264928284
13.816338826984374 -37.6710717148261
13.81665254889287 -37.633142413186995
13.817017927653325 -37.588891559055554
13.817070069312459 -37.5825700082706
13.817122197159314 -37.57624845743701
13.817174311198679 -37.5699269065548
13.817226411435335 -37.563605355623984
13.82161518251628 -37.797535512309864
13.8216672397172 -37.79121395878767
13.821719283090724 -37.78489240521727
13.821771312641665 -37.77857085159866
13.821823328374844 -37.772249297931864
13.821875330295063 -37.765927744216924
13.821927318407136 -37.75960619045382
13.821979292715868 -37.75328463664258
13.822031253226063 -37.74696308278324
13.822083199942522 -37.740641528875805
13.822135132870045 -37.73431997492028
13.822187052013431 -37.72799842091672
13.82223895737747 -37.72167686686512
13.822290848966958 -37.715355312765475
13.822342726786683 -37.70903375861783
13.822394590841432 -37.7027122044222
13.82244644113599 -37.6963906501786
13.822498277675141 -37.690069095887054
13.822550100463667 -37.68374754154757
13.822601909506343 -37.67742598716016
13.822653704807944 -37.67110443272486
13.822705486373248 -37.66478287824167
13.823377398886532 -37.58260266561102
13.823428988643531 -37.57628111045934
13.823480564735553 -37.569959555260034
13.827889369979927 -37.80388953443765
13.827940897901732 -37.79756797665559
13.827992412135579 -37.7912464188263
13.828043912686239 -37.784924860949786
13.828095399558475 -37.77860330302607
13.82814687275705 -37.77228174505519
13.828198332286727 -37.76596018703712
13.82824977815226 -37.75963862897193
13.828301210358411 -37.75331707085957
13.828352628909931 -37.74699551270013
13.828404033811571 -37.74067395449358
13.828455425068082 -37.73435239623996
13.828506802684212 -37.72803083793927
13.828558166664699 -37.72170927959154
13.828609517014293 -37.71538772119679
13.828660853737729 -37.709066162755015
13.828712176839744 -37.702744604266265
13.828763486325078 -37.69642304573053
13.828814782198462 -37.690101487147835
13.828866064464624 -37.683779928518206
13.828917333128294 -37.67745836984165
13.828968588194197 -37.67113681111819
13.829019829667057 -37.66481525234784
13.829071057551598 -37.65849369353062
13.829122271852537 -37.65217213466655
13.829684733992414 -37.58263498407434
13.82973578565736 -37.576313424649356
13.83426661883585 -37.79760010059403
13.834317590100417 -37.791278538502795
13.834368547826003 -37.784956976365336
13.834419492017322 -37.77863541418164
13.834470422679091 -37.772313851951786
13.834521339816016 -37.76599228967574
13.834623133534174 -37.753349164985174
13.834674010124816 -37.747027602570704
13.834724873209437 -37.74070604011011
13.834775722792733 -37.73438447760344
13.834826558879405 -37.72806291505069
13.834877381474145 -37.721741352451886
13.834928190581644 -37.715419789807044
13.834978986206597 -37.70909822711617
13.835029768353687 -37.70277666437929
13.835080537027599 -37.69645510159643
13.835182033974629 -37.68381197589279
13.835232762257101 -37.67749041297206
13.835283477085117 -37.6711688500054
13.835334178463347 -37.66484728699284
13.835384866396465 -37.65852572393439
13.83543554088914 -37.652204160830074
13.836042588143137 -37.5763454000064
13.836093088333907 -37.57002383630729
13.836143575149364 -37.563702272562544
13.840592345260163 -37.797631884124506
13.840642773553258 -37.79131031781648
13.840693188451585 -37.7849887514632
13.840743589959805 -37.77866718506469
13.840793978082582 -37.77234561862097
13.840945062184844 -37.75338091901869
13.840995396812428 -37.74705935239426
13.841045718077849 -37.74073778572471
13.841096025985754 -37.73441621901006
13.841146320540794 -37.728094652250284
13.841196601747608 -37.721773085445456
13.841246869610844 -37.71545151859555
13.841498008935622 -37.68384368367063
13.841548196834731 -37.67752211655069
13.841598371422691 -37.671200549385794
13.841648532704125 -37.66487898217597
13.841698680683658 -37.65855741492123
13.841748815365907 -37.65223584762159
13.841798936755488 -37.64591428027706
13.842299420568843 -37.582698604366925
13.842349396043188 -37.576377036529784
13.842399358280097 -37.57005546864796
13.84244930728416 -37.56373390072146
13.84249924305996 -37.5574123327503
13.846967962435652 -37.791341756766656
13.847017834504557 -37.785020186242726
13.847067693327515 -37.778698615674514
13.847117538909139 -37.772377045062065
13.847217190366825 -37.7597339037045
13.847266996252102 -37.75341233295941
13.847316788914473 -37.74709076217014
13.84736656835854 -37.740769191336696
13.847416334588901 -37.734447620459115
13.847466087610155 -37.7281260495374
13.847515827426893 -37.72180447857157
13.84756555404371 -37.71548290756164
13.847863636803146 -37.67755348057688
13.847913271148906 -37.671231909258715
13.847962892331402 -37.66491033789657
13.848012500355207 -37.65858876649047
13.848062095224888 -37.65226719504044
13.848111676945015 -37.64594562354649
13.848161245520151 -37.63962405200863
13.848755044771309 -37.56376519013559
13.853293156689142 -37.79137285535266
13.853342485926484 -37.78505128070322
13.853391802062042 -37.778729706010445
13.853539671903619 -37.75976498167251
13.853588935677639 -37.75344340680669
13.853638186372663 -37.747121831897644
13.853687423993243 -37.7408002569454
13.85373664854393 -37.73447868194996
13.853785860029266 -37.728157106911354
13.8538350584538 -37.721835531829576
13.85422817620575 -37.671262929623474
13.854277257287187 -37.66494135415395
13.854326325353144 -37.65861977864145
13.85437538040814 -37.652298203085955
13.854424422456693 -37.64597662748749
13.859667142658939 -37.78508203484402
13.859715916104982 -37.77876045607183
13.859764676597914 -37.772438877257315
13.859813424142246 -37.76611729840047
13.859862158742486 -37.75979571950132
13.859910880403138 -37.753474140559874
13.859959589128705 -37.747152561576144
13.86000828492369 -37.74083098255016
13.860056967792593 -37.73450940348193
13.860105637739906 -37.72818782437145
13.86015429477013 -37.72186624521878
13.86034879380991 -37.69657992818621
13.860397386322013 -37.690258348822674
13.860445965943944 -37.68393676941702
13.860494532680182 -37.67761518996926
13.860543086535206 -37.67129361047941
13.860591627513488 -37.664972030947496
13.860640155619503 -37.658650451373504
13.86068867085772 -37.65232887175747
13.860737173232607 -37.646007292099405
13.860785662748631 -37.639685712399334
13.865991804643489 -37.78511244866447
13.866040035397925 -37.77879086585799
13.866184650825085 -37.759826117190265
13.866232830370281 -37.75350453421829
13.866280997124306 -37.747182951204955
13.86632915109161 -37.740861368150306
13.866377292276644 -37.734539785054345
13.866425420683852 -37.72821820191708
13.866473536317681 -37.72189661873855
13.866521639182572 -37.715575035518725
13.866569729282967 -37.70925345225768
13.866617806623301 -37.702931868955375
13.866665871208012 -37.69661028561187
13.866713923041532 -37.69028870222714
13.866761962128296 -37.68396711880122
13.866809988472728 -37.67764553533414
13.86685800207926 -37.67132395182588
13.866906002952312 -37.665002368276504
13.866953991096313 -37.65868078468597
13.867001966515678 -37.65235920105434
13.867049929214831 -37.646037617381594
13.867097879198182 -37.63971603366777
13.867385312313553 -37.60178653052291
13.8723164718217 -37.78514252216391
13.872411835278339 -37.77249934853223
13.872554785520755 -37.75353458778128
13.872602410301173 -37.74721300078344
13.872650022438734 -37.74089141374519
13.872697621937839 -37.73456982666657
13.87274520880288 -37.72824823954757
13.872792783038255 -37.72192665238821
13.872840344648358 -37.715605065188505
13.872887893637577 -37.70928347794848
13.872935430010296 -37.70296189066813
13.872982953770908 -37.696640303347486
13.873030464923794 -37.690318715986564
13.873077963473333 -37.68399712858537
13.87312544942391 -37.67767554114393
13.873172922779897 -37.67135395366224
13.873220383545673 -37.66503236614033
13.873267831725608 -37.65871077857821
13.873315267324076 -37.65238919097589
13.873362690345441 -37.6460676033334
13.873410100794073 -37.63974601565074
13.87364696459892 -37.608138076635484
13.87369429970273 -37.60181648871214
13.873741622264316 -37.59549490074873
13.873788932288022 -37.58917331274529
13.87868828950018 -37.7788506646021
13.878829650488127 -37.75988589214597
13.878876745796243 -37.753564301248204
13.878923828601014 -37.74724271031094
13.878970898906793 -37.74092111933419
13.879017956717929 -37.73459952831796
13.879065002038768 -37.72827793726227
13.879112034873653 -37.72195634616715
13.87915905522693 -37.71563475503258
13.879206063102936 -37.709313163858596
13.879253058506013 -37.70299157264524
13.87930004144049 -37.69666998139247
13.87934701191071 -37.69034839010033
13.879393969920999 -37.68402679876883
13.879440915475687 -37.67770520739801
13.879487848579103 -37.671383615987835
13.87953476923557 -37.66506202453836
13.879581677449416 -37.65874043304957
13.879628573224958 -37.65241884152151
13.879675456566515 -37.64609724995419
13.88000329216823 -37.60184610788449
13.880050076193148 -37.59552451600351
13.88009684782286 -37.58920292408339
13.88014360706166 -37.582881332124146
13.884965821525375 -37.78520164819722
13.885012424192675 -37.77888005355876
13.885105592401624 -37.766236864165855
13.885152157951891 -37.75991526941145
13.885198711138425 -37.75359367461844
13.885245251965534 -37.74727207978684
13.885291780437516 -37.74095048491664
13.885338296558666 -37.73462889000788
13.885384800333288 -37.72830729506056
13.885431291765672 -37.721985700074704
13.885477770860112 -37.715664105050315
13.885524237620897 -37.709342509987415
13.885570692052315 -37.70302091488601
13.885617134158654 -37.69669931974613
13.885663563944197 -37.69037772456778
13.885709981413227 -37.68405612935097
13.885756386570021 -37.67773453409572
13.88580277941886 -37.671412938802035
13.885849159964017 -37.66509134346994
13.885895528209769 -37.65876974809944
13.885941884160381 -37.65244815269056
13.88598822782013 -37.646126557243306
13.886312289652285 -37.601875388039325
13.886358535138545 -37.5955537922856
13.886404768372268 -37.58923219649364
13.891336563901534 -37.77890910223763
13.891428647143302 -37.76626590513995
13.891474670426028 -37.759944306534514
13.89152068148899 -37.75362270789135
13.89156668033644 -37.74730110921049
13.891612666972629 -37.74097951049194
13.891658641401806 -37.734657911735695
13.89170460362822 -37.728336312941806
13.89175055365611 -37.722014714110266
13.891796491489723 -37.71569311524109
13.891842417133299 -37.709371516334286
13.891888330591074 -37.70304991738988
13.891934231867285 -37.69672831840788
13.891980120966169 -37.6904067193883
13.892025997891954 -37.684085120331154
13.892071862648873 -37.67776352123645
13.892117715241152 -37.67144192210421
13.892163555673017 -37.665120322934456
13.892209383948693 -37.65879872372718
13.8922552000724 -37.6524771244824
13.892621292097134 -37.601904329176016
13.897706213745769 -37.77261620830043
13.897751706838985 -37.76629460592591
13.897797187852198 -37.759973003514524
13.897842656789614 -37.75365140106632
13.897888113655435 -37.747329798581276
13.897933558453866 -37.74100819605945
13.897978991189099 -37.73468659350081
13.898024411865336 -37.72836499090539
13.898069820486768 -37.722043388273214
13.898115217057589 -37.71572178560428
13.898160601581989 -37.7094001828986
13.898205974064156 -37.703078580156195
13.898251334508279 -37.69675697737708
13.89829668291854 -37.69043537456127
13.89834201929912 -37.684113771708766
13.898387343654202 -37.67779216881959
13.898432655987962 -37.671470565893756
13.898477956304578 -37.66514896293128
13.89852324460822 -37.65882735993217
13.898613785193282 -37.64618415382411
13.898659037483036 -37.639862550715186
13.90411971017206 -37.76000136035088
13.904164636981982 -37.753679754142716
13.904209551864229 -37.7473581478986
13.90425445482295 -37.741036541618556
13.904299345862295 -37.734714935302584
13.904344224986412 -37.728393328950695
13.90438909219944 -37.722071722562916
13.904433947505527 -37.71575011613926
13.90447879090881 -37.70942850967974
13.90452362241343 -37.70310690318435
13.904568442023523 -37.696785296653125
13.904613249743221 -37.69046369008607
13.904658045576662 -37.684142083483195
13.904702829527968 -37.677820476844516
13.904747601601274 -37.67149887017006
13.904792361800704 -37.66517726345981
13.90483711013038 -37.658855656713804
13.91044223732727 -37.76002937704296
13.910486622007774 -37.75370776711995
13.910530994904521 -37.74738615716183
13.910575356021612 -37.74106454716865
13.910619705363146 -37.73474293714041
13.910708368735925 -37.722099716978796
13.910796985055606 -37.70945649667709
13.910841275580761 -37.703134886473734
13.910885554354907 -37.6968132762354
13.91092982138213 -37.6904916659621
13.910974076666509 -37.68417005565384
13.911018320212131 -37.67784844531062
13.911062552023068 -37.6715268349325
13.911106772103402 -37.66520522451943
13.9111509804572 -37.65888361407148
13.916808611808671 -37.753735439997406
13.91685244271802 -37.747413826370384
13.91689626199158 -37.74109221270915
13.916940069633403 -37.7347705990137
13.917115183964222 -37.70948414389007
13.917158933508016 -37.703162530023754
13.917202671444322 -37.69684091612332
13.917246397777175 -37.69051930218876
13.917290112510607 -37.68419768822009
13.917333815648648 -37.67787607421734
13.91737750719533 -37.67155446018049
13.923130606326355 -37.7537627727745
13.923173895246423 -37.74744115552366
13.923217172674576 -37.74111953823944
13.923260438614815 -37.73479792092186
13.923390167547982 -37.71583306876901
13.923433387576498 -37.70951145131807
13.92347659613706 -37.70318983383383
13.923519793233657 -37.69686821631629
13.923562978870269 -37.69054659876547
13.923606153050883 -37.68422498118137
13.92364931577948 -37.67790336356403
13.929495352431442 -37.74746814462108
13.93013519680789 -37.65264382827824
13.936490572069488 -37.6463487995433
13.942678893685612 -37.66533993776341
13.942720402132167 -37.659018309479784
