# successful candidates for region at (176.48181647653328, 34.867655682785895) and radius 1.0176.69554676407952 33.996506920824466
176.69557878275566 34.0091358131469
176.69925451639185 35.41725717590435
176.70177180208054 33.977552411755866
176.70180473533244 33.99018130124938
176.70183768550103 34.00281019072132
176.70187065259708 34.01543908017167
176.7080617696565 33.9838553613013
176.70809565083636 33.99648424784121
176.714317867366 33.97752910110362
176.72060877053468 33.98383140121113
176.72062664829804 33.99014584141731
176.7268639255264 33.97750449770794
176.72688226825278 33.98381893632545
176.72690061568923 33.99013337493627
176.72691896783732 33.996447813540385
176.73115149902205 35.41088188763457
176.73315576409277 33.983806148213034
176.7331745812016 33.990120585187114
176.75205717552038 34.00902357173171
176.75829112460661 33.99638062351944
176.75831183102844 34.00269505351587
176.7583325427683 34.009009483503775
176.76456554979262 33.99636621558966
176.76458672612418 34.00268064374173
176.7646079078945 34.00899507188489
177.3247345118399 35.40823366689058
177.33756598019312 35.414459182351905
177.35060282287418 35.439625546960436
177.35691933385004 35.43326600858891
177.35698764771266 35.439580070462284
177.3570559793784 35.445894132246316
