# successful candidates for region at (189.32496839467032, 0.27747369091287805) and radius 1.0189.50974385552954 -0.48019918384750204
189.50974377524182 -0.4738747274910393
189.5097436964552 -0.46755027113456216
189.51606661096622 -0.4865236484591099
189.51606652637878 -0.48019919286575075
189.5160664433438 -0.47387473727237567
189.5160663618612 -0.46755028167898494
189.5160662819311 -0.461225826085579
189.52238919722805 -0.4801992021873907
189.52238902726728 -0.4675502925781431
189.92704151308192 -0.5118221844151933
189.92704094584602 -0.49917348256398353
189.9333639093739 -0.5054978526998988
189.93336334606607 -0.4928491557632269
189.9396860225676 -0.49284918014030105
189.94600898405457 -0.49917354824587545
189.9460086990692 -0.49284920476934374
189.94600841912896 -0.4865248612926357
189.95233137557088 -0.4928492296503528
189.95865376643243 -0.4865249164011881
189.95865348594006 -0.48020057801886956
189.96497644008429 -0.4865249443719167
189.9649761567933 -0.4802006085753865
189.96497587870147 -0.47387627277867594
189.97129882764665 -0.4802006394352069
