# successful candidates for region at (3.978236563416284, -31.739520046704502) and radius 1.04.44240877656977 -32.05343501317579
4.44880098606926 -32.05973517212838
4.493145063795734 -32.0279472503146
4.602089815557106 -31.211734089287418
4.6020478923151655 -31.205410814632053
4.708543253866804 -31.122642132630983
4.727432420556746 -31.122532937474013
4.746682263848688 -31.166683179939774
4.75350224880404 -31.22987689673723
4.753033591313601 -31.172968368955164
4.772412878208371 -31.229760946176466
4.797737203976947 -31.242248268145854
4.804097121646823 -31.248530874233683
4.804041563105112 -31.242207744970187
4.8039860187068255 -31.23588461563971
4.810345916777093 -31.24216691126893
