# successful candidates for region at (224.48641822117196, -26.597998699499772) and radius 1.0224.8092890873039 -27.192402276145884
224.82893299627648 -27.32533222306136
224.89927426722295 -27.2491601516731
224.91285439422364 -27.445417592037547
224.91925684368186 -27.43906615576092
224.91859486531476 -27.268099524607667
224.91857043603733 -27.26176742694759
224.95141669488663 -27.445297218565667
224.95784373673774 -27.445276143831396
224.95781693836906 -27.43894406242923
224.9572557668135 -27.305970348859205
224.96427077614004 -27.445254779815542
224.964243612444 -27.438922701184254
224.97698544766806 -27.4135508188618
224.98343888436554 -27.41986067158864
224.9834106538434 -27.413528601415507
224.98992166598615 -27.432502296578306
224.98989305575776 -27.426170229364836
224.98986445291015 -27.41983816213097
224.9962900188431 -27.41981536354368
225.02135507708618 -27.286748179021895
225.0278036121428 -27.293056050121006
225.02777298544893 -27.28672400069606
225.03425287852835 -27.299363626514737
225.03422188077792 -27.2930315802839
225.03419089102277 -27.286699534029008
225.0728309877978 -27.311874784520672
225.24610893756176 -27.30472613961485
