# successful candidates for region at (169.94441282171076, -6.848385300899168) and radius 1.0169.43802934566733 -7.625021581101624
169.43803657747142 -7.6186940824389415
169.44436650359438 -7.625028406873447
169.4443736449003 -7.618700906096906
169.4443807819296 -7.612373405315774
169.45070366171544 -7.625035146688116
169.4507107125231 -7.618707643824339
169.45071775910822 -7.612380140956085
169.45705473647806 -7.612386790692398
169.4633779785299 -7.62504836844567
169.46969477492075 -7.644037377260844
169.46975575219648 -7.5870897965317345
169.4697625071539 -7.580762287541168
169.47609236888792 -7.587096180634072
169.4761056944513 -7.574441158688725
169.4824289857601 -7.58710247893855
169.48243556036957 -7.5807749660143955
169.48876560281062 -7.587108691445088
169.48877856778577 -7.5744536617392235
169.4888367174098 -7.517506027875055
169.48884315901455 -7.511178512982331
169.49510222003698 -7.587114818153607
169.49516598983269 -7.523839650474571
169.4951786977226 -7.511184616894577
169.50152049526577 -7.504863116660042
169.51408754100706 -7.612442772626085
169.51409981423612 -7.599787728064987
169.52040635420875 -7.631431135517455
169.52041241315044 -7.625103611454292
169.52041846846546 -7.618776087387825
169.52042452015422 -7.6124485633180585
169.526737633061 -7.637764371435819
169.52674957340813 -7.625109319776913
169.52675553822291 -7.61878179394265
169.52676149946558 -7.612454268105183
169.5330867338279 -7.625114942141373
169.5331744792979 -7.530202028184337
169.53944700888147 -7.599810361369566
169.5394527788422 -7.593482832067532
169.5395102880577 -7.530207538882189
169.54584045136644 -7.536540495039533
169.54584609697253 -7.530212964020893
169.54585173917312 -7.523885432999357
169.55218190603995 -7.530218303600383
169.55219300771336 -7.517563238234626
