# successful candidates for region at (114.47734513609183, 22.244746464953842) and radius 1.0114.46707450148824 21.601329194418245
114.46707359355403 21.61399782050863
114.47340535361272 21.537986337362515
114.47340344008735 21.607663781266663
114.47340309155817 21.620332407431036
114.47973167348037 21.537986367255193
114.49239095265305 21.601328826484355
114.49870874954216 21.52531637010786
114.4987115750369 21.54431930881078
114.49871251738108 21.5506536217117
114.49871345998169 21.556987934612597
114.4987257371485 21.639334002321654
114.49872762979831 21.652002628122634
114.50503451157245 21.525315426240045
114.50503939506761 21.550652677333662
114.50504673028172 21.58865855397269
114.5050577555699 21.645667368928073
114.51136027350896 21.525314238934158
114.51136177268471 21.531648551547214
114.51136327226844 21.537982864160195
114.51136477226024 21.54431717677311
114.51136627266021 21.550651489385952
114.51139033464335 21.65200049118185
114.51770205454105 21.58232161996433
114.51770740299891 21.601324557220583
114.517719899715 21.64566474414837
114.52398715931655 21.449299387675484
114.5240035755057 21.499973885232766
114.52400563004403 21.506308197426833
114.5240076851416 21.51264250962077
114.52402826690209 21.575985631552836
114.52403032815936 21.582319943745315
114.52405303902376 21.651997377853814
114.53030725382865 21.442963161225002
114.53030958115467 21.44929747316166
114.53031190911447 21.45563178509814
114.53031423770818 21.461966097034455
114.53033055562558 21.506306280583903
114.53033288929566 21.51264059251886
114.53034223032914 21.537977840256968
114.53035860161901 21.582318023792094
114.53662939767302 21.442961003958946
114.5366320028142 21.449295315604175
114.5366346086648 21.45562962724919
114.53663721522497 21.461963938893994
114.5366398224949 21.46829825053858
114.53664764856472 21.487301185471075
114.53665548102786 21.50630412040164
114.53665809327039 21.512638432044742
114.53666593426458 21.53164136697275
114.53666854935203 21.537975678614988
114.53668425482638 21.57598154846395
114.5366868748985 21.582315860104696
114.53668949568338 21.588650171745222
114.54296019254167 21.461961537644235
114.54296885083468 21.480964471604025
114.54298040622949 21.506301716880085
114.54298618864608 21.51897033951655
114.54301514797635 21.582313452683156
114.54301804824453 21.58864776399837
114.54302094930163 21.594982075313325
114.54302385114781 21.60131638662802
114.54302965720812 21.613985009256616
114.54929582822153 21.48729613713513
114.54930533120903 21.506299070019267
114.54930850059618 21.512633380980013
114.54931167084598 21.518967691940453
114.54931484195859 21.525302002900574
114.5493211867731 21.537970624819874
114.54934342083104 21.582310801527505
114.54934660058245 21.58864511248448
114.5493497811988 21.59497942344113
114.54935296268029 21.60131373439747
114.54935614502708 21.607648045353496
114.54935932823936 21.613982356309204
114.54938163497569 21.658322532990315
114.55563715280222 21.518964800959374
114.55564060263866 21.525299111528895
114.555644053414 21.531633422098043
114.55565441137531 21.55063635380324
114.55565786590822 21.556970664370898
114.5556751526756 21.588642217203578
114.55568207396779 21.601310838334037
114.55568553602582 21.607645148898705
114.55568899902545 21.613979459463003
114.55571326640451 21.65831963340259
114.55571673694428 21.66465394396389
114.5619440069056 21.487290115836714
114.56194773039549 21.493624425984912
114.56195145489899 21.499958736132676
114.5619551804163 21.50629304628001
114.56196263449337 21.518961666573365
114.56196636305353 21.525295976719395
114.56197009262844 21.531630286864985
114.5619738232183 21.537964597010145
114.56197755482334 21.544298907154868
114.56198128744379 21.550633217299158
114.56198502107985 21.556967527443007
114.56198875573178 21.56330183758642
114.56199996578489 21.582304768014055
114.56200370450249 21.58863907815573
114.56200744423704 21.594973388296964
114.56201118498879 21.601307698437765
114.56201492675798 21.60764200857813
114.56201866954481 21.613976318718056
114.56204489756588 21.65831648968531
114.56826809582947 21.487286740326695
114.56827209766392 21.493621050018856
114.56827610058777 21.49995535971051
114.56828410970456 21.51262397909232
114.568288115898 21.518958288782475
114.56829212318178 21.525292598472124
114.56829613155614 21.53162690816127
114.56830014102134 21.53796121784992
114.56830415157759 21.54429552753806
114.56830816322517 21.550629837225703
114.56831217596428 21.556964146912836
114.5683161897952 21.56329845659947
114.56832020471813 21.569632766285604
114.56832823784109 21.58230138565635
114.56833225604157 21.588635695340972
114.56833627533506 21.594970005025086
114.56834029572178 21.601304314708695
114.56834431720199 21.607638624391807
114.56837249820134 21.65197879215943
114.56837652843815 21.658313101838495
114.56838055977062 21.664647411517063
114.57459646462493 21.493617430779462
114.57461359699472 21.518954667586748
114.57461788300198 21.525288976787134
114.57462217017569 21.53162328598695
114.57462645851608 21.53795759518618
114.57463074802344 21.544291904384842
114.57463503869799 21.550626213582934
114.57463933054004 21.556960522780447
114.5746436235498 21.56329483197738
114.57464791772756 21.569629141173742
114.57465221307356 21.575963450369525
114.57466080727133 21.588632068759363
114.57466510612363 21.594966377953423
114.5746694061452 21.601300687146892
114.57467370733632 21.607634996339797
114.57467800969722 21.613969305532123
114.57469953905783 21.645640851485087
114.57470384844297 21.651975160673945
114.57470815899973 21.65830946986223
114.5809436424927 21.525285111664488
114.58095734413939 21.544288037695285
114.58096191384082 21.550622346370904
114.58096648478563 21.556956655045884
114.58097105697414 21.563290963720206
114.58097563040657 21.56962527239387
114.58098020508322 21.57595958106689
114.58098478100437 21.58229388973925
114.5809893581703 21.58862819841096
114.58099393658125 21.594962507082013
114.58099851623753 21.601296815752413
114.58100309713942 21.607631124422163
114.58100767928717 21.613965433091252
114.58101226268106 21.620299741759688
114.58101684732138 21.626634050427466
114.58721619607493 21.45560361370875
114.58724519753918 21.49360946248091
114.58726455817873 21.518946694981032
114.58727909249488 21.53794961934843
114.58728393990401 21.544283927469426
114.58728878863216 21.55061823558969
114.58729363867964 21.55695254370922
114.5872984900467 21.563286851828007
114.58730334273368 21.569621159946063
114.58730819674085 21.57595546806338
114.58731305206848 21.58228977617997
114.58731790871691 21.58862408429582
114.5873227666864 21.59495839241093
114.58732762597724 21.60129270052531
114.58733248658974 21.607627008638953
114.58733734852419 21.61396131675185
114.58734221178088 21.620295624864017
114.59352868072132 21.442930653083963
114.59353378619412 21.449264960629066
114.5935388930572 21.455599268173355
114.59354400131092 21.461933575716817
114.59356956344962 21.49360511342187
114.5936002839709 21.5316109586409
114.59360540893606 21.537945266174532
114.59361053529585 21.544279573707342
114.59361566305058 21.550613881239332
114.59362079220054 21.5569481887705
114.59362592274604 21.563282496300847
114.5936310546874 21.569616803830368
114.59363618802493 21.57595111135907
114.59364132275891 21.582285418886947
114.59364645888968 21.588619726414006
114.59365159641754 21.594954033940233
114.59366187566577 21.607622648990226
114.59366701738676 21.61395695651399
114.59367216050609 21.620291264036926
114.59367730502403 21.626625571559043
114.59986158964746 21.45559467956197
114.59986697586643 21.461928986485542
114.5998777527046 21.474597600329954
114.59988853541181 21.487266214170727
114.59989392896713 21.493600521089753
114.5998993239907 21.499934828007863
114.59990472048281 21.506269134925063
114.59993713029345 21.544274976409103
114.59994794532689 21.556943590229814
114.59995335505067 21.5632778971388
114.59995876624625 21.569612204046866
114.59996417891396 21.575946510954022
114.59996959305414 21.582280817860266
114.59997500866712 21.58861512476559
114.59998042575319 21.594949431670003
114.5999858443127 21.601283738573496
114.59999126434596 21.607618045476073
114.59999668585334 21.61395235237774
114.60000210883513 21.620286659278488
114.60000753329165 21.62662096617832
114.60619561573489 21.468258460415345
114.60620695181595 21.480927072951996
114.60622964250072 21.506264298013207
114.60626372487539 21.544270135574777
114.60626941068276 21.550604441831503
114.6062807869391 21.56327305434193
114.60628647738874 21.569607360595622
114.60629216938649 21.57594166684831
114.60629786293266 21.582275973099986
114.60630355802763 21.588610279350647
114.60630925467177 21.594944585600288
114.60632065260877 21.60761319809656
114.60632635390235 21.61394750434317
114.60633205674644 21.620281810588768
114.6063434670875 21.632950423076917
114.60636059423649 21.651953341801534
114.61254861060009 21.49992491218516
114.61255456408256 21.506259217762672
114.6125605191855 21.51259352333908
114.61256647590932 21.51892782891437
114.61257243425432 21.525262134488553
114.61257839422089 21.531596440061627
114.6125843558094 21.537930745633584
114.61259031902017 21.544265051204437
114.61259628385362 21.550599356774175
114.61260225031006 21.5569336623428
114.61260821838984 21.563267967910317
114.61261418809335 21.569602273476715
114.61262015942096 21.575936579042008
114.61262613237298 21.58227088460618
114.61263210694982 21.588605190169243
114.61264406097929 21.601273801292027
114.61265004043265 21.607608106851746
114.61265602151227 21.613942412410346
114.61266798855164 21.62661102352421
114.6126739745121 21.632945329079465
114.61267996210029 21.639279634633603
114.61268595131648 21.645613940186625
114.61269194216108 21.65194824573853
114.61269793463444 21.65828255128932
114.61887948520692 21.506253894173547
114.6188919542509 21.51892250388662
114.61889819131824 21.525256808741336
114.61890443008303 21.53159111359483
114.61891067054562 21.537925418447106
114.61891691270638 21.54425972329817
114.61892315656569 21.55059402814801
114.61892940212392 21.556928332996637
114.61893564938144 21.563262637844037
114.61894189833865 21.569596942690225
114.61894814899591 21.575931247535195
114.61895440135359 21.582265552378942
114.61896065541207 21.58859985722147
114.61897942779608 21.60760277174172
114.61899195122969 21.620271381415783
114.61899821550088 21.62660568625098
114.61900448147553 21.632939991084957
114.61901701853665 21.64560860074923
114.61902328962388 21.651942905579535
114.62522394790274 21.525251239556955
114.62523046546553 21.531585543657982
114.625236984802 21.53791984775768
114.62524350591255 21.544254151856048
114.62525002879752 21.550588455953093
114.62525655345736 21.556922760048803
114.62528266985298 21.582259976418342
114.6253088146775 21.607597192766576
114.62531535532861 21.613931496850295
114.6253218977585 21.62026580093269
114.62532844196753 21.626600105013747
114.62533498795615 21.632934409093465
114.62534808527364 21.645603017248906
114.6253546366033 21.651937321324624
114.62537430128074 21.670940233543742
114.63152932599763 21.506242516979835
114.63153611681209 21.512576820299834
114.63154290947483 21.518911123618388
114.63154970398632 21.525245426935502
114.63155650034693 21.53157973025117
114.63156329855711 21.537914033565393
114.63157009861722 21.544248336878173
114.63157690052766 21.550582640189504
114.6315837042889 21.55691694349939
114.63159050990129 21.563251246807834
114.63161093784963 21.58225415672447
114.6316382010554 21.607591369926386
114.63165866793003 21.626594279812597
114.63166549393239 21.632928583105098
114.63167915150584 21.645597189685738
114.63168598307776 21.651931492973883
114.63169281650698 21.658265796260576
114.63169965179397 21.664600099545808
114.63170648893912 21.670934402829587
114.63784717816036 21.499902160871752
114.6378542456212 21.50623646337543
114.63786131500574 21.512570765877538
114.63787545954762 21.525239370877067
114.63788253470584 21.531573673374485
114.63788961178946 21.53790797587034
114.63789669079891 21.544242278364624
114.63790377173464 21.550576580857342
114.63791085459705 21.556910883348493
114.63793211474865 21.575913790812546
114.6379462978243 21.588582395780733
114.63796758690819 21.607585303221246
114.6379888933668 21.62658821064761
114.63799599938272 21.632922513119922
114.63801732902563 21.651925420527412
114.63803155845446 21.664594025457863
114.63803867607022 21.670928327920723
114.64417916470167 21.50623016643278
114.64418651265608 21.512564468084125
114.64421592447765 21.537901674672607
114.64422328243623 21.5442359763155
114.644230642397 21.550570277956698
114.64423800436037 21.556904579596207
114.64424536832679 21.563238881234025
114.64426747224879 21.582241786137292
114.64428959421419 21.60124469102531
114.64429697221436 21.607578992651256
114.64432650428552 21.63291619913805
114.64435606849074 21.658253405597648
114.64437086265251 21.670922008817232
114.64437826274977 21.677256310424475
114.6443856648585 21.68359061203001
114.6443930689792 21.689924913633845
114.65053460177033 21.531560829211877
114.65054987350771 21.544229430730898
114.6505575124933 21.55056373148767
114.65056515355737 21.55689803224262
114.65058044192301 21.56956663374705
114.65059573860826 21.582235235244177
114.65062635695239 21.607572438216504
114.65064167861863 21.620241039691702
114.6506493425769 21.62657534042655
114.6506646767461 21.639243941890765
114.65071841203941 21.683584046957773
114.65680529877241 21.48721394296787
114.65681319741388 21.493548242824914
114.65682109820554 21.499882542680016
114.65686063443304 21.53155404192616
114.65686854813572 21.537888341769523
114.65688438200203 21.550556941450367
114.65690022448612 21.56322554112337
114.65690814896102 21.569559840956938
114.65691607559182 21.575894140788538
114.65693193532296 21.58856274044586
114.65696368067678 21.613899939736932
114.65697162241212 21.620234239554787
114.6569795663071 21.626568539370673
114.66312938084259 21.48720691885844
114.66313755782586 21.49354121776652
114.66314573703508 21.4998755166725
114.66318666648752 21.531547011170968
114.66322765166228 21.563218505616994
114.66323585538933 21.5695528044999
114.66324406134824 21.5758871033807
114.66325226953947 21.582221402259403
114.66326047996354 21.588555701136002
114.66328512463778 21.607558597753165
114.66330156559383 21.620227195487416
114.66330978942533 21.626561494351375
114.66334270711927 21.651898689786144
114.66945346228489 21.487199651509787
114.66946191760972 21.493533949436024
114.6695635611864 21.56954552437605
114.66957204647315 21.575879822273134
114.66958053406822 21.582214120167958
114.66958902397214 21.588548418060537
114.66960601070856 21.60121701383895
114.66964001191 21.62655420536876
114.66964851799013 21.632888503245578
114.67583872868596 21.531532219252615
114.6758825041002 21.563203703702676
114.67590003094506 21.57587229746593
114.6759087979437 21.582206594343962
114.67593511325084 21.60120948496365
114.67594388979207 21.607543781832074
114.68211964966771 21.49985297882068
114.68221897080086 21.569530233128383
114.68225516133143 21.594867416436465
114.68226421511757 21.601201712257094
114.6822732713662 21.607536008075172
114.68843499297847 21.49351068481319
114.68844428585527 21.499844979594048
114.68845358126164 21.506179274372194
114.68846287919817 21.51251356914764
114.6884721796654 21.518847863920378
114.68848148266387 21.525182158690416
114.68849078819414 21.531516453457737
114.68857465199073 21.588525106241708
114.68858398286996 21.594859400981917
114.68859331628715 21.601193695719406
114.68860265224292 21.607527990454184
114.69476892132887 21.49983673706293
114.69477849522723 21.50617103072747
114.69478807173152 21.51250532438914
114.69479765084233 21.51883961804793
114.69480723256024 21.52517391170386
114.6948168168858 21.53150820535691
114.69491280369014 21.594851141729304
114.69492241673812 21.601185435350708
114.69493203240071 21.60751972896923
114.6950186911164 21.664528371406046
114.70113298172005 21.525165421281436
114.70114284484062 21.53149971378733
114.70123173378202 21.588508346203337
114.70124162377044 21.59484263867876
114.7074384545689 21.512488104761964
114.70744859096601 21.51882239609423
114.70745873012189 21.52515668742329
114.70746887203713 21.531490978749126
114.70757044308935 21.59483389183042
114.70758061539799 21.601168183120812
114.71375323262437 21.506144839770496
114.71377405986992 21.518813420013256
114.7137948984539 21.531482000242434
114.71395154975168 21.626496351527706
114.71396201591028 21.63283064158614
114.71397248491479 21.63916493164115
114.7200888342912 21.51246991165549
114.72011022456587 21.525138489400334
114.72029251256015 21.63282139965264
114.72030326165074 21.639155688458683
114.72642499525479 21.518794737643727
114.726623008382 21.63281191372403
114.72663403755837 21.639146201248124
114.73296481261613 21.63913647000962
114.73906439765918 21.512440796724576
114.7391451708301 21.556780791220856
114.73915672241738 21.56311507613224
114.73916827714748 21.569449361039453
114.73928399745553 21.63279220988205
114.74541320341534 21.52509917213192
114.74543683598321 21.53776773923716
114.74547230895612 21.556770589862282
114.74548413971557 21.563104873395247
114.74549597369378 21.56943915692384
114.74550781089145 21.575773440448053
114.74551965130928 21.582107723967905
114.74555519189103 21.60111057450117
114.74559076148003 21.620113424995015
114.75172685573308 21.51875445207859
114.75175103937997 21.531423016372187
114.75177523619112 21.5440915806475
114.75179944617236 21.5567601449045
114.75188428490534 21.60110011965968
114.75795348852303 21.468069526361724
114.75797817586628 21.480738087845648
114.75808943536592 21.537746614286778
114.75811419672459 21.550415175665513
114.76425149352967 21.45539005630797
114.76428934352757 21.474392894133647
114.7643145940381 21.487061452659155
114.77058706266249 21.46171318245821
