# successful candidates for region at (61.14928407125, -56.62220501722403) and radius 1.061.21922013826392 -57.46107303465951
61.21920809444 -57.45475672276033
61.225780092636114 -57.467385576352704
61.23232799704805 -57.46738146899668
61.37190651654823 -56.72820143097437
61.40919803474038 -56.55127153671005
61.415942973813536 -56.60178812599937
61.42234028842567 -56.601774277017654
61.42229463877057 -56.5954580185786
61.422066652353976 -56.56387672606025
61.428690879159724 -56.595443844005246
61.42850418132908 -56.570178820876755
61.435134903299414 -56.601745594139715
