# successful candidates for region at (190.28121379187564, 5.576668615228511) and radius 1.0189.45441644628943 6.0715703925259135
189.46075506127303 6.065262613077829
189.4607457032378 6.0715794438973045
189.46709352528765 6.058954757296398
189.46708424624737 6.06527159151182
189.46707496039227 6.07158842571755
189.47342263833886 6.058963662845471
189.473413431426 6.065280500420775
189.4860808650472 6.05898126544674
189.57521456236424 5.635865202926026
189.57520690487502 5.642182091171078
189.57519924149778 5.648498979409164
189.58153137746254 5.642189623175566
189.5815237827276 5.6485065143193784
189.58151618215695 5.654823405456344
190.61844826823855 5.11187869119733
190.61845512713214 5.124512719288164
190.61845856078008 5.130829733331332
190.62477066140812 5.118192170838327
190.62477415653888 5.124509183479317
190.62477765452292 5.130826196118749
190.63109318587297 5.124505582034302
190.7258425303984 5.073907790871619
190.7321656073279 5.0802201388361805
190.73217017279728 5.086537123643996
190.73217474201078 5.09285410844914
190.7384888157883 5.08653241762679
