# successful candidates for region at (21.648603644674896, -38.45708582969283) and radius 1.021.430640126416122 -38.05819237381733
21.430658985007824 -38.051878437101344
21.436999317499488 -38.05820401352056
21.43703592940884 -38.04557613698873
21.443376268769587 -38.05190136883994
21.44339402223282 -38.04558742907025
21.46882641230074 -38.04562915211019
21.468841961395125 -38.03931520679086
21.468857506353274 -38.033001261467255
21.46896620536726 -37.9888036440826
21.475199513391793 -38.0393247749566
21.475229499785673 -38.02669688176289
21.475289424738666 -38.00144109532781
21.479255643476638 -39.02430981256446
21.48157151244856 -38.03302005081826
21.48158595402987 -38.0267061029942
21.4816003917702 -38.02039215516645
21.481629255733292 -38.00776425949992
21.513438343200054 -37.9888633236279
21.51349667077558 -37.95729355720059
21.51982487179274 -37.96992861010698
21.519835986041205 -37.963614655870664
21.519847097336122 -37.95730070163214
21.526144680643963 -37.98887727785859
21.526176395749268 -37.96993541245311
21.526186961832 -37.963621457314005
21.52619752510686 -37.95730750217292
21.532527920857216 -37.969941870817024
21.538917310960834 -37.94469215795806
21.545257731925336 -37.95101188287262
21.54526664639811 -37.94469792529481
21.545275558502503 -37.938383967715595
21.551615982806055 -37.944703348831474
21.557957501113734 -37.95102238753948
21.564314658295384 -37.94471316450408
