# successful candidates for region at (240.26695939375233, 61.76403804329942) and radius 1.0240.22779061829166 61.00763576280625
240.23406511297247 61.026632867758686
240.26555456550932 61.039300495482784
240.26555428426295 61.04563230273791
240.27185607016963 61.045632221024604
240.99917038608743 61.15762016648838
240.9993176314539 61.16395153528179
241.00564268464254 61.163917096405285
241.0300221590659 61.1257883957493
241.03032875415934 61.13845105784572
241.03063562010044 61.15111371910765
241.03094275724533 61.16377637953394
241.03649405391982 61.132083846978865
241.03680332326113 61.14474649281626
241.03711286587068 61.15740913780471
241.03726773976342 61.16374045998022
241.04328048619777 61.151041615724324
241.0435927077906 61.16370424429439
241.04944561977499 61.144673813479564
241.0496028974201 61.151005120031655
241.05592529393323 61.150968328339864
241.0781180912518 61.030524120695425
241.0782804269056 61.03685539023181
241.08425285034872 61.02415474752907
241.08441637421603 61.030486008921145
241.0845799700314 61.03681727007501
241.08474363784183 61.043148530990514
241.09071464195108 61.03044760239091
241.09087949791794 61.03677885509743
