# successful candidates for region at (197.74340273746628, -17.369499169802637) and radius 1.0197.00358806166298 -16.75994193249875
197.003637854567 -16.74728252283856
197.0098926435205 -16.76629463888222
197.00994202570715 -16.75363522224594
197.01627109100244 -16.753658019252942
197.0287607324745 -16.798011050915825
197.02880891061824 -16.785351613795996
197.04789303086295 -16.760098769680223
197.0479866246216 -16.734779854460648
197.04803337822452 -16.72212039671974
197.05424551438563 -16.753790652560966
197.0542918854472 -16.741131188349677
197.0669036672369 -16.75383328318594
197.09280923145084 -16.58301288278873
