# successful candidates for region at (220.09720836201075, 29.48747691049793) and radius 1.0219.90163606377644 29.35616295555126
219.98401282382937 29.413039168531853
219.9903645475062 29.40673538168931
219.9903579101356 29.41304438895787
219.9903512710771 29.419353396225418
219.99670299707535 29.413049308319394
219.99669050586093 29.425667324104047
220.00938225867384 29.425676261904794
220.01573319924387 29.419371269554983
220.01572813588072 29.42568027909327
220.01572307122987 29.43198928863097
220.02207401357103 29.42568399514039
220.0220693433669 29.43199300515044
220.02206467197504 29.438302015159977
220.02841133910522 29.438305430933898
220.02840706117286 29.44461444137717
220.03475800664384 29.438308545489754
220.05379261196538 29.45093410544288
220.06014237543647 29.44462700357166
220.06648752857018 29.45093762448544
220.07283650294667 29.4446299196537
220.0728349871652 29.450938932064375
