# successful candidates for region at (211.16390315166706, -10.030994650302658) and radius 1.0211.10023374629915 -10.49158580480179
211.10657014640847 -10.491586968115657
211.1065713019091 -10.485258425218724
211.1065724568962 -10.478929882321706
211.11290757435793 -10.485259466462143
211.19527659133232 -10.459947743315913
211.22061280405995 -10.421973101683774
211.2206105293576 -10.409316015840364
211.22694780253977 -10.421971952965928
211.22694653785388 -10.415643410303373
211.2269452737321 -10.409314867640711
211.23328140920415 -10.41564214033783
211.23328001805805 -10.409313597961667
211.23961628050097 -10.415640748865503
211.2586076171146 -10.371336058710696
211.30925626485643 -10.320689371169005
211.3092504742809 -10.308032297551765
211.3092446888991 -10.295375223932336
211.31558621361498 -10.314357995088397
211.31558319285895 -10.308029458921565
211.31558017345796 -10.301700922754137
211.31557715541183 -10.295372386586111
211.32215910867728 -10.788995195185374
211.32191591132147 -10.308026499250644
211.32191276585962 -10.301697963752604
211.32190962180914 -10.295369428253915
211.35359462173875 -10.333324012239077
211.36021793368258 -10.795303076170002
211.37292464142328 -10.826937851438432
211.37291602825056 -10.814280793311063
211.37925901411097 -10.814276670785702
