# successful candidates for region at (203.72245845782385, 43.60467885182358) and radius 1.0203.56035681187555 43.62192390722864
203.56025447641025 43.659849372352966
203.5667562761625 43.62193276912179
203.5667399053555 43.628253681260745
203.5731557422978 43.62194127412034
203.5731400443376 43.62826218748189
203.57312434186377 43.63458310083971
203.79770879480904 44.077120617843335
203.79771681162535 44.08344154160626
203.80413982147934 44.064474382925056
203.80414852023605 44.07079530605373
203.8041572215139 44.077116229181264
203.81059625916373 44.07079055745455
203.823545573079 44.10238458304264
203.82997382439945 44.08973690838927
203.83000820948104 44.10869966854339
203.8364479145398 44.10237255311079
203.842886246378 44.09604507869174
203.84291192380164 44.108686915092235
