# successful candidates for region at (33.801055716615515, -8.53798294496336) and radius 1.033.04066317494301 -9.18082162656719
33.04701082422692 -9.180834228369237
33.92884421335757 -7.702286248041318
33.935171667804084 -7.714927538018164
33.941492996361895 -7.708603706894633
33.98580561274724 -7.816054184217032
33.99845267900369 -7.809726485859313
33.998449600370165 -7.803404819143743
34.00477765345317 -7.809723321138483
34.023745631678025 -7.7970699018162675
34.036402524133244 -7.809706000470982
34.036398853634445 -7.803384339239166
34.03639518515663 -7.79706267800622
34.04272749793399 -7.80970223692512
34.16918109734554 -7.759032931446067
34.17549365375792 -7.746383818733157
