# successful candidates for region at (222.50062116818344, 85.71510368421266) and radius 1.0221.8790901133236 85.77680664318501
221.87782981230765 85.8335716920066
221.88595018345413 85.82727071610859
221.88502142584983 85.83357732337119
221.88408985230294 85.83988392953567
221.89221305868458 85.83358288933289
221.93753037751333 85.76423646800177
221.93331463257957 85.79576978647206
221.94542969098114 85.75793488282221
221.94460455982872 85.76424155680908
221.94377696790963 85.77054822991494
221.94127931698168 85.78946824390587
221.94044177109342 85.79577491344752
221.94756892684865 85.79577997560689
222.04364478488588 85.76430604498981
222.05138686852513 85.75800339277725
222.8916511120559 85.60035699498269
222.89277327101422 85.61297064035865
222.89903246698657 85.60666022580321
222.9837552214928 85.69491112654678
222.99000018306424 85.68859996129859
222.99071577018594 85.69490670119615
222.9914334569859 85.70121344042026
222.9976763044938 85.69490221254686
223.00760215748636 85.72012456013618
223.01384872189027 85.71381320071238
223.0146036096108 85.72011991768619
223.01536072538534 85.72642663391494
223.01764554011038 85.74534677809707
223.0216050464704 85.72011521156513
223.0239141458595 85.7390353371057
223.02468840939304 85.7453420440722
223.0254649717319 85.75164875025953
223.040670440209 85.87147601500635
223.03173126292617 85.74533724599888
223.04792804812394 85.87147107034285
223.05518563856972 85.87146605967473
223.06239612728365 85.7642374194153
223.23697775343933 85.6694794433606
223.23804969340915 85.67578589313672
223.23912476459657 85.68209234139499
