# successful candidates for region at (52.46457193774337, 19.039594090929523) and radius 1.051.708737532027634 19.699769179637713
53.10001539081669 18.446811917982096
53.10631832286552 18.440460038960722
53.10634221589375 18.446790313281383
53.10636611590606 18.453120587581274
53.106437857861145 18.472111410356252
53.10662947738017 18.52275360350732
53.112669039354905 18.446768494546994
53.11274146733664 18.465759307889257
53.138227426456865 18.509981659912896
53.15062994529598 18.446633087451566
53.157603639763856 18.604865966062935
53.16323154911503 18.433925750023025
53.25824461306924 18.45886797067153
53.26445272311796 18.433520263860228
53.26454206586239 18.452510821573117
53.270899113292046 18.45881383006745
53.27707510074135 18.42713554867075
53.27719609075375 18.452456260709265
