# successful candidates for region at (141.1578074098182, 13.733209960331232) and radius 1.0140.38177516584815 14.380006786136594
140.3881327187566 14.373699274788237
140.3881112485794 14.380026743683947
140.3944473324211 14.380046537625388
140.4136007818718 14.335812558647856
140.42614817782095 14.373815563840655
140.58627159760982 13.678204642042715
140.5926188798453 13.665563942643983
140.59260367626646 13.671891510167072
140.59258846727494 13.678219077678808
140.59893541041467 13.665578212775438
140.59892037673913 13.671905782835447
140.61149495217202 13.697244147052443
140.61148023214045 13.703571722047673
140.8195375829856 13.995013951573712
140.819528327282 14.001341592250892
