# successful candidates for region at (338.10190960708485, -21.047846999853373) and radius 1.0338.73504678584123 -20.27397412967192
338.7539990494802 -20.273903353093054
338.753891441536 -20.24860221918361
338.7666064474305 -20.267529732335596
338.76655160106344 -20.254879178723854
338.786038653549 -20.374985014434948
338.7925033838529 -20.406586055681828
338.79891304836127 -20.42553631093867
338.79885519505393 -20.41288579317726
338.7986529616185 -20.368608980144796
338.80474154917755 -20.317981202165186
338.8110901017256 -20.324280517908363
