# # ids of objects in overdense bins for (115.36676669133563, 39.40205520951595)
8.992826619134630400e+17
8.992827306328019200e+17
8.992826619133991680e+17
8.992829324966663680e+17
8.992834478932609280e+17
8.992826962730991360e+17
8.992831085901372160e+17
8.992826619162558720e+17
8.992834178277708800e+17
8.992834865482886400e+17
8.992827950617143040e+17
8.992836196914924800e+17
8.992824171008677120e+17
8.992830398706607360e+17
8.992830699393409280e+17
8.992825931967699200e+17
8.992828637771769600e+17
8.992834521874488320e+17
8.992835552677039360e+17
8.992824557577445120e+17
8.992795008202457600e+17
8.992825244772226560e+17
8.992830355763737600e+17
8.992834521901681920e+17
8.992834865472113920e+17
8.992826576215148800e+17
8.992834178277420800e+17
8.992824213963527680e+17
8.992834521901647360e+17
8.992826619135077120e+17
8.992833791769195520e+17
8.992826619135159040e+17
8.992826619163927040e+17
8.992834178277322240e+17
8.992834135335045120e+17
8.992835209096995840e+17
