# successful candidates for region at (182.51995230290328, 7.931799055613292) and radius 1.0182.37012058486334 7.852489618903882
182.37645928949178 7.814546335034822
182.38278219733184 7.820872691471913
182.38910729037346 7.820874704547417
183.00357694919427 8.598492169962677
183.1494590743191 8.674183094086304
183.16843241514624 8.64885680699043
183.20540195165458 8.035357042152034
183.2117303348779 8.035346604653954
183.2117410712826 8.041670700272148
183.22431074032724 7.991056813553533
183.2244747326736 8.085918159431216
183.23058358722574 7.959425675007891
183.23063843664585 7.991046109207843
183.23064942486573 7.997370196017501
183.23689974585338 7.9530908061310805
183.2369439790432 7.97838714150697
183.23695505275427 7.9847112253252375
183.2369661326319 7.991035309133209
183.23698831088902 8.003683476718253
183.24328265063465 7.984700332560295
183.24329382828242 7.99102441332977
183.2433050121517 7.99734849408876
183.24331620224308 8.003672574837267
183.24332739855714 8.009996655575279
183.24343970406747 8.073237462377095
183.24961024817682 7.98468934409338
183.24962152359444 7.99101342179766
183.24963280528803 7.997337499491272
183.2496440932581 8.003661577174213
183.255949218565 7.991002334537018
183.2559605980826 7.997326409138554
183.25597198393112 8.003650483729233
183.25598337611117 8.009974558309048
183.26249607513432 8.111148507826163
183.26250767389664 8.117472579098079
183.26251927905537 8.12379665035884
183.2688373349903 8.117461237435322
183.26884903906188 8.123785305546809
183.2751787987119 8.123773864445688
183.28131891451937 8.022577337927014
183.2813307180792 8.028901399835123
183.28134252819063 8.035225461731585
183.28150855800243 8.123762327055626
183.28765899904982 8.028889814577667
183.28780233434802 8.104778517831107
183.28781432192807 8.11110257635825
183.2939992860689 8.035202188848626
183.3004856350553 8.117403085189048
183.30049783368673 8.123727137153228
183.3068152939666 8.117391165954325
183.30682759150906 8.123715214608854
183.3131449525036 8.11737915045813
183.3194621221867 8.111042996732635
183.31947461066332 8.11736703870061
183.319487106027 8.12369108065565
183.32567870738748 8.054114444308416
183.3256912322739 8.060438483004694
183.32570376409623 8.066762521687894
183.32580426844277 8.117354830681922
183.33200737868327 8.054102174183011
183.33202000193455 8.060426209464788
183.33210856045937 8.104694456064918
183.33822187196614 7.997173520892989
183.33823453020713 8.003497552854645
183.33833604959594 8.054089808063951
183.33834877121177 8.060413839904516
183.3383997281298 8.08570996713179
183.3384124849762 8.09203399890483
183.33842524887064 8.098358030664343
183.33843801981382 8.104682062410323
183.34466472012252 8.054077345951395
