# successful candidates for region at (185.19863689606095, 25.4428145420943) and radius 1.0184.30963704875066 25.024633282923173
184.31587720528924 25.03732612828463
184.34120655019308 25.037475111402745
184.35369595781418 25.062857954661375
184.36016012240444 25.04391150200203
184.36011663454406 25.05023900119164
184.36007313537579 25.056566500330085
184.36002962489687 25.06289399941735
184.36700984707136 24.96801721183714
184.36696682205502 24.97434471626557
184.36688073845238 24.986999724971806
184.36644964831711 25.05027476548635
184.36636329570965 25.06292977298503
184.37329590443787 24.974380154289694
184.39886043777395 24.93655403650647
185.79623837969856 24.74134750162032
