# successful candidates for region at (31.01078251374822, -71.8703522801912) and radius 1.030.073230871437822 -72.63971542610275
30.1241943140242 -72.72210329675568
30.12450807113608 -72.71578486476382
30.13079257711858 -72.72845185350455
30.131104117597552 -72.72213341100557
30.13141543011576 -72.71581496799553
30.14338143571855 -72.46939529786174
30.137395529835068 -72.73480019602816
30.13770485032527 -72.72848174309283
30.13801394439578 -72.7221632896538
30.13832281229483 -72.71584483571176
30.150194852804013 -72.46942474537427
30.144003177194595 -72.74114832408999
30.144310274334746 -72.73482986078912
30.144617146599863 -72.72851139699205
30.14706405874079 -72.6779636688164
30.157305937806445 -72.4631354765255
30.150005112416178 -72.76013318317479
30.156626628992477 -72.76648090207003
30.156929713608207 -72.76016241921626
30.161745302844096 -72.80442086360058
30.162047258047316 -72.7981023729651
30.162348991328646 -72.79178388185163
30.163252862082455 -72.7728284056486
30.163553710115597 -72.76650991262845
30.16385433744474 -72.76019141913297
30.164154744312402 -72.75387292516263
30.16898667530179 -72.79813120020277
30.169285942235494 -72.79181269849543
30.170480813724442 -72.76653868697431
30.170778983742277 -72.76022018292369
30.171076935099943 -72.75390167840598
30.17137466803762 -72.74758317342166
30.171672182795117 -72.74126466797127
30.175629096124734 -72.80447830254454
30.17592611498147 -72.7981597907927
30.176222915542834 -72.79184127857837
30.17651949804912 -72.78552276590204
30.177112009855925 -72.77288573916559
30.17799914814047 -72.75393019560875
30.178294427343012 -72.74761168017125
30.178589490162793 -72.74129316427533
30.18286557690162 -72.79818814473361
30.18315991106613 -72.79186962209927
30.184335087664437 -72.76659552702354
30.184921383250646 -72.75395847676974
30.185214208693818 -72.74763995096556
30.185506819551644 -72.74132142471055
30.192134011906898 -72.74766798580342
30.229775717830638 -72.836291546415
30.237006006016856 -72.8299994651373
30.23728162025039 -72.82368086425619
30.251180717452836 -72.82373315258732
30.25145118104727 -72.8174145320639
30.251721445637642 -72.81109591115747
30.258398286267767 -72.81744031122388
30.25866607875808 -72.81112168083283
30.30857878668211 -72.60275451896591
30.308825533285837 -72.5964358223049
30.309072100633188 -72.59011712532094
30.315442980106713 -72.60277834151906
30.31568731516258 -72.59645963620123
30.31593147271353 -72.59014093056673
30.32206509220176 -72.60912064364787
30.322307191635005 -72.60280193006895
30.322549115123294 -72.59648321617927
30.323273831832196 -72.57752707264905
30.321904202664488 -72.79238681276013
30.329171421088375 -72.60282528461465
30.330128425438545 -72.57755039328438
30.332271557607843 -72.52068187008149
30.328113483118493 -72.81136635141013
30.328599087558892 -72.79872890959436
30.32908397841989 -72.78609146654335
30.336509696627193 -72.59021094330042
30.336983036714127 -72.57757348025427
30.334576953686362 -72.82402697346392
30.334817728823797 -72.8177082447977
30.33505832679555 -72.81138951582794
30.335298747796895 -72.80507078655491
30.335538992022798 -72.798752056979
30.335779059667946 -72.79243332710057
30.341765062883614 -72.81773118080677
30.34200318850284 -72.8114124433982
30.342478914477184 -72.79877496769026
30.362837879953705 -72.81147980501424
30.370010880063745 -72.80518301461977
30.376953358512804 -72.8052047499411
30.387372438487212 -72.50822186167852
30.39420082798577 -72.50824299490561
30.394416279166386 -72.50192419622773
30.399086644665463 -72.76735571788936
30.40489206024693 -72.59674792995568
30.405799637722875 -72.77369527150555
30.406229011611472 -72.76105764898531
30.411543507657257 -72.60308728650033
30.411964497481662 -72.59044965109115
30.412942178291644 -72.7673969665955
30.413154328401617 -72.76107814769135
30.4181996429052 -72.60942642364736
30.418407953879534 -72.60310759890885
30.418616113459237 -72.59678877394029
30.41966012299772 -72.77373606268452
30.425272415525708 -72.6031276773008
30.43213689241712 -72.60314752167541
