# successful candidates for region at (6.795425877924728, 39.95835184783796) and radius 1.05.961650911454926 40.707033257065206
5.968204566793745 40.70074246972679
5.968126253138543 40.70707919457108
5.974679304481639 40.7007880427928
5.993572093550345 40.74527985999903
6.00005115954737 40.745324043541025
5.999975764374842 40.751660798784464
5.999900348342811 40.75799755393457
5.9998249114434685 40.76433430899133
5.999749453669005 40.77067106395469
6.0065302340725 40.74536786864967
6.013009317056291 40.74541133532394
6.0194884084293045 40.74545444356281
6.252689254484661 40.75310456952485
