# # ids of objects in overdense bins for (40.310888691630886, -34.97671655249848)
5.062111745704769536e+18
5.062115117256364032e+18
5.062115181678771200e+18
5.062115078599524352e+18
5.062115185975840768e+18
5.062163186527052800e+18
5.062111681282535424e+18
5.062114704939510784e+18
5.062115078599502848e+18
5.062115697074855936e+18
5.062115422197561344e+18
5.062114739299247104e+18
5.062110787929331712e+18
5.062116251127727104e+18
5.062115181678771200e+18
5.062115868873533440e+18
5.062111299028118528e+18
5.062258775319657472e+18
5.062260287154565120e+18
5.062260012276657152e+18
5.062265887787137024e+18
5.062266162669816832e+18
5.062260287154564096e+18
5.062260218435662848e+18
5.062266158368784384e+18
5.062258775326112768e+18
5.062258049469801472e+18
5.062260214133833728e+18
5.062259973617501184e+18
5.062261244926210048e+18
5.062259634319560704e+18
5.062261348005439488e+18
5.062259423859483648e+18
5.062259428161576960e+18
5.062260248493597696e+18
5.062259698737571840e+18
5.062259874837712896e+18
5.062266055289609216e+18
5.062266605045646336e+18
5.062266192728559616e+18
5.062267159102219264e+18
5.062266368828238848e+18
5.062259389499722752e+18
5.062260042335097856e+18
5.062219673943782400e+18
5.062209812699174912e+18
5.062213729709225984e+18
5.062257778887237632e+18
5.062214932300056576e+18
5.062212252240342016e+18
5.062206960834653184e+18
5.062216164949238784e+18
5.062211973060856832e+18
5.062210736114870272e+18
5.062257778887235584e+18
5.062210667394723840e+18
5.062205032397131776e+18
5.062194758835362816e+18
5.062207338791761920e+18
5.062213970221107200e+18
5.062217986015253504e+18
5.062208850620495872e+18
5.062212492758514688e+18
5.062215615193182208e+18
5.062204620080145408e+18
5.062205792609781760e+18
5.062215001013229568e+18
5.062203623644308480e+18
5.062214378250610688e+18
5.062214107661071360e+18
5.062205238555597824e+18
5.062217882935918592e+18
5.062208880687952896e+18
5.062211496321505280e+18
5.062220116319455232e+18
5.062219708303680512e+18
5.062210701757734912e+18
5.062205174134474752e+18
5.062212870715625472e+18
5.062257710167783424e+18
5.062211766902172672e+18
5.062210255081143296e+18
5.062214038941705216e+18
5.062209602242627584e+18
5.062218230834935808e+18
5.062208983767155712e+18
5.062212488459544576e+18
5.062210396814709760e+18
5.062212488456841216e+18
5.062215275897437184e+18
5.062205719591894016e+18
5.062213660983477248e+18
5.062201768222589952e+18
5.062216719001112576e+18
5.062217612359944192e+18
5.062209396084190208e+18
5.062211320229861376e+18
5.062210667394767872e+18
5.062209086847344640e+18
5.062213798428691456e+18
5.062211565039566848e+18
5.062219154246529024e+18
5.062213042514312192e+18
5.062214550041028608e+18
5.062195450322266112e+18
5.062211977359293440e+18
5.062212385377513472e+18
5.062214584409031680e+18
5.062220803514212352e+18
5.062219085527165952e+18
5.062214623057422336e+18
5.062212419740063744e+18
5.062218192173721600e+18
5.062257705876692992e+18
5.062257705876691968e+18
5.062207815536214016e+18
5.062211732545294336e+18
5.062204860599154688e+18
5.062208743248906240e+18
5.062213931565703168e+18
5.062214378242330624e+18
5.062205582152939520e+18
5.062210736114235392e+18
5.062213420471600128e+18
5.062200260691809280e+18
5.062208915047712768e+18
5.062206303707597824e+18
5.062212041788715008e+18
5.062200260686020608e+18
5.062212969493360640e+18
5.062209361725363200e+18
5.062207781176538112e+18
5.062214348184528896e+18
5.062213592270283776e+18
5.062195381603237888e+18
5.062213725414146048e+18
5.062201394563168256e+18
5.062211565039569920e+18
5.062213592270284800e+18
5.062201081028040704e+18
5.062205891391652864e+18
5.062217887231333376e+18
5.062210598675321856e+18
5.062213038212955136e+18
5.062210465528045568e+18
5.062214691781914624e+18
5.062204624378678272e+18
5.062193247006821376e+18
5.062216508546573312e+18
5.062195342951113728e+18
5.062217646714384384e+18
5.062209464803699712e+18
5.062201012307940352e+18
5.062211530681311232e+18
5.062207093985734656e+18
5.062195244170048512e+18
5.062208468371485696e+18
5.062214107666534400e+18
5.062206200628429824e+18
5.062217955957053440e+18
5.062213691055803392e+18
5.062211736838281216e+18
5.062205375994592256e+18
5.062211320229816320e+18
5.062211874283655168e+18
5.062257332217108480e+18
5.062214618760527872e+18
5.062211118369186816e+18
5.062194930634135552e+18
5.062207751110211584e+18
5.062209086847248384e+18
5.062207544956372992e+18
5.062208610103367680e+18
5.062193251299424256e+18
5.062210392516748288e+18
5.062211079711671296e+18
5.062204757519169536e+18
5.062211049645091840e+18
5.062201493344512000e+18
5.062212595831230464e+18
5.062209189925686272e+18
5.062213759766984704e+18
5.062207025262198784e+18
5.062218746225973248e+18
5.062208090414270464e+18
5.062207265780487168e+18
5.062208300865771520e+18
5.062211869981457408e+18
5.062195484688197632e+18
5.062213175659468800e+18
5.062210053212971008e+18
5.062212660255606784e+18
5.062215821351844864e+18
5.062205444713927680e+18
5.062213248667112448e+18
5.062211835621754880e+18
5.062219875801217024e+18
5.062257602793111552e+18
5.062213175655554048e+18
5.062213828493513728e+18
5.062214142020297728e+18
5.062217882935964672e+18
5.062207918615507968e+18
5.062211942998029312e+18
5.062215580833373184e+18
5.062212144859230208e+18
5.062205380292891648e+18
5.062216955223329792e+18
5.062220326778774528e+18
5.062209499163473920e+18
5.062195377315046400e+18
5.062217264461101056e+18
5.062212149155175424e+18
5.062208507022872576e+18
5.062205380288431104e+18
5.062206166269575168e+18
5.062213145588702208e+18
5.062208846328189952e+18
5.062219497844083712e+18
5.062215172813016064e+18
5.062217268762242048e+18
5.062194690115856384e+18
5.062218883665037312e+18
5.062216783424589824e+18
5.062201493344482304e+18
5.062205135476313088e+18
5.062209709619928064e+18
5.062210976632281088e+18
5.062200393837317120e+18
5.062207270072254464e+18
5.062209739681691648e+18
5.062214210739345408e+18
5.062216405467266048e+18
5.062216959524599808e+18
5.062217303121984512e+18
5.062219880102363136e+18
5.062207991632997376e+18
5.062218501411601408e+18
5.062218162109184000e+18
5.062211049649712128e+18
5.062211633759263744e+18
5.062218162109181952e+18
5.062206063189363712e+18
5.062200260685859840e+18
5.062211908636924928e+18
5.062214275163040768e+18
5.062216134884560896e+18
5.062201493344538624e+18
5.062206853468189696e+18
5.062214794854824960e+18
5.062218986749033472e+18
5.062212389672834048e+18
5.062220013240199168e+18
5.062202008736442368e+18
5.062208159133717504e+18
5.062220528636399616e+18
5.062216955231139840e+18
5.062219291685578752e+18
5.062208507029061632e+18
5.062214137724322816e+18
5.062219433425798144e+18
5.062218368273731584e+18
5.062208262212987904e+18
5.062213278735286272e+18
5.062206200628378624e+18
5.062208644463179776e+18
5.062206063190355968e+18
5.062211148431136768e+18
5.062211084009446400e+18
5.062201085319322624e+18
5.062205449012398080e+18
5.062211045351852032e+18
5.062206789038282752e+18
5.062211423307010048e+18
5.062212458392290304e+18
5.062215069739019264e+18
5.062217951655521280e+18
5.062212527111767040e+18
5.062194930638346240e+18
5.062210976632309760e+18
5.062213210015388672e+18
5.062213935867658240e+18
