# successful candidates for region at (328.74439269689253, -19.402296049075378) and radius 1.0327.956359509284 -18.804729813286766
327.95638948229475 -18.798394001597234
327.9564194466252 -18.792058189875636
327.96271443806387 -18.79842097680295
327.9627441619172 -18.792085161204053
327.96903939587287 -18.798447734631527
327.9690688792482 -18.792111915186585
327.96909835408434 -18.785776095710606
327.9752765761818 -18.817481744678524
327.97536435570527 -18.798474275082576
327.97539359860167 -18.792138451822826
327.9754228330286 -18.785802628532544
327.9816893175444 -18.798500598155698
327.9817183199611 -18.792164771112386
327.98804304331003 -18.792190873054874
328.02631863595514 -18.716312686482702
328.03896235061234 -18.716361545777954
328.04528421069637 -18.716385649962017
328.05808393341306 -18.6784179850875
328.0706992909959 -18.684800511514137
328.8295001746228 -19.29427359975058
328.83584423311515 -19.294270540444394
328.83584068682353 -19.287934489496845
328.8421882913615 -19.294267261286496
328.84218449906155 -19.28793121080991
