# successful candidates for region at (137.5880012466183, 42.561173776059206) and radius 1.0137.2782808826481 41.94509217718961
137.28464851840945 41.93878983257445
137.29095578470768 41.94512580986947
137.2973221659985 41.938822758098034
137.29729324070203 41.94514209929204
137.29726430731316 41.951461440472826
137.30363069991262 41.945158037435895
137.3035457681911 41.96411606762103
137.3099958264471 41.938854278702955
137.30996816226934 41.945173624300644
137.309940490352 41.95149296988622
137.30991281069205 41.957812315459684
137.3098851232866 41.96413166102102
137.30985742813257 41.97045100657026
137.31635968737467 41.9325501644225
137.31633266131848 41.93886951215998
137.31630562770206 41.94518885988591
137.31627858652243 41.95150820760027
137.31622448146194 41.96414690299428
137.3228014037616 41.90728764519553
137.32266949919455 41.93888439438626
