# successful candidates for region at (49.2199874348108, -44.62724583839514) and radius 1.048.44494946750968 -44.53703914964139
48.45138126433301 -44.53075460368132
48.4514648040025 -44.524427256013055
48.45789449195143 -44.51814233925451
48.52657207181591 -44.613497130083154
49.00525129659319 -44.096519492099674
49.005274345459725 -44.09019179699907
50.04260957307788 -45.27707589127563
50.04251819860864 -45.27074860125623
50.04242685119704 -45.2644213111162
50.04894779048752 -45.27070261378631
50.055377371945646 -45.27065626826453
50.061806942902244 -45.270609564692066
