# successful candidates for region at (35.16293634145515, -38.48590599550653) and radius 1.035.41375234881053 -38.82274585722711
35.46465659358066 -38.79105361881526
35.471060705934484 -38.797351638445306
35.63877153441553 -38.12113046306562
35.63873027791571 -38.114816019925065
35.745266534415755 -38.00698694737053
35.75793386017057 -38.01323798449769
35.82215928111853 -38.13918742326432
35.828363189347094 -38.12652311378436
35.82830548601008 -38.12020879330915
35.834797996939756 -38.13911574557658
35.83473971473597 -38.132801430010346
35.83468144805498 -38.12648711438425
35.841058515136474 -38.13276508558956
