# successful candidates for region at (211.2012090588328, 78.84723843519544) and radius 1.0210.36934338099653 79.43664669087998
210.3573612080005 79.58842349124662
210.3770099909069 79.43034131688123
210.37652244541007 79.4366653712854
210.37603431573103 79.44298942492371
210.3750562996222 79.45563752989698
210.3646436506867 79.5884424440023
210.38466756161063 79.42403575806733
210.3841848372369 79.43035982430416
210.38370153480173 79.43668388978972
210.3729205024796 79.57581313762867
210.37242361281656 79.58213718545528
210.39135970828326 79.43037816992192
211.14067956890437 78.89380387745928
211.14064551414208 78.90012856769104
