# successful candidates for region at (222.08571103947668, 10.305721046407362) and radius 1.0222.49832209307635 9.592931672540754
222.49832997746773 9.599252949790053
222.59254226803287 9.466376105174035
222.59259992889196 9.504303592163671
222.59882435827163 9.460045242200474
222.59885351266382 9.479008979200026
222.59888270775716 9.497972716140762
222.5988924485019 9.504293961774588
222.59890219377095 9.510615207401866
222.60513571264943 9.472677995382114
222.6051455545121 9.478999238834
222.60515540095255 9.485320482279189
222.60517510756884 9.497962969149468
222.60518496774566 9.504284212574548
222.60519483250224 9.510605455992923
222.6052047018391 9.516926699404586
222.6052343373363 9.535890429599268
222.60525411724487 9.548532916362108
222.61140772667054 9.460025656093597
222.6114375959907 9.4789893797648
222.6114475616966 9.485310620974818
222.61147748661875 9.504274344563683
222.6114874708626 9.51059558574623
222.61149745974225 9.516916826921902
222.61150745325813 9.523238068090695
222.6115374616283 9.542201791555778
222.61768934409287 9.453694446130594
222.61769941031218 9.46001568510661
222.61770948121867 9.46633692407561
222.61771955681283 9.472658163037593
222.6177296370952 9.478979401992554
222.61773972206626 9.485300640940489
222.6177498117265 9.491621879881395
222.61779021726966 9.516906835574677
222.6178205706885 9.535870552270687
222.61784082976652 9.548513030032767
222.62399109357602 9.460005595497432
222.62402167782105 9.478969305517394
222.624031882057 9.485290542176335
222.6241034445878 9.529539198587264
222.6241136867954 9.535860435188548
222.62412393375172 9.542181671782613
222.62413418545734 9.548502908369452
222.62414444191276 9.554824144949066
222.63040680251677 9.535850199161349
222.65657557839737 10.104718259146159
222.65659818429538 10.117360707126835
222.65662081050465 10.1300031550738
222.7501026075443 9.59884496606212
222.75638409949187 9.592511140422108
222.80049805973644 9.617703964568793
222.80679272398405 9.617690358192926
