# successful candidates for region at (22.67951658129546, -72.46343737848387) and radius 1.021.83322840991706 -73.13182625690267
21.832713718796732 -73.28377818771213
21.833024695767904 -73.27744803192493
21.83333543722566 -73.27111787564499
21.83796847820907 -73.17616547269171
21.839967124757393 -73.27747610227718
21.84058327871796 -73.26481576797347
21.844565650783718 -73.18252354804163
21.846909576263013 -73.27750394148109
21.860794546078345 -73.27755892643911
21.872183522993375 -73.18263289658235
22.057249234500045 -73.2212575413427
22.215398193761253 -73.25965678561813
22.22216616799133 -73.26600274097086
22.22910447532959 -73.26601785404881
22.235553997848452 -73.2850246205247
22.235717053602276 -73.27869399251969
22.235879985850055 -73.27236336437927
22.23636804295748 -73.25337147914672
22.23653048258038 -73.24704085046599
22.24233934940523 -73.29136992164587
22.24266048085719 -73.27870865465265
22.242820864152943 -73.27237802095905
22.243461184350842 -73.24705548487513
22.24362096184118 -73.24072485052751
22.24928789210798 -73.29138436352287
22.24944596585863 -73.2850537246181
22.2497617541616 -73.27239244642685
22.250391897774026 -73.24706988852189
22.25054913592605 -73.24073924872931
22.25561318162402 -73.31672114995364
22.262264762215718 -73.32939644817647
22.26241842849675 -73.32306579930494
22.262571978074433 -73.31673515031336
22.262725411081536 -73.31040450120196
22.264709492299225 -73.22810605190861
22.271781908415964 -73.22178909177973
22.27708217664337 -73.29143981727069
22.2837398256521 -73.3041144318592
22.28388535564233 -73.29778376711582
22.29764727788158 -73.30414032734966
22.352555796741637 -73.34221890759106
22.352676306398315 -73.33588819768872
22.35940696519533 -73.3485603940004
22.359642937109783 -73.33589896607528
22.401442896253364 -73.33595870439052
22.401545347783973 -73.32962796761873
22.408209585791333 -73.34862932911372
22.408309622677 -73.34229858896815
22.40840958350007 -73.3359678487718
22.415083879124577 -73.35496899176414
22.41518141960438 -73.34863824827457
22.415278885891507 -73.34230750473674
22.42215326056927 -73.3486469352562
22.42903271315234 -73.35498614007231
22.457012566069746 -73.3486868874627
22.568604150293616 -73.34244493207267
22.5825429128072 -73.34245185517884
22.589479098858792 -73.3487857682319
22.596481685807852 -73.34245784989699
22.603423018021672 -73.34879130085996
