# successful candidates for region at (139.56431746155835, 13.53322395235662) and radius 1.0139.5580655867913 13.808741287682292
139.5580654182714 13.815064994921071
139.55806508105198 13.827712409398629
139.60867785913587 13.770795196714081
139.6086802463232 13.783442609815062
139.61500290367687 13.764470290883327
139.61500426676537 13.770793997219375
139.6150056303392 13.777117703555332
139.61500835894336 13.789765116226969
139.61502066170752 13.846678473244818
139.62132914110555 13.764468931953383
139.62133067432603 13.770792638046322
139.62133220809247 13.777116344139143
139.62133374240494 13.78344005023185
139.62765708180922 13.770791119194934
139.6276587857682 13.777114825016055
139.65299617430202 13.859315309262765
139.6593224027217 13.852989282183058
139.65932496947792 13.859312986213062
139.6593275371455 13.865636690242745
139.65933010572456 13.871960394272106
139.65933267521532 13.878284098301144
139.65933781693226 13.890931506358257
139.66565376452382 13.859310503085029
139.66565924291382 13.87195791025663
139.67198255943114 13.8593078598787
139.67198546918124 13.865631562992379
