# successful candidates for region at (262.01215370484357, 52.90442554376707) and radius 1.0262.4962434707081 52.46489397074106
262.5024804683313 52.452212264594635
262.5025510739219 52.458539962685904
262.5026217037973 52.46486766071859
262.5088568572029 52.45218561935771
262.5089283808998 52.45851331286889
262.5089999291972 52.46484100631998
262.5153056800926 52.45848631873566
262.5216096115028 52.45213129611344
262.53488925003836 52.49636931664503
262.54104329664347 52.47735790781716
262.54111951560657 52.48368557726795
262.5411957608016 52.490013246650506
262.54134832994 52.50266858521084
262.54173021276836 52.53430693041544
262.5474233115511 52.47732917729925
262.5475004498595 52.48365684180834
262.54819589091045 52.540605819241584
262.55388137571055 52.483627761800335
262.55442853222286 52.527921376352005
262.55450680516793 52.53424903528674
262.5607367262549 52.521564262393156
262.56097431071953 52.540547223976034
262.5799779263094 52.52780146648585
262.63611339837723 52.43259765267924
262.64239617257573 52.42623621162247
262.6425775600578 52.43889137962475
262.6426683005664 52.44521896348079
262.6427590722742 52.45154654724004
262.6482197891709 52.38823654530405
262.6488602932254 52.43252959460292
262.6489519196104 52.438857172679924
262.64904357749424 52.44518475065823
262.6492269878215 52.4578399063185
262.65541884444923 52.445150193656644
262.6674149757467 52.394459564267926
262.6734028150092 52.36911380403846
