# successful candidates for region at (225.8614636061614, -32.67365766524237) and radius 1.0225.92312457479056 -33.1175339310061
225.9231201427668 -33.11119484102914
225.92311571188574 -33.10485575105178
225.9230803059299 -33.05414303121837
225.92307588531668 -33.04780394123739
225.9295294997083 -33.11753063924515
225.92952460731644 -33.11119154969332
225.92951971618587 -33.10485246014098
225.92951482631628 -33.098513370588165
225.92950993770722 -33.09217428103485
225.92950505035836 -33.085835191481046
225.92949527943952 -33.07315701237197
225.92948551355664 -33.06047883326094
225.92948063250273 -33.054139743704674
225.92947575270662 -33.047800654147935
225.92946599688628 -33.03512247503296
225.9359344241243 -33.11752702244019
225.93592907136443 -33.11118793335545
225.9359237199846 -33.10484884427012
225.9359183699844 -33.09850975518421
225.93591302136335 -33.0921706660977
225.93590767412104 -33.085831577010616
225.93590232825704 -33.079492487922934
225.93589164066233 -33.066814309745816
225.93588629893074 -33.06047522065637
225.9358756195969 -33.04779704247573
225.93587028199383 -33.04145795338452
225.93586494576607 -33.03511886429274
225.94234516261804 -33.123862169166244
225.94233934799124 -33.117523080591276
225.94233353486362 -33.11118399201561
225.94232772323477 -33.10484490343925
225.94232191310414 -33.09850581486221
225.9423161044713 -33.09216672628446
225.9423102973358 -33.085827637706025
225.94230449169714 -33.07948854912689
225.9422986875549 -33.07314946054708
225.94229288490857 -33.06681037196656
225.94228708375772 -33.060471283385354
225.94228128410185 -33.05413219480345
225.9422638940996 -33.035114929053606
225.94875054637504 -33.123857901722296
225.948744271262 -33.11751881369849
225.94873799776687 -33.11117972567388
225.94873172588916 -33.10484063764847
225.94872545562836 -33.09850154962224
225.94871918698396 -33.092162461595215
225.94871291995548 -33.08582337356737
225.9487066545424 -33.079484285538726
225.94870039074422 -33.07314519750928
225.94869412856042 -33.06680610947902
225.94868786799054 -33.06046702144795
225.94868160903405 -33.05412793341608
225.94867535169044 -33.04778884538341
225.94866909595922 -33.04144975734992
225.9486628418399 -33.03511066931563
225.95516266682452 -33.13019239662226
225.95514919388927 -33.117514221761915
225.95514246002688 -33.11117513433034
225.9551357279006 -33.10483604689784
225.95512899750986 -33.0984969594644
225.95512226885418 -33.092157872030036
225.95511554193297 -33.085818784594736
225.95510881674568 -33.07947969715851
225.95510209329183 -33.073140609721364
225.95509537157082 -33.06680152228327
225.95508865158214 -33.06046243484426
225.9550819333253 -33.05412334740432
225.95507521679963 -33.04778425996345
225.95506850200474 -33.04144517252165
225.95506178894 -33.035106085078915
225.95505507760487 -33.02876699763526
225.95504836799884 -33.022427910190686
225.95504166012142 -33.01608882274517
225.95503495397202 -33.00974973529874
225.96154692159652 -33.111170217985084
225.96153972922193 -33.10483113118746
225.96153253870153 -33.09849204438878
225.96152535003478 -33.09215295758902
225.96151816322111 -33.085813870788215
225.96151097825992 -33.07947478398634
225.96150379515066 -33.07313569718342
225.9614966138927 -33.06679661037941
225.96148943448551 -33.060457523574364
225.96148225692855 -33.05411843676824
225.96147508122112 -33.04777934996107
225.9614679073628 -33.04144026315284
225.9614607353529 -33.035101176343545
225.96145356519085 -33.028762089533195
225.96144639687617 -33.02242300272179
225.9614392304082 -33.01608391590931
225.9614320657864 -33.0097448290958
225.96796669359486 -33.12384314887615
225.96795903702466 -33.117504062757774
225.96795138242854 -33.11116497663821
225.96794372980594 -33.104825890517425
225.9679360791562 -33.098486804395456
225.96792843047868 -33.09214771827227
225.96792078377283 -33.0858086321479
225.96791313903802 -33.07946954602231
225.9679054962736 -33.07313045989552
225.967897855479 -33.066791373767536
225.9678902166536 -33.060452287638356
225.96788257979674 -33.05411320150797
225.96787494490786 -33.047774115376384
225.96786731198637 -33.0414350292436
225.9678596810316 -33.03509594310962
225.96785205204296 -33.028756856974425
225.96784442501985 -33.02241777083805
225.9743720744937 -33.12383758108966
225.97436395743836 -33.11749849569043
225.9743558424758 -33.111159410289815
225.97434772960546 -33.10482032488786
225.97433961882666 -33.09848123948455
225.9743315101387 -33.09214215407989
225.97432340354095 -33.085803068673876
225.9743152990328 -33.07946398326653
225.97430719661358 -33.07312489785782
225.9742990962826 -33.066785812447755
225.97429099803927 -33.06044672703635
225.9742829018829 -33.05410764162359
225.97427480781283 -33.047768556209476
225.9742667158285 -33.04142947079403
225.97425862592914 -33.03509038537723
225.9742505381142 -33.02875129995908
225.97424245238295 -33.022412214539585
225.9742343687348 -33.01607312911874
225.9742182076852 -33.00339495827303
225.98081178684984 -33.149188026755276
225.98080320045656 -33.14284894212318
225.98079461627762 -33.13650985748957
225.98078603431227 -33.13017077285444
225.98077745455984 -33.12383168821781
225.98076887701967 -33.11749260357966
225.98076030169108 -33.11115351894002
225.98075172857332 -33.10481443429885
225.98074315766576 -33.09847534965617
225.98073458896766 -33.092136265011995
225.9807260224784 -33.0857971803663
225.98071745819723 -33.0794580957191
225.98070889612347 -33.073119011070375
225.98070033625646 -33.06677992642017
225.98069177859554 -33.06044084176844
225.98068322313995 -33.054101757115205
225.98067466988908 -33.04776267246048
225.98066611884215 -33.04142358780424
225.98065756999856 -33.0350845031465
225.9806490233576 -33.02874541848724
225.98064047891862 -33.022406333826495
225.98063193668085 -33.01606724916423
225.98062339664367 -33.00972816450048
225.98061485880638 -33.00338907983522
225.9806063231683 -32.99704999516846
225.98720996180901 -33.14284272175581
225.9872009167892 -33.136503637925784
225.98719187410182 -33.130164554094094
225.98718283374617 -33.12382547026072
225.9871737957215 -33.11748638642566
225.98716476002716 -33.111147302588925
225.98715572666234 -33.10480821875052
225.98714669562636 -33.09846913491044
225.9871376669185 -33.09213005106867
225.987128640538 -33.08579096722524
225.98711961648414 -33.07945188338013
225.98711059475622 -33.07311279953335
225.98710157535353 -33.066773715684896
225.98709255827532 -33.06043463183476
225.98708354352087 -33.05409554798297
225.98707453108946 -33.04775646412949
225.98706552098037 -33.041417380274346
225.98705651319287 -33.03507829641754
225.98704750772626 -33.02873921255904
225.9870385045798 -33.02240012869889
225.98702950375275 -33.01606104483707
225.98702050524443 -33.009721960973586
225.98701150905413 -33.00338287710842
225.98700251518105 -32.9970437932416
225.99362623054574 -33.14917525915985
225.99361672223333 -33.14283617617728
225.99360721637296 -33.13649709319288
225.9935977129639 -33.13015801020661
225.99358821200533 -33.12381892721848
225.9935787134966 -33.117479844228505
225.99356921743686 -33.111140761236676
225.99355972382534 -33.10480167824299
225.9935502326613 -33.09846259524747
225.99354074394398 -33.09212351225008
225.99353125767266 -33.08578442925085
225.99352177384648 -33.07944534624976
225.99351229246477 -33.073106263246835
225.99350281352673 -33.06676718024206
225.9934933370316 -33.06042809723542
225.99348386297862 -33.05408901422696
225.99347439136707 -33.047749931216636
225.99346492219613 -33.04141084820447
225.9934554554651 -33.035071765190466
225.99344599117316 -33.028732682174606
225.9934365293196 -33.022393599156906
225.99342706990365 -33.016054516137366
225.99341761292456 -33.009715433115986
226.0000533972124 -33.16184655166591
226.00004342279672 -33.15550746957523
226.00003345095357 -33.14916838748252
226.00002348168212 -33.142829305387764
226.00001351498162 -33.136490223290956
226.00000355085126 -33.130151141192115
225.9999935892902 -33.12381205909125
225.99998363029772 -33.11747297698834
225.99997367387294 -33.11113389488339
225.9999637200151 -33.104794812776404
225.9999537687234 -33.09845573066739
225.99994381999704 -33.09211664855633
225.99993387383518 -33.08577756644324
225.9999239302371 -33.07943848432812
225.99991398920196 -33.07309940221097
225.99990405072896 -33.06676032009178
225.9998941148173 -33.06042123797057
225.99988418146617 -33.05408215584733
225.99987425067482 -33.04774307372205
225.99986432244245 -33.04140399159475
225.9998543967682 -33.03506490946542
225.99984447365136 -33.02872582733406
225.99983455309106 -33.02238674520067
225.99982463508658 -33.01604766306526
226.0064511032589 -33.155500271714985
226.00643024010816 -33.142822109387346
226.00641981256794 -33.136483028220184
226.00640938771664 -33.13014394705078
226.0063989655535 -33.123804865879144
226.00638854607766 -33.117465784705296
226.00637812928824 -33.1111267035292
226.0063677151845 -33.104787622350884
226.0063573037655 -33.09844854117035
226.00634689503048 -33.09210945998757
226.00633648897855 -33.08577037880257
226.00632608560892 -33.079431297615336
226.0063156849207 -33.07309221642589
226.00630528691315 -33.06675313523422
226.00629489158536 -33.06041405404032
226.00628449893648 -33.05407497284421
226.00627410896575 -33.047735891645864
226.0062637216723 -33.041396810445306
226.00625333705528 -33.03505772924254
226.0062429551139 -33.028718648037525
226.0062325758473 -33.02237956683031
226.0128696794585 -33.161831828748184
226.01284788865243 -33.1491536683693
226.01282610908459 -33.136475507980684
226.01281522351283 -33.13013642778273
226.01280434074798 -33.12379734758233
226.01279346078917 -33.11745826737952
226.01278258363558 -33.11111918717426
226.01277170928628 -33.10478010696658
226.01276083774044 -33.09844102675646
226.01274996899718 -33.09210194654393
226.01273910305557 -33.08576286632896
226.0127282399148 -33.07942378611156
226.012717379574 -33.07308470589175
226.01270652203226 -33.066745625669505
226.01269566728874 -33.060406545444835
226.01268481534254 -33.05406746521775
226.0126739661928 -33.04772838498823
226.0126631198387 -33.04138930475631
226.01265227627934 -33.035050224521946
226.0126414355138 -33.028711144285175
226.01263059754126 -33.022372064045975
226.01261976236088 -33.016032983804365
226.01926646092335 -33.155484900110295
226.0192210581925 -33.13012858338811
226.0192097148264 -33.12378950420094
226.0191983743851 -33.11745042501115
226.01918703686775 -33.11111134581872
226.01917570227334 -33.104772266623634
226.01916437060106 -33.09843318742592
226.01915304184996 -33.09209410822556
226.01914171601913 -33.08575502902257
226.01913039310767 -33.07941594981695
226.01911907311467 -33.07307687060868
226.01910775603918 -33.066737791397784
226.01909644188038 -33.06039871218425
226.01908513063728 -33.054059632968084
226.01907382230902 -33.04772055374929
226.01906251689465 -33.04138147452787
226.01905121439333 -33.035042395303805
226.01903991480413 -33.02870331607712
226.0190286181261 -33.02236423684781
226.01901732435837 -33.01602515761587
226.01900603350006 -33.00968607838131
226.02566232188022 -33.14913764824568
226.02562689170847 -33.130120413867076
226.02561508774153 -33.12378133573515
226.0256032868182 -33.117442257600366
226.0255914889375 -33.11110317946271
226.0255796940985 -33.10476410132221
226.02556790230022 -33.09842502317885
226.02555611354174 -33.092085945032636
226.02554432782213 -33.085746866883554
226.0255325451404 -33.07940778873162
226.02552076549566 -33.07306871057684
226.0255089888869 -33.06672963241921
226.0254972153132 -33.06039055425872
226.02548544477366 -33.05405147609539
226.0254736772673 -33.0477123979292
226.0254619127932 -33.04137331976016
226.02545015135036 -33.03503424158828
226.02543839293787 -33.028695163413545
226.02542663755483 -33.02235608523597
226.02541488520023 -33.01601700705555
226.03205726263894 -33.142790073279926
226.03204499174402 -33.1364509962514
226.03203272401342 -33.13011191921979
226.03202045944616 -33.12377284218508
226.03200819804124 -33.117433765147304
226.0319959397977 -33.11109468810643
226.0319836847145 -33.10475561106247
226.03197143279073 -33.09841653401541
226.03195918402534 -33.092077456965285
226.0319469384174 -33.08573837991207
226.0319346959659 -33.07939930285578
226.03192245666983 -33.07306022579641
226.0319102205283 -33.06672114873394
226.03189798754022 -33.060382071668414
226.03188575770469 -33.0540429945998
226.0318735310207 -33.04770391752811
226.03186130748725 -33.04136484045335
226.0318490871034 -33.035025763375515
226.03183686986813 -33.0286866862946
226.0318246557805 -33.02234760921062
226.03181244483952 -33.016008532123564
226.0318002370442 -33.00966945503344
226.0384767502584 -33.14912032711292
226.03845128350943 -33.13644217533858
226.03842582989304 -33.123764023550955
226.03837496202542 -33.09840771993579
226.0383622532536 -33.0920686440237
226.03834954775783 -33.0857295681083
226.03833684553703 -33.07939049218957
226.03832414659018 -33.073051416267525
226.03831145091632 -33.066712340342164
226.03829875851434 -33.0603732644135
226.0382860693833 -33.0540341884815
226.03827338352215 -33.04769511254621
226.03826070092987 -33.041356036607596
226.03824802160545 -33.035016960665686
226.03823534554792 -33.02867788472045
226.0382226727562 -33.02233880877192
226.0382100032293 -33.015999732820084
226.0381973369662 -33.00966065686494
226.04481801666836 -33.117415805115066
226.04480483770055 -33.111076730393656
226.04479166213048 -33.104737655668686
226.04477848995714 -33.09839858094016
226.04476532117945 -33.09205950620806
226.04475215579632 -33.085720431472396
226.04473899380673 -33.07938135673317
226.0447258352096 -33.07304228199039
226.04471268000387 -33.06670320724403
226.04469952818852 -33.060364132494136
226.04468637976248 -33.05402505774068
226.04467323472468 -33.04768598298365
226.04466009307407 -33.04134690822308
226.04464695480962 -33.03500783345896
226.04463381993025 -33.028668758691275
226.04462068843495 -33.022329683920056
226.0446075603226 -33.01599060914527
226.0511956488361 -33.10472819053502
226.05116838775567 -33.092050043518526
226.0511547624857 -33.085710970004556
226.05114114072782 -33.079371896486755
226.05112752248095 -33.07303282296517
226.05111390774394 -33.06669374943974
226.0511002965157 -33.06035467591052
226.05108668879515 -33.05401560237748
226.05107308458122 -33.04767652884064
226.05105948387282 -33.04133745529998
226.05104588666885 -33.03499838175553
226.0510051160726 -33.015981161099326
226.0576137301987 -33.11105747268185
226.05758554172306 -33.09837932820156
226.05757145293512 -33.0920402559553
226.0575573677789 -33.08570118370496
226.0575432862533 -33.079362111450536
226.05752920835715 -33.073023039192044
226.05751513408936 -33.066683966929475
226.0575010634488 -33.06034489466283
226.05748699643433 -33.05400582239212
226.0574729330448 -33.04766675011734
226.05745887327913 -33.04132767783848
226.05744481713617 -33.03498860555556
226.0574307646148 -33.02864953326858
226.0639745166707 -33.092030143518585
226.06395997162875 -33.08569107257381
226.063945430336 -33.07935200162469
226.06393089279118 -33.073012930671226
226.06391635899317 -33.06667385971343
226.0638727800684 -33.047656646813955
226.06385826124603 -33.04131757583878
226.06384374616462 -33.034978504859275
226.06382923482306 -33.02863943387544
226.07036257398815 -33.08568063661129
226.07033257573588 -33.07300249740292
226.07031758240822 -33.06666342779179
226.07030259294467 -33.06032435817605
226.070287607344 -33.05398528855568
226.07027262560499 -33.04764621893069
226.0702576477265 -33.04130714930108
226.07022770354604 -33.028629010028034
226.0766724696076 -33.047635466467746
226.0766570326735 -33.04129639822558
226.08296112607408 -33.00325092162639
