# successful candidates for region at (334.03515796983606, -55.24439015002442) and radius 1.0333.6309243975822 -55.05882421320074
333.630988325213 -55.05249714363762
334.4744903176411 -54.98910244615804
334.4875462143936 -55.01436382026141
334.5005450816978 -55.03329675305772
334.50693726818497 -55.03327215859866
334.5132538903073 -55.026920208227075
334.513027387301 -55.00793914661126
334.52441365489574 -54.89400210348703
334.530783675637 -54.893976271389334
334.53070572044624 -54.88764926360523
334.53062779376535 -54.881322255754824
334.5371536881427 -54.89395010514633
334.53707473112075 -54.88762310214688
334.5433638038524 -54.88126960838159
334.5498936880244 -54.89389677022735
334.5498127273537 -54.887569776980484
334.55634566766804 -54.90019658975851
334.55626367518863 -54.89386960155292
334.5560997801878 -54.88121562492178
