# successful candidates for region at (144.8764221320623, 67.51485666721813) and radius 1.0145.17498823407755 67.85331311431085
145.1882621111019 67.85959669431774
145.21400949211173 67.81538814312107
145.26354992163826 67.62603065459496
145.42238509442421 67.99777034523376
145.429171234314 68.00405618605451
145.4834277032212 68.04802500338442
145.4900777641909 68.04800050252898
145.4910839891755 68.08584745780105
145.49125203205915 68.0921552830193
145.49774493862932 68.08582264712996
145.49791480229132 68.092130465189
145.49808476400392 68.09843828305475
145.50457755811306 68.09210537987377
