# successful candidates for region at (230.76800368968148, -2.457273038420664) and radius 1.0230.0603370923325 -3.158277237859346
230.06667002960756 -3.158280888259985
230.0919903094379 -3.177277451362413
230.09199413820647 -3.170950021489458
230.0983195559611 -3.1836083785718374
230.09832714725837 -3.170953513327222
230.10465263683577 -3.1836118429949694
231.2002038799098 -2.9938902262122347
231.2065311506428 -2.981232985592378
231.20652877788183 -2.974905470258866
231.21286310897818 -2.9812307471043624
