# successful candidates for region at (256.4935841620038, 48.368045725167484) and radius 1.0257.0522995622197 48.071826579994905
257.05243727909937 48.08448686960005
257.0525061697866 48.090817014307774
257.05882683890644 48.08445561875482
257.0783559008642 48.11601035831583
257.08423941021636 48.071666823042854
257.09062735567215 48.071633806214976
257.09114282915635 48.11594460801554
257.096866648111 48.05894021491542
257.0969409588972 48.065270324616186
257.0970152928741 48.07160043424327
257.0970896500522 48.077930543796654
257.09738731098315 48.103250981272346
257.09746178432255 48.10958109045664
257.1031779296762 48.05257639380204
257.1032530035996 48.05890649831946
257.1037039394465 48.09688712384327
257.10377917756995 48.10321722783346
257.10385443919256 48.109547331748175
257.10948765385206 48.04621222820531
257.11001900712796 48.090522921564876
257.1100950095499 48.09685302030862
257.1101710357066 48.10318311897535
257.1158724200333 48.046177812281414
257.11648607111874 48.09681856141112
257.1224120191776 48.058803218347336
257.1229547262754 48.10311383500512
257.1287983404469 48.05876808163153
257.15507695958905 48.115594524740644
257.16147032367707 48.115557561022506
257.1615527311279 48.121887614833824
257.1616351643271 48.12821766855467
257.1678636785099 48.11552024178258
257.1679468746949 48.12185028976608
257.1807351336958 48.12177457290273
