# successful candidates for region at (51.92787657902682, -13.44411081545662) and radius 1.051.36493332999044 -13.813330375619758
51.36496356457344 -13.800700066122568
51.37126949656575 -13.813344477526972
51.377605663896894 -13.813358419817861
51.377620443535996 -13.807043260049864
51.383941831975264 -13.81337220249224
51.38395644144303 -13.807057040254644
51.38397104571419 -13.800741878006592
51.75789954991761 -13.643390905451499
51.77693054306414 -13.586565648512583
51.776934549488544 -13.58025038898832
51.7832644906171 -13.5802540908741
51.78326832765228 -13.573938830683742
