# successful candidates for region at (140.9902245057258, 24.83516460911654) and radius 1.0140.2135725217067 24.17115189284337
140.26863394203977 25.543486532513715
140.268596208929 25.54980921598263
140.2751184753692 25.524549019330905
140.27508110468528 25.530871706916273
140.27500633407703 25.543517081974848
140.27496893414784 25.54983976944804
140.27493152446533 25.556162456883815
140.2814898715842 25.524579285923732
140.28134166257308 25.54987005191195
140.33977708302723 24.140134803616313
140.34610978900866 24.133839115795503
140.34607764812657 24.14016184803904
140.3460454988353 24.14648458025367
140.34601334113285 24.152807312439382
140.35237821590243 24.140188629231783
140.35234638104097 24.146511364930547
140.3523145378506 24.152834100600952
140.35861573722076 24.152860625463603
