# successful candidates for region at (206.2415232506474, 2.7874738689670857) and radius 1.0205.8952430434156 3.4852363585569077
205.90156617281147 3.4915606448076644
205.9078935697819 3.4852403059466917
205.9142188330017 3.4852422245578007
206.34421523791755 2.094374354428498
206.34421569842573 2.100696682544186
206.3442161597712 2.107019010659812
206.3442166219541 2.113341338775376
206.3505340038105 2.1070184895271447
206.4010973543568 2.2840382533879997
206.4074160139744 2.284037433767894
206.41373304922683 2.271391938410281
206.41373386070293 2.2777142603669516
206.42006012728075 2.3346142689863156
206.4200609830985 2.340936590226883
206.42637902733335 2.3346133479736837
206.4263799134406 2.3409356684742475
206.43266255032498 2.08171960535486
206.43269701254042 2.32829007519582
206.432697927377 2.334612394930873
206.4326988437737 2.3409347146656985
206.4327006812475 2.3535793541346637
206.43898116330493 2.0880409708813326
206.44529892224998 2.088039985637282
206.44529983439355 2.094362303773224
206.45165765439032 2.3535762954702566
206.45797560433073 2.347252895286833
206.45797664541783 2.353575211700765
206.4579776882714 2.359897528114404
206.46429029721654 2.3219625182234442
206.46429136142436 2.3282848337441635
206.46429242745003 2.3346071492645755
206.4642956364347 2.3535740958239524
206.46429670973234 2.359896411343124
206.46429778484807 2.366218726861985
206.4705689345445 2.0817134197800855
206.47056995793793 2.0880357343927276
206.47061023117004 2.32828368944068
206.47061132743346 2.334606004040958
206.47061573118236 2.3598952624387994
206.47688666521438 2.081712280347102
206.47692910090464 2.328282513132843
206.47693022740577 2.3346048267872543
206.47693135582793 2.3409271404413214
206.48324912736666 2.3346036175034794
206.48325028607806 2.340925930185925
206.48325144676213 2.3472482428680066
206.48325377404842 2.359892868231073
206.4832561092261 2.3725374935926746
206.4895656553871 2.321957752818317
206.48956921631645 2.3409246878747365
206.4895716003904 2.3535693112437652
206.48957279546386 2.3598916229277016
206.48957399256173 2.366213934611253
206.48957519168408 2.3725362462944175
206.4895763928309 2.3788585579771953
206.49588571003892 2.32827879218337
206.49589181686713 2.359890345491345
206.49589427412982 2.3725349668117004
206.5211400883839 2.2271164817874336
206.52745450200558 2.208148152360065
206.5274571524903 2.220792762700686
206.52745848123126 2.2271150678702547
206.52745981230467 2.2334373730393264
206.5337701073943 2.195502102393036
206.53377145596087 2.201824406387572
206.53377280691117 2.2081467103815933
206.53377416024531 2.2144690143750987
206.53377687406532 2.227113622360557
206.5338230292544 2.435749653816408
206.54009111180332 2.2081452368877987
206.54009387942284 2.220789842468713
206.54009526688583 2.2271121452583595
206.54009665678436 2.2334344480474657
206.54014095203888 2.429425834236761
206.5401438902203 2.442070439778882
206.54014683815316 2.454715045318723
206.54641365969246 2.2271106365636806
206.54644105197278 2.3472343661163175
206.54644251855157 2.3535566676659627
206.54646481588887 2.4483911908403226
206.54646632229162 2.4547134923805523
206.55273786261148 2.252398297497934
206.5527393214902 2.258720597801807
206.55908817589855 2.3851649998660407
206.55909126431757 2.3978095978865968
206.5590928124152 2.4041318968959184
206.56540574846613 2.3788410660378427
206.5654104693108 2.3978079591504895
206.56541204821295 2.4041302568533798
