# successful candidates for region at (37.45967501828378, 11.38533171173836) and radius 1.036.68469365383698 11.05762971278058
36.684676771762184 11.063953221197087
36.68465988266508 11.07027672959644
36.68464298654479 11.07660023797863
36.6912570049324 10.962793354314238
36.69107358025581 11.032351985770587
36.69104013985728 11.044999009453077
36.69102340921463 11.051322521269041
36.691006671608584 11.057646033068144
36.690989927038274 11.063969544850378
36.690973175502855 11.070293056615736
36.69095641700146 11.07661656836421
36.69760095411083 10.950162460293981
36.69758446435005 10.956485975695571
36.697567967695775 10.962809491080673
36.69740262182484 11.026044644023601
36.69736946984407 11.038691674413695
36.69735288349734 11.045015189583886
36.69733629024525 11.0513387047375
36.697319690086935 11.057662219874526
36.69728646904827 11.070309250098795
36.6972698481662 11.076632765186021
36.697253220374506 11.082956280256633
36.70391164444339 10.950178457379327
36.70366562783747 11.045031236288356
36.70358328003321 11.07664882844385
36.71023854537744 10.943870799448588
36.710222335463754 10.950194321450692
36.716533027166186 10.950210052507872
36.71651694700892 10.956533577745098
36.71635577557607 11.019768829254156
36.7160476949092 11.13991580277961
36.72284371954493 10.95022565055066
36.72282777592302 10.956549179011454
36.72281182563594 10.962872707456837
36.72268398329475 11.013460934464373
36.72266797298425 11.01978446277078
36.722651956000384 11.02610799106171
36.72263593234234 11.032431519337164
36.722362508206544 11.139931497645174
36.72228172162732 11.17154913746766
36.72898017106764 11.019799962970303
36.728964291247806 11.026123494460208
36.72894840481095 11.0324470259349
36.72893251175624 11.038770557394367
36.72877321704802 11.102005871150434
36.72874127861051 11.114652933718347
36.72869332123857 11.133623527455422
36.728677322187124 11.139947058670474
36.72866131650392 11.146270589870198
36.72858118858253 11.177888245638654
36.72856514309141 11.18421177674627
36.72854909096276 11.190535307838513
36.73527662716507 11.026138864513888
36.73526087794981 11.0324623991603
36.735103024826216 11.095697744800576
36.73508720339891 11.102021279282082
36.73507137540202 11.108344813748563
36.735055540834715 11.114668348200006
36.73503969969619 11.120991882636407
36.7349921368451 11.139962485855303
36.73488092671416 11.184227226171812
36.74140119041885 11.102036553738365
36.7413698037288 11.114683628951202
36.74132267483694 11.133654241659592
36.741306952174604 11.13997777919947
36.74129122299507 11.14630131672454
36.74762176816981 11.139992938702763
36.78583388261574 11.000962788258194
37.23306258855957 12.133578887173156
37.258388231818294 12.165216058801258
37.26473077499046 12.158896680720257
37.26472169354771 12.171544085986524
37.27106863094596 12.158900866080883
37.271064238717805 12.16522456956005
37.27740648709354 12.158904913122768
37.28374024638612 12.16523252693212
37.29008219993916 12.158912592250116
