# successful candidates for region at (177.67283611481272, 60.19505372552935) and radius 1.0177.74644434338484 59.879296529220525
177.82926017320537 59.89185069604438
177.82928993349097 59.89816390152545
177.8356284506903 59.891842981930175
177.83565942255427 59.8981561857811
177.84199672515595 59.89183496002803
177.91940107061052 60.024291397131144
177.91944821021022 60.03060457344405
177.92589158997433 60.036905667911704
177.9322381999956 60.03058010570235
177.93228780538212 60.03689327680063
177.9386840159285 60.03688057640359
178.0058977786506 60.990036256501305
178.00596380256096 60.99634939206023
178.01248473709475 60.99001994043018
178.01907168872512 60.9900033048398
178.02433555405122 60.87003697372348
178.03075657024294 60.857393527228986
178.03082716564458 60.86370664900506
178.03089779185876 60.87001977073644
178.03731621286911 60.85737601369506
178.07699272680233 60.88251662731191
178.07707251753206 60.88882972064858
178.08339542700486 60.86987069195655
178.08347644293428 60.876183781095634
178.0835574942392 60.88249687017584
178.09003990679312 60.87616371001588
