# successful candidates for region at (352.4919880085781, -53.51128888801434) and radius 1.0352.2997906748162 -54.23584574128419
352.3013607742752 -53.89440498553769
352.3063219429347 -54.23585589286664
352.3078386877438 -53.89441503944214
352.3078665004614 -53.88809206043315
352.30789430327104 -53.88176908141545
352.3143166042705 -53.89442474578953
352.31434343861616 -53.88810176505093
352.31437026340245 -53.88177878430424
352.3208462264813 -53.88178813975953
352.3272973236652 -53.888120131800015
352.32732219240006 -53.881797147781036
352.32734705227716 -53.8754741637551
352.3273719033012 -53.8691511797222
352.3337742703444 -53.88812879393075
352.3337981610513 -53.8818058083685
352.3338220432488 -53.87548282279983
352.34025121965 -53.8881371085653
