# successful candidates for region at (73.45872192837385, -12.922263003060143) and radius 1.073.82112762738208 -13.585696074776559
74.24343643987173 -12.451436752708949
74.24337831795495 -12.43244265743024
74.24976415417467 -12.4514179783884
74.2497250864279 -12.438755255250626
74.24968604824652 -12.426092532031308
74.25609186754694 -12.451399053294692
74.25607217371349 -12.445067695278368
74.25603280840004 -12.432404979183566
74.28134177799254 -12.432327814433227
74.28126064080594 -12.407002439777916
74.28758725682628 -12.406982786599396
74.29393445645927 -12.413294319152552
74.29391387187516 -12.40696298284676
