# successful candidates for region at (135.5737793660715, 42.087318827350835) and radius 1.0134.7227305977122 42.700718716923426
134.72255804658082 42.71335200533131
134.72927980070983 42.69444936649092
134.72910860833764 42.70708266855114
134.76797613291004 42.701042249142716
134.767894454811 42.70735893931066
134.76781275355623 42.71367562937498
134.7744398186894 42.70108702566604
134.77435879564064 42.707403722187415
134.77427774962177 42.71372041860682
134.77289644415706 42.821104242097014
134.78098385893705 42.69481473867087
134.78090351371796 42.70113144159478
134.7808231457234 42.70744814441841
134.7807427549444 42.71376484714173
134.7806623413721 42.72008154976469
134.7875265760331 42.68854207848246
134.787367217921 42.70117549692786
134.78720776944928 42.713808914978664
134.78512668432782 42.87804331358548
134.79406797045647 42.68226904525805
134.79398897976859 42.68858576082374
134.79390996669392 42.69490247629247
134.79240445311697 42.81492005172461
134.79168847590583 42.871770469893484
134.79160880978824 42.878087182533385
134.79152912101927 42.88440389507514
134.80045139252138 42.688629082669486
134.79880119086118 42.82128021648634
134.79864351522772 42.83391365559602
134.79809094438187 42.87813068944608
134.79801191590516 42.88444740818176
134.79793286495587 42.890764126820876
134.80699149588233 42.682355316216096
134.8069138142167 42.688672044018645
134.80652507547816 42.72025568162421
134.80465143393755 42.87185710934957
134.8044947198524 42.88449055920058
134.814145535305 42.62554730228422
134.8135302772557 42.67608117708938
134.81345327192875 42.68239791102587
134.81337624477993 42.68871464487021
134.81329919580065 42.695031378622346
134.81299078140867 42.72029831270821
134.8112105901708 42.86558315494395
134.81105524066606 42.87821661716166
134.81082205072408 42.897166809788224
134.8199150567646 42.68244014538812
134.81983868413627 42.68875688522311
134.81776841356583 42.859308826387505
134.8176144278815 42.871942300862464
134.82424860413877 42.859350867194905
134.82417228198315 42.86566761046132
134.83291369481634 42.676206781015445
134.83072880345537 42.85939254611641
134.83937485122627 42.676247928193185
134.83930046326196 42.682564685779425
134.83705898480926 42.87206737322015
134.84583601612337 42.67628871497045
134.85237024799272 42.670012372158794
134.8500220658866 42.87214894483891
