# successful candidates for region at (206.22145566423555, 48.69896691176436) and radius 1.0205.42803620788766 47.88909773501983
205.427841553935 47.90174534385797
205.43441088086135 47.882817369460184
205.43421782680542 47.89546499202729
205.4404009662422 47.901831917160614
205.44677571991397 47.895550861551
205.45314891448092 47.88926944743157
205.45305468206934 47.895593278547594
205.45296042039584 47.901917109544634
205.46008054324096 47.84504464596869
205.45942711704893 47.88931151272528
205.45933365451336 47.89563535036587
205.4592401629549 47.90195918788944
205.46626088200117 47.85141016580876
205.4661683617809 47.85773401060999
205.46561263716202 47.8956770770048
205.47262621389606 47.84512765106417
205.47253449058553 47.85145150238437
205.47244273881887 47.85777535359174
205.47235095858343 47.86409920468622
205.47880810917383 47.851492494152815
205.4787171258654 47.85781635171289
205.8495693172311 49.49761746082284
205.84952144309239 49.50394159765766
205.849473553555 49.510265734463076
205.85605159697997 49.49763789474451
205.85600455729036 49.503962034867754
205.85595750247043 49.51028617496262
206.35514435571352 49.4791596219588
