# successful candidates for region at (224.86945821380957, 11.001313181294599) and radius 1.0224.31975734942716 10.907031878994166
224.31969868659982 10.938638915316233
224.31968693915 10.944960322555335
224.32604266566867 10.932328803129886
224.32603105842776 10.938650212759912
224.35136055049077 10.938694093745136
225.3334618266275 11.305425031143566
225.33983301382656 11.32437957385945
225.5409837711197 10.552791604387052
225.5409977698857 10.559112960801357
225.54732211723382 10.55909917420322
225.55364646400412 10.559085258381874
225.55366073255504 10.56540660889508
225.566222588018 10.527450316298792
225.57253164813855 10.521114686453043
225.57254627448154 10.527436028007967
225.57256090713005 10.533757369549422
225.5725755460848 10.540078711077399
225.5725901913466 10.54640005259189
225.5726048429161 10.552721394092897
225.57886996034762 10.527421610631988
225.5789142721659 10.546385626014823
225.5789438451992 10.559028302868056
225.5790178892004 10.590634994760512
225.57904755138387 10.60327767142112
225.58517875619293 10.521085728776653
225.58519364561084 10.52740706417104
225.58520854144768 10.533728399551464
225.58525326747935 10.552692405608909
225.5852681889995 10.559013740933429
225.5853279393149 10.584299082091544
225.5853728195194 10.603263087813001
225.59151733026587 10.52739238862531
225.59796246946664 10.577948216466124
225.60427187045823 10.57161193150161
225.60428720721978 10.577933257331404
225.60430255057665 10.584254583146434
225.60431790052954 10.590575908946697
225.61061194434538 10.57791816889276
225.6106274197485 10.584239491501677
225.61064290180445 10.59056081409557
225.61076699784923 10.641131394305154
225.61078253981634 10.64745271676356
225.6107980884442 10.653774039206882
225.61692108009785 10.571581631759795
225.61696790244562 10.590545589885764
225.61709305735593 10.641116144215285
225.61710873193687 10.647437463437521
225.62326141669234 10.577887604104502
225.62340331579938 10.63477944857287
225.62341911622016 10.641100764547037
225.62343492341455 10.647422080505608
225.6486417619214 10.609431436699886
225.72424347147245 10.501769342296779
225.7242789994131 10.514411863156546
