# successful candidates for region at (205.24243070507814, 47.9412094774396) and radius 1.0205.4626058343209 47.89337054248494
205.47519580840995 47.85539391134811
205.47522422012753 47.861719164451095
205.48157141925543 47.855380836780576
205.60358941863487 47.981569333479136
205.60993553830292 47.97522393219587
205.61637169059858 47.981528573409435
205.62271623454097 47.97518246983603
205.62276281892494 47.981507661815435
205.64169166104796 47.949816891071784
206.0739993978074 48.21950660166581
