# successful candidates for region at (232.63783070780136, -1.1433193511377355) and radius 1.0232.63968092068274 -1.6479332624171463
232.63968091015613 -1.6352788766450261
232.63968090491537 -1.6289516837589664
232.63968089968975 -1.6226244908729064
232.646008844537 -1.6479332497469972
232.64600882123918 -1.6416060568813464
232.646008798008 -1.6352788640156948
232.6460087748435 -1.6289516711500436
232.6460087517456 -1.6226244782843913
232.65233676839108 -1.647933221087032
232.65233672706637 -1.6416060282675458
232.6523366858598 -1.6352788354480592
232.6523366447715 -1.6289516426285715
232.65866469224497 -1.6479331764372498
232.65866463289333 -1.641605983689685
232.65866457371143 -1.6352787909421185
232.66499261609854 -1.6479331157976522
232.6839766517032 -1.6605872223445861
232.69030461176322 -1.660587097344323
232.73460033215667 -1.6605857731855251
232.7409279968265 -1.654258330386023
232.7409277022851 -1.6479311409172788
232.74092711572243 -1.6352767619796762
232.7409268237011 -1.6289495725108183
232.74725625225778 -1.660585250482628
232.7662383033534 -1.6289484081974333
232.76623794068334 -1.622621220613039
232.7915524142308 -1.6669101010089542
232.79155197255704 -1.6605829157216525
232.79788039244684 -1.6669097026679607
232.79787947404057 -1.6542553333704189
232.80420789262388 -1.6605821042755486
232.82319124163507 -1.6542535849599407
233.0319206725249 -1.053150803907708
233.06353504192654 -0.9202765805832143
233.06353422751295 -0.9139494459478869
