# successful candidates for region at (115.41758852289446, 31.606524413623166) and radius 1.0114.68436144269965 30.827895130868686
114.72906877469953 30.777456812557148
114.7353998927606 30.777490646349115
114.73535459456056 30.783826170170776
114.74168613743494 30.783859695679595
114.76068079246461 30.783958396764906
114.76063716455165 30.790293937305883
114.76692592689767 30.79666176120255
114.76649313674656 30.860017204860352
114.77330113041394 30.790358183300096
114.7732583325281 30.79669373194528
114.77321552374772 30.803029280550174
114.77282975394061 30.860049216179107
114.77959074238316 30.796725390032574
114.78604899463315 30.77775006544954
114.78600705923775 30.78408562215967
114.78596511316816 30.7904211788311
114.78592315642128 30.796756735463834
114.79229711077598 30.79045220767142
114.80463526780167 30.841197873012412
114.81097064519176 30.841227994542585
114.8302111456847 30.803302982372177
114.83013307059441 30.815974148885978
114.83005495574481 30.828645315265742
114.83642814755011 30.82233859088957
114.85539318058768 30.828758887936733
114.8553557931556 30.83509448548296
