# successful candidates for region at (132.2626936826601, 30.180924913010276) and radius 1.0131.59696523055692 29.85296463314671
131.66757152653244 29.733118549252524
131.67388007831616 29.739472334242425
131.6803001213089 29.726849934394153
131.680263233018 29.73317522993171
131.68022633534224 29.739500525438206
131.6801894282789 29.745825820913637
131.67996778860999 29.78377759311309
131.67993081575864 29.790102888370722
131.6798938334983 29.796428183597204
131.68660909162477 29.733203112107056
131.68657259593272 29.73952841115223
131.68653609095537 29.745853710167005
131.6864995766901 29.75217900915137
131.69295495375576 29.73323068883889
131.6929188600488 29.739555991383973
131.69288275715877 29.745881293899327
131.69284664508314 29.752206596384934
131.69926512765159 29.739583266132925
131.69922942685025 29.745908572110082
131.6991937169656 29.75223387805816
131.69915799799494 29.758559183977145
131.705576099991 29.745935544798783
131.70554079229856 29.752260854170558
131.71195767316215 29.73963689918048
131.71192277654205 29.745962211964944
131.71188787104325 29.75228752472162
131.71820044107784 29.758639205786494
131.7245479288278 29.75866526852141
131.95426682546102 29.36722439291345
132.90468007215415 30.65641587351793
