# successful candidates for region at (51.903677853150754, -43.63116361588153) and radius 1.051.46037488919237 -43.31388747709559
51.46042117781346 -43.30755347186227
51.46046745317757 -43.30121946659629
51.466642417874404 -43.32657997083695
51.466733706469796 -43.313911953458316
51.46677933115682 -43.30757794472141
51.47295756927852 -43.332938112582845
51.47304755520973 -43.32027008835717
51.47309252884232 -43.313936076198104
51.47313748959309 -43.30760206400823
51.4798053757932 -43.26328771974036
51.48607179846002 -43.275979146708046
51.48611535642778 -43.269645127590266
51.48615890192891 -43.26331110844356
51.48620243496836 -43.25697708926793
51.486245955551084 -43.25064307006339
51.48628946368203 -43.24430905082994
51.49242665486786 -43.27600218878201
51.49246955003271 -43.26966816636836
51.492512432920606 -43.26333414392664
51.49264100797141 -43.2443320764333
51.498316160967256 -43.345699157985
51.49840088010219 -43.3330311072395
51.498443221464065 -43.326697081825785
51.498485550695314 -43.32036305638476
51.498781516061904 -43.27602487753426
51.498950372997065 -43.25068877473518
51.50467833029165 -43.345721528613794
51.504720031030686 -43.33938750005057
51.50480339666422 -43.3267194428447
51.50488671453675 -43.31405138553305
51.51104050427632 -43.345743545363014
51.51120457709343 -43.32040741834252
51.511245565923 -43.31407338652337
51.51740268284696 -43.34576520823215
51.51776560518293 -43.28875889396482
51.52376486592926 -43.345786517220674
51.52408219584479 -43.29511421357692
51.524121810977384 -43.288780175513686
51.524161414767974 -43.28244613742652
51.530439069443794 -43.295135144695394
51.53047802119209 -43.28880110363711
51.530516961788294 -43.28246706255571
51.53683423575301 -43.288821678334585
51.56158032552752 -43.40924748975835
51.56161614466788 -43.402913434833245
51.56165195353234 -43.39657937988864
51.561687752125 -43.39024532492454
51.56798435009238 -43.40293229095159
51.56801949232146 -43.39659823330324
51.56805462446996 -43.390264175636105
51.56808974654191 -43.383930117950214
51.57435255944931 -43.40295079272869
51.57438703504131 -43.39661673242738
51.574421500743966 -43.39028267210801
51.58075458161735 -43.396634877260674
51.61265329497957 -43.38405213670244
51.61893012878996 -43.4030703835774
51.61895993787778 -43.39673630612805
