# successful candidates for region at (27.59009669902662, 21.9989113177881) and radius 1.027.137156699926 21.508634324801733
27.143487010914356 21.508651521068202
27.143467444949536 21.514974327324467
27.149855884938553 21.496022858169844
27.149836606794878 21.50234566674695
27.149817323400377 21.508668475312387
27.149798034753903 21.514991283866166
27.156166643513885 21.50236237670421
27.15614763736283 21.508685187534034
27.156128626035308 21.515007998352527
27.156109609530176 21.521330809159682
27.162477952780492 21.508701657732875
27.162440479662454 21.521347283822692
