# successful candidates for region at (71.00673057308492, -43.14386541675591) and radius 1.071.58263069539119 -42.54755322421656
71.5825720684887 -42.54122169438413
71.58895771441681 -42.54752112776097
71.58889844348535 -42.54118960246198
71.58883918931271 -42.53485807710835
71.59534465878093 -42.55382020128263
71.59522481191824 -42.5411571599064
71.59516491390151 -42.534825639134525
71.60173290205448 -42.560118914797656
71.60812244471099 -42.566417268154524
71.6330553766667 -42.52829215676762
71.66999368358672 -42.43310563767025
71.6694558155755 -42.382453930618944
71.6945573231612 -42.369641466981996
71.70376591001629 -42.62919207639881
71.70079594549301 -42.36327177231585
71.70717516983747 -42.369564603170915
71.71658133778377 -42.64177691001248
71.71643644261478 -42.62911406390659
71.7229178852862 -42.641737365610275
71.72284478073836 -42.635405948193295
71.72277169689366 -42.6290745306934
71.72269863374399 -42.62274311311062
71.72925442467249 -42.64169746979851
71.72910694306333 -42.629034646170076
71.7355909558709 -42.641657222578125
71.7355165579268 -42.635325816500774
71.73189670802022 -42.325086814187664
71.73182335352881 -42.31875540385864
71.73820111922616 -42.325046500953384
71.74833970618727 -42.647907068365285
71.74826399341696 -42.64157567391531
71.74818830209061 -42.635244279376415
71.74811263219982 -42.62891288474865
71.74803698373624 -42.62258149003201
71.75460049962103 -42.641534372474815
