# successful candidates for region at (6.408950961850298, 5.5224539926219025) and radius 1.05.639013364679787 4.886346359860222
5.7006581717477705 6.23154902661663
5.73890712530598 6.061085112361281
5.7452679910376245 6.042146885338505
5.745252936059355 6.054777229208352
5.7516060504205475 6.042154096620672
5.7515985975605 6.048469271297848
5.776994037510492 6.010606322869312
5.776986898491616 6.016921508268835
5.776965449727312 6.035867064432683
5.783331739216992 6.010613175144429
5.783317599126607 6.023243551151932
5.783310521233988 6.029558739147175
5.783303438109279 6.035873927136741
5.789662445238036 6.016935148943939
5.789655444219691 6.023250339525755
5.789648438022608 6.029565530102013
5.789641426646434 6.035880720672708
5.795993289466051 6.02325705878396
5.835263715340219 4.716047787740774
5.84159875178437 4.703423112218131
5.847928151442397 4.697113577202171
5.847922771350508 4.703428790718572
5.847917386617027 4.709744004231043
5.885841744855586 4.735037659625767
5.8921809872569 4.716097216166889
5.898514931680527 4.703471927375136
5.898510032500893 4.709787158544386
5.89850512909798 4.716102389710381
5.898500221471556 4.7224176208731174
5.898495309621383 4.72873285203259
5.898490393547226 4.7350480831888015
5.904838952178562 4.703477033037814
5.904834113693743 4.7097922662969225
5.90482927103797 4.716107499552856
5.904824424211009 4.722422732805611
5.904819573212627 4.728737966055186
5.904814718042593 4.735053199301576
5.904809858700672 4.741368432544782
5.9111629727740285 4.703482075051517
5.911143836901805 4.728743016324586
5.911139042636019 4.735058251635101
5.917505821186387 4.678226103943381
5.917501120354551 4.684541341316097
5.917486993465707 4.703487053416184
5.923834236048515 4.671915771225882
5.923829599715477 4.678231010612921
5.923824959369566 4.6845462499970285
5.923820315010561 4.690861489378205
5.923815666638238 4.697176728756445
5.923811014252376 4.703491968131751
5.930153378337852 4.678235853737501
5.930148798477988 4.684551095106951
5.942800935857602 4.67824534935154
6.429775972076121 5.960426781181091
6.429776440032924 5.973057412968621
6.436113415663867 5.966741836270232
6.461461664605387 5.960424789085807
6.4614652097608785 5.998316679888015
6.4678027760733725 5.998316073513212
6.467803439961067 6.004631388415914
6.4741403423713635 5.998315398123864
6.474141077750971 6.0046307127694325
6.524842179359926 6.004622822129192
