# successful candidates for region at (349.72190412902233, -19.162120458070785) and radius 1.0349.6355454391295 -19.68758798583008
349.64190853151695 -19.69390832371126
349.6419116608655 -19.68759086720593
349.64191478931883 -19.68127341070026
349.64827788281997 -19.687593528042683
349.64828076229486 -19.681276071153984
349.64828364094586 -19.674958614265005
349.6546493652155 -19.67496105386011
349.65465462244583 -19.66232613937895
349.6610222280909 -19.656010900299222
349.6737540657545 -19.649697217376115
349.6801204275125 -19.643381315843367
