# successful candidates for region at (218.563685715789, 10.206460544566955) and radius 1.0218.50580272207688 9.879587335675316
218.51210143411052 9.87326655261071
218.51210043223585 9.879588374814674
218.54988562059765 9.904879391000629
219.12951841086453 10.01818792291657
219.13580758875915 10.01185536019047
219.22429756316902 10.150767702470855
219.22431063999093 10.15708937675971
219.2305741740453 10.138111646285
219.23687692042878 10.138098818046931
219.2431796663041 10.13808586914531
219.24940115791375 10.1001428229032
219.24941468495993 10.106464485712994
219.2553908717364 9.954731470501862
219.2554043817499 9.961053130633735
219.25541789790103 9.967374790753405
219.2557031560788 10.100129650438056
219.26169002579036 9.954718246175888
219.261703658823 9.96103990332589
219.2617172980491 9.967361560463464
219.2617309434694 9.973683217588606
219.26800293537877 9.961026556112847
219.28067159279078 9.99260774198613
219.28694317571765 9.979950729820832
219.2869573264957 9.986272374719645
219.28697148369366 9.992594019605097
219.29322855200115 9.97361525184182
219.29324281954501 9.979936893636264
219.293257093564 9.986258535417118
219.2932713740588 9.992580177184378
219.29949931023523 9.960958021475768
219.29954246283066 9.979922937466272
219.30578408943285 9.954622319315172
219.30579858358934 9.960943954835212
219.3058130843305 9.967265590341205
219.31206862868797 9.94828650363257
219.3120832392208 9.954608135968769
219.3120978563935 9.960929768290695
219.31838238845452 9.954593832745621
219.31839712864308 9.9609154618424
219.3184118755281 9.967237090924652
219.32468153712932 9.954579409645907
219.32469640033335 9.96090103549051
219.32471127028973 9.967222661320342
219.33099567145968 9.960886489235211
219.3310556844262 9.986172979346568
219.33735544760165 9.986158299960623
219.33737059116382 9.992479919143399
219.3374008988929 10.005123157463053
219.34367047705823 9.992465116411765
219.3499549722233 9.986128581155402
219.3499857595019 9.998771806113009
