# successful candidates for region at (199.23768264258825, 46.7422038655022) and radius 1.0198.54415074177982 46.00348370778016
198.5505379726839 45.997200214141245
198.55045912641307 46.00352200668249
198.55038025654216 46.00984379913589
198.55676751977668 46.00355995564182
198.55668937379014 46.009881753769164
198.56307592179053 46.00359755465723
198.56299849969224 46.009919358406215
198.5629210544172 46.01624116207053
198.57645124578193 45.94045355002282
198.58282744941113 45.93416822346132
198.58905365484168 45.940526189829754
198.5955019701286 45.92791832168468
198.60187454743317 45.92163192008332
198.60180175229917 45.927953757441244
198.6082456690399 45.9153451586125
198.6081736165438 45.92166700128007
198.60810154251575 45.92798884387415
198.61461533551355 45.909058037432146
198.6145440252191 45.91537988535429
198.61447269361713 45.92170173320444
198.61440134069863 45.92802358098254
198.62105409487324 45.89644870350989
198.62091297888995 45.909092409823785
198.62084238927787 45.91541426287496
198.62077177857356 45.92173611585556
198.6274201116685 45.89016085824683
198.62735030531996 45.89648271658212
198.627280478121 45.90280457484837
198.62721063006282 45.90912643304554
198.62714076113656 45.91544829117361
198.6336465234766 45.89651638058775
