# successful candidates for region at (83.38968689498644, -77.88804684896427) and radius 1.082.93567327193828 -77.2726622822975
82.94163601545334 -77.28532268652054
82.9418552916731 -77.27899790501672
82.94207434991111 -77.27267312332664
82.9480433720023 -77.28533338425578
82.94825951270431 -77.27900859743204
82.94847543854124 -77.2726838104274
82.94869114983321 -77.26635902324219
82.94890664689974 -77.26003423587652
82.95445073908753 -77.28534392790908
82.9550891196635 -77.2663695511813
83.00702156590634 -77.24114890849278
83.15145703542726 -77.02626708045996
83.15807190691484 -77.0072979759569
83.16445232568786 -77.00097854707793
83.17061697616482 -77.00730881039019
83.17072185985504 -77.00098388629962
83.17082664150597 -76.99465896216556
83.17658328025519 -77.02628878102443
83.17688951836661 -77.00731400142088
83.17699139901835 -77.000989074804
83.17709318055233 -76.99466414814606
83.1830630914856 -77.01364397069176
83.18316206542856 -77.0073190416607
83.18326094303475 -77.0009941125909
83.1833597244447 -76.99466918348242
83.18914643253396 -77.0262987252387
83.18943461720745 -77.00732393110948
83.1953347814061 -77.03262840444664
83.19552115898306 -77.0199785371754
83.20170960318781 -77.02630806540569
83.2078167006474 -77.0389623849966
83.2086857823305 -76.97571300367129
83.21393553815462 -77.05161656184356
83.2140199749034 -77.04529162180589
83.21410432922447 -77.03896668174006
83.21418860123843 -77.03264174164617
83.22039196183152 -77.03897082732368
83.22047321608954 -77.03264588520732
83.22128141930465 -76.96939646261667
83.2266012854155 -77.04529976578817
83.22667959832428 -77.03897482174732
83.22675783482066 -77.03264987768222
83.22683599501639 -77.02632493359302
83.23296723855842 -77.03897866501076
83.2330424572877 -77.03265371907075
83.23326767375859 -77.01367888111682
83.23918261091505 -77.04530730483467
83.23925488238962 -77.03898235711401
83.23932708334654 -77.03265740937279
83.2393992138889 -77.02633246161095
83.23947127411965 -77.02000751382857
83.23954326414152 -77.01368256602568
83.24554252967357 -77.03898589805682
83.24561171285308 -77.03266094858809
83.24568082856109 -77.0263359991005
83.24574987689627 -77.020011049594
83.24581885795705 -77.01368610006867
83.24588777184165 -77.00736115052457
83.25183018026598 -77.0389892878391
83.25189634566321 -77.03266433671666
83.25196244653206 -77.02633938557693
83.25216036291062 -77.00736453205427
83.25697054226382 -77.15284167238653
83.25818098163286 -77.03266757375836
83.26319044605101 -77.16549469506575
83.26452569179474 -77.02634570549006
83.26936401129605 -77.18447252637151
83.26942242724084 -77.17814757103172
83.30225743287187 -77.02003607919217
83.30229933309145 -77.01371111747376
83.30861380668814 -77.00738818014084
