# successful candidates for region at (173.79186146164952, 0.16784568374076958) and radius 1.0173.2121215108124 -0.5114337026458476
173.21843814197425 -0.5556051586571549
173.21844013823224 -0.5177439663771802
173.22475676626073 -0.5619154401459421
173.22475711135715 -0.5556052391244014
173.22475939860797 -0.5114338319678783
173.2310760807401 -0.5556053186999985
173.23107641745585 -0.5492951153948876
173.23107803300272 -0.5177440988663413
173.2310783425058 -0.5114338955600545
173.2310786474736 -0.5051236922535818
173.2373953830448 -0.5492951918210612
173.237396669888 -0.524054369567558
173.23739698038798 -0.517744164003707
173.23739728640368 -0.5114339584396714
173.23739758793513 -0.5051237528754545
173.24371467332818 -0.5429850595858995
173.24371592777328 -0.51774422840293
173.24371623030157 -0.51143402060673
173.2689892564492 -0.568226210364413
173.27530855208687 -0.561916069335114
173.2879482772796 -0.5240548812343693
