# successful candidates for region at (343.07196703572544, -19.503606985026455) and radius 1.0342.2585490003803 -19.824329103359357
342.25858120106216 -19.81800402871794
342.26487555515723 -19.83068257259144
342.2649075132629 -19.824357493927078
342.26493946226816 -19.818032415227748
342.2649714021748 -19.81170733649346
342.2712660283965 -19.824385661708686
342.2712977257242 -19.81806057898328
342.3225490339569 -19.736051387840877
342.32260815688943 -19.723401159392278
342.3288747281092 -19.742402616134186
342.32890405146605 -19.736077498222073
342.3289333664632 -19.72975238028042
342.32899197138556 -19.71710214430852
342.32913833751735 -19.685476553862433
342.3352299984358 -19.74242850787166
342.3352590710365 -19.736103386258453
342.33546234726794 -19.691827534153404
342.34184437174105 -19.685528048662764
342.3477975675403 -19.77410526839445
342.34819739189027 -19.685553462925935
342.4243317264347 -19.7111417917614
342.5190744110019 -19.875912146479216
342.52560827598825 -19.82532968385488
342.53175275489366 -19.888600919994385
342.531945484243 -19.831673937440563
342.5319668681453 -19.825348717078427
342.5319882459581 -19.81902349670064
342.5383465879102 -19.819042304434472
342.53836770799546 -19.81271708135274
342.5383888220654 -19.806391858255733
342.5446840569603 -19.82538611512204
342.54472579979534 -19.812735663660618
342.5448092141523 -19.78743476055879
342.5511457082514 -19.79377833805487
342.5511663015754 -19.787453109633876
342.5511868890323 -19.78112788119834
342.5575030484786 -19.79379646711041
343.47111081972093 -19.041375166144267
343.4774076387931 -19.02871070782837
343.49643891256403 -19.047643451729012
