# successful candidates for region at (134.22926202547688, 57.122659104331575) and radius 1.0133.66673032061664 57.10037146159117
133.6732264283188 57.094077235662446
133.6730366761501 57.10672269637978
133.67284677636363 57.119368156730324
133.68611941239084 57.08781051371729
133.73495063740674 57.26505938402974
133.74346306215435 57.107014772423064
133.74146421697867 57.25876164139068
133.74138052504577 57.26508442671509
133.7528879776833 57.86582324668581
133.75280449458944 57.872146039836615
133.75272097828068 57.87846883291817
133.75942467781712 57.865847426448816
133.75934234017146 57.87217022441042
133.7592599697666 57.87849302230462
133.76596138665008 57.865871272137554
133.80640521179026 57.20208851085387
133.80633280391055 57.20841134204452
134.45737871207692 56.589260935692394
134.45741696054958 56.59558386521764
134.46369322468396 56.58924917212006
134.85421616029302 56.910380467629686
134.85432210282735 56.91670313541575
134.8544280863337 56.92302580308685
134.86069174826667 56.91667114118412
135.03334927432752 56.94729704053164
135.03958646333658 56.940933462566825
135.03986153568766 56.95357838646509
