# successful candidates for region at (79.62758285435973, -58.31997059430651) and radius 1.079.43616771618065 -58.7180074559061
79.45575160427583 -58.72435637206623
79.47539784060599 -58.718059509214385
79.5343615242292 -58.67386536154369
79.55385837404266 -58.7181279570762
79.55388510069409 -58.70548511166468
79.5604089445186 -58.71181009149734
79.56042112021196 -58.70548866806534
79.56050621124419 -58.66123870400146
79.56051834731022 -58.65491728055806
79.56694615021559 -58.71181331851514
79.56695714100093 -58.70549189442511
79.56702299171045 -58.66756334986053
79.5670339511868 -58.66124192576235
79.56704490620126 -58.654920501663014
79.57348335706071 -58.71181621542463
79.57356169227195 -58.661244817952685
79.57358123621779 -58.64860196857543
79.5800980272857 -58.654925955362444
79.58010661669724 -58.64860453015184
79.59311997255018 -58.68653722130386
79.59964738596057 -58.692860222865384
79.6453894445886 -58.70550486752487
79.67158938838983 -58.74974860880115
79.67158140107145 -58.74342718334091
79.67813371638987 -58.749746221050124
79.67812454125726 -58.74342479607736
79.84378462988316 -59.078291415163235
79.8437449213663 -59.07197002507737
79.85039133222054 -59.07828031629598
79.856998030232 -59.07826888337497
79.87645242128166 -59.02766155614551
79.8763156033344 -59.00869742176152
79.88314313385766 -59.04029155895887
79.88286218672035 -59.002363306001115
79.88988690389345 -59.059242590076536
79.88979063850243 -59.04659984469893
79.8897425355568 -59.04027847197696
79.88969445242824 -59.033957099232914
79.88964638910468 -59.027635726466784
79.88950231784312 -59.00867160803606
79.89644058014783 -59.0529077912447
79.89634193217931 -59.04026505135674
79.89609566756972 -59.00865820123079
79.89604647545929 -59.002336831136105
79.90324478441212 -59.07817949945534
79.90314354737845 -59.0655367654341
79.90309296016652 -59.05921539838687
79.90299184828872 -59.0465726642191
79.94190343545581 -58.97062692776013
79.94184593034417 -58.96430557871334
79.94178844886653 -58.957984229634896
79.98141972986144 -58.97052561467639
79.98873288028784 -59.040042130915616
79.98866664189846 -59.03372080686791
79.98853424695076 -59.021078158646866
79.99526473671824 -59.033702385527945
80.00193148344442 -59.040004947013024
80.00811198953159 -59.002057979203805
80.01477495199597 -59.00835988586106
80.021296040113 -59.00201884192048
80.0212239285501 -58.99569753724286
80.02115184665332 -58.98937623251555
80.0210077717857 -58.976733622911894
80.02796140311547 -59.008320073951474
80.02774144647807 -58.989356172308476
80.0344800602784 -59.00197837177515
80.03418213944653 -58.976693186059904
80.04092062283519 -58.98931505266179
