# successful candidates for region at (125.92423909920379, 39.32106904652995) and radius 1.0125.29425405963214 38.5181061149458
125.4003508310298 38.60731529899301
125.40663787337411 38.60734345125924
125.44401919383532 38.658179478212936
125.4439338205502 38.670848040601825
125.45647756366026 38.67723360363299
125.58905322319949 38.589008969572575
125.62095381349462 39.944664994144844
125.62733476238007 39.95101573462789
125.63366329100221 39.9700348594589
125.64015259335953 39.95104744530207
125.64012639654072 39.95738181232748
125.6465359073829 39.957397145068036
