# successful candidates for region at (246.24887265829088, -3.7567844444897736) and radius 1.0246.8208513973538 -4.464098363324222
246.83983141780018 -4.426112591786731
246.85251321068722 -4.438760900151781
246.85884930361766 -4.438756251589423
246.85884434320528 -4.432427529061501
246.8588344375196 -4.419770083994095
246.86518539647196 -4.438751554490129
246.8715214892494 -4.438746808853956
246.8715113674875 -4.426089373934224
246.9031913152394 -4.426064943964247
246.90953804425558 -4.438717315765721
246.90953267166933 -4.432388614143521
246.91586871236544 -4.432383531481325
