# successful candidates for region at (18.778663461360914, -17.37630763635177) and radius 1.018.822856447211414 -16.647084501430214
18.829169663925118 -16.653411971263967
19.289617782301455 -16.538855154214424
19.295942927458018 -16.545168044255238
19.314956721325743 -16.57676317963978
19.324085478437212 -17.538728776983284
19.33044662350711 -17.54504026072395
19.33042741598487 -17.538711433171613
19.33040821429165 -17.53238260560505
19.33676935231574 -17.53869388886533
19.336749929934705 -17.532365063967333
19.33673051344859 -17.52603623905479
19.34317025240322 -17.557662610572105
19.343150591442576 -17.55133378841785
19.343091644347545 -17.53234732186574
19.34951284872065 -17.55764465708663
19.36161115186758 -17.374072539657142
19.3615708674773 -17.36141491098043
19.361550734481092 -17.35508609661843
19.361530607615997 -17.34875728224068
19.367967736242694 -17.380382877618448
19.367947365832205 -17.374054066116138
19.36792700162288 -17.367725254597715
19.367886291803188 -17.35506763151254
19.3678456067745 -17.342410008362982
19.374283578511474 -17.374035392873733
19.37426299535524 -17.36770658419775
19.3742424184657 -17.361377775505318
19.374201283482076 -17.348720158071092
19.37418072538569 -17.342391349329322
19.38059898778902 -17.367687714127054
19.409593933341313 -16.576491351189137
19.48843334225511 -17.398980134913458
