# successful candidates for region at (333.6089705754544, 0.4829272959438055) and radius 1.0333.5287557540396 1.31966416402348
333.52875559288526 1.3259869713217154
333.5350809754424 1.313341469486242
333.535080827596 1.3196642770975402
333.6868684861874 0.5672501237690205
333.9525212030174 1.1805502453630567
333.9588460099761 1.1805497675320793
334.08533869991277 1.1552474344796488
334.09166346103996 1.1552467813934184
334.0916643288109 1.1615695159352453
334.09166607612093 1.1742149850173575
334.0916732222763 1.2247968613249343
