# successful candidates for region at (133.3074891355115, 52.158868502374936) and radius 1.0133.2766487225323 52.27046857867094
133.28303802409195 52.27680648009971
133.2894368915548 52.264134806066025
133.28943431260896 52.27047121639512
133.28943173277852 52.276807626724164
133.29582877391894 52.26413560748783
133.29582710811817 52.27047201795437
133.295825441746 52.27680842842088
133.33419151156636 52.28314240516732
133.3853151008389 52.264110622405866
133.39171900684659 52.27044265712103
133.40450457839947 52.27043287958431
