# successful candidates for region at (43.15283621584886, 21.90209010967378) and radius 1.042.472507377530675 22.68269191455692
42.47892722255126 22.676388215269586
42.478896444733365 22.682718196501796
42.485346478239336 22.67008426088969
42.49170478066959 22.676440028186747
42.69625107750499 22.64548374009929
42.70265899876176 22.6391712431138
42.70902585617522 22.645518669048705
42.71531341630987 22.677186211878922
42.715293433781895 22.6835163018481
42.71527344584766 22.689846391805244
42.715253452505905 22.696176481750356
42.72170226730614 22.67720306838158
42.721682576556965 22.683533160647684
42.72166288048046 22.689863252902104
42.72164317907541 22.69619334514484
42.72809111984474 22.677219676934314
42.75994565600708 22.708949527033813
42.766335977024276 22.70896465818684
42.76631830485906 22.71529476553848
42.77274367471331 22.70264943183027
