# successful candidates for region at (331.1214176522445, -46.09306512157066) and radius 1.0330.70088872505767 -46.69575594466407
330.70731541952017 -46.70209776269488
330.7408031534365 -46.544247926334755
330.89041248694843 -46.28558338055637
330.8967095213938 -46.31718869184738
330.9031649094283 -46.31088255959715
330.9287050298494 -46.36147668902231
330.9864368426887 -46.437381553517696
330.9864524623729 -46.43106301711984
330.9864680773418 -46.42474448071855
330.99288122414464 -46.43738892582171
330.99289609810296 -46.43107038831041
330.99291096757105 -46.424751850796014
330.9993397355301 -46.43107739897283
330.9993538594968 -46.42475886039976
331.00579675303374 -46.4247655095296
331.012239648097 -46.42477179818538
331.0186825446015 -46.424777726366926
331.0251254424621 -46.42478329407409
