# successful candidates for region at (179.19652797242207, -28.916537232359072) and radius 1.0178.40936641755033 -29.476692422302847
178.4094152411906 -29.47036817278407
178.416020674563 -29.445108301459722
178.42238296359494 -29.45146938432462
178.42243094281739 -29.445145125103203
178.42247890977367 -29.43882086582847
178.4288412156786 -29.44518164508712
178.42888878548095 -29.438857381130635
178.42893634312213 -29.43253311712173
178.4352986657552 -29.43889359281149
178.43539297487303 -29.42624505545823
178.44175531408942 -29.432605227616474
178.4418020656658 -29.426280954311913
178.44821116094585 -29.426316549620765
178.49220131201903 -29.553043383514716
178.5558939970098 -29.629254392476163
178.55597382961966 -29.616605695725777
178.60162507726494 -29.496647903072258
