# successful candidates for region at (348.2615430818158, -1.8494653112589188) and radius 1.0347.8144535281645 -2.68214838676069
347.81445559890494 -2.6758248342890494
347.8207819923657 -2.6758266498443763
347.82710435801516 -2.688475551652907
347.82710838584313 -2.675828439526588
347.8334288203283 -2.6948008767956866
347.8334327964979 -2.6821537611567394
347.8334347793369 -2.6758302033356647
347.83343675867906 -2.669506645513524
347.839761172847 -2.675831941271584
347.8397631229402 -2.669508381717888
347.8460875663729 -2.675833653334328
347.84608948721717 -2.669510092074854
347.84609140466796 -2.6631865308143787
347.8524044518062 -2.7074531542066196
347.85240636011235 -2.7011295912720263
347.8524082650762 -2.694806028336453
347.8524158515099 -2.669511776584402
347.8650722366203 -2.656867935614159
347.87139674514066 -2.663193107202662
347.87139854261534 -2.6568695393760953
347.8714003369033 -2.6505459715486492
347.87772130883207 -2.669518256148031
347.87772308029605 -2.663194686745489
347.87772484862495 -2.656871117342094
347.8840494154659 -2.663196240466582
