# successful candidates for region at (138.09672582901777, 10.541098194273353) and radius 1.0137.4236314098965 11.27030778298923
137.42998117215777 11.270321407284511
137.42996681089375 11.27664747149563
137.43633093500517 11.27033490244908
137.43631671049866 11.276660969560643
137.4426947802463 11.264022198486513
137.4426806984331 11.27034826848276
137.44266661068448 11.276674338467014
137.44265251699971 11.283000408439264
137.44261020032127 11.30197861828395
137.4425960828846 11.308304688208143
137.44258195950815 11.314630758120307
137.44903046243599 11.27036150538538
137.44901651144565 11.276687578214567
137.44900255457677 11.283013651031986
137.44898859182865 11.289339723837628
137.4489466683016 11.308317942183857
137.44893268202927 11.314644014942349
137.45535259272393 11.283026764437963
137.45532493515313 11.295678915672985
137.45528340512232 11.314657142438838
137.46168894243556 11.289365827070194
137.8120792455433 10.081578957434258
137.83741057386857 10.043643114602185
