# successful candidates for region at (142.61191678204713, 0.5631508481089045) and radius 1.0142.29026867302156 0.051906482042509916
142.29659268399365 0.045584242777511434
142.29659255025743 0.05190672299578816
142.29659241396143 0.05822920321400206
142.33453506052498 0.08984299286855349
142.33453492711848 0.09616548030570844
142.34085920906134 0.07719822991041951
142.34085908309711 0.08352071846103407
142.34085882456733 0.09616569556211237
142.34718321841655 0.07087594730136604
142.34718309754018 0.0771984369397063
142.3471829745147 0.08352092657799971
142.34718284934013 0.08984341621624535
142.35350698601923 0.07719863908194285
142.3535068659325 0.08352112978223956
142.3598309896 0.07087634460045887
142.35983087449844 0.07719883633712626
142.35983075735044 0.08352132807375079
142.3788023213812 0.08984438816340391
