# successful candidates for region at (138.8600085103085, 46.145931902283415) and radius 1.0138.7191450481239 45.57856855180403
138.71903354286857 45.62282668100059
138.72550315624773 45.57225363009668
138.72548796227224 45.57857622113452
138.72547276378245 45.58489881216906
138.72536624779428 45.62915694931823
138.72533577391792 45.64180213133105
138.73185982892434 45.565938352920504
138.73184535567142 45.57226094504703
138.7318308781189 45.57858353717055
138.73172941470958 45.622841681951215
138.7381875567126 45.57226790675512
138.73806355921948 45.62917124506864
138.7571793228274 45.591254460244656
138.75716770061916 45.597577056180874
138.76353458135867 45.5849374146914
138.76351277431212 45.597582608214026
138.76345819995026 45.6291955919908
138.76988840437818 45.57862001419323
138.76987822235293 45.58494261172841
138.76986803730213 45.59126520926213
138.77623132987057 45.57862485716335
138.77622186448545 45.58494745541743
138.77615552797008 45.62920564316015
139.35726474883222 46.715653949400796
