# successful candidates for region at (74.95162697776219, -60.573236202865075) and radius 1.075.34419543851396 -61.39661929782319
75.39334689961437 -61.098605731121324
75.40004224283987 -61.10492133396413
75.4066492064618 -61.10489937248879
75.42183948345355 -61.2379361628788
75.46474553503597 -61.427908793589495
75.46412276492049 -61.38988566784835
75.46401913184445 -61.3835484798937
75.46381200422483 -61.370874103701155
75.46308850893888 -61.32651378405964
75.46288220967516 -61.313839406173386
75.47142058287703 -61.427883658234414
75.47078971205826 -61.38986056612319
75.47068473097119 -61.383523383764874
75.47057979667254 -61.37718620130963
75.47037006831641 -61.36451183610868
75.47809561992372 -61.42785819802125
75.47745664844493 -61.38983513997454
75.51495258778773 -61.25025863826161
