# successful candidates for region at (76.66453495737585, -58.53418320010892) and radius 1.077.10331595034836 -59.32528065446321
77.12291813212366 -59.3062151518203
77.1228330297905 -59.29988260591327
77.4691524985413 -59.39954568411421
77.46900260859206 -59.393213485291504
77.4688527811885 -59.38688128625687
77.47578586007823 -59.399504941926324
77.4756347347037 -59.39317275160851
77.47548367239021 -59.38684056107526
77.48226684485643 -59.393131683513616
77.482114547643 -59.38679950155152
77.48874540681649 -59.38675810768703
77.48859193876524 -59.38042593414344
77.49537624978038 -59.38671637948313
77.51447731317157 -59.35492849499858
