# successful candidates for region at (359.76534353120223, -68.25579620993672) and radius 1.0359.54749808302824 -69.0205741065857
359.54762324376793 -69.00792221945298
359.5543391318102 -69.01425661561635
360.30899117025336 -68.8300662000695
360.3168123970349 -68.87432467532861
360.316655082661 -68.86799895695984
360.3164978626125 -68.86167323843141
360.31634073680476 -68.85534751974352
360.3161837051533 -68.84902180089628
360.3235478118358 -68.87430280793949
360.3306058168175 -68.88693208494317
360.3375084220776 -68.8932353711487
360.3373450504274 -68.88690967320893
360.33718177682147 -68.88058397509717
360.34408427032184 -68.88688699586754
360.34391907329814 -68.88056130456094
360.35082347633943 -68.88686405291985
360.35065635591036 -68.88053836849808
360.350489335745 -68.87421268389629
360.3573936244968 -68.88051516690949
360.36447291596266 -68.89314304043339
360.3715603045029 -68.90577061915695
360.37138710220006 -68.899444956447
360.371214003902 -68.89311929354383
360.37104100951524 -68.8867936304476
360.37813010126763 -68.89942093666265
360.3779550773052 -68.89309528097174
360.4077681170193 -68.52605982591385
360.43977991876 -68.93082073182427
360.45525937076064 -68.99402271544045
360.4530880858501 -68.92444146086974
360.5016051949278 -68.96219824293026
