# successful candidates for region at (25.262957778395332, 10.919880141979853) and radius 1.024.484708958563807 11.547366418294583
24.491018818271133 11.553701264093107
24.49737979032748 11.54107999663407
24.497311991647273 11.566354647046593
24.503656179230656 11.560051913431089
24.50363935924531 11.566370579339473
24.50996672754728 11.566386379427747
24.509950040847016 11.572705048622748
24.889725370680896 11.478629007721366
25.388906465738525 10.227697970490288
25.38891159222372 10.24033568948197
25.40150440760184 10.227692662610934
25.40150722661238 10.234011520965987
25.40151004685864 10.24033037932053
25.407806325542172 10.234008676804255
25.53384904696555 10.303432480229807
25.533854586418883 10.309751320018627
25.533860128291103 10.31607015980548
25.533871219293328 10.328707839373287
25.546455861607356 10.309740166335201
