# successful candidates for region at (182.65895603663182, -17.324737922840793) and radius 1.0181.81420824377588 -17.820703359556294
181.9092669226864 -17.90953234458538
181.95643993947215 -17.233687377860495
181.9754172866574 -17.246388379232968
181.97544071639254 -17.24007054563475
182.032364896865 -17.284480847865318
182.04503012595723 -17.290837735797993
182.04505120965794 -17.28451986816825
182.05135262995722 -17.297174820134142
182.05137350218675 -17.290856949596215
182.05139436805845 -17.284539079041306
182.05771687973458 -17.29087596384475
