# successful candidates for region at (230.34876767443527, -4.458754756183726) and radius 1.0229.9582743877571 -5.266498435603345
229.96460293358794 -5.266501947208474
229.970931479486 -5.266505401438529
230.02794676278108 -5.146414334616499
230.0342621910348 -5.1717055266569245
230.03426518673524 -5.165383442550988
230.0342681798232 -5.159061358443849
230.04058982723546 -5.171708330515805
230.0405927626656 -5.165386245127404
230.04059569553579 -5.159064159737849
230.67945238810753 -4.697541937542314
