# successful candidates for region at (38.48162661408151, -58.498624759464036) and radius 1.038.05948062740713 -57.99901090288446
38.0600763376841 -57.94849851767634
38.065807842058774 -57.99903177197356
38.066394624245504 -57.948519353556684
38.066467840707794 -57.942205301015356
38.41792457751469 -59.23727763250458
38.42448004834832 -59.23728065550796
38.431026175783735 -59.24359753619675
38.45728438422629 -59.19940572776667
38.4572888723509 -59.193091540558605
38.46383260524068 -59.19940678165434
38.46383588603021 -59.193092594228304
38.46383916546325 -59.186778406802155
38.47038082659554 -59.199407507981235
38.47692731485273 -59.21203628206481
38.78974668017701 -58.302422435951804
