# successful candidates for region at (343.7347581402033, -6.602843798465396) and radius 1.0343.9449758254139 -6.798584386596518
343.9830387804786 -6.962564671379695
344.0082588926279 -6.773323164161816
344.02091768834504 -6.773316044242348
344.0336427140696 -6.880537779802678
344.0399735144187 -6.880533916634697
344.0463043146652 -6.880529972497623
344.0590042682984 -6.937290182522321
344.0589659148414 -6.880521841316392
344.0653358171348 -6.937285983199601
344.0653314612794 -6.930978391103964
344.0653097238102 -6.899440430598045
344.06530538467626 -6.8931328384913195
344.06530104832865 -6.886825246382751
344.065296714767 -6.880517654272339
344.065292383991 -6.874210062160086
344.07166736585896 -6.937281702670546
344.0716629265779 -6.930974111965876
344.0716584901376 -6.92466652125928
344.0716275145813 -6.880513386259394
344.07161868997747 -6.867898204813618
344.0779943917621 -6.930969751647891
344.0779448329589 -6.861586269355958
344.0842799575899 -6.867889431600669
344.09061059122104 -6.867884923620201
344.0906059346618 -6.861577337223226
344.0969412247327 -6.867880334723813
344.0969317489897 -6.855265164918999
344.1033008567575 -6.9057211651390285
344.10329601588603 -6.899413581773513
344.1032670358872 -6.861568081532304
344.1032622167568 -6.855260498150761
344.10963691536193 -6.9120239869330335
344.10962706414256 -6.899408823302171
344.11596812986136 -6.912019144263424
344.11596311946016 -6.9057115640245375
344.1349197867497 -6.861543526740995
344.1349145536973 -6.855235951364873
344.5264002774449 -6.22402143656155
344.5263905840891 -6.217714014190831
344.532712952676 -6.217704182900672
344.5644062487568 -6.268113070628531
