# successful candidates for region at (193.71040688239094, 41.00300960932573) and radius 1.0194.31245857210442 40.94076110961741
194.31251624289442 40.94708429645513
194.31891407906485 40.94705081309972
194.37009652777348 40.946770206267416
194.37015973046758 40.95309334966304
194.37022295062695 40.95941649299361
194.37655811831672 40.95305667625731
194.3766219515166 40.959379814521334
194.38302094525824 40.95934278206821
194.4539082624281 41.003173575852266
194.460311460785 41.003132255743765
194.46671465107832 41.003090581323676
194.4731178332393 41.00304855259298
194.47989023365557 41.034621417881866
194.47996414024624 41.04094446728162
194.48629647275973 41.034578650970865
194.48644553694842 41.04722473784641
