# successful candidates for region at (5.537638214561324, -1.4927352827286227) and radius 1.06.102317523686094 -2.095171338048555
6.121290839734136 -2.0573550344852842
6.133930909365106 -2.006937006331748
6.140274239384154 -2.0510474991787704
6.146602736857609 -2.0510455400496093
6.146600558167604 -2.0447437690143055
6.19086997947351 -1.962806709386143
6.254228997348011 -2.1518367085357384
6.2605551839139855 -2.1455326119435383
6.266886730100853 -2.1518319392058913
6.266884026823118 -2.1455302197871204
6.266881329448873 -2.139228500365885
6.273212869714434 -2.145527806780695
6.273207434106255 -2.1329243738797246
6.2731993253519915 -2.1140192245095513
6.27953896839932 -2.139223659472737
6.279536230216677 -2.1329219460186404
6.279533498039707 -2.1266202325620025
6.2795307718682745 -2.1203185191028293
6.27952805170224 -2.1140168056411257
6.279525337541465 -2.1077150921768966
6.285856778034665 -2.1140143660511477
