# successful candidates for region at (160.26973588584806, 52.68325533233075) and radius 1.0160.26881741887416 53.21182676140663
160.27527259043686 53.211826637210685
160.27527340554113 53.21814752953522
160.31399709954334 53.205497710098896
160.31401013129744 53.21813949193278
160.32044385619395 53.19917426554059
160.32045131830216 53.205495156011054
160.32045878302353 53.21181604648088
160.32046625035937 53.218136936950046
160.3204737203111 53.22445782741857
160.32690553624118 53.20549225479291
160.32691395094733 53.211813144754544
160.32692236860075 53.21813403471538
160.33335975325616 53.205489006444544
160.3333691179466 53.2118098958372
160.33337848591702 53.21813078522886
160.35245475359187 53.06641765712664
160.3524668746638 53.072738544485084
160.35888815010424 53.06641303805672
160.3589142822168 53.07905481115939
160.365335551668 53.0727289588754
160.3653495630369 53.079049844558995
160.36536357929663 53.08537073024031
160.36539162649854 53.098012501596116
160.37178484232314 53.0790445320408
160.69003891244068 52.71805439498086
