# successful candidates for region at (15.867955644122178, -13.26884925265144) and radius 1.015.491734228317501 -12.855525602230683
16.192073127919958 -12.431781154560063
16.30557130293817 -12.45059225898879
16.318179512540567 -12.450570806413651
16.3181683034314 -12.444245254316261
16.32449498685342 -12.456885401717791
16.32448361653571 -12.450559851644813
16.3244722504819 -12.444234301564975
16.324460888691398 -12.437908751478282
16.330903187816364 -12.513804224509457
16.330787719983405 -12.45054874455532
16.337115195906 -12.463188577044733
16.501124574341432 -12.500795133641219
16.507413951892897 -12.494454259723128
16.52002432005115 -12.494423018537928
16.614919822381136 -12.601701517657652
16.627535529445602 -12.601664977065994
16.644175182969317 -13.866710009483317
16.65049487600185 -13.860365100530055
