# successful candidates for region at (202.86138222863121, 42.826478134718606) and radius 1.0202.93324087569601 42.7552613378159
203.43866293827662 42.03681566962949
203.43877781623925 42.049394334663724
203.44497069331558 42.043073190837134
203.44502876216632 42.0493625189008
203.55668458599212 43.658891254031104
203.55675705944034 43.665180490575786
203.5626620894264 43.62111719563734
203.5628081433053 43.63369565851671
203.56310050221796 43.658852583306036
203.56324680738513 43.67143104521548
203.56900032663464 43.61478897733505
203.56907398951853 43.62107820330573
203.5691476735009 43.62736742919424
203.5692213785901 43.633656655000536
203.56959022093343 43.66510278279767
203.57548588129666 43.62103885610252
203.57563460555377 43.63361729651098
