# successful candidates for region at (167.65845647920645, 3.786635824844136) and radius 1.0167.4133343999211 4.135957973377186
167.41333249873253 4.142277799133429
167.41332869029958 4.154917450644125
167.41964665041388 4.129639955928101
167.41964480013536 4.135959782674111
167.41964294789025 4.142279609419554
167.41964109367856 4.148599436164434
167.41963737935487 4.16123908965249
167.41962992710384 4.1865183966217865
167.42595520037727 4.135961544785556
167.4259533970757 4.142281372494404
167.42594253705508 4.180200338736207
167.43857600094108 4.135964927451923
167.4511984074271 4.129648290071212
