# successful candidates for region at (34.30926047353078, -4.386363310763376) and radius 1.034.127861647388166 -3.98702984657534
34.134174883250154 -3.9933489516407663
34.140490901437175 -3.987032701889808
34.14680552849485 -3.9870340523119463
34.14680681796285 -3.9807163992666177
34.25415462842641 -3.980731470877821
34.26046920561576 -3.980731894263785
34.26046959249364 -3.974414233435046
34.26678378281142 -3.980732266185318
34.26678411961949 -3.974414605169763
35.08869849529845 -4.946914498999735
35.09502855887682 -4.953225099441189
35.10135874506767 -4.959535637966236
35.10135146049464 -4.953218180274006
35.101344182480794 -4.946900722574411
35.10768905402688 -4.965846114496648
35.10768170469982 -4.959528660080279
35.10767436198467 -4.95321120565642
35.11401207172436 -4.965839077839913
35.114004664203 -4.959521626718019
35.11399726334591 -4.9532041755885166
35.120342561724144 -4.97214943347467
