# successful candidates for region at (219.67534513974854, -26.532375311862584) and radius 1.0219.83949446913786 -26.531425129986026
219.84585837098348 -26.537747723610206
219.84583956119516 -26.525087702968584
219.85225226824272 -26.563060061546224
219.8522425015154 -26.55673005222885
219.8522229756139 -26.54407003358679
219.85220345977888 -26.53141001493497
219.85218395400514 -26.51874999627339
219.8586186361943 -26.56938208466981
219.85860851594362 -26.563052076384643
219.85859839830198 -26.556722068096846
219.85858828326877 -26.550392059806427
219.85855795381275 -26.531402034919473
219.86498570795393 -26.57570382381697
219.8649647627434 -26.56304380938163
219.86495429418784 -26.556713802159745
219.86493336517262 -26.54405378770757
219.86492290471156 -26.537723780477275
219.86491244694727 -26.53139377324418
219.86490199187907 -26.525063766008273
219.87132100861083 -26.56303526053733
219.8713101891417 -26.5567052544177
219.8712993724619 -26.550375248295072
219.8712885585707 -26.544045242169457
219.8712777474674 -26.53771523604084
219.87126693915127 -26.531385229909223
219.8776996029218 -26.57568643980437
219.87766608313234 -26.55669642487085
219.87765491562982 -26.55036641988662
219.8776437510063 -26.54403641489919
219.87763258926114 -26.537706409908576
219.87762143039353 -26.531376404914763
219.8776102744027 -26.525046399917763
219.8840680791386 -26.58200732872338
219.88405654892796 -26.575677324927472
219.8840450216899 -26.569347321128166
219.8840334974237 -26.563017317325457
219.88402197612854 -26.556687313519355
219.88401045780364 -26.550357309709845
219.88399894244824 -26.54402730589694
219.88398743006158 -26.537697302080637
219.88397592064285 -26.53136729826095
219.88396441419133 -26.525037294437855
219.8839414101867 -26.512377286781497
219.8904253753018 -26.581997930721045
219.8904134939072 -26.575667928137044
219.89040161557574 -26.569337925549423
219.89038974030663 -26.563007922958192
219.89037786809902 -26.556677920363356
219.89036599895218 -26.550347917764913
219.89035413286527 -26.544017915162858
219.8903422698375 -26.537687912557196
219.8903304098681 -26.531357909947925
219.89031855295624 -26.52502790733506
219.89030669910113 -26.518697904718586
219.890294848302 -26.512367902098514
219.8967704378283 -26.575658249433243
219.89675820840384 -26.569328248093665
219.8967459821322 -26.56299824675026
219.89673375901256 -26.556668245403035
219.8967215390442 -26.550338244051975
219.89670932222617 -26.5440082426971
219.89669710855773 -26.537678241338398
219.89668489803802 -26.531348239975873
219.89667269066626 -26.52501823860953
219.89666048644156 -26.518688237239367
219.89664828536323 -26.512358235865385
219.90312738065995 -26.575648288816236
219.90311480014287 -26.569318288761057
219.90310222286917 -26.562988288701824
219.90308964883798 -26.55665828863854
219.90307707804843 -26.55032828857121
219.90306451049972 -26.543998288499832
219.903051946191 -26.53766828842441
219.90303938512145 -26.531338288344948
219.90302682729018 -26.525008288261436
219.90301427269637 -26.518678288173884
219.90948432237093 -26.57563804628621
219.90947139076167 -26.569308047551772
219.9094584624863 -26.56297804881305
219.90944553754392 -26.55664805007006
219.9094326159337 -26.550318051322783
219.90941969765476 -26.543988052571237
219.9094067827062 -26.537658053815413
219.9093938710872 -26.53132805505531
219.90938096279686 -26.524998056290944
219.90936805783434 -26.51866805752231
219.91580142509923 -26.556637529697753
219.91578815266877 -26.55030753230687
219.91577488366 -26.543977534911477
219.91576161807208 -26.537647537511575
219.91574835590407 -26.531317540107164
219.9157350971551 -26.52498754269824
219.9157218418243 -26.518657545284817
219.91570858991076 -26.512327547866885
219.92215731147266 -26.556626727521817
219.92214368822238 -26.55029673152366
219.92213006848428 -26.54396673552074
219.9221164522574 -26.537636739513076
219.92210283954086 -26.531306743500664
219.92208923033374 -26.524976747483503
219.92207562463514 -26.51864675146159
219.92849922256332 -26.550285648973322
219.92848525209632 -26.543955654399216
219.92847128523098 -26.537625659820108
219.9284573219664 -26.53129566523601
219.9284294062356 -26.518635676052813
219.9283736179416 -26.493315697626528
219.93488340913126 -26.562934270858246
219.93486908054882 -26.556604277759778
219.93485475566038 -26.550274284656062
219.93484043446497 -26.543944291547092
219.9348261169617 -26.537614298432864
219.93481180314947 -26.531284305313385
219.93479749302745 -26.524954312188655
219.93476888385 -26.512294325923452
219.93474028942174 -26.499634339637275
219.94125432595706 -26.569252613361517
219.94123964268036 -26.56292262177055
219.9412249631891 -26.55659263017407
219.9412102874823 -26.55026263857207
219.941195615559 -26.543932646964556
219.94116628305892 -26.531272663732988
219.94113696568095 -26.51861268047938
219.94110766341728 -26.50595269720374
219.9475958749221 -26.562910690843662
219.9475658179979 -26.55025071072155
219.94752076166353 -26.53126074049502
219.95389060438407 -26.53757852410741
