# successful candidates for region at (219.21137492684767, 10.920123320635435) and radius 1.0218.74233195872924 11.554318779895983
218.74867149738915 11.554328530244817
218.74865099389436 11.566970307536167
218.75500092726543 11.560659038575723
218.761370501268 11.541705847599575
218.81841515111128 11.548106118012056
218.81840644974292 11.554427027269432
218.82474599317595 11.554435185467483
218.83110237475964 11.541801385696411
218.86282182322722 11.522876745239742
218.86916066777292 11.522883967116307
218.86915310184213 11.5292048892616
218.87553659570602 11.491286438256143
219.1164920354369 11.169088506658824
219.14182093092947 11.150132428724541
219.16714558614473 11.137495210826925
219.17348253111123 11.086928363015454
219.17981253207947 11.080608117554485
219.21778847705949 11.118535449878866
219.2177886153259 11.124856412440593
219.21778875365035 11.131177375002315
219.22407805425166 10.157748948905665
219.23038682262217 10.138785743367087
219.2366963623859 10.138785298867766
219.23677629977507 11.093250614483878
219.24300590212914 10.138784727845767
219.24310507544558 11.086929062545456
219.24931084275363 10.10085825780189
219.2493116084242 10.107179219885188
219.25561961760775 10.100857434799531
