# successful candidates for region at (178.26273540389928, 24.2602421204308) and radius 1.0177.93287232500498 24.686037315029377
177.939249996995 24.686050965080536
177.95845965352285 24.65451438714145
177.96483572506165 24.65452696297216
178.04751860802529 24.774655123922287
178.04750772945 24.780970329665546
178.05393245948014 24.75571837273097
178.053911361349 24.768348786566147
178.05390080813694 24.77466399347913
178.0538902521597 24.780979200389055
178.05387969341652 24.78729440729591
178.060323915856 24.749411763859268
178.06031369319604 24.755726971912264
178.06030346785732 24.76204217996239
178.06028300914105 24.77467259605398
178.06027277576214 24.78098780409545
178.06670482817515 24.74942009506802
178.066694927776 24.755735304216735
178.06668502478257 24.762050513362755
178.07307616319287 24.755743369644247
178.0794759087476 24.74312074572256
178.09217678357007 24.787342030536216
178.09216815867 24.79365724370459
178.09856793459693 24.781033818966637
178.10497438296156 24.762094908607082
178.1049664119581 24.768410123589614
178.10495843886602 24.774725338570406
178.10495046368473 24.781040553549442
178.10494248641382 24.78735576852673
178.11133299344706 24.781047021114112
178.11132533886146 24.787362236942144
178.1177155238566 24.781053221660535
178.11770819195658 24.787368438304192
178.1177008581355 24.793683654946367
179.02358798831037 23.642495147106647
179.0236620354851 23.655125104876888
179.02995094043447 23.64877862541882
179.02998827669663 23.655093600162925
179.0300256227782 23.66140857486721
179.03631451482357 23.655061834623083
179.0741534359112 23.63592092912016
179.08047872858714 23.63588735099495
179.08051850633163 23.642202291629726
179.09969895127878 23.673674615102357
179.09973971618672 23.679989542069254
179.106067150681 23.679954889349194
179.1130166061348 23.774643737778838
179.1317156989483 23.730332898729984
179.13804558399957 23.730296903573773
179.1380882985302 23.736611802359153
