# # ids of objects in overdense bins for (18.937559633137788, -70.90184506719598)
4.690657929995259904e+18
4.690643151009110016e+18
4.690640475247965184e+18
4.690639955553174528e+18
4.690645006435000320e+18
4.690640543967440896e+18
4.690645040794720256e+18
4.690642051510129664e+18
4.690640333510361088e+18
4.690641952716713984e+18
4.690640440885123072e+18
4.690644319252858880e+18
4.690643151009107968e+18
4.690640750125868032e+18
4.690643047929849856e+18
4.690645040794714112e+18
4.690640436589572096e+18
4.690642463818372096e+18
4.690644701496033280e+18
4.690641055064860672e+18
4.690640642748002304e+18
4.690641780918274048e+18
4.690640818845341696e+18
4.690646552623333376e+18
4.690642463814361088e+18
4.690642365033564160e+18
4.690640299163433984e+18
4.690644800283987968e+18
4.690641059360848896e+18
4.690644662837584896e+18
4.690643086588066816e+18
4.690641329942829056e+18
4.690642223308941312e+18
4.690642292015567872e+18
4.690643224027018240e+18
4.690642360746940416e+18
4.690641433022041088e+18
4.690641712198796288e+18
4.690644392258386944e+18
4.690643430185446400e+18
4.690645801004692480e+18
4.690644667136285696e+18
4.690641918353846272e+18
4.690644972075223040e+18
4.690642017137587200e+18
4.690641677836129280e+18
4.690644697204764672e+18
4.690640750122763264e+18
4.690645869727113216e+18
4.690640986345384960e+18
4.690641089424647168e+18
4.690641467381773312e+18
4.690642910492392448e+18
4.690646380824619008e+18
4.690642498175504384e+18
4.690642296310977536e+18
4.690643086588587008e+18
4.690640539668840448e+18
4.690645010730712064e+18
4.690645075154507776e+18
4.690642261951241216e+18
4.690643224023898112e+18
4.690645801007644672e+18
4.690644323538916352e+18
4.690640234730096640e+18
4.690640647043986432e+18
4.690646178961909760e+18
4.690645178233728000e+18
4.690644770215559168e+18
4.690644731557036032e+18
4.690645796708992000e+18
4.690645904087083008e+18
4.690645006442395648e+18
4.690641536101264384e+18
4.690644392255442944e+18
4.690644731568833536e+18
4.690642223296064512e+18
4.690646110242315264e+18
4.690641707899990016e+18
4.690642395096294400e+18
4.690641673540247552e+18
4.690645904086848512e+18
4.690640299163427840e+18
4.690646110242310144e+18
4.690640333510317056e+18
4.690640509604598784e+18
4.690642566894986240e+18
4.690640367877815296e+18
4.690646007163094016e+18
4.690640986345344000e+18
4.690641536101273600e+18
4.690641364302595072e+18
4.690641536102582272e+18
4.690640814548075520e+18
4.690644667133338624e+18
4.690639959852169216e+18
4.690642360735066112e+18
4.690658303666706432e+18
4.690641055066241024e+18
4.690646316400711680e+18
4.690644667133335552e+18
4.690641089424617472e+18
4.690640372169025536e+18
4.690640372169025536e+18
4.690640333510306816e+18
4.690646174666231808e+18
4.690640166010598400e+18
4.690640990644311040e+18
4.690643219741426688e+18
4.690643185368850432e+18
4.690644319252876288e+18
4.690641467394580480e+18
4.690646316403689472e+18
4.690640509607704576e+18
4.687543146710336512e+18
4.687542115950014464e+18
4.687542115918149632e+18
4.687542322103078912e+18
4.687622105377199104e+18
4.687622247107065856e+18
4.687621800434167808e+18
4.687622174096607232e+18
4.687621967935653888e+18
4.687622178391261184e+18
4.687622620773458944e+18
4.687622448984199168e+18
4.687621967945887744e+18
4.687621010156536832e+18
4.687622212748049408e+18
4.687622552053914624e+18
4.687620941440727040e+18
4.687622071014914048e+18
4.687621005865367552e+18
4.687621624338180096e+18
4.687621383822544896e+18
4.687622075308940288e+18
4.687620868423929856e+18
4.687622242816118784e+18
4.687620735278652416e+18
4.687621418182309888e+18
4.687620937145841664e+18
4.687620387387952128e+18
4.687621899216172032e+18
4.687620799704420352e+18
4.687620421747353600e+18
4.687621388113653760e+18
4.687620421747374080e+18
4.687622311535646720e+18
4.687620868423899136e+18
4.687620730987359232e+18
4.687620902800796672e+18
4.687620803998163968e+18
4.687622174109930496e+18
4.687622006592572416e+18
4.687621693074834432e+18
4.687622178388307968e+18
4.687639044737689600e+18
4.687639113450573824e+18
4.687639972442261504e+18
4.687635333876833280e+18
4.687632722533698560e+18
4.687639731923899392e+18
4.687640041161665536e+18
4.687638117029997568e+18
4.687632589388914688e+18
4.687638838584729600e+18
4.687635097652822016e+18
4.687634788415203328e+18
4.687633306649418752e+18
4.687639701857563648e+18
4.687632486313535488e+18
4.687638838584702976e+18
4.687634371813398528e+18
4.687633718966213632e+18
4.687634028203924480e+18
4.687634165648581632e+18
4.687638499266850816e+18
4.687638529329847296e+18
4.687634101220433920e+18
4.687633993861453824e+18
4.687636437679569920e+18
4.687638391906054144e+18
4.687632825613008896e+18
4.687639044743124992e+18
4.687635849273129984e+18
4.687639083379675136e+18
4.687638941663975424e+18
4.687634955934058496e+18
4.687636295946680320e+18
4.687636295946680320e+18
4.687639942375725056e+18
4.687639766283613184e+18
4.687638842864176128e+18
4.687639117742024704e+18
4.687632658108667904e+18
4.687634921557204992e+18
4.687632172788057088e+18
4.687632516375386112e+18
4.687638838579274752e+18
4.687638808502471680e+18
4.687639633138104320e+18
4.687638735491141632e+18
4.687634891495215104e+18
4.687640178600737792e+18
4.687635647408578560e+18
4.687638842860555264e+18
4.687635647408585728e+18
4.687639770577056768e+18
4.687639392620748800e+18
4.687639113448644608e+18
4.687636708273297408e+18
4.687631863550140416e+18
4.687639426979735552e+18
4.687638327465446400e+18
4.687638048293611520e+18
4.687638838579274752e+18
4.687638636705810432e+18
4.687632653814199296e+18
4.687638082668402688e+18
4.687635097652815872e+18
4.687638082668402688e+18
4.687638254454972416e+18
4.687635406887688192e+18
4.687638155670185984e+18
4.687632692471916544e+18
4.687632864270608384e+18
4.687637876509985792e+18
4.687637571554637824e+18
4.687639701857571840e+18
4.687635849273135104e+18
4.687632172793350144e+18
4.687633379665937408e+18
4.687632275867280384e+18
4.687635024648226816e+18
4.687634303084769280e+18
4.687638842860512256e+18
4.687636192867468288e+18
4.687636987439206400e+18
4.687638735500011520e+18
4.687631863540566016e+18
4.687639049022556160e+18
4.687638842864204800e+18
4.687632585094452224e+18
4.687640109881207808e+18
4.687636467745406976e+18
4.687632589392625664e+18
4.687634165653016576e+18
4.687638774144729088e+18
4.687633925127327744e+18
4.687635265154642944e+18
4.687635441250168832e+18
4.687639835011570688e+18
4.687632894349409280e+18
4.687639766296050688e+18
4.687639426976030720e+18
4.687632653814550528e+18
4.687636914437295104e+18
4.687639457057965056e+18
4.687639049018899456e+18
4.687639731923841024e+18
4.687633718976437248e+18
4.687635093355930624e+18
4.687639697572573184e+18
4.687634169936234496e+18
4.687639113450572800e+18
4.687634337444276224e+18
4.687638563699463168e+18
4.687639117738374144e+18
4.687637704696119296e+18
4.687635196435151872e+18
4.687634032500986880e+18
4.687639323900555264e+18
4.687636742640381952e+18
4.687640075521397760e+18
4.687636811359857664e+18
4.687632653814208512e+18
4.687640079811028992e+18
4.687638877220260864e+18
4.687638632420751360e+18
4.687631966629395456e+18
4.687639697564244992e+18
4.687632619454492672e+18
4.687639147808423936e+18
4.687634509257452544e+18
4.687638838572664832e+18
4.687638185749458944e+18
4.687638082653167616e+18
4.687637670336370688e+18
4.687635162075404288e+18
4.687640114174401536e+18
4.687638636702780416e+18
4.687640144240953344e+18
4.687638842864146432e+18
4.687639113448675328e+18
4.687639044741547008e+18
4.687633822045453312e+18
4.687633478448117760e+18
4.687639044737689600e+18
