# successful candidates for region at (177.43863833808936, -5.878073734442473) and radius 1.0176.74610858548544 -6.585212179246571
176.75242803552666 -6.578896101669289
176.75243645934046 -6.5725719900137545
176.75873897864383 -6.578904059360605
176.76505819083866 -6.572587826236015
176.7650747115626 -6.559939591622887
176.77137724266692 -6.5662715140224766
176.7839424877637 -6.610555782623124
176.7902538199617 -6.610563386227003
176.79655723829208 -6.616895047079013
176.79657306098179 -6.6042467852733875
176.7965888620031 -6.591598523441728
176.7966203990534 -6.566301999700429
176.80921879848563 -6.58528921036745
176.80923425703807 -6.57264093794884
176.80932656253486 -6.496751302914521
