# successful candidates for region at (60.79903812435857, -54.58067157575196) and radius 1.060.33659420342774 -55.23793276516947
60.34294959864462 -55.25061240465228
60.343021999814205 -55.24428472131468
60.34309437423283 -55.237957037920445
60.34316672191498 -55.231629354469646
60.34360024735521 -55.193663252578325
60.349380445729146 -55.256964030370035
60.34945184116405 -55.25063634266264
60.349523210214954 -55.24430865490018
60.3495945528962 -55.23798096708273
60.35595409143834 -55.25065993695652
60.35609473930587 -55.23800455265559
60.3566562929342 -55.18738301331812
60.39650069279189 -55.098929065440345
60.40291574860726 -55.1052778819489
60.40951750150874 -55.09264318681908
61.39204312901843 -54.52230530856322
61.45326596759954 -54.357460467621046
61.48900732214768 -55.34444426518493
61.495857698288475 -55.363390029666405
61.54244899968886 -55.41374301110658
61.555265042673966 -55.401008853220915
61.578884009867785 -55.27429847385314
61.58814992948073 -55.413459279949315
61.58551481435857 -55.28058444878606
61.585389843129725 -55.27425707401199
61.585264918111385 -55.267929699069406
61.59480561607974 -55.41974472887544
61.59176970445229 -55.26788796302928
61.60120721594804 -55.41337510596309
61.598401468792574 -55.274173242571415
61.59827447710556 -55.267845883134186
61.59814753236777 -55.2615185235229
61.60786495904249 -55.41965984847991
61.62442455352922 -55.274001452692964
61.63119475248174 -55.286612283995915
61.63106249646102 -55.28028496481218
61.630930289352165 -55.273957645439786
61.63770254164937 -55.28656811649102
61.637569251580594 -55.28024080547924
61.63743601080599 -55.2739134942758
61.644210316319494 -55.28652360494942
61.65058271823902 -55.280151454895446
61.657225821717525 -55.28643354976146
