# successful candidates for region at (46.00913809131203, -74.14741594140985) and radius 1.045.160809685868614 -73.63976319290788
45.17226364081357 -73.66508132809437
45.1780035506666 -73.67774016445702
45.17831661043826 -73.67142326775829
45.17862942793991 -73.66510637057203
45.17894200345245 -73.65878947289883
45.17925433725632 -73.6524725747392
45.180189891214106 -73.63352187734765
45.185305414270985 -73.65881431456162
45.18561535468884 -73.65249740679742
45.18592505552738 -73.6461804985548
45.18654373957591 -73.63354668063658
45.18685272333952 -73.62722977096203
45.1919763908625 -73.65252204779969
45.19320420435422 -73.62725437391491
45.19351056546338 -73.62093745427016
45.236564849431325 -73.37469555424671
45.2629749007049 -73.34320174160545
45.26894789297422 -73.34954107699642
45.26922105377532 -73.34322404936161
45.26949400733566 -73.33690702134815
45.360280869807376 -73.41302475501868
