# successful candidates for region at (42.21045839899738, 15.081152480200922) and radius 1.041.95267942460221 15.42597637056489
42.5742699014472 15.058498356568386
42.574280728127476 15.064831661245117
42.57429155841567 15.071164965916616
42.58061908825473 15.064821464657808
42.606043223353154 15.102778692495662
42.60606682169492 15.115445284188475
42.61872220257336 15.102756339857477
42.62507405553159 15.109078189342371
42.63140117908294 15.102733282102125
42.63142629007984 15.115399858672697
42.68811584276116 14.95062232425724
