# # ids of objects in overdense bins for (3.086151364089883, -38.8933214038465)
4.997970158644672512e+18
4.997969540169333760e+18
4.997971601753722880e+18
4.997972392028640256e+18
4.997972392027855872e+18
4.997969986845962240e+18
4.997972632546780160e+18
4.997971807912167424e+18
4.997972731330755584e+18
4.997972632546779136e+18
4.998160472941220864e+18
4.998158484371165184e+18
4.998161130071009280e+18
4.998158518730289152e+18
4.998161130071008256e+18
4.998158484370546688e+18
4.998161336228823040e+18
4.998155495073249280e+18
4.998155426353770496e+18
4.998160408515753984e+18
4.998160339796332544e+18
4.998161198789785600e+18
