# successful candidates for region at (6.896771494809282, -36.09106966957222) and radius 1.06.281589031250276 -35.53376691092676
6.281637752280824 -35.527441277711496
6.28168646063239 -35.52111564445115
6.287908954351292 -35.53379912930281
6.287957174909455 -35.52747349190232
6.29418115001865 -35.540156656494005
6.294228882525074 -35.53383101499481
6.29427660260887 -35.52750537345233
7.346298370831829 -36.053222200599095
7.352659897245345 -36.05319826964659
7.400645910712293 -35.59754435917752
7.4132959324689685 -35.59749061530953
7.419662431827173 -35.60378893362683
7.419620936898239 -35.59746324368685
7.419579452776281 -35.59113755371422
7.425987933819753 -35.603761225276095
7.425945936957664 -35.59743553893912
7.432355941253481 -35.61005886641397
7.432313431387902 -35.60373318375757
7.432270932594384 -35.597407501066925
7.5267954722472625 -35.55266759754301
