# successful candidates for region at (212.8537662103494, 54.452044966356766) and radius 1.0212.30761948844926 53.71418223907138
212.31384821293935 53.72053128238093
212.6505036728371 54.574856657745606
212.6495533088683 54.764472269924504
212.65697715526073 54.56854674952186
212.65605724971456 54.758162420040044
212.65602641299972 54.76448294222993
212.65599556504708 54.77080346440939
212.66338963626828 54.57487754443197
212.66249952048582 54.76449327079993
212.66908783957675 54.73922115201706
212.66894380288568 54.77082378151572
212.6760551980912 54.625461286545665
212.67558468576686 54.73291025841231
212.67555691786592 54.739230786093266
212.67544574508275 54.76451289673243
212.68207950928007 54.72659901793093
212.68205275909702 54.732919547311155
212.6820259991737 54.73924007668351
212.68905946860696 54.60019734008592
212.6885208353346 54.73292849278627
