# successful candidates for region at (9.110249348184007, 36.59020270073386) and radius 1.09.676221546122576 36.38290013098974
9.708226454373753 37.22549932327114
9.746110766531434 37.136593581055074
9.752541244612356 37.13655935011397
9.92609372579923 37.12916884003953
9.932523482702319 37.12912497142156
9.938746021189232 37.110072535592074
9.938884143513432 37.12274468425173
9.938953232153061 37.12908075845127
9.945104586517438 37.103691927472155
9.94524374339292 37.11636406447725
9.945313349511796 37.12270013284754
9.94538297409321 37.129036201129594
9.951602282711445 37.109983112232214
9.95174254794433 37.12265523713865
