# successful candidates for region at (150.8498680617544, 37.646266785884535) and radius 1.0151.19190083920734 37.359219558194965
151.19192970120235 37.36553788073373
151.19195857083196 37.37185620325749
151.19819366015128 37.35920119274892
151.19822305314008 37.36551951286083
151.20445656191188 37.352864174837244
151.2044864779805 37.35918249249418
151.2045164019619 37.36550081013497
151.2106879760286 37.340208511954465
151.21071840685013 37.346526827130056
151.21077929263885 37.35916345743111
151.21694824212648 37.333870837123676
151.2169791953319 37.34018914975873
151.2170101567224 37.3465074623765
151.22327041135566 37.34016945288814
151.22361728142135 37.40967086207607
151.2298822307226 37.403332494204726
151.22991433806376 37.409650801388906
151.22994645390273 37.41596910855453
151.23617875198804 37.403312101053324
151.23621139129943 37.40963040554086
151.24250844107186 37.409609674532355
151.25486307360976 37.365339133670695
151.26080977586136 37.30213448221062
151.26702751461394 37.2894758786209
151.2733501239335 37.29577181578021
151.27402947659658 37.41581927945267
151.27406532666944 37.42213756678355
151.28029066381814 37.40947825013686
151.28032703650533 37.41579653448336
151.28585163818332 37.283089541987465
151.28662459255423 37.4157734543125
151.6089785917173 36.90866623452161
151.6090418312714 36.91498430189874
151.615170000465 36.9023077555433
151.61523374427074 36.908625817690805
151.61529750484104 36.91494387976416
151.61536128218162 36.921261941763355
151.62148889013116 36.90858506920747
151.621553171715 36.914903125933535
151.6465094055492 36.90841875876591
