# successful candidates for region at (350.7793029488098, -26.241670893768376) and radius 1.0350.048355125393 -26.984958792511573
350.0546129185138 -27.00397144875382
350.0546533404359 -26.99764463226894
350.0609529404493 -27.01033020615146
350.0609930168948 -27.00400338556258
350.0610330829912 -26.99767656493307
350.061073138741 -26.991349744262923
350.067373118853 -27.004035039974333
350.06741282912213 -26.997708215236827
350.09277864163226 -27.023139355826668
350.09281695825604 -27.016812515135012
350.0991218587332 -27.02949645460565
350.0992357402779 -27.010515920750205
350.1434374841383 -27.09296905886056
