# successful candidates for region at (226.27572699555108, 24.50417497142485) and radius 1.0226.1042419115398 24.09087873017565
226.11055311913245 24.084569730786367
226.11054493470985 24.090885704837994
226.11686370074003 24.07826046848585
226.1168558306798 24.08457644341591
226.11684795855686 24.090892418344218
226.1167138163871 24.198263991858617
226.11670590704986 24.204579966755492
226.1166979956405 24.210895941650623
226.12315854287797 24.084582894923336
226.12300696941037 24.210902410035548
226.12299936986895 24.21721838577422
226.1293159438102 24.21090861661514
226.12930865820968 24.21722459316491
226.12930137070043 24.223540569713187
226.13579169184604 24.059331105142864
226.13562491881396 24.210914561389306
226.1420997717068 24.053020792223222
226.14209315745762 24.059336770323416
226.14207992375762 24.071968726520115
226.14840092597322 24.053026195712018
226.14839462361587 24.05934217451782
226.14838201394483 24.071974132126066
226.1483757066303 24.078290110928513
226.15469609029503 24.059347317725983
226.15468410465334 24.07197927667761
226.2114283976622 24.021485958276017
226.21141567561972 24.04674989423071
226.22403270913915 24.008858790976944
226.2240148104156 24.05307068328807
