# successful candidates for region at (165.92765992273837, 4.576089636303577) and radius 1.0165.06830647796264 5.043585734820889
165.10080896974205 4.304739183501658
165.09989578722875 5.081515535888028
165.10626998595495 5.043631491971798
165.106238954367 5.0688925232908835
165.10623117945826 5.075207781100267
165.10622339774406 5.081523038901482
165.1135120354163 4.247915943000285
165.11350519516296 4.254231205167167
165.11349834820314 4.260546467326845
165.11347089329232 4.285807515893411
165.11346401279505 4.292122778016984
165.11259723778605 5.0436389172128635
165.11258954976867 5.049954178421462
165.11257415347896 5.062584700814602
165.11256644520589 5.06889996199913
165.11255873018013 5.075215223175624
165.11255100840134 5.081530484344071
165.11982539968983 4.254238156364397
165.11979136406498 4.285814483721098
165.11971589989707 4.355282403277967
165.1197089995664 4.361597668649203
165.11970209257564 4.367912934013241
165.11893972634877 5.0310157559171795
165.1188939361852 5.0689073431884974
165.12615233840043 4.247929784601024
165.12614560433317 4.2542450533935
165.12613886366358 4.260560322178997
165.1260369611124 4.355289353119598
165.1260301147602 4.361604621792567
165.12602326180001 4.367919890458448
165.12526685926804 5.031023059699947
165.1324658090921 4.254251896254389
165.13236480826401 4.348980976422489
165.132358022446 4.355296248378226
165.13235123007246 4.361611520326993
165.13233762565739 4.374242064203597
165.13879264184607 4.2479434096325726
165.13867908389696 4.355303089053761
165.14510621895298 4.254265419471183
165.1639502796047 4.3679604817944595
165.1703487345503 4.292183562745518
165.17034232846754 4.2984988538674616
165.17033591614467 4.304814144983135
165.17032949758132 4.311129436092532
165.17032307277725 4.3174447271956495
165.17027792438122 4.361651764741139
165.17026496865483 4.374282346840148
165.17666925975274 4.292190044983757
165.1766501833168 4.311135927610775
165.17659261978702 4.367973575157702
165.17657975979327 4.380604163433122
165.18296455158838 4.3174576619911225
165.1829582278779 4.323772959249323
166.63080218815122 4.7153639736806365
166.6371200271128 4.709042398316178
166.6371264112609 4.715357712026127
166.63713280127155 4.721673025730256
166.64343775806992 4.702720772737853
166.64344419320634 4.709036083525818
166.6434506342572 4.715351394307864
166.6497683591856 4.709029712697762
166.75125664345623 4.961530433505646
166.75126432424176 4.967845690219399
166.75127201184532 4.97416094692505
166.7575908638902 4.967838227443834
