# successful candidates for region at (158.31171043044696, -1.2913565783256975) and radius 1.0158.04107702252557 -0.9664544720729878
158.04107758170048 -0.9601315707929267
158.04740245280482 -0.972777984080583
158.06638345119762 -0.934842296750166
158.14230988780167 -0.6187021385849941
158.1486349583853 -0.625025396637127
158.15496055982493 -0.6187028091478998
158.16128565100126 -0.6250260424642591
158.19921856650848 -1.168798851322263
158.20554499049143 -1.1687991147173753
158.21187141447558 -1.1687993628708537
158.21187279572985 -1.1308618332272036
158.2181987039879 -1.1435079077816166
158.22453925601786 -0.6187055673990373
158.24350385117305 -1.1561545283833174
158.2498302457822 -1.1561546845580746
158.2941079658796 -2.0350418871981146
158.30043681466117 -2.0476877795508357
