# successful candidates for region at (35.16222418250332, 16.57188393003459) and radius 1.034.354819681498306 17.071112143314316
34.36118038415256 17.0711367239996
34.373769534584696 17.10276140185248
34.385996770535854 17.222798553846694
34.39238859775338 17.216507020432722
34.39236261810393 17.22282225093945
34.39233663044342 17.2291374814195
34.39231063477037 17.23545271187286
34.392284631083356 17.241767942299518
34.39872846727766 17.2228457529036
34.398676913730135 17.235476221154883
35.84955615078298 17.058912651709747
35.849579187446196 17.06522792750874
35.84960223123583 17.071543203286605
35.84962528215315 17.077858479043336
35.85593970445373 17.06520682406335
35.855962961459326 17.071522096552926
35.85600949705274 17.08415264146749
35.856102654604726 17.109413731038067
35.85612596199303 17.115729003376806
35.86227675706728 17.058870257050845
35.86234716773127 17.077816064563827
35.862370652472656 17.084131333690973
35.86239414447625 17.09044660279618
35.86241764374335 17.09676187187944
35.86246466407333 17.109392409980106
35.86248818513882 17.115707678997484
35.86251171347306 17.122022947992892
35.86863705805023 17.058848768205817
35.86880294468417 17.103055628648075
35.86882667209272 17.109370894336163
35.86885040683474 17.115686160001875
35.87499735757625 17.058827085017484
35.87526054610708 17.12829497088942
35.875717255490045 17.248284949074744
35.88135765563219 17.05880520748615
35.882108303372064 17.25457822745437
35.887717952204966 17.05878313561213
35.8878396052053 17.090359413463514
35.894078247281456 17.05876086939575
35.8941027759807 17.065076121543523
35.8941764076117 17.084021877843107
35.894200966671 17.090337129895026
35.894225533323734 17.09665238192296
35.89484217151889 17.254533674802992
35.90056232662379 17.090314651833044
35.906898699173794 17.083976734259362
35.90692368505051 17.090291979277893
35.906948678652626 17.096607224271597
35.91328504193803 17.090269112229898
