# successful candidates for region at (216.79766023894032, 14.281591137446767) and radius 1.0216.9059598243067 15.09439380128054
216.91228489481253 15.056606539342583
216.91862887125822 15.05660337716377
216.91863238854611 15.06290075445878
216.92497284751366 15.056600044685055
216.9249913686842 15.088086928312867
216.93131293867327 15.050299165776236
216.93131682356898 15.056596541906481
216.93132070977086 15.062893918036044
216.93133237621566 15.081786046420627
216.93133626764438 15.088083422547452
216.93134016038027 15.094380798673592
216.93767709026025 15.08178237083673
216.93768524389674 15.094377121836542
216.94400903015463 15.062886400297918
217.05812822400148 14.999814500556282
217.44376493663128 14.57715763265606
217.4437832849997 14.583454865182151
217.45013208874596 14.589734850221609
217.45644382264078 14.5834202080307
217.45646253688085 14.589717434602752
217.52626318902807 14.63989229920186
