# successful candidates for region at (37.630188182128514, -47.454115184592965) and radius 1.036.805342486674654 -46.69125164838957
36.811483920063495 -46.69760856502007
36.811580008007034 -46.691296674486615
36.81167606687153 -46.68498478382528
36.81781753974321 -46.69134135882485
36.81848422397653 -46.647158074267416
36.82481104332496 -46.64089046497456
36.83048033269051 -46.67880588055442
36.836623328273326 -46.68516144390346
36.836716431783465 -46.67884952641106
36.836809507124734 -46.67253760879854
36.83773871391393 -46.609418426079536
36.83783148019649 -46.603106507149406
36.84276776914118 -46.691516678567794
36.842860169027475 -46.685204754646946
36.84295254095412 -46.678892830607815
36.849097019784686 -46.68524772367786
36.856604104260356 -46.59692322290659
36.86283075253172 -46.596965419190795
38.265113648362046 -48.27059112816598
38.277889987809324 -48.264208193984736
38.46468527495217 -48.28826842320347
38.46447994402496 -48.27564468901542
38.46396717835658 -48.2440853510982
38.463864721390756 -48.237773483095744
38.47111533734527 -48.28822212824102
38.47101186480195 -48.28191026846631
38.47090842462907 -48.27559840854946
38.47070164133659 -48.262974688289646
38.470391708813764 -48.244039106835565
38.47028846255918 -48.237727246067294
38.47018524857369 -48.231415385157355
38.46669507057248 -48.01681203037899
38.47319423589091 -48.02307755072383
38.473091329801484 -48.016765692249095
38.472988455723645 -48.01045383363279
38.479694983394516 -48.029342703442516
38.479591264324775 -48.02303085238068
38.47948757752378 -48.01671900117507
38.485988281159244 -48.0229838010397
38.49825246484572 -47.99132949252293
38.50475222211586 -47.997593241807294
