# successful candidates for region at (18.827494211206453, -13.081344711829676) and radius 1.018.84757224477572 -13.249776911544698
18.879174358076394 -13.23712870415393
18.879173022128292 -13.230806789825914
18.8854949882855 -13.237127366064314
18.885491990157472 -13.224483537899287
18.891813955693035 -13.230803959944813
18.891812293572922 -13.22448204613608
18.980355912167393 -13.319273579145156
18.986699358155235 -13.350879295886445
18.98668694058641 -13.331913577017183
18.993031552304252 -13.36351913406574
18.993027244001322 -13.357197228506685
18.99302293726762 -13.350875322946688
18.993018632102924 -13.344553417385756
18.993014328507 -13.338231511823881
18.993010026479627 -13.331909606261073
18.999333112162414 -13.331905480859445
19.005679368112858 -13.36351072091224
19.00566546075503 -13.344545008855567
19.005656197626728 -13.331901200812354
19.01199367330791 -13.350862475744272
19.01198887474497 -13.344540572537298
19.0119840779306 -13.338218669329162
19.011979282864537 -13.33189676611986
19.011974489546535 -13.325574862909393
19.01196490815369 -13.312931056484974
19.01831228850011 -13.344535981516987
19.0183023678678 -13.331892176782016
19.02479552451013 -13.540510181547116
19.03094853713852 -13.331882534170544
19.049883146493 -13.293935523957567
19.05619931478791 -13.287608116076349
19.075094628707447 -13.218049829960695
19.081421322548923 -13.224365606835022
19.081408205771105 -13.211721821959266
19.08778874867043 -13.268612574922743
19.087728176496032 -13.211715553412889
19.1066736745574 -13.199052047796231
19.106659272996183 -13.186408272446347
19.11300068551584 -13.205367051759572
19.112993317690155 -13.199045165352414
19.112985952562916 -13.192723278942488
19.112978590133743 -13.186401392529797
19.11297123040224 -13.180079506114339
19.119312960463898 -13.199038128859103
19.11929790691269 -13.186394358620321
19.15087781385522 -13.17371312269713
19.1571968025624 -13.173705167754829
19.163741979042484 -13.338065815261608
19.16351579085586 -13.173697058876858
19.163507134217017 -13.167375183579429
19.182767166433838 -13.375971667470916
19.182748664697815 -13.363327926422585
19.195358181124945 -13.338022756925687
19.20169114908549 -13.34433554688341
19.20168142016984 -13.338013681244844
19.201671694800126 -13.331691815601486
19.208024448976435 -13.350648178781825
19.208004658738773 -13.338004450893063
19.214358080969266 -13.356960652535511
19.239620844162452 -13.337955979074472
