# successful candidates for region at (19.90172559040327, -43.25083822200634) and radius 1.019.168372418059132 -43.03910122718977
19.174650670814405 -43.04547490412908
19.17472582196544 -43.03914172380476
19.174800951683128 -43.03280854339375
19.181079234232705 -43.039181868069626
19.187432654787887 -43.03922165998341
19.187506471555693 -43.03288846817733
19.289910109821673 -42.95747782076431
19.290036248894587 -42.944811267637235
19.2902883116258 -42.91947816064893
19.29619269756012 -42.96384484130331
19.296317564171275 -42.95117827869308
19.296567084128345 -42.92584515275331
19.296629419728227 -42.91951187111867
19.29669173758635 -42.913178589424184
19.309433662994355 -42.906911655488024
