# successful candidates for region at (228.45815217576973, -30.249999521515637) and radius 1.0228.72810260687123 -30.965324459885203
229.0938292594476 -30.932385429020144
229.1002892543787 -30.938690389825823
229.10675010108318 -30.944995029756058
229.10670739198002 -30.938658937836344
229.1131686570737 -30.944963260895733
229.1131255253652 -30.938627173062052
229.16400596599 -30.875001255095565
229.17041983960536 -30.87496671971892
229.17037303668494 -30.868630669936515
229.18975760377953 -30.887533311630342
229.19622082759489 -30.89383354902103
229.196123788429 -30.881161486027256
229.2025380600507 -30.881125384133835
229.20895232684737 -30.88108896982698
