# successful candidates for region at (221.24252194047634, 68.80047635859104) and radius 1.0221.3044863424354 68.14683256061679
221.317145795982 68.165790327437
221.79031372772167 69.23318867875257
221.79692622997965 69.23316763241908
221.80353871936228 69.23314633356351
221.80998626462846 69.2268040715568
221.81015119571597 69.23312478218662
221.81643005621578 69.22046157014461
221.81676365888725 69.23310297828922
221.81776691234398 69.27102719847825
221.81793447885894 69.27734790122237
221.81810214779614 69.2836686037887
221.82303866507294 69.22043952716884
221.82320733547428 69.22676022461076
221.82456040907678 69.27732579763149
221.99398431865734 69.1944958461146
221.9944205540277 69.20713683976533
