# successful candidates for region at (143.91887103068063, 46.538076307826564) and radius 1.0143.9463382492146 45.839225952729834
143.94634138236884 45.84554700313878
143.95262520867604 45.83922426076625
143.9526290589763 45.845545310922994
143.95890760163053 45.83290117144677
143.95891673516033 45.84554327115255
144.02790707584435 45.75700329163149
144.0655729191578 45.756960904280625
144.0718331505421 45.75063159023735
144.07186796215532 45.76327366140033
144.07809195711374 45.744301931927225
