# successful candidates for region at (230.69927644389765, 34.95993161405583) and radius 1.0230.63708980697305 34.98621527070627
230.64346594266587 34.98621835365517
230.64346163277463 34.99254111861477
230.6498420788128 34.98622110342149
230.6498344428156 34.9988666340544
230.65621489024747 34.99254628563553
230.65621156426943 34.99886905126565
230.65620823742776 35.00519181689555
230.65620490972216 35.011514582525244
230.65620158115235 35.01783734815472
230.656198251718 35.024160113784
230.67534108161883 35.00519706959583
230.68171869680836 35.00519815387079
230.68171734019217 35.01152092032341
230.6880980391554 34.992553371732804
230.6880963121409 35.00519890483314
230.7326726294223 34.84080291222919
230.77099422076745 34.9925328081384
