# successful candidates for region at (52.837825122821414, -53.79990540711096) and radius 1.052.382022226048406 -54.24054176781222
52.38209186364219 -54.234225162086844
52.388524934084195 -54.23424917024595
52.39495801194394 -54.234272837106886
52.41380373982355 -54.278558175657196
52.426683735780315 -54.27860249340003
52.43312374402133 -54.278624139674086
52.4331856514201 -54.27230750141611
52.43324753656673 -54.26599086311544
52.43330939947296 -54.259674224772176
52.43337124015052 -54.25335758638631
53.63557692600762 -54.1819205385439
53.635455280221116 -54.17560425007218
53.641878960445574 -54.1755617728123
53.6484262321376 -54.18183522803186
53.64830262744384 -54.1755189548584
53.64817906706231 -54.16920268151445
53.65360703091261 -54.118629399533724
53.661903978816696 -54.213329840016165
53.66846030303883 -54.21960220146244
53.66833348734468 -54.21328595276875
53.668206717159265 -54.20696970389578
53.66656283516878 -54.124858452276236
53.674762982179914 -54.21324172446553
53.67463523081564 -54.20692548353048
53.67450752528808 -54.20060924241346
53.68145006695102 -54.22582962042494
53.68132124196508 -54.219513387858846
53.681063730680734 -54.206880922171855
53.68516530482868 -54.09314394007653
53.69170603052954 -54.099415062603136
53.69157617597726 -54.09309884243632
53.691446367876004 -54.08678262208087
53.69811786254763 -54.09936961693999
53.69798703315275 -54.093053404904445
53.697856250557486 -54.08673719267738
53.70439787625028 -54.09300762748219
53.72389982562416 -54.10550061348846
53.72376504871572 -54.099184434789116
53.72363032002654 -54.09286825588658
53.7304483619735 -54.11176962969952
53.73017680925709 -54.09913728938349
53.73004110576365 -54.09282111891621
53.73686205854406 -54.1117221273484
53.736725282395 -54.10540596579552
53.736588555188376 -54.09908980403342
53.73645187689851 -54.09277364206222
53.73631524749975 -54.08645747988202
53.75512619022097 -54.067364625560046
53.76167338273688 -54.073631952374356
53.761533006323965 -54.067315824111745
53.76139268009101 -54.060999695628524
53.76893031833449 -54.111479514649496
53.76878866483464 -54.10516339651927
53.76793980733291 -54.067266683029736
53.77548660495338 -54.11774608096641
53.77534392494499 -54.11142997193088
53.77520129599932 -54.10511386266772
53.77505871808956 -54.098797753177045
53.78190117198963 -54.11769618926048
53.7817575161946 -54.11138008915595
53.78161391181135 -54.10506398882069
53.788171091978306 -54.11132986632619
53.787593083021875 -54.08606549953791
53.79414814271121 -54.09233105584142
53.79400274364357 -54.08601497283401
53.7938573965766 -54.079698889590055
