# successful candidates for region at (232.14502373320147, 33.450881739181) and radius 1.0231.61879386780925 32.60498768130842
231.6251360571598 32.59869139258578
231.62509907844895 32.60501421285625
231.6250620902957 32.61133703309833
231.63140429282984 32.60504042459955
231.63136775320666 32.611363248176914
231.63133120425283 32.617686071726574
231.63767341981492 32.611389143409795
231.66893070802774 32.66209656289084
231.68776080128018 32.68113615872142
231.76381457869599 32.605516995521604
231.76378745850567 32.61183987974017
231.76990630001626 32.6561192643035
