# successful candidates for region at (17.90810446144214, -6.453056103322791) and radius 1.017.163137820212878 -7.096325233224848
17.169458745150703 -7.0963346625386485
17.175779670338617 -7.09634401150971
17.182100595774486 -7.096353280137917
17.194675710481654 -7.140662438071768
17.200987754513488 -7.146998755314131
17.200997227928244 -7.1406714864254965
17.207328128389598 -7.134353182414922
17.213640263542292 -7.140689341548784
17.24531869885735 -7.090114258569229
17.251630791321936 -7.096449932387816
17.302206300571967 -7.090186805986332
17.30221437267483 -7.083859493181079
17.302222439630068 -7.0775321803695395
17.3022305014381 -7.071204867551713
17.33379521421539 -7.1028789491846025
18.56477951265942 -5.862625675186295
18.571077255022466 -5.856290513552746
18.571069494012818 -5.849963223978128
18.57741408537687 -5.881591716211553
18.57737485510023 -5.849955282209281
18.583799441081553 -5.944856524948472
18.583727752827794 -5.8879109693288925
18.58366441576955 -5.837292697192651
18.684529670864357 -5.824499827265048
18.69084387067325 -5.8308177780322685
18.697222930199352 -5.8814262529444
18.697213666590557 -5.875099023582499
18.70352865677463 -5.881416791338691
18.70351931915155 -5.8750895652604935
18.70350998820754 -5.868762339172641
18.709824971490487 -5.875080031664153
