# successful candidates for region at (82.91333064233802, -63.55097256756401) and radius 1.082.02960504077066 -64.3276207676517
82.0357259190747 -64.34666929108519
82.03673288457726 -64.31498871046897
82.03693397844107 -64.30865259338951
82.04345517548998 -64.31502855984193
82.04365472767195 -64.30869243289257
82.04878866090117 -64.35942105101839
82.0553245540586 -64.3657964990886
82.0555218037041 -64.35946035506507
82.05571895548785 -64.35312421073598
82.06186346487658 -64.37217165894003
82.06225496563393 -64.35949935183349
82.06245057033549 -64.35316319782902
82.06264607801481 -64.34682704352402
82.06918220414587 -64.35320187771862
82.06957003066213 -64.34052954962407
82.07572134627416 -64.35957642353013
82.07629859136547 -64.34056790327695
82.07649081560812 -64.33423172927765
82.08264552805522 -64.35327831588202
82.08302717070396 -64.34060594987596
82.08918780162158 -64.35965226609716
82.08994490310765 -64.33430749663086
82.09592105693538 -64.35968972645362
82.09610892601644 -64.35335352521517
82.09648438468753 -64.34068112190684
82.10321301903319 -64.34071824733601
82.10358501654339 -64.32804582451593
82.10562442895788 -64.25834747961017
82.10938762209291 -64.35976372530574
82.11012617139869 -64.33441884530343
82.11538711125728 -64.38514517581488
82.11904170367647 -64.25842057363701
82.1223086765615 -64.37884520640499
82.12448614336186 -64.3028103468004
82.12484779718787 -64.29013786658257
82.12538960718568 -64.27112914432622
82.12557003191786 -64.26479290306034
82.12575036745957 -64.25845666153783
82.13192238398562 -64.27750119371547
82.13228024888866 -64.26482869373201
82.13596352853278 -64.37258054558544
82.13845816488293 -64.28387295418824
82.13863569208236 -64.27753669579037
82.13881313148052 -64.27120043714422
82.15275930158826 -64.25226167566203
82.15293332185968 -64.24592539872458
82.15946651591794 -64.25229622462537
82.16411571745265 -64.32836597676014
82.16480308609776 -64.3030208107431
82.16600271074941 -64.25866676128568
82.16617374691195 -64.25233046758126
82.17050032978226 -64.34107261315062
82.1708414362002 -64.32840001465516
82.17101186263275 -64.32206371506446
82.29176433991388 -64.33529665058894
82.29835065292592 -64.34166130889912
