# successful candidates for region at (345.7369449853394, -24.328818760653196) and radius 1.0344.9481246511064 -24.618066831550852
344.95444253339554 -24.624431168108817
345.0315522011207 -24.479176619930403
345.0378674621937 -24.48553747827178
345.0379025710145 -24.479205858428525
345.0442529438401 -24.4792348325269
345.1073453688221 -24.56182160737429
345.11373130526806 -24.55551605470541
345.15194511148013 -24.536672085867515
345.15824016181926 -24.549359701557286
345.1583275164147 -24.530364643255663
345.16465170268526 -24.536720308170622
345.17097652307706 -24.543075714615888
345.1773583035214 -24.536767471586984
345.66001593229885 -24.86069825140235
345.77461153233736 -24.658094454758388
345.7746096296763 -24.65176262479233
345.7809732518773 -24.66442457985252
345.78097102739326 -24.658092750111003
345.7809688034933 -24.651760920369348
345.78096658017733 -24.645429090627555
345.7873305222626 -24.658090780061475
345.7873279771239 -24.65175895057916
345.7937101026515 -24.702411348919703
345.79369001691856 -24.658088544609836
345.80007184810114 -24.702408845759965
345.80643359328275 -24.702406076953466
345.8064265635843 -24.689742419968574
345.8127991763172 -24.708734870592583
345.8127953381693 -24.702403042500258
345.81279150102915 -24.696071214407528
345.8127876648965 -24.68973938631439
345.81278382977104 -24.683407558220853
345.8191487658869 -24.6897360870835
345.84458228066933 -24.677056583249243
345.8445768401018 -24.67072475767566
345.85096003166757 -24.69604743224224
345.8509542650682 -24.689715607280416
345.85094849998296 -24.68338378231768
345.8509427364115 -24.677051957354035
345.85093697435343 -24.670720132389466
345.8509312138083 -24.66438830742398
345.85730319167044 -24.67704706595243
345.8572971081218 -24.670715241631832
345.8638501260048 -24.86066479415859
