# successful candidates for region at (178.77064787772224, 8.284666015519951) and radius 1.0178.84825790129653 7.641603581690419
178.84825908359525 7.647930868318248
178.867203090553 7.597308573985873
178.86720455581653 7.603635859513671
178.87352090603486 7.597307046679096
178.87983872146899 7.597305422603359
178.93674717929375 7.717504760612627
178.9493809936219 7.704844896744145
178.98099114968832 7.730139028354289
178.98729107208885 7.692172102461478
178.9872943868566 7.698499375438768
178.9873076645329 7.723808467338554
178.98731098860415 7.730135740311156
178.98731431453658 7.73646301328282
178.99360692042367 7.685841450601243
178.99361374141935 7.698495994703049
178.9936308274177 7.730132354940198
178.99363425036313 7.736459626984648
178.99363767522422 7.742786899028102
178.99992608156134 7.6858379745780026
178.99995418608432 7.7364561433320365
179.0188987613948 7.711136035964535
179.018902565994 7.717463304037252
179.02521830894028 7.711132167136237
179.0252300198468 7.730113968169577
179.0315258749133 7.692146403275859
179.03153785636587 7.711128201060355
179.03154585520366 7.723782732909888
179.0378451319932 7.692142343292878
