# successful candidates for region at (190.35727353242746, 27.35403273542722) and radius 1.0189.80663753635284 27.672911036585756
189.8130250054193 27.66661308622333
189.81299362279285 27.67293583907732
189.81919451185135 27.704574133281387
189.82555243768886 27.704598375441172
189.8319103663238 27.70462232946209
189.83826829772275 27.704645995343725
189.8382383348568 27.71096876044419
189.838208364303 27.71729152552256
189.84462623185232 27.704669373085665
189.8445966360145 27.710992141191568
189.8827738920984 27.70480358858093
189.8885899924783 27.831280708048073
189.89498209574916 27.82497904444983
189.8949553058918 27.83130183493246
189.90132062175363 27.83132267293152
189.9012941939462 27.83764546607821
189.9012677593562 27.843968259207784
189.90765988114887 27.837666017836067
189.9268816533948 27.806111921908485
189.93304886607706 27.856713753534788
190.41668662471434 27.40841771573741
190.51813170419507 27.40201523728993
190.52446266964657 27.395684952788308
190.56257406653145 27.433571708400727
190.56890428614108 27.42723942086955
