# successful candidates for region at (5.6855517864897935, 18.698805559759126) and radius 1.05.963664044435341 17.941973029308866
5.982622328145133 17.9545880580346
5.988935038464504 17.954578098564802
5.98894603219943 17.960899918249453
5.995236528887166 17.94824611148313
6.001583362754923 17.96720118474556
6.014138272564805 17.92924891233304
6.020462187912827 17.93555972421303
6.020474314635153 17.941881536168236
6.026774207797764 17.935548513204903
6.026786563065172 17.941870323519638
6.032948050253392 17.86599719740995
6.03296059319141 17.872319006118428
6.033098810676803 17.941858901522806
6.410338478204137 19.078712094660435
6.442340300210038 19.12915990015885
6.473942350116774 19.09109943670065
6.480236946129716 19.078429438628053
6.480267082855499 19.084751048504906
6.480297228332231 19.09107265834943
6.480327382561644 19.097394268161615
6.480357545545476 19.10371587794145
6.486591340340068 19.078402453182406
6.486621718008175 19.084724059122475
6.4866521044971925 19.09104566502969
6.4866824998088655 19.097367270904048
6.492945732485336 19.07837525283135
6.493006978595268 19.091018456741825
6.512732054911032 19.22368892070999
6.519091997924786 19.223660766453143
6.531844156281709 19.229925387723554
6.53190874204687 19.24256854093297
6.538171813888384 19.223575009931622
6.544498993674818 19.217224424909638
