# successful candidates for region at (351.1526109423631, -4.324621604646446) and radius 1.0350.39043322608296 -4.9684532114282955
350.39044022459166 -4.9621262682106995
350.39675755565696 -4.968459817233185
350.5233814276646 -4.816732293236826
350.52338708140064 -4.81040528976487
350.5295913561699 -4.94327780138904
350.5358814937307 -4.981245237086489
350.53588716694964 -4.974918228604614
350.53589283504584 -4.968591220118271
350.5422059421209 -4.981250582043205
350.54221155716635 -4.974923571035565
350.5422395563458 -4.943288515931796
350.5485248287193 -4.987582885410982
350.548530390609 -4.981255871907904
350.54853594748073 -4.974928858400536
350.54855812479366 -4.949620804328235
350.5485636565797 -4.943293790799469
350.54856918334946 -4.936966777266437
350.5548548391938 -4.981261106680524
350.5548768041957 -4.955953042731099
350.5548822830347 -4.9496260267332675
350.55488775690964 -4.943299010731252
350.5612010204958 -4.955958212621459
350.5612064413709 -4.949631194176319
350.5612118573345 -4.943304175727084
350.56750373664977 -4.981271410949271
350.56752523689005 -4.955963327523744
350.5675305998012 -4.949636306657326
350.57383350969457 -4.974949457199328
350.57384414362366 -4.962295410695633
350.57384945337753 -4.955968387437893
350.5738547583246 -4.949641364176226
350.5738600584652 -4.9433143409106375
350.58013152291915 -5.006589597272411
350.5801736699572 -4.955973392363842
350.5801789169401 -4.949646366732958
350.580184159169 -4.943319341098237
350.5801893966442 -4.936992315459684
350.58650307564665 -4.949651314327462
350.58650825996375 -4.94332428634964
350.58665656118137 -4.759840473374708
350.59284259971287 -4.930675116063994
350.5929740137563 -4.766172326930629
350.96593382058694 -5.019445917419171
351.1114054354045 -5.00048741548767
351.1177303851372 -4.994160615488053
351.12405469140083 -5.000488024058103
351.15567777490253 -4.987834315423918
351.1873025757039 -5.032123415895003
351.19995285565375 -5.038449830157083
