# successful candidates for region at (157.6865913393207, -27.25688076488373) and radius 1.0157.06032222940004 -28.0776411602114
157.0666994864576 -28.08399768680599
157.0667356852733 -28.077669604495583
157.07307748665892 -28.09035392786587
157.07311332018335 -28.0840258419493
157.07314914449563 -28.07769775600146
157.07949169830138 -28.090381793792787
157.07952715722482 -28.084053704275956
157.08590591322616 -28.09040936686473
157.10538611763675 -28.046193603580313
157.11837500836896 -28.01460551372733
