# successful candidates for region at (21.51273903712084, -2.0635678934540675) and radius 1.021.0848748900947 -1.8288121844696628
22.08198690780636 -2.8821860594166946
22.10053183014383 -1.9233812443676983
22.100529606555316 -1.9170733690534139
22.10052738773279 -1.9107654937374485
22.107229174780432 -2.863251999877191
22.106842658563288 -1.9296868286760582
22.10684040629426 -1.9233789557570655
22.106838158842482 -1.9170710828363513
22.106826993838478 -1.885531718207075
22.11314898242727 -1.923376642715566
22.11313542755943 -1.8855294196797552
22.11944386126311 -1.8855270968749007
22.157698856965506 -2.8001512923687866
22.164017658172536 -2.81276411858683
22.17033011142622 -2.8127612117086667
22.20818776047809 -2.7812040277645083
22.252345112609625 -2.7307193355557087
22.28388685455613 -2.699163781816717
