# successful candidates for region at (317.45475185228344, -21.09795216259958) and radius 1.0316.6468855658613 -21.501278872939675
316.6640016918693 -20.68461397000564
316.66403488922487 -20.67828276587167
316.66406807737485 -20.67195156170177
316.66410125632126 -20.665620357495953
316.6649606848792 -20.501009035575297
316.6703445993483 -20.68464314911258
316.67645860151805 -20.728990577362598
316.6770788901105 -20.608697545051328
316.6828033797051 -20.729019314257563
316.68283584124737 -20.722688098376782
316.6829655974608 -20.69736323451078
316.68338631241403 -20.61505742316488
316.6834186122946 -20.608726206668422
316.6834509032122 -20.602394990137856
316.6891159566078 -20.735379035721493
316.68918035507573 -20.722716596124453
316.68975833687205 -20.608754633688946
316.70268950696885 -20.55816095738842
316.7027523481197 -20.545498500427108
316.70899594888573 -20.564519882272403
316.7090582778493 -20.551857417730282
316.71536473072695 -20.558216108306713
316.72191658160904 -20.51392465276711
316.7346481918539 -20.501315850786103
316.747230135298 -20.520362356963773
316.7788821426009 -20.526821441186474
316.8611552272039 -20.552451656051865
316.87380574896935 -20.55882640407878
316.8738300244489 -20.552495083760533
316.88026340181545 -20.52719115288147
316.88659974642684 -20.527212269280557
