# successful candidates for region at (213.72130134757342, 9.230508711790772) and radius 1.0213.920158966691 9.042985853238532
213.92016248289326 9.049306518285835
213.92016600083252 9.05562718333223
213.92649183227954 9.049303005910161
213.92649546218672 9.055623670094452
213.9328099669988 9.030337393602588
213.93282118153942 9.04929938349431
213.93282492341447 9.055620046789489
213.93282866713727 9.06194071008364
213.93913513432423 9.024013001511168
213.93913898055686 9.030333663894591
213.93914282869176 9.036654326276928
213.9391543845119 9.055616313417387
213.93915824025774 9.061936975795351
213.93916209790677 9.068257638172227
213.94546403600188 9.024009162786975
213.94546799398105 9.030329824227529
213.9454719539178 9.036650485666929
213.94548781324383 9.061933131412967
213.95179700726752 9.03032587460145
213.95180922852202 9.049287856006163
213.95181330630007 9.055608516471958
213.95181738609168 9.061929176936525
213.95182146789716 9.068249837399874
213.95811765953616 9.0176804960675
213.9581343895607 9.042963133960146
213.95813857723755 9.049283793430085
213.958142766983 9.055604452898729
213.95814695879739 9.061925112366081
213.958159546656 9.080887090760392
213.96446792580718 9.049279620814074
213.96448514540447 9.07456225458386
213.96448945561534 9.0808829130229
213.96449376795127 9.087203571460574
213.9708193644244 9.08087862511047
213.97082378900404 9.087199282496618
213.9771447384916 9.074553570714038
213.9771492730792 9.080874227023155
213.9771538099025 9.087194883330763
213.9771583489617 9.09351553963686
213.9834791815759 9.080869718761011
213.98348383064268 9.087190373963058
