# successful candidates for region at (145.27924747103577, -2.196441514011889) and radius 1.0145.1668782550815 -1.7458964620029747
145.16687866514266 -1.7395730653641845
145.16687907428857 -1.7332496687253351
145.1668794825193 -1.7269262720864254
145.17320254303633 -1.745896892222232
145.17320293001873 -1.7395734951389434
145.17320331613743 -1.7332500980556014
145.17952683099418 -1.7458972975271019
145.17952719489784 -1.7395739000250556
145.1858511189549 -1.7458976779175777
145.1858514597798 -1.739574280022516
145.1921754069183 -1.7458980333936567
145.19217572466445 -1.7395746351313197
145.1984996948842 -1.745898363955332
145.19850028356134 -1.7332515667475614
145.33131915030523 -2.0430993425053736
145.3882542728351 -2.1316239051763146
145.45150653113816 -2.0810308877269446
145.45783284608962 -2.0873535493825965
145.4641584567605 -2.087352793584071
145.4641577007625 -2.0810294038895067
145.4641561932892 -2.068382624499838
145.47048328556536 -2.0810286225520565
145.48313196437581 -2.062056819080505
145.48311813251482 -1.9545592346081087
145.4894583261863 -2.06837934791214
145.48945747188304 -2.062055961435412
145.4957847411689 -2.074701848803709
145.49578385939338 -2.0683784631962254
145.49578297938322 -2.062055077588495
145.49576659454624 -1.941910750995463
145.50211394843288 -2.0999944758136646
