# successful candidates for region at (32.014264764385466, 23.415679901436235) and radius 1.031.69090774406568 24.227971881989436
31.690875925108685 24.240630211976402
31.690844089296203 24.2532885419348
31.697286708051458 24.22165574286695
31.697271117843588 24.227984909607574
31.69725552350676 24.234314076341338
31.697239925039977 24.240643243068238
31.697224322442246 24.246972409788278
31.697208715712566 24.253301576501446
31.697193104849937 24.25963074320775
31.703634492897187 24.227997678308903
31.70360392624797 24.240656015174228
31.703573343406646 24.253314352013188
31.703542744365382 24.265972688825766
31.716302602525356 24.253339125871104
31.72268158748737 24.247021950898844
31.72265287650892 24.259680297529087
31.72262415032242 24.272338644136084
31.729031866447155 24.253362863506922
31.729003774687392 24.266021213256064
31.735410227160422 24.247045167327798
31.741761134966858 24.253385564919103
31.79432438075834 23.278770920027437
31.895283082265802 23.41179308877712
31.895277390353968 23.418122292352564
31.895271696929438 23.424451495927077
31.90164985277059 23.361164116671485
31.901644474821083 23.36749332087304
31.907971142826987 23.361168518959115
31.90796606675122 23.36749772374551
31.907960989326106 23.373826928531155
31.91428765908929 23.367501872340046
31.914278106877962 23.38016028301297
