# successful candidates for region at (320.7284007321622, -15.663413579921501) and radius 1.0319.94586795512816 -15.117833676730793
319.97125978816626 -15.098959016101766
319.99704229454846 -14.96630706074999
320.00341198029247 -14.953686130262781
320.02085061328546 -15.408845272089662
320.0728596223202 -14.998147407083758
320.07916740212374 -15.0044867737748
320.0853403775746 -15.05507185026837
320.0854755561362 -15.010825966728985
320.0855141213466 -14.998184285568993
320.0982252872762 -14.97925790570778
320.1029986823948 -15.497585308541918
320.1045706573494 -14.972954857841295
320.12202599586783 -15.497638338136824
320.1283500139509 -15.503976510170897
320.12836843585126 -15.497655650615146
320.12838685175615 -15.491334791044688
320.1791248517051 -15.49146671646373
320.1918422844244 -15.478856105710667
320.19185873778605 -15.472535219633746
