# successful candidates for region at (14.075727060308319, -46.828030677679465) and radius 1.013.218426021246454 -47.47826499437096
13.224772950808187 -47.48462775642165
13.224874884724922 -47.47831254910421
13.252837348693044 -47.339563950234215
13.270113745810947 -47.472320121704676
13.270210213261338 -47.46600486437083
13.270306651011047 -47.459689606910594
13.342361119242568 -47.37806184534955
13.348884661977447 -47.3717871399799
13.35523461076278 -47.378142752091904
13.360988307145243 -47.428705465923315
13.361756636139189 -47.37186731802347
13.367431233695497 -47.42874507255797
14.321189999498507 -47.46223049868649
14.384014057196731 -46.06630542034852
14.415464277601949 -46.07253152564899
14.421826776563872 -46.08514380058565
14.42178699417466 -46.078828190259
14.42174722369422 -46.07251257991007
14.421707465117498 -46.06619696953884
14.421667718439437 -46.05988135914534
14.421627983654993 -46.05356574872957
14.437196657695191 -47.45561075187763
14.428151679578988 -46.09144010933325
14.428111162729211 -46.085124501915885
14.428070658009569 -46.07880889447539
14.428030165414917 -46.072493287011774
14.427908760329442 -46.05354646448233
14.434395544439608 -46.08510485598337
14.434189532558934 -46.05352683323186
14.440470300264208 -46.05350685497862
14.459709622680078 -46.110285168284506
14.475587878907778 -47.41759004969667
14.516244007463705 -46.10376454271156
