# successful candidates for region at (44.51316049516957, -72.82554113852984) and radius 1.043.55458792625437 -73.46815327568653
43.56072748454818 -73.48083442957923
43.5610814963442 -73.47450938866625
43.56143523706962 -73.46818434712223
43.5675799105252 -73.48086530192889
43.567931376217686 -73.4745402491913
43.56828257278814 -73.46821519583176
43.57198241766242 -73.5251713854952
43.57443236128336 -73.48089595138048
43.5785042646882 -73.53152696514856
43.57989668469376 -73.5062266764012
43.58024412204466 -73.4999016026937
43.585723148747206 -73.52523217875618
43.586414240622545 -73.51258201112908
43.58675938876093 -73.50625692641613
43.58710427210631 -73.49993184110456
43.587448890963024 -73.493606755195
43.59225016857744 -73.53158733460268
43.59259355103844 -73.52526224013594
43.59293666975743 -73.51893714507737
43.59327952503786 -73.51261204942762
43.59362211718273 -73.50628695318734
43.59396444649458 -73.49996185635726
43.599463977587725 -73.52529207801362
43.59980453635856 -73.51896697149579
43.60014483365538 -73.51264186439559
43.606672427009116 -73.5189965744967
43.61304543537861 -73.39881922631284
43.61337830017796 -73.39249409707242
43.61371091135149 -73.38616896727132
43.6132049027368 -73.52535108325777
43.613540341528385 -73.51902595407883
43.613875522775125 -73.51270082433494
43.619865080551286 -73.39884839306343
43.62019542421426 -73.39252325270661
43.620408279735685 -73.51905511024107
43.62372305878881 -73.45580367593566
43.626356676329706 -73.40520248885603
43.626684748900956 -73.39887733801181
43.62701257140106 -73.39255218662318
43.628594983022325 -73.4937834315223
43.62925283793706 -73.48113312251756
43.630237731990796 -73.46215765493109
43.63056552761196 -73.4558324979836
43.630893072514624 -73.44950734049446
43.638358062188715 -73.30402857016942
43.63867967503014 -73.29770339986517
43.639001044205116 -73.29137822903448
43.63512599359938 -73.50013726148566
43.635452747349554 -73.4938120968046
43.63577925060406 -73.48748693158657
43.63610550365059 -73.48116176583223
43.63643150677638 -73.47483659954212
43.63708276441247 -73.46218626535722
43.63740801949504 -73.45586109746364
43.637733025801424 -73.44953592903677
43.64166188292188 -73.50649088966081
43.641986333232 -73.50016571459801
43.642310534716344 -73.49384053900599
43.64295819235078 -73.48119018623682
43.644250534259406 -73.45588947437464
43.65097095292084 -73.32306060018173
43.64723474108613 -73.53181986880402
43.64884669575062 -73.50019394454273
43.6542813881212 -73.3926657050895
43.65459888360431 -73.38634050990754
43.661835089152 -73.24086088105695
43.65410791731832 -73.5318479294029
43.6607834321159 -73.3990187356809
43.661098648411404 -73.39269353040041
43.66141362452256 -73.38636832461718
43.66172836072354 -73.38004311833173
43.66797312214086 -73.2535388880362
43.66828288282672 -73.24721367133554
43.66859240952974 -73.24088845414504
43.66890170251465 -73.23456323646532
43.66098111620643 -73.5318757664032
43.66509306571465 -73.44964805835507
43.667290302300195 -73.40537156510217
43.66791593079244 -73.39272113398683
43.66822838750641 -73.38639591768676
43.6688525872299 -73.37374548360454
43.67534975140305 -73.24091580751764
43.667854337569324 -73.53190337980377
43.67162081855676 -73.45600075630537
43.671933131492224 -73.44967553446624
43.67224520563754 -73.44335031213524
43.674112651203295 -73.40539896785162
43.67442306145237 -73.39907374209334
43.67535287359739 -73.38009806189642
43.675662339010934 -73.37377283419197
43.675971568889004 -73.36744760600236
43.67658932311253 -73.35479714816987
43.67689784799386 -73.3484719185281
43.67905097209805 -73.30419529754406
43.6793576287207 -73.29787006405407
43.67966405300369 -73.29154483008551
43.682411459644875 -73.23461770292234
43.678153433741436 -73.46235325213603
43.67846344504779 -73.45602802035413
43.6787732192326 -73.44970278808779
43.679082756567574 -73.44337755533755
43.68093502189376 -73.40542614870532
43.68216516265436 -73.38012520134248
43.68247211245515 -73.37379996330583
43.682778828634376 -73.36747472479182
43.68308531145837 -73.36114948580112
43.68369757810416 -73.34849900639156
43.6858331996402 -73.30422231352004
43.686137363473485 -73.29789706979153
43.68644129685503 -73.2915718255922
43.68704847330874 -73.27892133578322
43.688864498948945 -73.24096985511204
43.68916636998766 -73.23464460669929
43.68946801317251 -73.22831935782101
43.68499862276005 -73.46238030395901
43.68530609334816 -73.45605506182709
43.685613328757306 -73.44972981921865
43.687145987535864 -73.41810359904737
43.689281907386544 -73.37382687094502
43.68958610984239 -73.36750162219093
43.689890080854745 -73.36117637296786
43.69019382068741 -73.3548511232764
43.69291711942163 -73.29792385506117
43.69351977602932 -73.2852733459053
43.695921301286674 -73.23467129084045
43.69651941759844 -73.22202077248473
43.691843833434184 -73.46240713311995
43.69639341233721 -73.36752829819852
43.69669487151365 -73.36120303882734
43.69699610141999 -73.35487777899539
43.702972952205265 -73.22837248640757
43.703269427173275 -73.22204721702049
43.70356567852729 -73.21572194718406
43.703499683259444 -73.36122948337844
43.71001945731434 -73.22207344208404
43.716477973596085 -73.22842473677406
43.71676950785032 -73.22209944767437
43.71706082221569 -73.21577415814014
43.717642792273224 -73.2031235777702
43.72351957860994 -73.22212523379044
43.7240970525033 -73.20947463484576
43.724385463026096 -73.2031493347339
43.72467365626054 -73.1968240341963
43.72496163245187 -73.19049873323345
43.72912199619692 -73.24745203183153
43.730556046707086 -73.21582549153018
43.730842208072964 -73.2095001822097
43.73112815376334 -73.20317487247034
43.73416886631689 -73.2854293094235
43.73559701718868 -73.25380273369755
43.7358819998333 -73.24747741730535
43.736166767204814 -73.2411521004986
43.73758738347869 -73.20952551026285
43.74037598994247 -73.298105178761
43.740659995262234 -73.29177985572115
43.7409437854794 -73.28545453227063
43.74122736083801 -73.27912920840994
43.742642023268864 -73.24750258297033
43.74461359450806 -73.20322529025754
43.747155909202135 -73.29813020025045
43.74771872440308 -73.28547953480856
43.747999812420716 -73.27915420148284
43.74912203957087 -73.25385286415926
43.749402066331506 -73.24752752882539
43.749681881561386 -73.2412021930913
43.75107779311462 -73.20957550843254
43.753935848094265 -73.29815500126278
43.75449368291466 -73.28550431703633
43.754772283569075 -73.27917897432903
43.75505067337232 -73.27285363122624
43.75616212884914 -73.24755225486967
43.782934933359556 -73.25397434215326
43.78320257002744 -73.24764896091881
43.789697568653146 -73.25399797805979
43.7902276855208 -73.24134719737012
43.796722902871714 -73.24769599505339
43.796985384922024 -73.24137059568794
43.80374310255278 -73.24139377427129
43.82224430724231 -73.28574002204492
43.829270708031586 -73.27943694039604
45.267969743470516 -73.34245550238175
45.27448652672588 -73.33610550416532
45.28099849660422 -73.32975530337961
