# successful candidates for region at (168.39631860955086, 75.19861979540545) and radius 1.0167.79823938566116 75.41140606122481
167.79798657443783 75.41770863362828
167.79773354450057 75.42401120574746
167.80460275198163 75.41772536491868
167.8043525195866 75.42402794427525
167.81121894429117 75.41774191017721
167.8109715094575 75.42404449669073
168.5308862852285 75.97939049950212
168.53776200807116 75.97938661555666
168.54457249068557 75.97307965714482
168.5446377270921 75.97938253810544
168.89887296180854 75.68896698268087
