# successful candidates for region at (17.418516493408525, -28.63289296020414) and radius 1.017.0929986233479 -29.0697551064434
18.01541768276842 -28.30119493568533
18.01538226361718 -28.294902953193557
18.021798490990555 -28.307458975766338
18.021762686287175 -28.301166996842895
18.02172689066771 -28.294875017888707
18.021691104129687 -28.288583038903777
18.02810768644433 -28.301138762594377
18.02803535144846 -28.28855481180459
18.02796305315037 -28.27597086088929
18.034343065363174 -28.282234317543725
18.034306544620883 -28.275942345680814
18.103857586819046 -29.213138639875197
18.10277355628542 -29.04954850390669
18.11030038132977 -29.219398193100183
18.110258153761645 -29.213106269477304
18.11017373086305 -29.20052242210661
18.110131535526587 -29.194230498358817
18.109205949524803 -29.055808165404404
18.116573512711895 -29.200489759154475
18.121902162159635 -29.043158898197046
18.128249114684373 -29.03683382730675
18.149095855874705 -28.363465186424474
