# successful candidates for region at (355.15428613656405, -46.55803045090628) and radius 1.0354.6344558285258 -47.213718715810245
354.6345175321745 -47.20740081847952
354.6410427155477 -47.20111176593186
354.64605750246784 -47.35276998430042
354.6524796680059 -47.35911612038532
354.6525394905566 -47.35279821106048
354.6589624357347 -47.359143989125606
354.6976958417575 -47.3782574061605
354.7041809748755 -47.37828275003581
354.7042346646117 -47.37196480808531
354.7107190303754 -47.371989785578656
354.75063570634836 -47.23945470946764
354.75068365630983 -47.23313674107597
354.8804750161745 -45.88144238429392
355.7384812855372 -47.07441135907572
