# successful candidates for region at (3.5639529575583877, -35.3182180049739) and radius 1.03.1076103191818003 -35.221013696500584
3.1139592912659135 -35.22103739381218
3.1729511324600326 -34.8361390482383
3.495532444065602 -34.47058803437382
3.5018236222150856 -34.47059142672631
3.501828355131082 -34.464278286513384
3.5081105460950535 -34.47690763273107
3.5081148008548575 -34.47059449212497
3.5144022045508363 -34.47691037152747
3.5269233726898235 -34.615803981864154
3.526926205338048 -34.60949084033253
3.5270052237966407 -34.432722877383796
3.527010846195627 -34.420096594311346
3.5332232585935355 -34.62211888640822
3.5332256097466357 -34.615805744649954
3.533227960293437 -34.609492602891585
3.533230310234134 -34.6031794611331
3.5332911965878484 -34.43903777537486
3.5332935302372808 -34.43272463361348
3.5332958632860456 -34.426411491851994
3.539527847047666 -34.615807179513794
3.539529715492949 -34.60949403757085
3.5395818369194183 -34.432726063140805
3.5458687674158367 -34.439040308052114
3.5458701437935214 -34.43272716596573
3.5521386469824745 -34.57161707017631
3.5521404519727633 -34.558990785804994
3.55215755306834 -34.439041084274244
3.5521584508100577 -34.43272794208824
3.5584370911252265 -34.57793066311177
3.558437512612998 -34.571617520868195
3.5584379339921277 -34.5653043786246
3.558438355262651 -34.558991236381
3.558438776424603 -34.5526780941374
3.5584459196001546 -34.44535467599566
3.558446338813781 -34.43904153375199
3.558446757919497 -34.43272839150833
3.5647363782872623 -34.571617643933095
3.577347423716365 -34.6536877553213
3.577312696112229 -34.43904092171905
3.5836525565470554 -34.65368689406624
3.583651047947657 -34.64737375201265
3.6218620250059987 -35.190291776091144
3.6282136557966647 -35.196601722788664
3.628208657270116 -35.190288582734304
3.634560781246757 -35.19659819717603
3.6345552890088877 -35.190285057578826
3.640895935774358 -35.183968061527096
3.6408899529306793 -35.17765492242873
3.647242072724002 -35.18396387331768
