# successful candidates for region at (87.32270310215752, -62.72555896757193) and radius 1.086.44155564894736 -63.47711788922531
86.44291731755418 -63.43276078708244
86.44728736899751 -63.508842408760096
86.44979937354458 -63.4264648140216
86.44999195668404 -63.42012807384195
86.45341706682439 -63.52789321728372
86.45360964830108 -63.52155647220451
86.45553038177863 -63.458189004893
86.45629609757295 -63.432842009588676
86.45782313353298 -63.38214800469
86.46012870766357 -63.52793350669472
86.4622257104235 -63.458229187979995
86.46431167598766 -63.38852483366071
86.46589095528883 -63.55965730138006
86.46665066763659 -63.53431024794412
86.46684036734017 -63.52797348385411
86.46702997582139 -63.521636719472106
86.46721949314562 -63.51529995479836
86.46740891937822 -63.508963189833025
86.46835468644814 -63.47727936064021
86.4687323579137 -63.46460582692944
86.46910966709383 -63.451932292059055
86.4704274036938 -63.407574910904955
86.47317553019396 -63.54068669573954
86.473363833237 -63.53434992239382
86.47355204570768 -63.52801314876047
86.47374016767088 -63.521676374839686
86.47449175174573 -63.496329276286474
86.4746794221435 -63.48999250093168
86.47692445602485 -63.413951174409824
86.4772973744634 -63.40127761600767
86.47970329731116 -63.547062849867714
86.47989020231392 -63.54072606733251
86.48007701739526 -63.53438928451402
86.48379453437246 -63.40765356896179
86.48397947590435 -63.401316780240556
86.48641947654667 -63.547101918456754
86.48660489285845 -63.54076512651941
86.48753063761366 -63.50908116265463
86.4901109263702 -63.42036602696358
86.4904781270061 -63.40769243173733
86.49295165791258 -63.55347747555291
86.4931356740732 -63.54714067456316
86.49331960168081 -63.54080387329888
86.4949709757234 -63.48377264959809
86.49912125518652 -63.572526357546714
86.49930404580155 -63.5661895481123
86.49966936301713 -63.55351592843153
86.50620596166945 -63.559890887910605
86.5063870861321 -63.55355406874957
86.50801329057384 -63.49652268435666
86.50837371490314 -63.4838490404693
86.51292519282464 -63.559928724776846
86.51453879384256 -63.50289726093567
86.51471765216702 -63.496560430317174
86.51489642458213 -63.4902235994388
86.51525371193027 -63.47754993690314
86.52106719696434 -63.50927154336348
86.52124465679223 -63.50293470400462
86.52142203136216 -63.496597864390004
86.52177652497227 -63.4839241843942
86.52795053721046 -63.50297183510964
86.5283022343316 -63.49029813778672
86.53448194409592 -63.509345511384225
86.54136234986824 -63.50304516142269
86.54205354467376 -63.47769769535239
86.54789675998259 -63.509418231238925
86.55477423064723 -63.50311723986439
86.5549441862578 -63.49678035639316
86.55511406023383 -63.490443472687275
86.55545356351597 -63.47776970457225
86.56131164345487 -63.50948970291733
86.56148019621698 -63.50315281113027
86.56164866799908 -63.496815919112514
86.5619853688551 -63.48414213438546
86.56215359804484 -63.477805241676464
86.56232174648619 -63.471468348737424
86.56718256310636 -63.54120946859453
86.56735003351406 -63.53487256946774
86.56751742336657 -63.528535670113456
86.56785196163693 -63.515861870723015
86.56801911017011 -63.509524970687195
86.56818617837878 -63.50318807042452
86.56835316632045 -63.49685116993516
86.5685200740526 -63.49051426921926
86.56885364911803 -63.477840467108564
86.56902031656595 -63.47150356571409
86.57373141765312 -63.54758137370409
86.57389747981954 -63.54124446638018
86.57406346208904 -63.5349075588326
86.57422936451896 -63.52857065106158
86.57439518716649 -63.52223374306722
86.57472659334317 -63.5095599264092
86.57489217698652 -63.503223017745846
86.57505768107592 -63.49688610885981
86.57538845082068 -63.48421229042037
86.57555371658982 -63.47787538086729
86.57571890303255 -63.47153847109215
86.58044783960298 -63.54761606741482
86.58061241290326 -63.54127915174127
86.58077690702275 -63.534942235848106
86.58094132201828 -63.52860531973543
86.58159819189412 -63.50325765309301
86.58176221211949 -63.49692073588526
86.58209001627334 -63.484246900814284
86.58225380031456 -63.47790998295136
86.5824175057404 -63.47157306487037
86.58700111484501 -63.55398737235674
86.58732736221081 -63.54131352467666
86.58765329571801 -63.52863967613382
86.58797891581654 -63.51596582672945
86.58830422295547 -63.50329197646481
86.5891161245439 -63.47160734704754
86.59371905872524 -63.55402144926756
86.5938807320625 -63.547684517332264
86.59420384537994 -63.535010652826095
86.59452664792636 -63.522336787473435
86.5948491401472 -63.50966292127553
86.5950102700245 -63.50332598786
86.59597542551677 -63.465304382944026
86.59629652676158 -63.452630512957455
86.59645696189733 -63.44629357764964
86.60043701855886 -63.55405521359976
86.60075730891047 -63.54138133326527
86.60107729113268 -63.52870745209926
86.60123716683336 -63.522370511204805
86.60139696566726 -63.51603357010289
86.60155668768948 -63.5096966287937
86.60171633295506 -63.50335968727739
86.6031496953503 -63.44632720433367
86.60794770148983 -63.52240392273213
86.60810601427296 -63.51606697359674
86.60826425095856 -63.509730024257905
86.6084224116011 -63.503393074715774
86.60858049625507 -63.49705612497048
86.60921207607275 -63.471708323960634
86.60952741146251 -63.459034422240535
86.60968496571721 -63.45269747107721
86.60984244441721 -63.4463605197119
86.61512850581646 -63.503426150173965
86.61528510654927 -63.49708919248163
86.61544163206054 -63.49075223459008
86.61559808240408 -63.484415276499455
86.61575445763371 -63.478078318209896
86.6159107578032 -63.47174135972155
86.61637920848752 -63.45273048306517
86.62183461545507 -63.50345891365081
86.62198973225561 -63.49712194808639
86.6221447745472 -63.49078498232649
86.62807939849195 -63.52250228407809
86.62838703366432 -63.509828338314854
86.62869437322806 -63.49715439178354
86.62884793228899 -63.490817418230215
86.62900141760642 -63.48448044448528
86.62976773988674 -63.4527955728914
86.63478999468211 -63.52253444677753
86.63494236315074 -63.51619746625869
86.63524688041754 -63.50352350465578
86.63539902932062 -63.497186523571955
86.63555110514 -63.49084954230011
86.64150060588963 -63.5225662972671
86.64180229808817 -63.50989232072815
86.64195303544919 -63.5035553321816
86.64210370038728 -63.49721834345052
86.64806176385798 -63.528934831124666
86.64836062821405 -63.516260839785424
86.64850995264742 -63.509923843843964
86.6486592053196 -63.503586847721486
86.64880838628204 -63.49724985141807
86.65462583903435 -63.5353030676157
86.6547738915029 -63.528966064702836
86.65492187277098 -63.52262906161216
