# successful candidates for region at (208.03914898593519, 0.18849544277280103) and radius 1.0207.23773872246647 0.7843644306738878
207.244063200642 0.7780424217178412
207.24406230681637 0.784365025883796
207.25038677788493 0.7780430089973615
207.25038589116755 0.7843656163787952
207.42747911149033 0.3986963287355193
207.4780677647252 0.3481170164955754
207.48439066171846 0.35443998456097214
208.00921637645146 0.7148513690781474
208.11671555818373 0.6769142541039784
208.11671563530902 0.6832370592941391
208.12303894601132 0.6705913946166687
208.12303902874282 0.6769141994790625
208.1230391121556 0.6832370043414479
208.12936249930178 0.6769141405753644
208.12936258900203 0.6832369450842998
208.12936314258945 0.7211737721377048
208.13568587465687 0.6705912732630627
208.13568596986062 0.6769140773928846
208.13568616262012 0.6895596856524951
208.13568675971507 0.7274965104310533
208.14200944041934 0.676914009931624
208.17995012491195 0.6705907145526311
208.17995026376857 0.6769135153097017
208.1799504037687 0.683236316066749
208.1862737343262 0.6769134178969959
208.18627388061375 0.683236218069521
208.1925972048836 0.6769133162055155
208.19259751127984 0.6895589153301436
208.1925976663473 0.6958817148924151
208.19892067544083 0.6769132102352619
208.19892083430332 0.6832360091617187
