# successful candidates for region at (213.79558288697612, -13.220842207176695) and radius 1.0213.29719097205398 -13.023594832867257
213.3034803188612 -13.048921409933998
213.30349296884654 -13.042592803304698
213.30985833714539 -13.02994758716987
214.1099933496868 -14.011156324447139
214.10998484486544 -14.004827667258564
214.19275210908506 -14.011040052541444
214.19273062613985 -13.998382780194229
214.43207151353093 -13.035948752787569
214.43203881934284 -13.023291655013027
214.43842826074533 -13.042261599642778
214.4383952287651 -13.029604507645747
214.43837872188394 -13.023275961626222
214.43836222107424 -13.016947415592698
214.44476865103354 -13.042245742001267
214.44475196909414 -13.035917198913408
214.44473529328783 -13.029588655811267
214.44471862361377 -13.023260112694842
214.45112589154664 -13.048558268871044
214.4510921956495 -13.035901188574211
214.4574494291401 -13.042213559828939
214.45734747633514 -13.004242336435968
214.46370402668762 -13.010554564117708
214.4636868875678 -13.004226029836177
214.47007822226044 -13.02319516152793
214.47006090779018 -13.016866630293407
214.4890623135627 -13.010487770902648
214.49540188311568 -13.010470683883755
214.49525845069454 -12.959842532094381
214.5016328630892 -12.972482346583718
214.50161478829776 -12.966153830725464
214.5079714561157 -12.972464967711892
214.60934715911173 -12.959508867491504
214.61566443168326 -12.953160401435339
