# successful candidates for region at (356.1769139470348, -43.05290829236448) and radius 1.0355.4036768092778 -42.323196623919706
355.40375490016334 -42.31687147022291
355.4038329690712 -42.3105463164307
355.4099911512726 -42.32323926763715
355.41006860457094 -42.31691410794662
355.410223445781 -42.30426378828406
355.4162286644966 -42.32960672725682
355.41630550183146 -42.323281561714055
355.416382317539 -42.31695639607894
355.41645911162755 -42.310631230351525
355.41653588410554 -42.304306064531815
355.4224674403059 -42.33597384893805
355.422543661323 -42.32964867758918
355.4226198608839 -42.323323506149436
355.422696038997 -42.31699833461888
355.4228483309128 -42.30434799128541
355.428858666576 -42.329690278229904
355.4289342283595 -42.32336510094234
355.42900976887455 -42.31703992356546
355.4290852881295 -42.31071474609928
355.43532350710115 -42.317081162917695
355.53029170460945 -42.292356743637455
