# successful candidates for region at (0.05410048594664498, 5.100773263834245) and radius 1.0-0.7288889561546305 5.7032877569189155
-0.7225674035968181 5.70329566774406
-0.7162458508715189 5.703303514445254
-0.716278706362132 5.728621246049032
-0.7162951728063235 5.741280111802213
-0.7099324348622891 5.709640733107779
-0.709948727814889 5.7222996052546025
-0.7099568838861142 5.728629041316043
-0.7099650463545032 5.734958477369493
-0.7099732152204665 5.741287913414949
-0.709981390484415 5.747617349452405
-0.7036269726490515 5.722307333146393
-0.7036350612445516 5.728636772354355
-0.7036431561842894 5.734966211554459
-0.703651257468672 5.741295650746701
-0.6973132384388129 5.728644439163876
-0.6467386502469056 5.728703461392467
-0.6278977917521552 5.836325607727008
-0.6214585695128584 5.735060908726704
-0.6215092472677426 5.779367252644811
-0.6215165095805053 5.7856967303223055
-0.6215237775527368 5.792026207993515
-0.6151868807202535 5.7793741067203195
-0.6151940750782452 5.785703587179406
-0.6088573931765285 5.773051413136052
-0.6088645140263829 5.779380896356624
-0.6088716404294311 5.785710379571148
-0.008205729200337067 5.456921147423433
-0.008207016814924476 5.469580398882041
0.017096550389576245 5.007519646598096
0.029693454353724433 5.817712472936534
0.02969319077411827 5.824042099739619
0.02969266300131362 5.836701353345765
0.03601623729354141 5.817712690005475
0.04234742644876243 5.387298209683986
0.04866574594176563 5.380968668147438
0.04866180318373261 5.817712930341746
0.05498457659103866 5.81138332661134
0.06130273552635374 5.431605666433912
0.07394017114736964 5.4316053967862485
0.18777751088770492 5.880994731020675
0.1941009787084173 5.880993327415466
0.21305415613672643 5.817692540129605
