# successful candidates for region at (144.05388073831443, 13.190048607323908) and radius 1.0143.22164981486824 12.6409401001737
143.22791752855818 12.634662750050333
143.2342258672446 12.615790828591944
143.2342053991006 12.622088035854617
143.2341849233478 12.628385243095238
143.2341439490116 12.640979657510279
143.24045199940318 12.622107579391495
143.24665826575094 12.634721402184198
143.246537081081 12.672504687930127
143.24649662619254 12.685099116340576
143.2464763874939 12.6913963305136
143.2528049928609 12.666226742966773
143.2527648658877 12.678821178489493
143.25272470913777 12.691415613927695
143.2527046195939 12.697712831615084
143.25903278606478 12.672543083829707
143.26530038688992 12.666264832444334
143.26526088574354 12.678859281941026
143.5453637299855 13.195941160044018
143.545350624428 13.202238512242776
143.55163774719003 13.18965607642157
143.55162480769692 13.195953430863087
143.5516118634919 13.202250785296071
143.5515989145742 13.208548139720524
143.5578858860332 13.195965549666608
143.55787310318098 13.20226290630614
143.56419740504475 13.170788081099747
143.57049513860412 13.151907804218089
143.57047027725415 13.164502526259913
143.63311631370365 13.139422689138156
