# successful candidates for region at (281.4881622716492, 85.60418469914741) and radius 1.0281.7755045884808 85.96674126214072
281.7829110432245 85.96044620638791
281.78337005253826 85.96673845749844
281.78383049628496 85.97303070834921
281.8173953851848 85.9981876390658
281.81506138726127 85.87233985164936
281.82479415357807 85.99189220491108
281.82532251316115 85.99818443072564
281.82585253688956 86.00447665619889
281.8222389261398 85.86604443965298
281.8227472597693 85.8723366671237
281.82325714558084 85.87862889426864
281.8393124387874 86.06739554931394
281.8304331203023 85.87233340859628
281.83572176962304 85.93525561468793
281.8362596540459 85.94154783335995
281.83679920893326 85.94784005167303
281.844076333222 85.94154444399612
281.8547295450041 85.9730020137659
281.8620240357992 85.96670624570051
281.862607152111 85.97299844621972
281.86319209352047 85.97929064632054
281.8704847451373 85.97299480282251
281.8728850008386 85.99816357778091
281.88019672112677 85.9918676479386
281.8808120326044 85.9981598351413
281.88142928207105 86.00445202188098
281.8862398877631 85.97298728847554
281.88873904941863 85.99815601617395
281.8934852531973 85.96669124045269
281.8941174367703 85.97298341752618
281.894751599002 85.97927559410795
281.89626641348315 85.91634991436524
281.8981581971078 85.935226437646
281.9019949705122 85.97297947072667
281.9033962502707 85.91005377819208
281.90403489325627 85.91634594749945
281.9046755073496 85.9226381162978
281.9053181016901 85.92893028458487
281.9059626854735 85.93522245235829
281.90660926795306 85.94151461961566
281.91180335782235 85.91634190583547
281.9137671584194 85.9352183919251
281.9170810077402 85.96667919133067
281.924267100047 85.96038287119087
281.92494622749075 85.96667502349392
281.92562747718375 85.97296717522849
281.9328114308682 85.96667077992606
281.95495312526714 85.95407334387636
281.9706844638992 86.08620784509327
281.97301893016163 86.10508417739103
281.9620581695422 85.94777669211217
281.9627938426038 85.95406881152797
281.9635318074314 85.96036093027473
281.97063454225935 85.95406420368545
282.31269106811646 84.82105319690962
282.3178134664553 84.81475355568047
