# successful candidates for region at (188.20812205167684, 31.99157497990672) and radius 1.0187.8489521550341 31.626066247767763
187.84892765253696 31.632390587235697
187.880774297809 31.600854328183917
187.88714102060663 31.594546115730072
187.88711914371834 31.600870468189637
187.887097261251 31.60719482063893
187.8935068753211 31.58823758334539
187.8934854363008 31.59456193782868
187.89346399181338 31.600886292302096
187.8998508608656 31.58825308761738
187.89982985413673 31.594577444073924
187.90621541769934 31.581943917677222
187.9061948485078 31.588268276075897
187.91257910708865 31.575634428129614
187.91255897521327 31.581958788429496
187.91253883820454 31.588283148720656
187.91890253473784 31.581973343407903
187.9252846267739 31.569338854677074
187.92520754603368 31.59463631051536
188.0201818545993 31.689677844485704
188.02654521214814 31.68336266374656
188.02653280401285 31.68968705117808
188.0265203927112 31.696011438606305
188.0329076999604 31.677047164277003
188.03289572884168 31.683371552844164
188.03288375466835 31.689695941408257
188.03283582740968 31.714993495633912
188.03282383794917 31.72131788418263
188.0392462467333 31.683380125519715
188.03920006821656 31.708677684127977
188.03917696127667 31.72132646341498
188.04555232377854 31.708685944590325
188.04554120618874 31.71501033528803
188.07730467185826 31.71504689350017
