# successful candidates for region at (164.8662625391724, -12.097327142992839) and radius 1.0164.12651156037674 -12.771806134127269
164.13285317922168 -12.771823102603125
164.13287120483915 -12.765500256798113
164.13919479889967 -12.771839924996033
164.1392126686712 -12.765517075942304
164.14553641940353 -12.771856601305771
164.1455541333286 -12.765533749031535
164.15189559880415 -12.765550276065586
164.1519482329758 -12.746581709567488
164.158254460703 -12.75924379839749
164.15827184969774 -12.752920939734617
164.15828923207587 -12.746598081055629
164.16459577200476 -12.759260030184937
164.16461300527024 -12.752937168386767
164.16463023197832 -12.746614306572765
164.16469907325472 -12.721322859158564
164.16471626718936 -12.714999997265492
