# successful candidates for region at (17.61284215645715, -0.6394123799869117) and radius 1.017.11443724604402 0.006802266629129899
17.12076302237301 0.00047765377347438396
17.12708879989226 -0.0058469578858681035
17.203001839548648 0.04474246401174163
17.209327657167346 0.038417907961174586
17.221979861268974 0.05106574883046178
17.23463032183939 -0.0121772579561429
17.24095630578434 -0.012177568971969968
17.240956462790745 -0.0058533274225685645
17.240956616776522 0.0004709141269215526
17.25360900282203 0.01944304733285996
17.259935108590387 0.025767005253944108
17.27258678354296 0.013117949765969125
17.272586916141286 0.01944219854847403
17.278912887248087 0.019441925855080023
17.27891301466895 0.02576617600710566
17.278913139377508 0.03209042615919749
17.449714619717383 0.07635499422807658
17.45604052130815 0.07003059260835909
17.456040570952837 0.07635487067115179
17.45604061932392 0.08267914873395728
17.47501873344856 0.12694876818304462
17.48134467051131 0.12694866854722908
18.10141721787178 -1.314958115272511
18.10774588901145 -1.3212815032734986
18.30376387078352 -0.5244100951796139
18.310090241632857 -0.5244092912336129
18.316416612480445 -0.5244084799602635
