# successful candidates for region at (15.184719286781842, 21.52806023228347) and radius 1.015.741155588438675 21.85719841738082
15.791693218368634 21.749491991791725
15.791719868932631 21.75581723791417
15.791746526777139 21.762142484014422
15.798116273089779 21.762119284152572
15.804431590262043 21.749445362671114
15.804458800084138 21.755770602410365
15.804486017339512 21.762095842126488
15.823343005915445 21.705096993160552
15.829766783268978 21.717723066010375
15.836077446190506 21.705047990044292
15.848811877732208 21.704998019472704
15.849337102872376 21.818851913128498
15.861279638135972 21.648020194104134
