# successful candidates for region at (149.98921375724487, -18.68277344238478) and radius 1.0149.87083254904502 -18.099896443920397
149.87716558058537 -18.10622990415698
149.87716966883423 -18.09990028501021
149.88349907371452 -18.112563154182716
149.8835029318748 -18.106233534504735
149.88350678889628 -18.0999039148262
149.88987287705478 -18.049270371916073
149.89619120746536 -18.08092167868635
149.90253711099518 -18.06193581009432
149.94052487656285 -18.15689368348023
149.94052665673155 -18.150564060409604
149.94053021549394 -18.13790481426799
149.9468764563869 -18.10625821620951
149.9532138096602 -18.106259522201917
149.95955116302122 -18.106260616889116
150.20140761341966 -18.94165371648363
150.22680980718854 -18.890986465140426
