# successful candidates for region at (31.07703835440569, -30.723650678538476) and radius 1.030.359568957038526 -30.02102113898363
30.359614842180882 -30.014723710728397
30.365869015601913 -30.021055645901995
30.36591449788177 -30.014758213298098
30.372214157977375 -30.01479241158211
30.391900944727485 -29.901539080227895
30.398193387733027 -29.90157198667383
30.39823664734486 -29.895274532093953
30.486061932514865 -29.939785849333283
30.48609963595367 -29.93348834097191
30.486137329861283 -29.927190832578383
30.492394143805242 -29.93351671121588
30.49872554622298 -29.927247262161096
30.84117911115495 -31.464949599559777
30.847574413723883 -31.464960998870364
31.80801293951748 -29.939076294254214
31.8079663055027 -29.93277887523841
31.82728051508559 -29.98934832045957
31.827232579602295 -29.98305091535879
