# successful candidates for region at (186.98318905063945, 58.88170560896659) and radius 1.0186.69546475072127 58.71328515023827
186.7212271577017 58.65645373571362
186.7211796615902 58.662774341862345
186.72759672698444 58.65014583593693
186.7275503961688 58.65646644469305
186.72750404649216 58.66278705342841
186.73382843595007 58.66279945441612
186.87949715115437 58.59347178617226
186.87947839302734 58.59979243806163
187.3745265126449 58.27055949607843
187.3807094888666 58.26421961553341
187.38078056525475 58.270540151335915
187.38696241662143 58.26419996804416
187.38703461096537 58.27052049989657
187.38710683435104 58.27684103169792
187.39328864966834 58.27050054176096
187.39969163158173 58.28312132430147
