# successful candidates for region at (229.412178507459, 45.28965057100411) and radius 1.0229.36883980194125 45.52523290585249
229.36883006415655 45.53788608442056
229.37523019532122 45.52523513812352
229.37522604497522 45.531561727739714
229.375221893395 45.53788831735566
229.37521774058 45.544214906971355
229.38162058916734 45.52523701504225
229.3816137231 45.537890194832734
229.3816068529479 45.55054337462253
229.3815965400533 45.56952314430597
229.3880028368755 45.54421830697313
229.3880001197522 45.55054489709442
229.38799740182057 45.55687148721561
229.38799468308022 45.56319807733669
229.38799196353096 45.569524667457664
229.38798924317234 45.575851257578535
229.394393386862 45.55054606400243
229.39438938775868 45.56319924459201
229.3943873873145 45.569525834886726
229.39438538627505 45.57585242518137
229.40078281132307 45.56952664659311
229.40078152960285 45.575853237008566
229.40078024750116 45.58217982742403
229.40717935977563 45.55687392161006
229.4071776730748 45.57585369306014
229.41357350281987 45.563200612339486
229.7533739096476 45.70820681696693
229.75341244134395 45.71453333202005
229.75974584666105 45.70186113345881
229.75986361374765 45.72084067003231
229.76579712543148 45.64490302348728
229.76623624690313 45.71449462677513
229.79094348512538 45.57522999127065
229.7911139939946 45.600535981637286
229.80391174596232 45.60049310845856
229.81080436874865 45.67006250287918
