# successful candidates for region at (337.31785382237047, -11.114262527340557) and radius 1.0336.5275819884218 -10.700118365009432
336.565184626 -10.864703736195876
336.5652488607063 -10.83939764104245
336.57150855833584 -10.87104584745338
336.57152449861604 -10.864719320430138
336.5719680922033 -10.687576557477021
336.57198383729695 -10.681250030004554
336.57786437189617 -10.864734772847745
336.5778801700989 -10.858408242562394
336.5778959616178 -10.852081712261732
336.5779275246071 -10.839428651614497
336.5779748189822 -10.820449060528967
336.5779905704148 -10.814122530136569
336.57800631516915 -10.807795999728905
336.57803778464637 -10.7951429388678
336.5783198090691 -10.681265388379433
336.5783354137665 -10.67493885765264
336.5783510118034 -10.668612326910724
336.5842042458348 -10.864750093448494
336.58421990870164 -10.85842355994431
336.5842512145562 -10.845770492890797
336.5842668575456 -10.83944395934148
336.5842824939107 -10.83311742577713
336.58429812365245 -10.826790892197758
336.58432936326886 -10.814137824993962
336.58434497314516 -10.807811291369552
336.5843761730379 -10.795158224075736
336.5905441204262 -10.864765282232185
336.5905596479567 -10.858438745536862
336.5906061911351 -10.83945913536217
336.590621692393 -10.833132598607717
336.59063718708455 -10.826806061838498
336.59065267521083 -10.820479525054521
336.59066815677244 -10.814152988255788
336.5906836317703 -10.807826451442308
336.59069910020514 -10.801499914614087
336.5907300173889 -10.78884684091344
336.59697625116144 -10.826821099828114
336.5970222910389 -10.807841479946976
336.59705295176025 -10.795188399953776
336.60333053401666 -10.820509463086296
336.603406527976 -10.788876747472212
336.60965438122685 -10.826850780853176
336.6096845411242 -10.814197688465878
336.60971467545284 -10.801544596022639
336.6160083953548 -10.820538874622716
336.6160382726497 -10.807885776050467
336.64121976883115 -10.883861730669343
336.6477600916844 -10.79530384293282
336.64777433461586 -10.788977278625618
336.6477885715013 -10.782650714305909
336.654098486899 -10.795317681492081
336.6601420675281 -10.92818935790478
336.66015616576743 -10.921862788055964
336.66031085407445 -10.852270518918784
336.66043688270025 -10.795331388536699
336.666650465435 -10.852284120165283
336.66666435713466 -10.845957547312768
336.66674758386057 -10.807998109949018
336.6856288106513 -10.871303877036361
336.6858843945513 -10.751098831799647
336.6918885050524 -10.909276463095559
336.6919019067398 -10.9029498791853
336.6919688303205 -10.871316959469318
336.6922218514116 -10.751111862054017
336.69223511185425 -10.744785277870497
336.69822933888247 -10.909289430008524
336.69854617710865 -10.757451347875566
336.69855930882255 -10.751124760986336
336.7045701732663 -10.909302264907167
336.7048837694353 -10.757464118174589
336.78647305813735 -11.200481700734208
336.79283165465756 -11.194166169928403
336.7991673547353 -11.200503753381973
336.79917866480486 -11.19417712731825
336.79918997016415 -11.187850501246853
336.8055256754285 -11.194187951441913
336.81185061536166 -11.206851903400914
336.81186165323993 -11.200525272853733
336.82463115501326 -11.156259814464836
336.8246418801616 -11.149933179482332
338.079392315731 -10.459781920880634
338.0793764747372 -10.453455401255889
