# successful candidates for region at (208.4412295581381, 45.99579713927978) and radius 1.0209.01755256289016 45.541178648751696
209.0176176182952 45.54750763449826
209.01768269304074 45.553836620184235
209.02386944804573 45.541146544054904
209.0239352164274 45.54747552503278
209.02400100436154 45.55380450594875
209.03018632592912 45.54111408939947
209.06794598092117 45.52825411988237
209.06801669800114 45.53458306616753
209.0743328100343 45.53454816700757
209.07440426087047 45.540877108038096
209.08072107773876 45.54084185374313
209.0807932627601 45.547170789464126
