# successful candidates for region at (26.919004239258662, -2.879385037761181) and radius 1.026.52827514564087 -2.9159990134646985
26.540934186517944 -2.916003292325953
26.54095100495356 -2.8654608015400376
26.540953093363104 -2.8591429901872147
26.547278187384183 -2.871780688771891
26.547280243867107 -2.8654628758902803
26.547282297314204 -2.8591450630076873
26.547284347725572 -2.8528272501241143
26.55359322748935 -2.916007430277822
26.55360948280344 -2.8654649152197855
26.553611501288035 -2.8591471008332494
26.559920738091837 -2.922327262269037
26.55993673530767 -2.871784735392265
26.559938721762165 -2.865466919528529
26.55994070528421 -2.8591491036638765
26.566267960742895 -2.8654688888164856
26.572599113342047 -2.8591530043402282
26.6358642528782 -2.9665735449283206
26.642184619945912 -3.0044821085613993
26.642190921385318 -2.9792107776869523
26.648513096584825 -3.0108014809815575
26.64851464144742 -3.0044836471472323
26.648516184099584 -2.998165813312371
26.648519262772925 -2.985530145641046
26.64852079879425 -2.979212311804585
26.64852233260545 -2.97289447796759
26.65484164338735 -3.0171208199943265
26.654843154256223 -3.010802985069238
26.654844662966322 -3.004485150143639
26.654850676220427 -2.9792138104361463
26.654852174137755 -2.9728959755080027
26.661173211944643 -3.010804453541634
26.661174684502207 -3.0044866175506018
26.6611761549528 -2.998168781559084
26.661180553663446 -2.9792152735816204
26.661182015686858 -2.9728974375881645
26.661183475603657 -2.9665796015942254
26.66750470605467 -3.004488049368103
26.667506140404424 -2.9981702123370164
26.673830520855308 -3.023442959727934
26.673833327370918 -3.010807283640502
26.67383472762331 -3.0044894455961253
26.673836125872178 -2.99817160755131
26.6738375221176 -2.991853769506055
26.680162019056347 -3.0171264842988097
26.68016474920771 -3.0044908062346516
26.68016611135567 -2.998172967201946
27.104138778337816 -2.088413171269135
