# successful candidates for region at (46.777134992450364, -56.566799772369755) and radius 1.046.32185692663674 -56.064984125956364
46.324582629708715 -56.37471971138428
46.32822982147295 -56.06500750819852
46.328303552129185 -56.058686849547485
46.33460272400021 -56.06503056084014
46.341047271462024 -56.05873261659793
46.39442829771323 -56.457126467628825
46.7160002222402 -56.68524991236494
46.71601047711988 -56.678929102393376
46.72246875332355 -56.691573724465776
46.72247792514226 -56.685252913918774
46.72248709343912 -56.67893210337089
46.72895562901875 -56.68525557964286
