# successful candidates for region at (221.61888695431222, 24.66431924882382) and radius 1.0221.59440498747492 24.403258534051396
221.60074255378802 24.396934671288957
221.6070788901355 24.396935298586733
221.61341522653282 24.39693566047933
221.6514234416639 24.35898372672386
221.65144306268056 24.43488078992551
221.65775591909372 24.352657476880225
221.6577578691852 24.358982231952286
221.65775981978743 24.36530698702424
221.66412183307787 24.44120228491901
221.6704318970768 24.371627955972475
221.67043448477608 24.377952710549614
221.6768193796944 24.485471241976356
221.67682521938386 24.49812075052334
221.68315694150527 24.479143925790403
221.68316017965978 24.485468679729387
221.6831634186621 24.491793433668082
221.68316665851236 24.49811818760649
221.6831698992108 24.5044429415446
221.68950809736833 24.498115358729173
221.6957760064603 24.377941953700898
221.70210720825267 24.37161384850223
222.24473184809136 23.927612180507392
222.2447628025368 23.9339367678611
222.2510447261783 23.92758599130714
222.2510759928306 23.933910575247065
222.25735760166688 23.92755953927369
222.25738918052508 23.93388411976558
222.25742076766485 23.940208700229338
222.26475947463555 24.1425684265816
