# successful candidates for region at (6.357418717679931, -24.266217317673853) and radius 1.05.775731190814722 -23.953739910960422
5.782053144964657 -23.95376378936423
5.782081444144854 -23.94744565995393
5.782109735889364 -23.941127530520983
5.7883751014522975 -23.953787406841123
7.000909854493446 -23.69444544776044
7.007250789951727 -23.70073693829469
7.007187420067504 -23.688100756617743
7.006429576661729 -23.536466567584583
7.013560341352118 -23.70071007496382
7.013528344588372 -23.694391987656005
7.019999192794722 -23.725955286807007
7.019064823937321 -23.5427308492326
7.0452422867305335 -23.725844141490853
7.051519175085201 -23.71949764056543
7.051485305701947 -23.713179575167167
7.057863817239589 -23.725787010679706
7.057829630976282 -23.7194689490707
7.057795453703233 -23.713150887428384
7.057761285418304 -23.706832825752787
7.064140084057815 -23.719439997919
7.064105598896079 -23.71312194006663
7.070485336506032 -23.725728841104758
7.070450534304497 -23.719410787110817
7.070415741255191 -23.713092733082377
