# successful candidates for region at (313.05109561993555, -39.371850951160766) and radius 1.0312.5945356881817 -38.5352207456951
312.60087527038047 -38.52891061644347
312.76445100396205 -38.58010832014906
312.76450184578204 -38.56743873985265
312.76455266033577 -38.554769159511316
312.7646034476427 -38.5420995791251
312.77077957141717 -38.57378890863329
312.8086844691321 -38.548534784892006
312.80870595088624 -38.542199981258655
312.81496446584464 -38.55488256824549
312.87169382068737 -38.5486491849761
