# successful candidates for region at (240.59580614184364, 74.97350543008592) and radius 1.0240.30681174543977 75.19817945421532
240.30669120042612 75.20449412847874
240.38532889464796 75.34350409592469
241.2085497146394 75.5890856060499
241.20907530952547 75.6017144164506
241.21517323329235 75.58275338221999
241.21570427056832 75.59538217759882
241.2159701386722 75.60169657482332
241.21623624016215 75.60801097173739
241.21650257534537 75.61432536834052
241.21703594802366 75.62695416061254
241.22205918722005 75.58273536484742
241.22286495101508 75.60167853373652
241.22313401049297 75.60799292273191
241.22340330626136 75.6143073114095
241.22367283863144 75.62062169976882
241.22421261442452 75.63325047553103
241.228945124224 75.58271714827825
241.22921642688718 75.58903153023955
241.23030402014192 75.6142890548446
241.2383080055008 75.63952808557252
241.24494139592042 75.63319503390241
241.245220552856 75.63950939691654
241.2454999554865 75.64582375958932
241.25213308252106 75.63949050827782
241.25241545868184 75.64580486263819
241.25269808347943 75.65211921664938
241.2593309439752 75.64578576561706
241.29211074723315 75.6078014577594
241.29240964757903 75.61411576236316
241.30682114065144 75.62670362926853
