# successful candidates for region at (138.7501832337036, 8.11135943756489) and radius 1.0137.87339601260393 7.765164526098285
137.87973073130578 7.758853489714404
137.87971743886632 7.765177811021973
137.879704138956 7.771502132314494
137.8796908315741 7.777826453591957
137.88605206145616 7.758866674862845
137.88603886553284 7.765190999825419
137.8860256621929 7.7715153247731585
137.88601245143568 7.777839649706059
137.88599923326046 7.784163974624114
137.88597277465354 7.796812624415651
137.8923602926006 7.7652040925084505
137.89234718583137 7.771528421084773
137.89233407169914 7.7778527496464696
137.89230782134283 7.790501406725966
137.89229468511752 7.79682573524375
137.89228154152653 7.803150063746878
137.89861659598145 7.796838749818056
137.89857743379883 7.815811746093139
137.90493850724238 7.7968516681384035
137.90492555733647 7.803176003820914
137.90491260017282 7.809500339489193
137.90489963575072 7.815824675143233
137.91168053298625 7.5881612877238345
137.91119608154182 7.828486186225507
137.9179992796196 7.588173897391739
137.91798675896993 7.5944982405986865
137.9238408755432 7.828511576696619
137.92376459991857 7.866457653593811
137.93063677401597 7.588198830599522
137.930624443477 7.594523180759056
137.9369555217732 7.588211154139079
137.9369310438409 7.600859861317996
137.93690653804177 7.613508568445051
137.93648567109193 7.828536581616278
137.94280806943917 7.828548939493918
137.94264628269482 7.9107655731861275
137.94263378897955 7.917089929532473
137.94913046816436 7.828561200983218
137.94896994817037 7.91077787877231
137.9553181896629 7.898141361371951
137.9617752667368 7.828585434796184
138.392150814682 7.297919357114431
138.41101928581386 7.392802984992752
138.41734005235162 7.386483478731069
138.42369431392615 7.335892106295113
138.4236606295594 7.380163875134613
138.43002343917354 7.316923316366866
138.43634277737738 7.310603506333433
138.4363289479188 7.329577129658184
