# successful candidates for region at (341.7814948632214, -54.90946256874291) and radius 1.0341.2890534067181 -54.77023681338068
341.28913031745765 -54.763919900095786
341.2954880778414 -54.77026273265729
341.29556398367885 -54.763945814654825
341.30169789064314 -54.78923907863535
341.30184782895066 -54.776605233626995
341.301922757159 -54.77028831103052
341.3019976580899 -54.763971388372546
341.3142811581379 -54.814556965911635
341.3207229060821 -54.814581552900705
341.3276615542026 -54.77038721547478
341.3341661491975 -54.76409414431509
341.4107341252929 -54.833840905540626
341.41079215325556 -54.82752391359878
341.41717900348885 -54.83386038299067
341.41729302133285 -54.82122639196871
341.4561539240419 -54.796067981991904
341.4624431389048 -54.81503610614552
341.4625429288948 -54.80240206873607
341.46259279661956 -54.79608504999051
341.46893393499136 -54.8087358203815
341.59050462701595 -54.979549728918414
