# successful candidates for region at (25.550785751551548, -16.896575553224153) and radius 1.026.073533700154385 -16.547966140144794
26.079834385393806 -16.541633092991503
26.08616996426323 -16.547933848355207
26.0861523085717 -16.541616853205838
26.26352484619169 -16.667422120291658
26.263477597062966 -16.65478829583298
26.269870757028077 -16.673717131152795
26.26982307404187 -16.661083313513327
26.276120888776667 -16.6547443201762
26.282977760293253 -16.793693880701465
26.282953352503792 -16.787376979210087
26.282491038728313 -16.66735584634341
26.289328652649303 -16.799988231011536
26.289279407722535 -16.787354435022827
26.295655128145107 -16.799965485857165
26.295630290943212 -16.79364859139023
26.30198160211514 -16.79994254670615
26.308308074546442 -16.799919413558825
26.30823232084184 -16.780968751442725
26.308181857456162 -16.76833497657083
26.314532712813875 -16.774628551294512
26.314481843794674 -16.761994783578068
