# successful candidates for region at (348.8633317200817, 17.758838825592225) and radius 1.0349.1270891262118 18.297982648320538
349.1270986584556 18.304303548400437
349.133452247612 18.29165306685085
349.1334620072654 18.297973965633176
349.13347176982273 18.30429486441196
349.1398248977807 18.291644178211012
349.14621799062036 18.304276874488487
349.1654356900277 18.361136360804984
349.17165473503036 18.272633955214292
349.17166586620607 18.278954845552516
349.17803805193813 18.278944716431106
349.17817465044465 18.354795381901344
349.1781860556689 18.361116270659235
349.18443342977656 18.291576154647583
