# successful candidates for region at (44.618476967059564, 16.92679017371823) and radius 1.043.911367731756556 16.24468253143239
43.92401167813352 16.244725197214702
44.05686499583639 16.213478001007218
44.06948904849231 16.219841535906625
44.06947115288171 16.22617128361762
44.07581022742967 16.219858143627537
45.353028956591174 16.307884715563702
45.353052994848774 16.314214374126205
45.359377232418026 16.314191886174683
45.361267026135465 16.80157525385635
45.3719024851317 16.282498091697242
45.37815122648442 16.263486109602898
45.378200857208974 16.27614539878471
45.378225684244796 16.282475043337687
45.37825051906479 16.288804687865362
45.37827536167032 16.295134332367738
45.384498822417775 16.269792520443893
45.38454888184668 16.282451802362203
45.39084683768485 16.27609873146138
45.3908720779248 16.282428368771114
45.39089732607848 16.2887580060547
45.39719527246657 16.282404742564758
