# successful candidates for region at (220.3600051851355, -4.87638046553191) and radius 1.0220.9420793005032 -4.153321241453006
220.94203504982903 -4.096373894510337
220.94840310576754 -4.159643519642871
220.94839811133747 -4.153316039073345
220.94835833098827 -4.102696194379635
220.94835338032743 -4.096368713775785
220.94834843452864 -4.090041233168139
220.9546717107384 -4.096363477106468
220.95466171783596 -4.083708520748436
221.0179386122761 -4.191219820096533
221.02429185266598 -4.229178625218825
221.02426909194804 -4.203868826689956
221.0242634155022 -4.197541377045451
221.0242577445493 -4.191213927396038
221.03061130928296 -4.229172659731857
221.0305883320595 -4.203862872178706
221.03058260161794 -4.197535425277895
221.03057687672157 -4.1912079783720815
221.03693076579722 -4.229166637765635
221.03689600879204 -4.191201973024742
221.04325608889297 -4.235488000629703
221.0432502222078 -4.229160559320235
221.04324436117375 -4.222833118005552
221.04961720576537 -4.279773932145512
221.04957559945552 -4.23548186288309
221.0495696785138 -4.229154424395731
221.04956376327542 -4.22282698590306
221.05590109086637 -4.241803104265331
221.05588913471414 -4.229148232992204
221.05587720158437 -4.216493361697442
221.06222065552498 -4.241796850634615
221.06221462026238 -4.235469417874928
221.06220256716136 -4.222814552339021
221.06219053729072 -4.210159686781106
221.06854022007573 -4.241790540473066
221.06853413050473 -4.235463110613531
221.0685280467942 -4.229135680748384
221.06852196894377 -4.2228082508776295
221.06851589695322 -4.216480821001273
221.06849771613767 -4.197498531338641
221.06847355707038 -4.172188811710333
221.07485364063845 -4.235456746847364
221.07484750267193 -4.229129319908249
221.07484137061783 -4.222801892963427
221.0748352444758 -4.216474466012903
221.0748291242456 -4.210147039056681
221.07482300992694 -4.203819612094767
221.08115459188926 -4.216468054597781
221.08746148835243 -4.203806744696449
221.093774457009 -4.197472808400151
