# successful candidates for region at (75.1531326796291, -67.55309860876608) and radius 1.075.90031663773978 -68.34988955018666
75.90010885909113 -68.34355194338573
75.90712931467213 -68.34985905724014
75.90691964194308 -68.34352145938178
75.90650066517365 -68.3308462627932
75.90629136091782 -68.3245086640635
75.9130964499326 -68.32447793042964
75.92054115257794 -68.34345966136685
75.92032781688896 -68.33712208133574
75.92011460624268 -68.33078450100359
75.92735188003033 -68.34342834735824
75.9271366514198 -68.33709077650775
75.93437983757384 -68.34973431796054
75.93416258868567 -68.34339675668382
75.93394546717012 -68.337059195095
75.94097327837869 -68.34336488934477
75.94075426397481 -68.33702733709872
75.94053537794096 -68.33068978453541
75.94712161544177 -68.32432011590768
