# successful candidates for region at (351.9387952585519, -44.832101521918865) and radius 1.0351.44001751695845 -45.32199166763751
351.4464629221801 -45.31570104288011
351.44651765429876 -45.30938293712099
351.45285287470426 -45.3157281654572
351.45290689650926 -45.30941005568308
351.4529609023336 -45.303091945866846
351.83040948644685 -45.032379820037264
351.83042143645827 -45.02606156611835
351.8430840916291 -45.05766413850203
351.84948473018886 -45.03239623628209
351.8558339985317 -45.03871926141572
351.85584314706836 -45.03240100438008
351.8558522929128 -45.02608274734323
351.8621931176796 -45.03872367817184
351.862201564967 -45.032405420486064
351.86855223776905 -45.038727742884014
