# successful candidates for region at (142.80960984960998, 11.07175677564632) and radius 1.0142.00922551766186 10.789555588263111
142.00920853589528 10.795878499525223
142.0091915469153 10.802201410769536
142.01551641652566 10.795894920993643
142.01549956141616 10.802217835699157
142.02180757660994 10.80223413068182
142.02828114933496 10.739021079496936
142.02813217985843 10.79592737417154
142.0281155924912 10.802250295717307
142.0279992836477 10.846510746061995
142.0278826293683 10.890771195572478
142.02786593625527 10.897094116862878
142.03462059010522 10.726391230607256
142.03460421341015 10.732714155715337
142.03458782973743 10.739037080806789
142.03457143908622 10.74536000588161
142.03442360905433 10.802266330805416
142.03419252610857 10.890787277996015
142.04092700462843 10.726407095545587
142.04091076118067 10.732730024002365
142.04089451081202 10.739052952442783
142.0408619893088 10.751698809274531
142.0407479459172 10.795959307669442
142.04073162629393 10.802282235945931
142.04061719484264 10.846542733420891
142.04053525003098 10.878157373980189
142.04723341981747 10.726422830864578
142.04718506862426 10.745391626150653
142.04716893782947 10.751714557880481
142.04715280016805 10.758037489594203
142.04707200883337 10.789652147920945
142.0470558299551 10.795975079537873
142.04703964420443 10.802298011138646
142.0470234515806 10.808620942723257
142.0468448788493 10.87817318908529
142.05347588701215 10.75173017675743
142.05336371465796 10.795990721485685
142.0533476627804 10.802313656383356
142.05315450833817 10.878188873913613
142.0724746576912 10.720161531138139
142.07245908712255 10.726484475943048
142.07878094293437 10.720176615173093
142.07875006160373 10.732822511136707
142.0785176122061 10.827666728975265
142.07850206287216 10.833989676712372
142.0784865069453 10.840312624434599
142.07845537530957 10.852958519834372
142.0850872288102 10.720191569614864
142.08507192462804 10.726514520760984
142.08505661392323 10.732837471892584
142.08504129669492 10.73916042300965
142.08482617009568 10.82768173711941
142.08481075492116 10.834004688017776
142.08477990496326 10.846650589770624
142.08476447017824 10.852973540625088
142.09140867983638 10.713883440173287
142.09139351531323 10.720206394463247
142.0913783443249 10.726529348738941
142.09136316687068 10.73285230300036
142.09115000315552 10.821373661158193
142.09113472861927 10.827696615204792
142.09111944760463 10.834019569237027
142.09771483382363 10.71389813232613
142.09769980243797 10.720221089718054
142.09768476464387 10.726544047095961
142.09732193306877 10.878295019945034
142.1041102445724 10.675974931824522
142.1040953844183 10.682297892373555
142.10402098842678 10.713912694912564
142.10400609017898 10.720235655379094
142.10399118557956 10.726558615831856
142.10397627462777 10.732881576270838
142.10367672041596 10.859340782148578
142.10364662498984 10.871986702431363
142.10363156772212 10.87830966255189
142.10361650408362 10.884632622658502
142.11041560214798 10.675989346565979
142.1104008747917 10.682312310160793
142.1103861411451 10.688635273742122
142.11032714364038 10.713927127932394
142.11029760712643 10.726573054946435
142.10994120299608 10.878324174880184
142.11670636576818 10.682326598517987
142.12873916470792 10.935273679136268
142.1356370384226 10.676045711502901
142.1419283355958 10.682382457642596
142.14137517212293 10.928978606126172
142.14824776006722 10.676073117551462
142.14823382950595 10.682396098846798
142.1482198929947 10.68871908013006
142.14809419652573 10.745625911135395
142.14806619846695 10.758271873447812
142.1480381765739 10.770917835711707
142.1545393239865 10.68240961061986
142.15441487885712 10.73931646743387
142.1543871595061 10.751962435484135
142.15405268453648 10.90371404836408
142.16083114823553 10.688745979926763
142.16050129633106 10.840497663593167
142.1604874793927 10.846820650266352
142.1603767330521 10.89740454322869
142.16036286339465 10.903727529796015
142.16715031463718 10.682436245871871
142.16678275929993 10.853156965515263
142.16672794747404 10.878448923268989
142.17310541668672 10.846847171686337
142.18600105183123 10.714090217908579
142.18598788441005 10.720413215855654
142.19232024320596 10.707779965896835
142.19229418020583 10.72042596718478
142.19863916344264 10.701469578977576
142.1986262733062 10.707792582301192
142.19861337767085 10.71411558561449
142.2049323039347 10.707805069163657
142.35014506108635 10.594241449288331
142.35013543400956 10.600564508437548
142.3501258028043 10.60688756758097
142.35011616747022 10.613210626718587
142.3501065280067 10.619533685850406
142.35643922176092 10.600573852610498
142.3564297226858 10.606896913731426
