# successful candidates for region at (70.91614168530349, -72.55451842878306) and radius 1.071.4029452870352 -71.88185439777011
71.50066346225775 -71.92591157797182
71.49653205408914 -71.79294039602122
71.5069005921353 -71.9195601025395
71.51577494130194 -71.99552369889763
71.5151632316035 -71.97652787030833
71.5216181361551 -71.97650786315305
71.52869791780941 -71.99548342767923
71.52848947420703 -71.98915149921439
71.52828117724287 -71.98281957051098
71.52807302676243 -71.97648764156934
71.53537017528937 -72.00179489111149
71.53515938493136 -71.99546297008857
71.53494874291412 -71.98913104882185
71.5418338280723 -72.00177421158868
71.54162083776666 -71.99544229784455
71.54140799734965 -71.98911038385147
71.54055813141171 -71.96378272539489
71.54808227616626 -71.99542141094793
71.54658017579833 -71.951098059119
71.54508544134222 -71.90677469492982
71.54487250599294 -71.90044278475624
71.55302624344166 -71.9510770094338
71.55151622809944 -71.90675369685393
71.55130111587995 -71.90042179403245
71.55108615424962 -71.89408989095571
71.54937186351621 -71.84343465718393
71.55947229645952 -71.951055745625
71.55794700033852 -71.90673248517923
71.56613903553404 -71.95736615345034
71.57258724792686 -71.95734445377744
71.57236435802693 -71.95101257563938
71.57103029873532 -71.91302130108163
71.57058685793656 -71.90035754071998
71.58593864259056 -71.96996413633813
71.62926013124498 -72.09013117540833
71.61987083401033 -71.84319043638604
71.63674110771 -72.11543456633508
71.63600091073106 -72.09643917140522
71.64224890720756 -72.09008335367409
71.63909749882815 -71.84311936092753
71.66198721918536 -72.09634176723856
71.65067593042346 -71.81141201742184
71.65018143334038 -71.79874845678054
71.65957844208351 -71.87470521410135
71.65483480300401 -71.75440156003421
71.6762816399132 -72.12795049859179
71.66625165960437 -71.88101217391991
71.66574467245393 -71.86834865531877
71.66171415070743 -71.76704045565513
71.68331558488305 -72.14058860214824
71.68252640326183 -72.12159339533713
71.67267344831704 -71.88098715265656
71.67241769563825 -71.87465540228173
71.67190672643764 -71.86199190044839
71.67165150954177 -71.85566014899064
71.67139647086654 -71.84932839717266
71.67883729666168 -71.87463017655652
71.67857955382782 -71.86829843463687
71.6780646082997 -71.85563494969657
71.6778074052287 -71.84930320667661
71.68551697388804 -71.88093647027718
71.6852568803211 -71.87460473762226
71.68499696856898 -71.86827300459362
71.68473723844134 -71.86194127119161
71.68421832229949 -71.84927780326919
71.6916764464704 -71.87457908547981
71.69141436581837 -71.86824736141668
71.69089075374141 -71.85558391215197
71.69862504876866 -71.88721664901705
71.70504892173648 -71.8871905522129
71.70451552565439 -71.874527141574
71.70424910725824 -71.86819543566534
71.70371682878016 -71.85553202267161
71.7031852934235 -71.84286860811208
71.70265449963499 -71.83020519199
71.7117419281938 -71.89349593757532
71.71120381351845 -71.88083254613309
71.7106664511569 -71.86816915309281
71.71039805160152 -71.86183745597442
71.71012983953442 -71.85550575845778
71.70986181475946 -71.84917406054328
71.70959397708077 -71.84284236223137
71.71843945327215 -71.89980109061145
71.71789661356777 -71.88713771854182
71.71735453304518 -71.8744743448465
71.71654283225114 -71.85547928126276
71.71627264319143 -71.84914759259235
71.71600264273825 -71.84281590351806
71.7141179040193 -71.79849406872482
71.72871949855069 -71.98841776191631
71.7226834534593 -71.84912091173545
71.720511454397 -71.79846746218195
71.72024080498994 -71.79213577915199
71.73685391216716 -72.02638061762549
71.7365741439078 -72.02004895909025
71.73629457279179 -72.01371730012607
71.73573602115782 -72.00105398091272
71.7354570402246 -71.99472232066447
71.73517825560424 -71.98839065998908
71.73489966708983 -71.98205899888704
71.72936876298951 -71.85542568793284
71.72881991947257 -71.84276234759741
71.72717797676817 -71.80477231660933
71.72690498661768 -71.79844064332688
71.7266321864992 -71.79210896963097
71.74360803347189 -72.0326848918122
71.74332586069941 -72.02635324336104
71.74304388683389 -72.02002159447372
71.7427621116653 -72.01368994515067
71.74107562156723 -71.97570004008804
71.73578170071998 -71.85539857179985
71.73550501892089 -71.8490669113077
71.73329850053715 -71.79841361216053
71.7497977900749 -72.02632565409255
71.74951361062345 -72.0199940149289
71.74922963142255 -72.01366237532271
71.74866227292728 -72.00099909478445
71.74837889321114 -71.99466745385337
71.7416371224642 -71.84270794035774
71.73941489452724 -71.79205471387765
71.73913798586926 -71.78572305864526
71.75569713191403 -72.01363459064302
71.76331938281317 -72.03893306815422
71.7627415907565 -72.0262698305473
71.76245300019461 -72.01993821105825
71.76216461299032 -72.01360659111278
71.76187642892904 -72.00727497071138
71.76101309346157 -71.98828010677644
