# successful candidates for region at (141.5902157158025, -8.494077213566504) and radius 1.0140.76712470411732 -8.94153729195583
140.77346257879412 -8.941550756612951
140.7797865965987 -8.94789374787468
140.77980045393008 -8.941564117197265
140.79855578682898 -9.061866749513017
140.80490927943328 -9.05555011362691
140.8052189756964 -8.909968297231849
140.81123567769933 -9.061892661206558
140.817522241505 -9.087224062720054
140.81753559721636 -9.080894412103241
140.81754894616927 -9.074564761473068
140.81757562380253 -9.061905460172662
140.81811656728573 -8.802389771829187
140.8181296195369 -8.796060120617604
140.82387587216118 -9.08090711632743
140.82446502078335 -8.796072677365382
140.83695699325128 -8.884712732641528
140.84337005361198 -8.846747039663066
140.84971887678114 -8.84042954069856
140.84973143231488 -8.834099873466233
140.85605503089525 -8.840441602145253
140.8751361572432 -8.802499086700045
140.87516032790546 -8.789839727301594
140.8814596817293 -8.808840398102543
140.88148365061775 -8.7961810326666
140.8814956257975 -8.789851349932109
140.88783092408076 -8.789862869134648
