# successful candidates for region at (43.3435173618176, -29.396609401670336) and radius 1.042.531902708601336 -30.06764577382513
42.538210498033045 -30.073982997489676
42.56961441815702 -30.124561336081705
42.56966342121298 -30.118262467768332
42.576025371199805 -30.11829907296116
42.588749285121196 -30.118371376865756
42.588844837893795 -30.105773612226745
42.59506385713374 -30.124705962383576
42.595111248978476 -30.118407075576176
42.59515862874874 -30.112108188717873
42.94236175835395 -29.193921753993354
42.98631404426621 -29.24443935346655
43.01137878111199 -29.294897052451343
43.011419788553646 -29.282298848450818
43.01146077518122 -29.269700644411262
43.01150174100637 -29.257102440332723
43.017749395295404 -29.27601523471387
