# successful candidates for region at (166.852852015321, 36.91425205085325) and radius 1.0166.84496597582958 36.12682063488723
166.8575180925443 36.126820804957724
167.3677527851909 36.40971836335798
167.37400913962924 36.40337972426954
167.37405164536668 36.40969094103934
167.37409416222738 36.416002157775665
167.38000666080245 36.35917347919379
167.38035050105088 36.409663185308034
167.38625796442193 36.35283420962307
167.38630140647027 36.35914541937896
167.38634485988 36.365456629099846
167.39889088399457 36.35908830055967
167.56735849862602 37.551057639815824
167.5674789554901 37.56367980469241
167.57369167705093 37.54470823472401
167.57381317945092 37.55733038954307
167.58647842305854 37.54463056543702
167.59293414521278 37.55090228059769
167.60578538156437 37.55713360359811
167.60584885171906 37.56344465474851
167.60591233871966 37.56975570582648
167.61224381071816 37.56340426775206
167.6123078368076 37.56971531346072
167.61863876278863 37.56336353923244
167.61870332796414 37.569674579526406
167.61876791027754 37.57598561974543
167.65653423238865 37.518934945899026
167.66285717105484 37.51258086504195
167.66360829890237 37.582001880129184
167.66367669203797 37.588312880997165
167.6637451033317 37.594623881781104
167.6689043728439 37.480982469152586
167.66931648996575 37.51884844656768
167.676540278441 37.594536560888386
