# successful candidates for region at (358.86006693759305, -43.78684383965183) and radius 1.0358.00150448856306 -43.917143852677185
358.00159556372705 -43.91082626733845
358.00168661260045 -43.904508681875356
358.00787655835563 -43.91719131028847
358.00796695772704 -43.910873718097655
358.0141588887812 -43.92355601326427
358.01433836184077 -43.910920815401234
358.1208485826842 -44.056974622945006
358.20943760772235 -44.133327927514955
358.21576428039646 -44.1396816826214
358.21583306941073 -44.13336389539168
358.21590183848684 -44.12704610809142
359.3534865691144 -44.039337271491746
359.35992519512 -44.04562758938448
359.36625737035 -44.03928176984041
359.3726973441431 -44.045571370536784
359.3726427619331 -44.03925348722112
359.3725881955167 -44.032935603860935
359.3792492918385 -44.06449636647842
359.3791939817186 -44.05817848744576
359.37913868760836 -44.05186060836739
359.37908340950145 -44.04554272924335
359.3790281473913 -44.039224850073666
359.38546946865597 -44.04551373337114
359.39698474836945 -43.9064616052658
359.40347115441375 -43.91906736731589
