# successful candidates for region at (351.71005479242154, -11.793987046986024) and radius 1.0351.79999988601264 -11.551970400403698
351.7999958001782 -11.53931882518568
351.7999937584954 -11.532993037576304
351.7999917176356 -11.526667249966694
351.80631078703226 -11.539316784857714
351.80630860199807 -11.532990997656839
351.8126420987751 -11.583595113475852
351.8505093162816 -11.526647060292403
351.86944979801797 -11.520311424923971
351.86944618384746 -11.513985643329734
351.8694281348581 -11.482356735347217
351.8694245294315 -11.476030953748447
351.8757643535965 -11.520307864361314
351.8757418322388 -11.48235317906227
351.91994245895927 -11.488650192043053
351.9262660894275 -11.501297078008005
