# successful candidates for region at (351.80097265537705, -25.857613679357176) and radius 1.0352.42453041697416 -25.692042445362883
352.4370861140261 -25.666737738677856
352.43705236113584 -25.660425243406813
352.4370186169656 -25.654112748105632
352.44339607083856 -25.660397484920477
352.4433619901665 -25.65408499320013
352.4432938552342 -25.64146000966727
352.44973977756655 -25.660369450980276
352.4497053603938 -25.65405696287628
352.45604872761834 -25.65402865713457
352.4623570107055 -25.647687595178212
352.46186682582857 -25.55931286060255
352.4687354529412 -25.65397121939947
352.4686646270607 -25.641346265216402
352.474543470941 -25.55925498410438
352.4809177488699 -25.565538103534685
352.4806662238192 -25.521350812778483
352.4806303287957 -25.5150383425334
352.4872201036445 -25.559196008071467
352.4865683912696 -25.44557161077082
352.4863878974155 -25.4140092761865
352.48635182662457 -25.407696809165515
352.4927185235121 -25.413979464339448
352.4926457251008 -25.401354537941767
352.4996382319091 -25.514948722418854
352.49938020727774 -25.470761510557562
352.4990124094208 -25.407636919117618
352.4989756818877 -25.401324459775573
352.50563952561305 -25.458106205182773
352.5053797661919 -25.41391901843973
352.5053426960496 -25.40760656304406
352.5053056354867 -25.401294107611758
352.5116729794603 -25.407575932938105
