# successful candidates for region at (64.9834616413534, 16.105093256653284) and radius 1.065.73404435149007 16.455168705784473
65.73406869663037 16.461503081264855
65.73409304947792 16.467837456720826
65.74692000812402 16.499464324665787
65.7530726827446 16.44876661986997
65.75309763789771 16.45510098459613
65.7593984162601 16.442409311487022
65.75942356935276 16.44874367258634
65.75944873041071 16.455078033659593
65.76572374462894 16.43605182186959
65.76577445446311 16.44872053672972
65.76579982142516 16.455054894120053
65.79125657627421 16.46762913457061
