# successful candidates for region at (65.87809974480068, 14.254624519745464) and radius 1.066.56630379241138 14.585501294755572
66.58590616009927 14.756379470469957
66.5922626896941 14.756360472627867
66.59861921818607 14.75634130494515
66.6048503476234 14.718336718995337
66.60487122945516 14.724667593783371
66.60489211841548 14.730998468551318
66.60497574556537 14.756321967422078
66.61118472016915 14.711986360317802
66.61120577740166 14.718317231770731
66.61122684182398 14.724648103203222
66.6112689922425 14.737309846006873
66.6175612060511 14.71829757488163
66.62391663356195 14.718277748328314
66.68079323434088 14.62946001562689
66.68081619707897 14.635790848562708
66.68712296377105 14.62310771503159
66.68716924475054 14.635769373526665
66.69980483688842 14.616733450294547
