# successful candidates for region at (84.02829932090589, -55.14321969842667) and radius 1.084.79789436501645 -55.31136783729636
84.79679116545884 -55.25439033296538
84.80448605601589 -55.31765789102127
84.8108300604707 -55.311285952641555
84.80983277495949 -55.26063940389627
84.80970832166568 -55.25430858454954
84.81780176925285 -55.33656773813359
84.81767572894947 -55.33023692848558
84.8174237883824 -55.31757530867649
84.81717203436541 -55.30491368818395
84.816794752677 -55.285921256165345
84.81666908516931 -55.27959044515157
84.816543464147 -55.27325963396748
84.81641788958477 -55.2669288226132
84.81629236145731 -55.26059801108879
84.8241466396639 -55.330195109932276
84.82401961343813 -55.32386430785935
84.82376570209678 -55.31120270319227
84.82313174569117 -55.279548688488646
84.82287849137134 -55.26688708139481
84.82199357459693 -55.22257145112455
