# successful candidates for region at (229.600324584656, -34.92391401728844) and radius 1.0229.20194163138277 -35.721661427732265
229.20837056378346 -35.72801865171589
229.2148005125216 -35.73437554030036
229.2148614459583 -35.72170277788326
229.221021482096 -35.78508677971597
229.2212914059643 -35.728059325666614
229.22150090668706 -35.68370463822928
229.2277223824708 -35.734415537871875
229.2344146203547 -35.6837439127516
229.24072952724848 -35.715444997325974
229.2407579330631 -35.70910860574204
229.24718894166273 -35.715463795669386
229.2472447255044 -35.70279100754498
229.24743973877386 -35.65843624864442
229.324832683276 -35.67764427724169
229.36345886101978 -35.715743900462606
229.37644852170877 -35.69042247220106
229.3891464928468 -35.7728190871114
229.38917990747294 -35.76014621303461
229.38921330457012 -35.74747333893665
229.38936337489918 -35.69044540523419
229.39569150846236 -35.74114786908551
229.8027839862782 -35.74748794729777
229.80924600971613 -35.7474770941952
229.80922949088088 -35.74114065664446
