# successful candidates for region at (42.89298098705467, -1.442478631473704) and radius 1.042.07319424248779 -1.921610080221571
42.19361629125595 -0.7514635733772832
42.29456673821351 -1.314448296487929
42.29457295971215 -1.289146700612013
42.30088645532334 -1.308124498195772
42.30088953323112 -1.2954736954211843
42.332471345455744 -1.33343389909339
42.33879248317523 -1.320784576181771
42.36405399433099 -1.3713938120603908
42.364055414276955 -1.3650683879117322
42.3640568299177 -1.3587429637621067
42.370373719128736 -1.365069820928071
42.433579491682394 -1.244899725357907
43.02119782794452 -1.9850250500515323
43.02751757263415 -1.978699131474062
43.03383825204408 -1.98502420971279
43.03383776272708 -1.978698701995423
43.04015846408935 -1.985023759935727
43.084406003172916 -2.0419495796240756
43.1223317474741 -2.0672475799447843
