# successful candidates for region at (35.475714326711596, -72.50545159305891) and radius 1.034.694924826494926 -73.16738405620258
34.94327928351723 -73.10498590194325
34.95407167795476 -72.97232473884648
34.954259277748264 -72.96600670644112
34.96084051894879 -72.97234185390379
34.961025684697304 -72.96602381514539
35.01449388650352 -72.99142498616897
35.02110640794051 -72.99775819792706
35.02127015262463 -72.99144010627967
35.02143377561218 -72.9851220144933
35.04275899004953 -73.21895034943934
35.16039298722747 -73.168615242668
35.16119453624072 -73.12438792028509
35.1672385282262 -73.16862554665109
35.16735080179774 -73.16230735407214
35.16746299108048 -73.15598916142856
35.167910907217205 -73.13071639020892
35.16802267647503 -73.12439819724307
35.168134362010704 -73.11808000421294
35.168245963918174 -73.11176181111868
35.168691537139956 -73.08648903810133
35.17408407726525 -73.16863562448464
35.17419385940379 -73.16231742812123
35.174303559123864 -73.15599923169597
35.17485082468657 -73.12440824864461
35.17496003183751 -73.11809005184983
35.17506915721591 -73.11177185499366
35.18114413501147 -73.15600907598328
35.18157217193425 -73.13073627490576
35.18189235829636 -73.11178167348076
35.18231815628115 -73.0865088707616
35.188298409088155 -73.13706408275056
35.18840281582904 -73.13074587879177
35.188507144333265 -73.12442767477698
35.189027616373714 -73.0928366538647
35.189131477297686 -73.08651844951501
35.18923526059701 -73.08020024510972
35.19431338576836 -73.18761912238365
35.19523346717839 -73.13075525703569
35.19543708735937 -73.11811884192497
35.19584341393907 -73.09284601106461
35.195944805710404 -73.08652780321678
35.19604612170244 -73.08020959531594
35.2019646833286 -73.13708262054429
35.20206412580509 -73.13076440963708
35.20216349376471 -73.12444619867907
35.20226278729109 -73.11812798767022
35.202362006467766 -73.1118097766107
35.2027581413435 -73.0865369318665
35.20462371726442 -72.96649090837306
35.208894791531925 -73.13077333659562
35.209088494307 -73.11813690794166
35.20918523691286 -73.11181869354232
35.20928190710607 -73.1055004790948
35.20947503057919 -73.0928640500555
35.20957148402114 -73.08654583546385
35.209667865374485 -73.08022762082422
35.21158047725691 -72.95386331804484
35.21600847425757 -73.11182738508415
35.21638483356748 -73.08655451400843
35.229028370909646 -73.15607165851839
35.23186625659203 -72.95388848096782
35.23578170986012 -73.16239792159267
35.235869003142476 -73.15607969495113
35.23595623091367 -73.14976146827043
35.23604339324736 -73.14344324155068
35.236651703496406 -73.09921565342229
35.23734302549787 -73.04866983609627
35.23742915075844 -73.04235160875737
35.23768714161378 -73.02339692651093
35.2377730104954 -73.01707869901897
35.23862819565444 -72.95389642200782
35.24262483797706 -73.16240573497508
35.242709641617374 -73.15608750540048
35.24279438161488 -73.14976927578891
35.24287905804111 -73.14345104614053
35.24296367096754 -73.13713281645528
35.24338578559538 -73.10554166747808
35.24405789284006 -73.05499582721446
35.24414162421095 -73.04867759701791
35.245390140739275 -72.95390413974678
35.2454728813683 -72.94758590897561
35.24938559632944 -73.16873155467701
35.24946797216489 -73.16241332228896
35.24955028615633 -73.15609508986614
35.2497147288853 -73.14345862491619
35.25028834054101 -73.09923099650031
35.256311112245385 -73.16242068353401
35.25678916101516 -73.12451127192708
35.25702738029432 -73.10555656568408
35.25710666789159 -73.09923833020486
35.257185896185305 -73.0929200946933
35.25899193074162 -72.9476006690741
35.259147522503056 -72.93496419648697
35.26346324877094 -73.13715486706717
35.263540351685194 -73.13083662907992
35.263617396822156 -73.12451839106213
35.263694384246676 -73.11820015301377
35.26392500089272 -73.09924543868601
35.26400175811412 -73.09292720051593
35.270221775944115 -73.14348000635522
35.27029645263132 -73.13716176581079
35.27037107333837 -73.13084352523767
35.27044563812811 -73.12452528463596
35.27074333936815 -73.09925232194347
35.27081762551111 -73.09293408119915
35.27089185611199 -73.08661584042635
35.27705746921373 -73.14348668187131
35.277129661825626 -73.13716843882375
35.27734591519596 -73.11821370952049
35.27748981432834 -73.1055772231848
35.27763349820024 -73.09294073674262
35.28382340680017 -73.14981137701282
35.28389316764565 -73.14349313157183
35.283962876176425 -73.13717488610583
35.284102136528816 -73.1245383950989
35.28417168846771 -73.11822014955804
35.284241188326455 -73.11190190399235
35.28431063616345 -73.10558365840176
35.284380032037035 -73.09926541278634
35.29099746670177 -73.11822636411809
35.291131462949735 -73.10558986830993
35.32615763423956 -72.99820714519227
35.33288522958385 -73.00453023285836
35.339764749583985 -72.99189831392306
35.340057908096426 -72.95398874133053
35.37394116028054 -72.94137181040828
35.393977853599175 -72.99192707091979
35.40078149319907 -72.98561138471163
35.40753115391867 -72.99193202213247
35.40755570428608 -72.98561374753754
35.40758023641314 -72.97929547293951
35.41428567999258 -72.99825243742036
35.46174944103855 -72.98562459618554
