# successful candidates for region at (214.19778330959164, 0.17939706545867634) and radius 1.0213.54181538170684 -0.5085997315994786
213.5481369222488 -0.521243115766335
213.54813727954536 -0.5149214550744161
213.54813763156872 -0.5085997943822498
213.5544584557088 -0.5338865098188076
213.55445917901346 -0.5212431831883798
213.55445953283296 -0.5149215198727941
213.56078071958157 -0.5338865817775171
213.56078108026517 -0.5275649158644092
213.56710298345433 -0.5338866530255432
213.5923930525591 -0.5149218953551362
213.61768109443756 -0.5338871974252164
213.62400335831057 -0.5338872622771162
213.6303249657515 -0.5465307120135913
213.83893826527785 0.8063229783305894
214.98332967288968 0.7430781144110613
214.98333051599124 0.7493997124803347
