# successful candidates for region at (327.52292953847484, -28.661384803004754) and radius 1.0326.7506860113642 -28.780446166553695
326.75073282149 -28.7741150875594
326.7758929736289 -28.81224356658708
327.2858727515575 -28.307578483448236
327.2858869129546 -28.301247150531694
327.29851927606325 -28.313931266126936
327.30482355210677 -28.32660422355436
327.3048365890722 -28.32027288660847
327.30486265302034 -28.30761021270448
327.31116731526157 -28.320282877177906
327.31117997056754 -28.313951538955237
327.31749804262745 -28.320292573474816
327.31754713172353 -28.29496721562162
327.31755939616716 -28.288635876149296
327.3238882339775 -28.28864527218707
327.90334737229387 -29.26328820567079
