# successful candidates for region at (19.531284857806686, -5.308814662144806) and radius 1.019.333055451062563 -5.978382629214216
19.33938089881815 -5.9783846940307175
19.352013771494324 -6.0353306650966605
19.352015780062125 -6.029003771509579
19.35833985536832 -6.035332535611754
19.358355316265815 -5.984717381065643
19.364678977617665 -5.99104607378513
19.36468083464635 -5.984719178762112
19.36468269027769 -5.978392283738698
19.370990225958188 -6.041662970763917
19.37099202323827 -6.0353360750667875
19.370993819173343 -6.02900917936929
19.370995613763498 -6.022682283671425
19.370997407008822 -6.016355387973191
19.371006353066175 -5.984720909476508
19.415269403008168 -6.060653945433829
19.459575533562226 -5.8898345699291506
19.465900721312295 -5.883508388939353
19.472224468768182 -5.889835946785038
19.47222511926465 -5.883509043814977
19.47222576926621 -5.877182140844866
19.478549517230686 -5.883509632127377
19.478550097627025 -5.877182728925842
19.484873915208937 -5.883510153876547
19.48487442600004 -5.877183250469772
19.484874936402257 -5.870856347062962
19.82654682555961 -6.1808026341597
19.82654346128793 -6.1744757586119645
19.832877992058748 -6.187126311152875
19.832871116785334 -6.174472562533579
19.8392093053738 -6.1934499178229725
19.839205791731736 -6.187123044779087
19.839202280676925 -6.180796171733819
19.84553359132946 -6.187119710584839
19.88977527379296 -6.104845266228021
19.896106262562707 -6.111168269478978
19.896102138924345 -6.104841408964729
19.902429003967843 -6.104837484222388
