# successful candidates for region at (308.31910679341905, -71.61251400468697) and radius 1.0308.2635686698723 -72.1803956641737
308.2703761365606 -72.18672154530658
308.27039285199317 -72.18039746909753
308.27045959514004 -72.15510116424622
308.27721703536275 -72.18039903772625
308.27724575239307 -72.16775088418996
308.3045387614069 -72.14878255850435
308.3045437474955 -72.14245848034709
308.3113486089233 -72.1551070232645
308.31135391965694 -72.14245886667601
308.31135922286603 -72.12981071008736
308.31816344626395 -72.15510717390744
308.3181637692546 -72.14878309555979
308.3181640920162 -72.14245901721215
308.32497426439966 -72.14245893195547
308.4678348782317 -72.12343049832882
308.4746912141517 -72.12974928779394
308.4746380222256 -72.12342523124913
308.4814966808461 -72.12974378322527
308.4814411622586 -72.12341972862961
308.50216349296323 -72.15502204855858
308.5090433205141 -72.16133963820106
