1.052858402423901
9.61096006908508
0.9690511563884878
20.736006018074608
19.761144721670718
1.585399878567483
2.192908881955425
2.1922250873394744
1.4004123145140484
5.672956310834014
5.9890685939799635
1.3072653302323942
2.5823494401912632
1.0653625218363416
3.850383195278409
2.837098705040818
3.321501601738396
3.2435602951480487
4.237961456731177
2.2746056685559295
3.726227158758446
2.7275216690122015
2.8110998417943973
1.5630326909039225
7.25593954871322
2.0118898816079533
2.184997756423141
5.836804170703038
1.1711809782975806
2.3523406932706394
8.360708146755051
2.890555357300071
1.513134267018736
5.465631229703346
1.5029406779966177
6.342008675751903
3.2493334854606273
2.9645941033151937
4.998539022800344
2.8881633392346484
9.34107681800107
5.514812852435872
8.449304830600825
1.496461718930987
3.060439730068584
1.9084591360243754
2.1498020322277602
1.8210895729920145
1.6642949958075341
2.6598626894230013
2.9766420159260836
2.9511718048513664
1.188341569058838
3.150726508163636
7.964824463798381
2.640449581216661
18.719772946818726
6.486104523454841
27.350008570880938
4.0506281063102945
5.61640161142084
5.446009280708765
4.367286777259362
1.4463677560035615
2.984605000528193
4.9596360244633155
4.777085813443239
3.038549518966548
2.039880716738258
3.456535540190725
1.4844299040182962
3.6838580051849346
2.75852012319183
1.2976863849922706
1.534201182716996
7.084353504432514
13.839730670179904
3.3049637571420125
7.6333584829075996
10.750460319362787
6.595987752164628
4.411007239912574
6.18581810799432
2.8525656263351444
0.7942623882294264
3.863299237538048
4.411205536859192
0.7531832047286232
8.749037727307568
1.785638955439629
2.3343909582907196
5.140246511450041
3.0512438585290655
3.71376017383141
1.627160384317332
6.391579890784249
2.723082736338719
1.3981243586953565
1.6654415821081905
6.431755972234944
9.819737263453066
1.9009475711760024
2.591313943078394
3.0656902113066473
4.054624068366708
3.039357806849225
3.4529868596732496
1.9334570827358442
4.440517838682184
10.692454273864287
3.5760492054773274
2.842766949090893
1.235615494357454
4.007881381736954
6.51684885688618
1.0748580966995211
5.839196108192988
1.5241800259699394
4.492905101277388
2.1448837949125403
1.837470289983891
1.3788809041396357
1.6655885631708922
8.85423203272231
1.5079007143595944
2.478872354858728
2.959451550243843
2.768640740690851
2.1755303610411625
2.5145742162196245
1.586353685678811
4.01245108501324
4.016619004828157
4.049675035278136
0.8339582494763459
2.146101318467248
10.246264308635851
5.223836276998042
1.925724125837248
0.9239203934672596
2.0215941153411476
1.3536793598668704
5.231818297304316
5.8995435690745515
12.431988301298901
2.6966141743287864
2.164077858851532
8.04328458420851
6.5651887804509075
7.095701526386556
1.9003227347010934
2.547354163400024
30.623253054376498
18.748824475089606
14.809987833718825
1.678621414330662
12.10981667092232
1.6352347149928874
1.798766951192705
3.1185928898869486
3.026657612550896
3.331164356539951
15.648025917270186
1.5628753481635362
3.199079803900278
2.245244489210008
2.2722310879267753
1.0564038696787161
9.094225222120137
6.387038087984079
2.8381697319977777
2.0409542221357864
1.2801647318235965
9.648012906253156
0.9742702600246202
2.7516804632394303
1.5762274688446563
3.657349254730657
2.485976768200878
1.6647876985144547
1.7341820904238985
3.439530396037587
1.6371393875908244
2.495921082027261
2.2899876646481614
1.47613295206094
1.4534510739115123
1.4290176628056614
2.056340609465115
1.4878281209317097
1.4493982371024832
3.7075868833844488
1.720565051449246
1.500000391411134
3.845539159269195
5.309182192167961
7.055253351526222
6.181526586995163
1.3243777395169616
3.2567182833705894
6.971069509918525
2.8862278087685684
2.3937878056538255
2.657589830177895
1.1410248729061252
6.9012055902091
2.043255501965388
3.634820180194658
5.973060437033191
2.144928882608057
1.0922657118239927
1.8571231339001393
16.158741585392914
1.7376462463891194
0.9347451867952288
1.247655893110284
4.463468660812897
1.9072500748215797
1.8353487856198079
9.967737498346322
10.039356082119914
3.8711905666194872
1.5519096329916895
3.51443833337819
10.750643872761884
1.3093444079122034
3.23317988349939
7.240315540706658
1.944774699677335
4.983010929531317
3.7065887287646397
3.8678763059257957
2.530732157958019
1.702153837356876
3.817377810868537
1.7704931652968066
2.66836406025931
2.814768484518522
6.862444599010098
4.236705633514217
4.201113000170461
6.221071074302015
1.9226776375843526
4.107865468598924
2.62231585257155
2.1530795865477153
7.975604868025955
4.0020591447992055
2.4745534053312945
3.933662948772274
2.6974429088617398
1.6976037932820776
3.2360917644867553
8.41670338727411
3.378259844168485
1.5919799847493405
1.2647747218036591
3.0451043436763228
2.4890048668462184
7.610269981715359
0.914184748683649
1.6997634027720778
1.277665573250524
1.4547059607593078
2.2338424341425256
1.3968629713104483
1.5968252849041737
9.807898736876833
2.014717819175996
0.8753970016632288
1.6103679268570341
1.4407541924925422
2.145902446768821
1.9364771791220134
3.9597487218284133
0.8482465125225005
1.8941250588529976
6.47247647418186
1.1338064395807799
5.320988049028419
7.201185347383853
1.6760462562313707
2.1320669772716094
3.0865456446592416
32.27982854987704
4.358052119920153
2.1081929512495776
4.15938915580021
1.36646883238607
5.389836491227611
1.3717990025400475
12.96168268180068
2.3064046912666396
8.821221762932558
4.886855514417871
2.1788570589141893
2.047197676364701
2.4117510480845175
1.7286425702724002
1.5377142453879518
2.091123573315259
3.456541182099202
8.461245360584353
6.220198639808632
1.55306542429215
3.7133559552348454
26.15019863689004
12.278615096793263
1.8293744810523156
7.210398143943814
2.895188032359136
2.8325157559453573
1.8650992225657512
1.2985015136375815
1.773858442182374
2.692224672428135
3.4003405533360866
7.436201559408671
1.689464473611212
2.133499867352692
3.4245713351035483
9.835922109253392
7.3856342717345145
3.026464963488312
4.598747095494262
5.941599784617857
3.4888638822862825
2.6014080125949075
3.986770927888406
4.124689044836736
2.299600494904307
1.6139501983556852
3.1065447216814337
15.343676184237115
2.7168762187560587
3.280248725160685
5.757381162123372
2.79405189749768
18.523987221681974
3.2354311780462983
18.230995410009065
3.1701585013301203
3.1490851668875366
2.9240124743612097
1.3469091769264716
3.494049111412644
1.9518432159410584
1.7020322668633918
2.911405693544907
2.3288968319062926
4.031142903648264
11.999098469023926
2.242260843958048
4.251004091852238
2.5103368079747566
2.041301765579653
4.542582335523823
4.417345836652352
1.4148328727437947
4.869921948542693
2.7170882196554063
1.2511499561322368
5.5780036094809065
3.1086121048825133
3.6021796735935063
4.562895604497107
2.9542213014240466
1.1840545782923007
1.8934576245590131
1.6713970067508024
2.4193072346217206
2.314057447605633
2.4728532773024994
4.956331332457519
4.871325262586482
6.71740466936827
1.6847356211955387
3.1502398281625523
7.221272963754489
4.768801402206118
6.9199913529169965
3.9749115388816993
7.046539388853154
8.024772901187815
38.92253399799211
3.0701956429060036
3.317089590764467
16.285257336483514
4.993464928844765
6.7329775329642025
2.989723262236765
4.059705803462849
4.162454650962564
5.315147441729978
6.573076268992313
2.9558006871039053
1.316131261837595
1.0143871041907324
1.7018119962536151
20.423870727349428
27.11347586525382
10.08601673256919
1.7892070025387359
2.1098868750471067
5.390828508885471
3.5255544753858694
1.9742110020286587
10.280460630274748
1.983837763969621
2.455671292202785
1.5181972651654312
6.933824271367158
2.223161205621416
12.043504463814694
4.442279963150737
2.630719925096068
4.960178103017989
2.959832123288723
2.1904666636638908
1.2761127261092313
2.8269323580723964
1.5823371991708257
2.1952003080429376
6.799299859012265
3.50412413295529
3.9358404842850474
4.809515246603958
1.8835082357020432
3.3217153947326046
2.3533054703045293
2.7874094291709066
8.113131307969452
6.011830681423371
7.270799257010337
2.8702153988783357
6.6826620023083425
3.7872752510705427
1.8345507122236304
1.6081491692870764
1.619351233768299
5.217520050871008
2.0204442337734934
3.740528796163577
2.2400051845762463
6.731565840652673
6.10730326846321
1.7484671697813696
5.253043527711125
1.604515685929999
4.358657641054468
8.432906358451577
10.169413023636144
1.6655721217145734
3.690592495223655
8.751728146957333
8.402394003383879
4.167733302991069
25.192025677185978
1.3384388707640809
2.351618528924719
1.616623140427267
6.316508466038031
8.473649155423294
3.5282465949598825
3.4972341886242404
2.5795406714807356
12.91102221798371
2.987378213921811
18.08482928683111
2.389565928962935
3.035485554044684
3.382063942347487
1.9056619838342232
6.079335902325632
5.0372024670999895
4.176864114756125
