# successful candidates for region at (113.59042682459591, 65.10341962793595) and radius 1.0113.90870265227903 65.62899751565476
113.92356614811743 65.59737066982879
113.92372798973528 65.61000838652048
113.9238899997074 65.62264610301644
113.9239710679081 65.62896496119093
113.92405217829555 65.63528381931637
113.92413333090255 65.64160267739273
113.939239444394 65.62893088161692
113.93932426754006 65.63524973087432
113.9394091348381 65.64156858007806
113.95450777994513 65.62889527693923
113.95459631581781 65.63521411693173
113.96903980837803 65.57830750223846
113.98446960049102 65.5909065692264
113.99971556724849 65.59086645189737
113.99981493065177 65.59718526215781
114.00051192264898 65.64141693191186
114.00071152991117 65.65405455117485
114.01506455055546 65.59714361131167
114.01516766854495 65.60346241067421
114.0155806769702 65.62873760732944
114.01620180360281 65.66665039992056
114.01630551354512 65.6729691984059
114.01640927755285 65.67928799681113
114.03074173769913 65.62237558943811
114.03084878097403 65.62869437723941
114.046116833294 65.62864962209017
114.06092733152843 65.60332828480313
114.06104161749691 65.60964704922128
114.06115596289068 65.6159658135419
114.06127036775585 65.6222845777649
114.06138483213869 65.62860334189017
114.06149935608542 65.63492210591767
114.07606251534308 65.59696177714554
114.07618044471505 65.60328052925401
114.07629843539077 65.60959928125858
114.07641648741784 65.61591803315919
114.07653460084396 65.62223678495573
114.07665277571678 65.62855553664815
114.07677101208411 65.63487428823633
114.07688930999373 65.6411930397202
114.07712609063137 65.65383054237475
114.07724457345523 65.66014929354525
114.09119029998018 65.59059377153534
114.0913118689112 65.59691251095136
114.09143350102148 65.60323125025691
114.09167695497607 65.61586872853638
114.09179877691864 65.62218746751012
114.09192066223696 65.62850620637306
114.09204261098034 65.63482494512515
114.09216462319806 65.6411436837663
114.09228669893947 65.6474624222964
114.09240883825402 65.65378116071534
114.09265330780033 65.66641863721956
114.1064358941586 65.59054299549
114.1065611638592 65.59686172171416
114.10706289419004 65.6221366254373
114.10731415098144 65.63477407659349
114.10743987746126 65.64109280199489
114.10756566939828 65.6474115272784
114.10769152684341 65.65373025244388
114.10781744984763 65.66004897749131
114.12103757942482 65.55889713176163
114.12116621550051 65.56521584501847
114.12168142797964 65.59049069680674
114.12271507098934 65.64104039441558
114.12284457907451 65.64735910605532
114.12297415460274 65.65367781757
114.12323350819838 65.66631524022374
114.13626457652687 65.55884338025633
114.1363969036844 65.5651620795664
114.13785704712791 65.6346677633072
114.13799020198833 65.64098646103827
114.1381234261728 65.6473051586371
114.13825671973525 65.65362385610356
114.15135556230663 65.55246942300049
114.15149150995438 65.55878810810759
114.15162752814418 65.56510679307635
114.1532652686643 65.64093100187313
114.15340220889783 65.64724968503386
114.15367630335885 65.65988705093571
114.16657874121637 65.55241264494676
114.16671837793153 65.55873131532569
114.16685808710265 65.56504998555872
114.16868092545432 65.64719268525609
114.1688216549329 65.65351135343407
114.16896245771608 65.6598300214644
114.16910333386092 65.66614868934695
114.1818018529523 65.55235434666481
114.18194517868261 65.55867300192132
114.18208857878271 65.56499165702408
114.18395957404705 65.64713415931452
114.18410402140474 65.65345281225221
114.18424854400328 65.65977146503441
114.18439314190123 65.6660901176609
114.19702489574011 65.55229452816558
114.19717191043192 65.55861316790539
114.19731900140727 65.56493180748342
114.19761341244525 65.57756908615373
114.19923815288087 65.64707410722022
114.19938631806315 65.65339274452032
114.19953456042249 65.65971138165678
114.21209724234407 65.54591456546153
114.21224786780557 65.55223318946021
114.2123985714038 65.55855181328907
114.21254935319931 65.56487043694794
114.21270021325272 65.5711890604367
114.21421313135221 65.63437528593873
114.2143648562613 65.64069390754749
114.21451666016061 65.6470125289845
114.21466854311161 65.65333115024968
114.21482050517577 65.65964977134287
114.21527686666329 65.67860563358929
114.21542914579646 65.68492425399323
114.22716222256273 65.53953311497828
114.22731645497512 65.54585172285833
114.22747076737444 65.55217033056024
114.22932877776982 65.6279936090386
114.22948413566225 65.63431221441218
114.22979509409124 65.64694942461897
114.22995069475364 65.65326802945191
114.23010637646526 65.65958663410433
114.2302621392892 65.6659052385761
114.23072991506666 65.6848610509062
114.24253559339317 65.54578736046629
114.24475506494542 65.63424761756173
114.24539217249313 65.65952196995306
114.24603060883956 65.68479631931439
114.2574315349844 65.53308432985845
114.25791634192586 65.55204005222375
114.25807811189934 65.55835862595428
114.25823996581087 65.56467719948895
114.2585639257086 65.57731434597008
114.26133122531175 65.6847300592299
114.27264315186756 65.53301696285584
114.27280835335735 65.53933551971225
114.27313901336029 65.55197263281161
114.2733044720062 65.55829118905424
114.2734700165037 65.564609745092
114.2736356469193 65.57092830092466
114.27380136331965 65.57724685655215
114.27396716577144 65.58356541197423
114.27596353157307 65.65938806096146
114.28768589246793 65.52662953767337
114.28785468934329 65.53294807688881
114.28802357371221 65.53926661589078
114.28819254564246 65.5455851546791
114.28869998747969 65.56454076976057
114.28903872108968 65.57717784541029
114.3028936678579 65.52655915099336
114.30306614564184 65.5328776719702
114.30323871282677 65.53919619272415
114.30392987696219 65.56447027350757
114.30410289219199 65.57078879314447
114.30427599723923 65.57710731255744
114.30444919217358 65.58342583174633
114.31757343162543 65.50753173734056
114.31810136036539 65.52648724576831
114.31827751899347 65.53280574811318
114.31845376892991 65.53912425022553
114.32128624377056 65.64022025225468
114.3334888076285 65.53273230533115
114.33366874025057 65.53905078840832
114.33384876616049 65.54536927124299
114.3485164896598 65.52633887973711
114.34888362501776 65.53897580728633
114.35127931294562 65.62111581166337
114.35146426767544 65.62743427175837
114.35164931864105 65.63375273159804
114.36654215676032 65.62103905262693
114.3667308208958 65.62735749275565
114.36729740259916 65.64631281154712
114.38238233033522 65.63991602764887
114.38257500432282 65.64623444658572
114.38276777863872 65.65255286524572
114.39765612391332 65.63983615749576
114.39785251295557 65.64615455564127
114.39804900425996 65.65247295349918
114.41312992670314 65.64607313872884
114.44017101683184 65.53849401595812
114.45643383400872 65.56999997832227
114.47145277463088 65.56359443788254
