# successful candidates for region at (219.48161280921346, -25.855525999228295) and radius 1.0219.8503706859929 -26.529762145247297
219.85753350313564 -26.561293030039696
219.85745144064074 -26.536053886221197
219.86459567992668 -26.56127463089429
219.86453296876138 -26.54234528020483
219.87163655978046 -26.55494610819687
219.8716152706102 -26.548636327064184
219.87159398693575 -26.54232654591983
219.87157270875574 -26.53601676476382
219.87155143606873 -26.52970698359616
219.8787634038841 -26.57385636256608
219.8786983464426 -26.55492702666518
219.87867667182425 -26.54861724800736
219.87865500280125 -26.542307469337448
219.87863333937213 -26.535997690655464
219.87861168153546 -26.529687911961393
219.87859002928977 -26.523378133255243
219.8785467415656 -26.510758575806747
219.8858263451325 -26.573836931088177
219.8858042679736 -26.567527154987218
219.88578219651404 -26.561217378873728
219.8857601307522 -26.554907602747708
219.8857380706867 -26.54859782660916
219.88571601631605 -26.542288050458094
219.88569396763876 -26.535978274294514
219.88567192465334 -26.529668498118422
219.88564988735834 -26.523358721929817
219.8856058298337 -26.5107391695151
219.89286682107996 -26.567507383555693
219.89284436397506 -26.561197610006765
219.8928219126675 -26.554887836444873
219.89279946715573 -26.54857806287001
219.89277702743834 -26.54226828928218
219.89275459351379 -26.5359585156814
219.89273216538058 -26.529648742067668
219.8927097430372 -26.523338968440974
219.89268732648216 -26.51702919480135
219.89266491571394 -26.510719421148774
219.89990652899894 -26.561177498710443
219.89988369214655 -26.554867727757077
219.89986086118952 -26.5485579567903
219.89983803612634 -26.542248185810116
219.89981521695546 -26.535938414816528
219.8997924036754 -26.52962864380953
219.89976959628459 -26.523318872789137
219.8997467947815 -26.517009101755352
219.90699191993653 -26.5674668132717
219.90696869154382 -26.56115704498517
219.90694546914762 -26.55484727668476
219.90692225274626 -26.548537508370476
219.90689904233824 -26.542227740042332
219.906875837922 -26.535917971700318
219.906852639496 -26.52960820334445
219.90682944705873 -26.52329843497472
219.90680626060856 -26.51698866659115
219.91400724362882 -26.554826483228343
219.9139836417841 -26.548516717610966
219.91396004603223 -26.542206951979246
219.91393645637163 -26.53589718633321
219.91391287280072 -26.529587420672847
219.91388929531792 -26.523277654998157
219.91386572392162 -26.516967889309168
219.91384215861032 -26.510658123605864
219.9210690155483 -26.554805347388275
219.92104502826126 -26.548495584512192
219.92102104716653 -26.542185821621317
219.92099707226254 -26.535876058715633
219.9209731035477 -26.52956629579516
219.92094914102037 -26.523256532859893
219.92092518467896 -26.516946769909847
219.9281064121359 -26.54847410907462
219.92808204569934 -26.542164348968967
219.92805768555297 -26.53585458884804
219.92800898412435 -26.523235068560368
219.93521731609667 -26.561071805803408
219.93519255153495 -26.55476204855894
219.93516779336622 -26.548452291298684
219.93514304158882 -26.542142534022666
219.9350935572014 -26.52952301942333
219.93506882458811 -26.523213262100025
219.9350440983595 -26.516903504760972
219.94227946561895 -26.561049639940048
219.94225431551843 -26.554739885570587
219.94222917191038 -26.548430131184855
219.94220403479324 -26.54212037678286
219.94934161241113 -26.561027131650437
219.94929054772663 -26.548407628733603
219.9563260129795 -26.542075035424638
