# successful candidates for region at (288.46309518927404, -59.55501517783777) and radius 1.0287.46926839874646 -60.02432550173293
287.4694579170591 -60.018012801377644
287.4698367124997 -60.00538739967281
287.47153732244146 -59.94857307563711
287.4717258791459 -59.9422603713177
287.48172103062365 -60.030732217296396
287.4819082188474 -60.024419497316046
287.482282357025 -60.01179405638559
287.4824693070789 -60.00548133543589
287.4826561778429 -59.999168614163494
287.4830296817006 -59.986543170651395
287.48377574012994 -59.96129227976364
287.4841482954972 -59.948666832391275
287.48452053549556 -59.936041383735365
287.4938085287707 -60.0497632467297
287.4939935419467 -60.043450507994194
287.4941784765568 -60.037137768943055
287.4943633326505 -60.03082502957648
287.49454811027744 -60.024512289894645
287.4947328094869 -60.01819954989777
287.49491743032837 -60.01188680958606
287.49510197285116 -60.005574068959696
287.4952864371046 -59.99926132801889
287.495470823138 -59.99294858676384
287.49565513100055 -59.98663584519473
287.49602351240986 -59.97401036111517
287.4962075860548 -59.96769761860509
287.4963915817255 -59.96138487578175
287.4965754994709 -59.95507213264537
287.4967593393399 -59.94875938919612
287.4969431013816 -59.9424466454342
287.49712678564475 -59.936133901359796
287.49731039217835 -59.92982115697314
287.4974939210311 -59.9235084122744
287.50682326070427 -60.03722939740639
287.50700570513317 -60.03091663858546
287.50718807211837 -60.02460387945748
287.5073703617088 -60.01829112002259
287.50755257395315 -60.01197836028105
287.50773470890005 -60.005665600233
287.5079167665983 -59.99935283987866
287.5080987470965 -59.993040079218225
287.5082806504432 -59.98672731825185
287.508462476687 -59.980414556979795
287.5086442258763 -59.974101795402206
287.5088258980598 -59.9677890335193
287.50900749328565 -59.96147627133123
287.50918901160236 -59.95516350883823
287.50937045305835 -59.94885074604048
287.5095518177018 -59.942537982938155
287.509733105581 -59.93622521953146
287.5099143167442 -59.92991245582062
287.51009545123964 -59.92359969180576
287.5102765091154 -59.91728692748712
287.5104574904195 -59.91097416286488
287.5185668028411 -60.068883707939705
287.5189275572699 -60.056258154595774
287.5191078195399 -60.049945377474074
287.51928800524496 -60.0436326000528
287.5198281034522 -60.0246942659934
287.5200079833793 -60.018381487375734
287.52018778698226 -60.012068708459424
287.52036751430927 -60.00575592924468
287.5205471654082 -59.99944314973169
287.52072674032706 -59.99313036992065
287.5209062391139 -59.98681758981172
287.5210856618165 -59.98050480940509
287.5212650084829 -59.97419202870099
287.5214442791608 -59.96787924769956
287.521623473898 -59.96156646640101
287.52180259274223 -59.95525368480554
287.52198163574127 -59.9489409029133
287.52233949439426 -59.93631533823935
287.5225183101434 -59.930002555458
287.5226970502378 -59.92368977238065
287.5228757147249 -59.917376989007494
287.5230543036521 -59.91106420533868
287.5232328170669 -59.90475142137445
287.52341125501675 -59.89843863711494
287.5312237993686 -60.06897302415391
287.53211303682417 -60.03740904370926
287.53229065779095 -60.03109624674588
287.5324682033607 -60.02478344949149
287.5326456735808 -60.01847065194623
287.53282306849883 -60.012157854110264
287.5330003881622 -60.005845055983805
287.5331776326183 -59.99953225756706
287.53335480191436 -59.99321945886019
287.5335318960978 -59.98690665986336
287.533708915216 -59.98059386057676
287.53388585931594 -59.974281061000575
287.53406272844495 -59.96796826113502
287.5342395226502 -59.961655460980225
287.53441624197865 -59.9553426605364
287.5345928864775 -59.94902985980374
287.53494595117445 -59.936404257472574
287.5351223714664 -59.930091455874454
287.5352987171167 -59.9237786539882
287.53547498817204 -59.91746585181403
287.5356511846793 -59.91115304935205
287.53582730668535 -59.90484024660253
287.53600335423687 -59.898527443565605
287.5437052074554 -60.075373949478426
287.5438808638549 -60.06906113552993
287.5440564455987 -60.06274832129716
287.54440738530735 -60.05012269197952
287.5447580269577 -60.037497061526956
287.5449332361285 -60.03118424587551
287.54510837092545 -60.02487142994089
287.5452834313956 -60.018558613723236
287.5454584175857 -60.01224579722274
287.54563332954245 -60.005932980439596
287.5458081673127 -59.99962016337398
287.5459829309431 -59.99330734602605
287.5461576204804 -59.98699452839599
287.54633223597114 -59.98068171048399
287.5465067774619 -59.97436889229021
287.5466812449993 -59.96805607381486
287.5468556386298 -59.96174325505809
287.54702995839983 -59.95543043602009
287.54720420435586 -59.949117616701024
287.5473783765443 -59.942804797101076
287.54755247501146 -59.93649197722042
287.54772649980373 -59.93017915705924
287.5479004509673 -59.9238663366177
287.54807432854847 -59.91755351589602
287.54824813259336 -59.91124069489431
287.54842186314823 -59.90492787361279
287.5485955202591 -59.89861505205163
287.55653799537765 -60.069148042057016
287.55671116015634 -60.062835209352826
287.5568842513529 -60.05652237637229
287.5570572690139 -60.05020954311563
287.5572302131857 -60.04389670958296
287.55740308391444 -60.037583875774516
287.55757588124663 -60.03127104169045
287.5577486052284 -60.024958207330926
287.5579212559061 -60.01864537269612
287.5580938333257 -60.01233253778621
287.55826633753355 -60.00601970260135
287.5584387685756 -59.999706867141775
287.558611126498 -59.99339403140759
287.5587834113468 -59.987081195399014
287.55895562316783 -59.98076835911617
287.5591277620072 -59.97445552255929
287.5592998279107 -59.96814268572851
287.5594718209244 -59.96182984862401
287.55964374109385 -59.95551701124598
287.5598155884649 -59.94920417359454
287.5599873630835 -59.94289133566995
287.5601590649952 -59.936578497472304
287.5603306942458 -59.93026565900179
287.56050225088075 -59.923952820258606
287.5606737349458 -59.9176399812429
287.5608451464865 -59.911327141954864
287.56101648554824 -59.90501430239466
287.56868251390944 -60.088172294869885
287.5691951930145 -60.069233743724624
287.5693659407859 -60.06292089280497
287.56953661600187 -60.056608041616656
287.56970721870823 -60.050295190159844
287.56987774895066 -60.04398233843471
287.5700482067749 -60.03766948644142
287.5702185922265 -60.03135663418016
287.5703889053512 -60.02504378165107
287.57055914619446 -60.018730928854325
287.57072931480184 -60.01241807579012
287.5708994112188 -60.00610522245861
287.571069435491 -59.99979236885996
287.57123938766364 -59.993479514994334
287.57140926778214 -59.987166660861895
287.57157907589186 -59.98085380646282
287.57174881203815 -59.97454095179731
287.57191847626626 -59.96822809686549
287.5720880686214 -59.961915241667526
287.57225758914876 -59.95560238620361
287.57242703789353 -59.94928953047389
287.5725964149007 -59.94297667447855
287.57276572021556 -59.93666381821777
287.57293495388296 -59.93035096169167
287.573104115948 -59.924038104900454
287.57327320645555 -59.91772524784429
287.57344222545066 -59.911412390523324
287.57361117297813 -59.90509953293773
287.57378004908287 -59.89878667508769
287.5811784167612 -60.094569713424335
287.58134703405074 -60.08825684559132
287.58151557963066 -60.081943977496515
287.5816840535463 -60.07563110914012
287.5818524558428 -60.06931824052229
287.58202078656547 -60.06300537164317
287.5821890457593 -60.05669250250293
287.5825253497413 -60.04406676343983
287.5826933946195 -60.03775389351726
287.5828613681492 -60.031441023334246
287.5830292703754 -60.02512815289095
287.583197101343 -60.01881528218752
287.58336486109687 -60.01250241122415
287.5835325496818 -60.00618954000096
287.5837001671428 -59.99987666851817
287.5838677135245 -59.99356379677588
287.58403518887167 -59.98725092477433
287.58420259322895 -59.98093805251361
287.58436992664116 -59.97462517999393
287.58453718915274 -59.96831230721544
287.5847043808085 -59.961999434178296
287.58487150165274 -59.955686560882675
287.5850385517302 -59.949373687328716
287.5852055310852 -59.94306081351663
287.58537243976224 -59.936747939446526
287.58553927780565 -59.93043506511859
287.58570604525994 -59.92412219053299
287.58587274216933 -59.91780931568987
287.58603936857816 -59.91149644058942
287.58620592453065 -59.90518356523178
287.586372410071 -59.8988706896171
287.59401161858426 -60.088340190663885
287.59417774399043 -60.082027304843265
287.594343798761 -60.0757144187685
287.59450978294035 -60.06940153243973
287.59467569657323 -60.06308864585715
287.5948415397041 -60.0567757590209
287.59500731237733 -60.05046287193115
287.5951730146374 -60.04414998458807
287.59533864652883 -60.03783709699178
287.5955042080958 -60.03152420914246
287.59566969938277 -60.025211321040295
287.59583512043395 -60.01889843268543
287.5960004712936 -60.012585544077986
287.5961657520059 -60.006272655218204
287.59633096261507 -59.99995976610617
287.59649610316524 -59.99364687674208
287.5966611737005 -59.987333987126085
287.5968261742649 -59.98102109725832
287.59699110490243 -59.97470820713898
287.5971559656572 -59.968395316768195
287.59732075657297 -59.962082426146175
287.5974854776938 -59.95576953527303
287.5976501290635 -59.949456644148896
287.59781471072597 -59.943143752773985
287.5979792227249 -59.93683086114843
287.59814366510426 -59.93051796927241
287.59830803790754 -59.92420507714605
287.5984723411786 -59.91789218476954
287.598636574961 -59.911579292143
287.5988007392984 -59.90526639926663
287.5989648342344 -59.89895350614057
287.5991288598125 -59.89264061276495
287.59945670306894 -59.880014825265754
287.6065124917428 -60.09473523312066
287.60667626658574 -60.088422330077464
287.6068399717777 -60.08210942678733
287.6070036073626 -60.075796523250396
287.60716717338454 -60.06948361946684
287.6073306698873 -60.06317071543679
287.6074940969147 -60.05685781116041
287.6076574545107 -60.05054490663785
287.6078207427189 -60.0442320018693
287.6079839615833 -60.03791909685486
287.60814711114733 -60.031606191594726
287.6083101914549 -60.02529328608906
287.6084732025495 -60.018980380337965
287.6086361444748 -60.01266747434165
287.60879901727435 -60.006354568100264
287.60896182099174 -60.00004166161394
287.60912455567035 -59.993728754882824
287.6092872213537 -59.987415847907116
287.60944981808524 -59.98110294068691
287.60961234590826 -59.97479003322241
287.60977480486616 -59.96847712551375
287.6099371950023 -59.96216421756109
287.61009951635987 -59.9558513093646
287.6102617689822 -59.94953840092439
287.61042395291236 -59.94322549224065
287.6105860681936 -59.936912583313486
287.610748114869 -59.93059967414313
287.6109100929817 -59.92428676472968
287.6110720025748 -59.9179738550733
287.61123384369125 -59.91166094517413
287.61139561637395 -59.90534803503235
287.611557320666 -59.8990351246481
287.6117189566103 -59.892722214021525
287.6118805242496 -59.88640930315279
287.61901820134716 -60.101129104109425
287.6191796235716 -60.09481618408567
287.619340977131 -60.08850326382205
287.6195022620688 -60.08219034331873
287.6196634784283 -60.07587742257587
287.61982462625286 -60.06956450159358
287.6199857055857 -60.06325158037208
287.62014671646995 -60.05693865891146
287.6203076589489 -60.05062573721191
287.6204685330656 -60.04431281527355
287.6206293388632 -60.03799989309654
287.62079007638476 -60.03168697068106
287.62095074567327 -60.02537404802724
287.62111134677184 -60.01906112513523
287.6212718797233 -60.01274820200516
287.62143234457056 -60.006435278637205
287.62159274135666 -60.00012235503152
287.6217530701244 -59.993809431188225
287.6219133309164 -59.9874965071075
287.6220735237757 -59.981183582789505
287.62223364874495 -59.97487065823436
287.6223937058668 -59.968557733442196
287.6225536951839 -59.962244808413224
287.6227136167391 -59.955931883147535
287.6228734705747 -59.94961895764532
287.6230332567334 -59.94330603190671
287.6231929752578 -59.936993105931855
287.62335262619024 -59.930680179720895
287.62351220957333 -59.924367253274
287.6236717254494 -59.9180543265913
287.6238311738609 -59.91174139967294
287.62399055485 -59.905428472519105
287.6241498684592 -59.899115545129895
287.62430911473075 -59.892802617505495
287.6244682937068 -59.88648968964602
287.6315287496383 -60.107521802872284
287.63184681705894 -60.09489592911536
287.6320057492955 -60.08858299188775
287.6321646139399 -60.08227005442758
287.63232341103475 -60.075957116735005
287.63248214062276 -60.06964417881016
287.63264080274644 -60.06333124065319
287.63279939744837 -60.05701830226426
287.6329579247711 -60.050705363643495
287.6331163847572 -60.044392424791035
287.633274777449 -60.03807948570705
287.633433102889 -60.03176654639168
287.63359136111956 -60.02545360684509
287.633749552183 -60.01914066706737
287.6339076761217 -60.01282772705872
287.6340657329779 -60.00651478681927
287.6342237227938 -60.00020184634914
287.6343816456117 -59.993888905648504
287.63453950147374 -59.987575964717514
287.63469729042197 -59.98126302355631
287.63485501249863 -59.974950082165016
287.6350126677457 -59.96863714054378
287.6351702562052 -59.96232419869278
287.6353277779192 -59.956011256612115
287.63548523292957 -59.94969831430197
287.6356426212783 -59.94338537176248
287.6357999430072 -59.93707242899376
287.6359571981583 -59.930759485996006
287.63611438677316 -59.924446542769324
287.6362715088938 -59.91813359931386
287.63642856456187 -59.91182065562978
287.63658555381903 -59.90550771171719
287.63674247670707 -59.89919476757628
287.63689933326754 -59.89288182320716
287.64451407128007 -60.09497446819999
287.64467058215513 -60.08866151426486
287.64482702646734 -60.0823485601042
287.6449834042588 -60.07603560571814
287.6451397155716 -60.069722651106844
287.6452959604475 -60.06340969627044
287.6454521389286 -60.057096741209094
287.6456082510567 -60.050783785922924
287.64576429687355 -60.044470830412074
287.64592027642107 -60.03815787467668
287.64607618974105 -60.031844918716914
287.6462320368752 -60.0255319625329
287.6463878178652 -60.01921900612478
287.64654353275273 -60.012906049492685
287.6466991815795 -60.006593092636784
287.64685476438694 -60.00028013555718
287.6470102812168 -59.993967178254046
287.64716573211047 -59.987654220727514
287.6473211171096 -59.98134126297768
287.6474764362555 -59.97502830500478
287.6476316895896 -59.968715346808885
287.64778687715346 -59.96240238839017
287.6479419989882 -59.95608942974873
287.6480970551353 -59.94977647088478
287.64825204563607 -59.94346351179836
287.6484069705316 -59.93715055248969
287.64856182986324 -59.93083759295887
287.64871662367216 -59.924524633206076
287.64887135199945 -59.91821167323142
287.64902601488626 -59.91189871303504
287.64918061237364 -59.905585752617085
287.6493351445027 -59.89927279197771
287.6494896113144 -59.89295983111701
287.6496440128497 -59.88664687003517
287.6568730095938 -60.10767774144609
287.65702723026 -60.101364771497494
287.65718138530997 -60.09505180133003
287.6573354747853 -60.08873883094382
287.6574894987273 -60.08242586033899
287.65764345717736 -60.07611288951571
287.6577973501768 -60.06979991847409
287.65795117776696 -60.063486947214265
287.6581049399892 -60.057173975736426
287.65825863688457 -60.050861004040655
287.6584122684943 -60.04454803212711
287.6585658348597 -60.038235059995934
287.6587193360218 -60.03192208764725
287.65887277202165 -60.0256091150812
287.6590261429004 -60.01929614229794
287.6591794486991 -60.01298316929758
287.6593326894586 -60.006670196080265
287.65948586521995 -60.00035722264615
287.65963897602404 -59.994044248995344
287.65979202191187 -59.987731275127985
287.65994500292413 -59.981418301044236
287.6600979191017 -59.97510532674423
287.6602507704854 -59.96879235222809
287.66040355711596 -59.96247937749595
287.66055627903404 -59.95616640254795
287.6607089362804 -59.94985342738424
287.6608615288957 -59.94354045200494
287.66101405692046 -59.937227476410186
287.6611665203954 -59.930914500600096
287.6613189193609 -59.92460152457486
287.6614712538576 -59.91828854833457
287.6616235239259 -59.91197557187937
287.6617757296063 -59.90566259520939
287.66192787093917 -59.89934961832478
287.66207994796486 -59.89303664122567
287.66969702564114 -60.101440914864924
287.6698487582237 -60.09512792849602
287.6700004262617 -60.08881494191517
287.67015202979593 -60.08250195512256
287.670303568867 -60.076188968118274
287.67045504351574 -60.06987598090248
287.67060645378274 -60.0635629934753
287.67075779970855 -60.057250005836885
287.67090908133395 -60.05093701798733
287.6710602986993 -60.0446240299268
287.6712114518452 -60.03831104165541
287.67136254081214 -60.03199805317331
287.6715135656405 -60.025685064480626
287.6716645263708 -60.01937207557748
287.6718154230433 -60.01305908646402
287.67196625569846 -60.00674609714039
287.6721170243766 -60.00043310760669
287.6722677291179 -59.994120117863076
287.67241836996266 -59.98780712790967
287.67256894695106 -59.98149413774661
287.67271946012335 -59.975181147374045
287.6728699095196 -59.96886815679207
287.67302029518 -59.96255516600083
287.67317061714454 -59.95624217500047
287.67332087545327 -59.949929183791134
287.6734710701463 -59.94361619237291
287.67362120126353 -59.93730320074597
287.67377126884486 -59.9309902089104
287.6739212729303 -59.9246772168664
287.67407121355967 -59.91836422461404
287.6742210907728 -59.91205123215349
287.6743709046094 -59.90573823948485
287.6745206551095 -59.89942524660827
287.67467034231265 -59.893112253523874
287.67481996625867 -59.88679926023179
287.682366879018 -60.101515852002436
287.68251618909613 -60.09520284968867
287.6826654356599 -60.08888984716968
287.6828146187493 -60.082576844445626
287.6829637384046 -60.076263841516614
287.6831127946657 -60.06995083838277
287.68326178757263 -60.06363783504426
287.6834107171654 -60.057324831501184
287.68355958348394 -60.05101182775369
287.68370838656807 -60.04469882380187
287.6838571264578 -60.038385819645896
287.6840058031928 -60.03207281528587
287.68415441681304 -60.02575981072193
287.68430296735824 -60.0194468059542
287.68445145486805 -60.01313380098283
287.6845998793823 -60.00682079580794
287.6847482409406 -60.00050779042963
287.6848965395826 -59.99419478484806
287.6850447753479 -59.98788177906336
287.685192948276 -59.98156877307562
287.6853410584066 -59.97525576688501
287.6854891057791 -59.96894276049164
287.68563709043286 -59.96262975389564
287.68578501240756 -59.956316747097155
287.68593287174235 -59.95000374009626
287.68608066847685 -59.94369073289314
287.6862284026503 -59.937377725487906
287.68637607430185 -59.931064717880666
287.68652368347097 -59.92475171007156
287.68667123019685 -59.918438702060726
287.68681871451867 -59.912125693848274
287.68696613647563 -59.90581268543435
287.6871134961068 -59.89949967681906
287.6872607934514 -59.893186668002556
287.6874080285485 -59.88687365898493
287.68755520143696 -59.88056064976633
287.69474282677993 -60.11421561830873
287.695036789465 -60.10158958290093
287.69518367700226 -60.09527656489886
287.69533050205536 -60.08896354669822
287.69547726466374 -60.08265052829906
287.69562396486685 -60.07633750970157
287.695770602704 -60.070024490905865
287.69591717821464 -60.06371147191205
287.69606369143804 -60.057398452720264
287.6962101424135 -60.05108543333061
287.6963565311803 -60.04477241374325
287.69650285777766 -60.03845939395828
287.69664912224476 -60.03214637397586
287.6967953246207 -60.02583335379607
287.6969414649448 -60.01952033341905
287.6970875432559 -60.01320731284495
287.69723355959326 -60.00689429207385
287.6973795139958 -60.00058127110593
287.69752540650256 -59.99426824994126
287.6976712371524 -59.98795522857999
287.69781700598446 -59.98164220702224
287.6979627130374 -59.97532918526812
287.6981083583503 -59.969016163317804
287.6982539419618 -59.962703141171374
287.6983994639108 -59.95639011882894
287.69854492423605 -59.950077096290656
287.69869032297623 -59.94376407355665
287.6988356601702 -59.937451050627
287.6989809358564 -59.93113802750187
287.6991261500737 -59.92482500418138
287.6992713028605 -59.91851198066564
287.6994163942555 -59.912198956954775
287.6995614242972 -59.905885933048935
287.6997063930241 -59.89957290894821
287.6998513004746 -59.89325988465272
287.6999961466873 -59.8869468601626
287.70028565555265 -59.874320810599
287.700430318282 -59.868007785525734
287.7072729920624 -60.120601206698765
287.707562229603 -60.107975140792874
287.70770675605644 -60.101662107551356
287.70785122101705 -60.09534907411761
287.7079956245237 -60.08903604049174
287.7081399666152 -60.082723006673916
287.70828424733037 -60.07640997266421
287.7084284667079 -60.07009693846276
287.70857262478654 -60.0637839040697
287.708716721605 -60.05747086948513
287.7088607572018 -60.0511578347092
287.70900473161566 -60.044844799742
287.7091486448851 -60.03853176458367
287.7092924970487 -60.032218729234344
287.709436288145 -60.0259056936941
287.7095800182124 -60.0195926579631
287.7097236872894 -60.013279622041445
287.7098672954144 -60.00696658592925
287.7100108426258 -60.00065354962665
287.710154328962 -59.99434051313375
287.7102977544612 -59.98802747645068
287.71044111916177 -59.98171443957757
287.7105844231019 -59.97540140251453
287.71072766631994 -59.96908836526167
287.7108708488539 -59.962775327819124
287.7110139707421 -59.956462290187005
287.71115703202264 -59.95014925236544
287.7113000327335 -59.94383621435454
287.7114429729129 -59.937523176154414
287.7115858525987 -59.931210137765206
287.71172867182906 -59.92489709918701
287.71187143064185 -59.91858406041997
287.7120141290751 -59.912271021464186
287.71215676716656 -59.90595798231978
287.7122993449542 -59.89964494298689
287.7124418624759 -59.893331903465594
287.71258431976935 -59.88701886375606
287.7127267168724 -59.880705823858385
287.7128690538228 -59.874392783772656
287.7130113306582 -59.868079743499045
287.72009251174535 -60.11435952260499
287.72037677786653 -60.10173342594491
287.72051882021526 -60.09542037733604
287.72066080214023 -60.08910732854149
287.72080272367975 -60.08279427956131
287.72094458487186 -60.07648123039566
287.7210863857547 -60.07016818104466
287.72122812636627 -60.0638551315084
287.72136980674463 -60.05754208178701
287.7215114269278 -60.051229031880624
287.7216529869537 -60.04491598178933
287.7217944868603 -60.03860293151326
287.72193592668543 -60.03228988105253
287.7220773064671 -60.02597683040725
287.72221862624303 -60.01966377957755
287.72235988605104 -60.01335072856354
287.72250108592885 -60.007037677365346
287.7226422259144 -60.000724625983054
287.7227833060452 -59.994411574416795
287.72292432635896 -59.98809852266672
287.72306528689336 -59.98178547073289
287.72320618768606 -59.97547241861547
287.7233470287745 -59.96915936631453
287.72348781019645 -59.962846313830205
287.7236285319893 -59.956533261162626
287.7237691941905 -59.9502202083119
287.72390979683746 -59.94390715527812
287.7240503399678 -59.93759410206143
287.72419082361876 -59.931281048661944
287.72433124782776 -59.92496799507976
287.72447161263216 -59.918654941315
287.7246119180692 -59.91234188736778
287.7247521641761 -59.90602883323821
287.7248923509902 -59.899715778926435
287.72503247854866 -59.893402724432505
287.72517254688864 -59.887089669756605
287.7253125560473 -59.88077661489881
287.7254525060618 -59.874463559859244
287.7255923969692 -59.86815050463802
287.7326276381275 -60.12074272757718
287.73290717483667 -60.10811660142068
287.7331864736718 -60.09549047454551
287.7333260339806 -60.089177410838715
287.7334655349335 -60.08286434695262
287.73360497656796 -60.07655128288729
287.7337443589215 -60.070238218642885
287.7338836820315 -60.063925154219504
287.73402294593535 -60.05761208961723
287.73416215067044 -60.051299024836226
287.73430129627394 -60.04498595987656
287.7344403827833 -60.03867289473838
287.7345794102357 -60.03235982942178
287.7347183786684 -60.0260467639269
287.7348572881185 -60.0197336982538
287.7349961386233 -60.01342063240264
287.7351349302198 -60.00710756637351
287.73527366294513 -60.00079450016653
287.7354123368364 -59.994481433781814
287.7355509519306 -59.988168367219465
287.7356895082648 -59.9818553004796
287.7358280058758 -59.97554223356233
287.7359664448008 -59.96922916646776
287.73610482507655 -59.96291609919603
287.7362431467399 -59.95660303174724
287.73638140982786 -59.950289964121474
287.7365196143771 -59.943976896318865
287.7366577604244 -59.937663828339524
287.7367958480066 -59.93135076018357
287.7369338771604 -59.925037691851095
287.7370718479225 -59.918724623342214
287.7372097603295 -59.91241155465706
287.7373476144182 -59.90609848579571
287.7374854102249 -59.89978541675831
287.7376231477865 -59.89347234754495
287.7377608271393 -59.88715927815574
287.7378984483199 -59.88084620859079
287.7380360113649 -59.87453313885023
287.73817351631055 -59.86822006893416
287.74585418046155 -60.09555936573743
287.74599131912004 -60.089246287374934
287.7461283994523 -60.08293320883925
287.74626542149525 -60.07662013013055
287.7464023852856 -60.070307051248896
287.74653929086014 -60.06399397219445
287.7466761382556 -60.05768089296727
287.74681292750864 -60.05136781356748
287.7469496586561 -60.04505473399522
287.74708633173435 -60.03874165425057
287.7472229467802 -60.03242857433362
287.7473595038302 -60.02611549424452
287.7474960029208 -60.01980241398335
287.7476324440886 -60.013489333550254
287.7477688273701 -60.007176252945285
287.7479051528017 -60.000863172168614
287.74804142041984 -59.99455009122032
287.7481776302609 -59.98823701010047
287.74831378236127 -59.98192392880923
287.74844987675726 -59.9756108473467
287.74858591348516 -59.96929776571299
287.74872189258133 -59.96298468390815
287.7488578140819 -59.95667160193238
287.7489936780231 -59.95035851978572
287.74912948444114 -59.944045437468304
287.74926523337217 -59.937732354980234
287.74940092485224 -59.93141927232163
287.74953655891755 -59.925106189492574
287.74967213560416 -59.91879310649319
287.749807654948 -59.91248002332359
287.74994311698504 -59.90616693998386
287.75007852175133 -59.899853856474124
287.7502138692828 -59.8935407727945
287.7503491596154 -59.88722768894508
287.75048439278487 -59.88091460492597
287.7506195688272 -59.87460152073727
287.7507546877781 -59.8682884363791
287.7508897496735 -59.86197535185156
287.7583871653518 -60.10194014349798
287.7585219396593 -60.09562705090343
287.75865665663406 -60.08931395814169
287.75879131631234 -60.083000865212874
287.7589259187303 -60.07668777211705
287.7590604639241 -60.07037467885436
287.7591949519298 -60.064061585424895
287.7593293827836 -60.057748491828754
287.7594637565214 -60.05143539806607
287.7595980731794 -60.04512230413692
287.7597323327935 -60.03880921004143
287.7598665353996 -60.0324961157797
287.7600006810337 -60.026183021351805
287.76013476973174 -60.0198699267579
287.7602688015295 -60.01355683199804
287.7604027764629 -60.007243737072365
287.7605366945677 -60.00093064198098
287.7606705558797 -59.99461754672396
287.76080436043463 -59.98830445130143
287.76093810826825 -59.98199135571351
287.7610717994162 -59.97567825996026
287.7612054339142 -59.96936516404183
287.7613390117978 -59.96305206795831
287.76147253310273 -59.95673897170978
287.7616059978645 -59.950425875296396
287.7617394061185 -59.94411277871821
287.76187275790045 -59.937799681975335
287.7620060532457 -59.9314865850679
287.76213929218983 -59.92517348799598
287.76227247476817 -59.91886039075971
287.7624056010161 -59.91254729335917
287.76253867096904 -59.90623419579446
287.7626716846622 -59.8999210980657
287.7628046421311 -59.893608000172975
287.7629375434108 -59.8872949021164
287.7630703885367 -59.880981803896084
287.7632031775439 -59.87466870551214
287.7633359104676 -59.86835560696464
287.763468587343 -59.862042508253694
287.77092499088087 -60.10831974336033
287.77105739877925 -60.102006636778455
287.7711897503398 -60.095693530035234
287.771322045598 -60.08938042313077
287.7714542845894 -60.08306731606518
287.77158646734966 -60.07675420883856
287.7717185939141 -60.07044110145098
287.7718506643183 -60.0641279939026
287.77198267859774 -60.05781488619348
287.7721146367877 -60.051501778323754
287.7722465389236 -60.04518867029349
287.7723783850407 -60.038875562102795
287.7725101751746 -60.03256245375178
287.7726419093603 -60.02624934524056
287.77277358763314 -60.019936236569194
287.77290521002834 -60.01362312773783
287.77303677658114 -60.00731001874654
287.7731682873267 -60.000996909595436
287.7732997423001 -59.99468380028463
287.77343114153655 -59.988370690814186
287.77356248507095 -59.98205758118424
287.7736937729386 -59.97574447139488
287.77382500517433 -59.9694313614462
287.77395618181316 -59.96311825133832
287.77408730289017 -59.95680514107133
287.7742183684401 -59.950492030645314
287.77434937849796 -59.944178920060395
287.77448033309867 -59.93786580931667
287.7746112322769 -59.93155269841423
287.7747420760677 -59.925239587353175
287.7748728645057 -59.918926476133606
287.7750035976257 -59.91261336475564
287.7751342754624 -59.906300253219364
287.7752648980505 -59.899987141524875
287.77539546542477 -59.893674029672276
287.7755259776197 -59.887360917661645
287.77565643466994 -59.881047805493104
287.77578683661017 -59.874734693166765
287.7759171834748 -59.86842158068271
287.7760474752984 -59.86210846804102
287.7837276827965 -60.10207192376002
287.7838576115778 -60.09575880312474
287.7839874850872 -60.08944568233407
287.78411730335955 -60.083132561388126
287.7842470664299 -60.07681944028699
287.7843767743329 -60.070506319030734
287.7845064271034 -60.06419319761951
287.78463602477626 -60.057880076053365
287.7847655673862 -60.05156695433246
287.784895054968 -60.04525383245682
287.78502448755626 -60.038940710426594
287.78515386518575 -60.032627588241844
287.785283187891 -60.026314465902686
287.78541245570676 -60.020001343409234
287.7855416686675 -60.01368822076157
287.7856708268078 -60.00737509795977
287.7857999301622 -60.00106197500398
287.78592897876524 -59.99474885189425
287.7860579726513 -59.98843572863069
287.7861869118548 -59.98212260521341
287.7863157964103 -59.975809481642514
287.786444626352 -59.969496357918075
287.7865734017144 -59.9631832340402
287.7867021225317 -59.956870110009
287.78683078883824 -59.950556985824534
287.7869594006683 -59.94424386148693
287.78708795805613 -59.93793073699628
287.7872164610358 -59.93161761235266
287.7873449096417 -59.92530448755622
287.78747330390786 -59.91899136260698
287.7876016438684 -59.912678237505105
287.78772992955743 -59.90636511225065
287.787858161009 -59.90005198684373
287.78798633825716 -59.89373886128441
287.78811446133585 -59.88742573557283
287.7882425302792 -59.88111260970907
287.788370545121 -59.87479948369322
287.78849850589523 -59.86848635752537
287.78862641263584 -59.862173231205624
287.7961428416754 -60.11476227252678
287.7962704562316 -60.10844913855566
287.79639801647767 -60.10213600443471
287.79652552244806 -60.09582287016399
287.796652974177 -60.089509735743654
287.7967803716987 -60.08319660117373
287.7969077150474 -60.07688346645437
287.79703500425734 -60.07057033158564
287.79716223936265 -60.06425719656766
287.7972894203975 -60.0579440614005
287.7974165473959 -60.05163092608423
287.79754362039205 -60.04531779061902
287.79767063942 -60.03900465500488
287.79779760451373 -60.03269151924197
287.79792451570717 -60.02637838333036
287.79805137303447 -60.02006524727012
287.79817817652935 -60.013752111061365
287.7983049262259 -60.00743897470421
287.79843162215786 -60.0011258381987
287.7985582643592 -59.99481270154497
287.79868485286363 -59.98849956474311
287.79881138770503 -59.98218642779321
287.79893786891716 -59.97587329069532
287.7990642965338 -59.96956015344958
287.7991906705885 -59.9632470160561
287.79931699111506 -59.95693387851493
287.7994432581471 -59.950620740826174
287.7995694717183 -59.944307602989944
287.79969563186216 -59.93799446500631
287.79982173861237 -59.93168132687538
287.79994779200234 -59.92536818859724
287.8000737920657 -59.919055050171984
287.8001997388359 -59.912741911599696
287.8003256323463 -59.906428772880496
287.80045147263047 -59.90011563401444
287.8005772597217 -59.893802495001644
287.800828674459 -59.88117621653619
287.80095430217165 -59.8748630770837
287.80107987682476 -59.86854993748486
287.80894326252394 -60.108512026300076
287.8090683988969 -60.10219887879467
287.80919348202525 -60.095885731145174
287.80931851194265 -60.08957258335165
287.8094434886826 -60.08325943541422
287.80956841227874 -60.07694628733294
287.8096932827646 -60.07063313910792
287.80981810017374 -60.06431999073926
287.8099428645396 -60.05800684222706
287.81006757589563 -60.05169369357135
287.8101922342753 -60.045380544772286
287.81031683971196 -60.03906739582993
287.81044139223906 -60.03275424674438
287.81056589188995 -60.02644109751575
287.8106903386979 -60.02012794814407
287.81081473269626 -60.01381479862948
287.81093907391823 -60.00750164897205
287.8110633623971 -60.00118849917189
287.81118759816604 -59.99487534922906
287.8113117812583 -59.988562199143686
287.81143591170695 -59.98224904891583
287.8115599895451 -59.97593589854557
287.8116840148059 -59.969622748033046
287.8118079875225 -59.96330959737831
287.81193190772774 -59.95699644658144
287.81205577545484 -59.950683295642584
287.81217959073666 -59.94437014456176
287.81230335360624 -59.9380569933391
287.81242706409637 -59.931743841974686
287.81255072224013 -59.925430690468595
287.8126743280703 -59.919117538820934
287.81279788161976 -59.912804387031784
287.8129213829213 -59.90649123510123
287.8130448320076 -59.90017808302938
287.8135381068571 -59.87492547333059
287.82161611665896 -60.1085737074654
287.82173882912826 -60.102260546832305
287.8218614893841 -60.095947386060644
287.8219840974595 -60.08963422515047
287.82210665338727 -60.08332106410191
287.82222915720035 -60.077007902915035
287.82235160893174 -60.07069474158993
287.8224740086143 -60.0643815801267
287.82259635628077 -60.05806841852541
287.8227186519641 -60.051755256786166
287.82284089569697 -60.045442094909035
287.82296308751216 -60.03912893289411
287.82308522744245 -60.03281577074151
287.8232073155205 -60.02650260845126
287.82332935177897 -60.020189446023515
287.8234513362505 -60.013876283458316
287.82357326896783 -60.00756312075574
287.82369514996344 -60.001249957915945
287.8238169792699 -59.994936794938944
287.8239387569198 -59.98862363182483
287.82406048294564 -59.982310468573736
287.8241821573799 -59.97599730518571
287.8243037802549 -59.969684141660856
287.82442535160334 -59.963370977999254
287.8245468714574 -59.95705781420099
287.82466833984955 -59.95074465026614
287.8247897568121 -59.944431486194816
287.82491112237744 -59.93811832198707
287.82503243657777 -59.93180515764302
287.8251536994454 -59.92549199316274
287.82527491101257 -59.91917882854632
287.8255171803744 -59.90655249890535
287.82563823823335 -59.900239333881
287.82575924492056 -59.893926168720846
287.826001104908 -59.88129983799345
287.8261219582724 -59.874986672426395
287.8262427605933 -59.86867350672389
287.8346497298027 -60.089694661132555
287.8347698648884 -60.083381487229296
287.835129963762 -60.064441964722455
287.83524989469936 -60.0581287902881
287.83536977468015 -60.05181561572116
287.8354896037365 -60.045502441021746
287.8356093819005 -60.039189266189936
287.83572910920424 -60.032876091225816
287.83584878567984 -60.026562916129464
287.8359684113592 -60.02024974090095
287.8360879862745 -60.01393656554039
287.8362075104575 -60.00762339004784
287.8363269839403 -60.00131021442338
287.83644640675476 -59.99499703866713
287.8365657789328 -59.98868386277914
287.8366851005064 -59.9823706867595
287.8368043715072 -59.9760575106083
287.8369235919671 -59.96974433432561
287.837042761918 -59.96343115791153
287.83716188139147 -59.957117981366125
287.83728095041937 -59.950804804689476
287.8373999690333 -59.9444916278817
287.8375189372651 -59.93817845094284
287.8376378551464 -59.931865273873
287.83775672270866 -59.92555209667228
287.83787553998366 -59.91923891934071
287.8379943070029 -59.912925741878404
287.8381130237979 -59.90661256428547
287.8383503068415 -59.89398620870792
287.838468873153 -59.8876730307235
287.8385873893662 -59.88135985260873
287.83870585551256 -59.875046674363745
287.8388242716235 -59.86873349598858
287.8471976437454 -60.09606707766442
287.84731540804756 -60.089753891290556
287.8474331222619 -60.08344070478903
287.8476684005537 -60.07081433140327
287.84778596469425 -60.06450114451919
287.84790347887343 -60.05818795750774
287.84802094312255 -60.05187477036902
287.84813835747326 -60.04556158310311
287.84825572195695 -60.03924839571007
287.84837303660515 -60.03293520819001
287.84849030144915 -60.026622020542995
287.8486075165204 -60.0203088327691
287.8487246818503 -60.01399564486841
287.8488417974701 -60.007682456840996
287.8489588634111 -60.001369268686965
287.8490758797047 -59.99505608040636
287.849192846382 -59.98874289199928
287.84930976347437 -59.98242970346582
287.84942663101293 -59.97611651480604
287.8495434490289 -59.96980332602003
287.8496602175533 -59.96349013710784
287.84977693661745 -59.95717694806957
287.8498936062523 -59.95086375890535
287.85001022648896 -59.94455056961517
287.85012679735854 -59.93823738019917
287.85024331889196 -59.931924190657405
287.85035979112024 -59.92561100098997
287.85047621407443 -59.91929781119693
287.85059258778534 -59.91298462127836
287.85070891228395 -59.906671431234344
287.8509414137678 -59.89404505077031
287.8510575908147 -59.88773186035045
287.8511737187727 -59.88141866980545
287.8512897976726 -59.87510547913542
287.85140582754514 -59.86879228834041
287.8599811312693 -60.089811915617275
287.86009642458356 -60.0834987167739
287.860211668871 -60.07718551780813
287.8603268641624 -60.07087231872003
287.86044201048884 -60.0645591195097
287.86055710788105 -60.05824592017718
287.86067215637 -60.051932720722554
287.8607871559865 -60.045619521145944
287.8609021067614 -60.03930632144736
287.86101700872547 -60.03299312162692
287.8611318619095 -60.0266799216847
287.8612466663442 -60.02036672162076
287.8613614220602 -60.0140535214352
287.86147612908843 -60.007740321128075
287.8615907874593 -60.00142712069948
287.8617053972036 -59.995113920149464
287.86181995835193 -59.98880071947814
287.8619344709348 -59.98248751868555
287.8620489349828 -59.97617431777181
287.8621633505265 -59.96986111673695
287.8622777175964 -59.963547915581074
287.86239203622284 -59.95723471430425
287.8625063064365 -59.95092151290658
287.8626205282677 -59.94460831138811
287.86273470174694 -59.93829510974892
287.86284882690444 -59.93198190798907
287.86296290377066 -59.925668706108695
287.86307693237586 -59.91935550410782
287.86319091275044 -59.91304230198652
287.86330484492464 -59.90672909974489
287.8634187289286 -59.900415897383006
287.86364635254716 -59.88778949229876
287.86387378384757 -59.875163086734375
287.87253397812884 -60.09618194491696
287.8727597709292 -60.08355552317682
287.87287259531774 -60.07724231213074
287.872985371739 -60.07092910096743
287.87309810022316 -60.06461588968694
287.8732107808005 -60.05830267828935
287.8733234135013 -60.05198946677473
287.87343599835566 -60.045676255143164
287.87354853539375 -60.03936304339473
287.87366102464586 -60.03304983152951
287.8737734661419 -60.02673661954755
287.8738858599122 -60.02042340744894
287.87399820598665 -60.014110195233755
287.87411050439533 -60.00779698290205
287.8742227551683 -60.00148377045394
287.87433495833557 -59.99517055788946
287.8744471139271 -59.98885734520869
287.87455922197273 -59.98254413241171
287.8746712825025 -59.97623091949861
287.87478329554625 -59.969917706469424
287.8748952611339 -59.96360449332426
287.87500717929515 -59.95729128006317
287.87511905006 -59.95097806668622
287.8752308734582 -59.94466485319353
287.8753426495194 -59.93835163958513
287.8754543782735 -59.93203842586109
287.8755660597501 -59.925725212021504
287.8756776939789 -59.919411998066444
287.87578928098964 -59.91309878399596
287.8759008208119 -59.906785569810175
287.87601231347537 -59.9004723555091
287.8761237590096 -59.89415914109285
287.8763465088085 -59.88153271191505
287.8764578131323 -59.87521949715368
287.8855335648367 -60.077297901120836
287.88564392236026 -60.070984678138494
287.88575423297476 -60.06467145504397
287.8858644967098 -60.058358231837325
287.885974713595 -60.05204500851863
287.8860848836598 -60.04573178508792
287.88619500693386 -60.03941856154532
287.8863050834466 -60.03310533789087
287.8864151132275 -60.02679211412465
287.88652509630606 -60.02047889024675
287.88663503271164 -60.0141656662572
287.8867449224736 -60.00785244215609
287.88685476562154 -60.00153921794349
287.8869645621845 -59.995225993619464
287.88707431219206 -59.988912769184076
287.88718401567337 -59.98259954463744
287.8872936726578 -59.97628631997958
287.8874032831745 -59.969973095210584
287.88751284725276 -59.96365987033051
287.88762236492187 -59.957346645339456
287.88773183621083 -59.95103342023748
287.88784126114894 -59.944720195024615
287.8880599720889 -59.93209374426661
287.88816925814893 -59.9257805187216
287.88827849797445 -59.919467293066035
287.88838769159446 -59.91315406729993
287.888496839038 -59.90684084142339
287.88860594033406 -59.90052761543649
287.89808659199514 -60.0836655192093
287.8981945765041 -60.0773522847716
287.8983025151032 -60.07103905022651
287.89841040782113 -60.064725815574064
287.8985182546871 -60.05841258081437
287.89862605572984 -60.05209934594748
287.8987338109784 -60.04578611097345
287.8988415204616 -60.039472875892386
287.8989491842083 -60.033159640704284
287.89905680224723 -60.0268464054093
287.8991643746074 -60.02053317000743
287.8992719013174 -60.01421993449878
287.8993793824061 -60.00790669888342
287.8994868179022 -60.00159346316139
287.89959420783435 -59.99528022733275
287.8997015522313 -59.988966991397625
287.8998088511218 -59.982653755356026
287.89991610453427 -59.97634051920806
287.90002331249747 -59.97002728295375
287.90013047504 -59.96371404659318
287.90023759219025 -59.957400810126444
287.90034466397697 -59.95108757355358
287.9004516904286 -59.944774336874666
287.9005586715736 -59.938461100089775
287.90066560744043 -59.93214786319897
287.90077249805756 -59.9258346262023
287.9008793434534 -59.91952138909986
287.91085562939634 -60.07740546307645
287.91096114904457 -60.07109221722481
287.9110666238398 -60.064778971270606
287.9111720538104 -60.05846572521387
287.91127743898454 -60.052152479054705
287.9113827793906 -60.04583923279317
287.9114880750567 -60.03952598642929
287.91159332601114 -60.033212739963155
287.9116985322821 -60.026899493394865
287.91180369389775 -60.02058624672444
287.9119088108861 -60.014272999951956
287.9120138832754 -60.007959753077465
287.91211891109367 -60.001646506101075
287.91222389436905 -59.995333259022786
287.91232883312944 -59.98902001184272
287.912433727403 -59.9827067645609
287.9125385772177 -59.97639351717742
287.9126433826014 -59.97008026969233
287.9127481435821 -59.9637670221057
287.91285286018785 -59.9574537744176
287.9129575324464 -59.95114052662808
287.91306216038566 -59.9448272787372
287.91327128341777 -59.93220078265164
287.91337577856626 -59.9258875344571
287.9134802295067 -59.919574286161435
287.92372288010813 -60.06483092212711
287.92382589315764 -60.05851766502937
287.9239288624376 -60.05220440783383
287.92403178797554 -60.045891150540555
287.92413466979906 -60.0395778931496
287.92423750793574 -60.03326463566103
287.9243403024131 -60.026951378074926
287.92444305325864 -60.0206381203913
287.92454576049994 -60.01432486261024
287.92464842416433 -60.008011604731834
287.9247510442794 -60.0016983467561
287.9248536208724 -59.99538508868313
287.9249561539709 -59.98907183051296
287.92505864360214 -59.98275857224568
287.9251610897936 -59.976445313881335
287.92526349257247 -59.97013205541997
287.9253658519662 -59.96381879686169
287.925468168002 -59.95750553820651
287.9255704407071 -59.95119227945452
287.9256726701087 -59.94487902060576
287.9257748562342 -59.938565761660314
287.92587699911064 -59.93225250261823
287.9259790987652 -59.925939243479576
287.92608115522506 -59.919625984244405
287.9364797718071 -60.05856840025453
287.9365803251677 -60.052255132278546
287.9366808358125 -60.04594186420936
287.93698211172114 -60.02700205944315
287.93708245177174 -60.02068879100174
287.937182749241 -60.0143755224674
287.93728300415563 -60.008062253840215
287.9373832165425 -60.00174898512021
287.9375835138401 -59.98912244740209
287.93768359880426 -59.98280917840407
287.93778364134766 -59.97649590931348
287.93788364149697 -59.970182640130375
287.9379835992789 -59.963869370854844
287.93808351472 -59.95755610148692
287.93818338784695 -59.951242832026665
287.9382832186863 -59.94492956247414
287.9383830072647 -59.938616292829394
287.9384827536087 -59.932303023092516
287.93858245774476 -59.925989753263515
287.9386821196994 -59.91967648334251
287.94962395928724 -60.027051537493435
287.9497218885185 -60.02073825854959
287.94981977619136 -60.01442497951725
287.94991762233184 -60.008111700396455
287.95021091182144 -59.98917186250395
287.95030859209436 -59.98285858302994
287.9504062309655 -59.97654530346774
287.950503828461 -59.97023202381743
287.9507963729539 -59.95129218433841
287.9508938052069 -59.944978904336224
287.95099119621415 -59.9386656242462
287.9510885460016 -59.9323523440684
287.9621702852431 -60.03341310132638
287.96226584419225 -60.02709981221976
287.96236136258045 -60.020786523028896
287.9629336225574 -59.98290678611729
287.96302885773264 -59.97659349633816
287.9631240525508 -59.970280206475174
287.96331432121707 -59.957653626497944
287.9634093951159 -59.951340336383815
287.963504428759 -59.94502704618606
287.97565152073474 -59.976640487918885
287.9757443128525 -59.970327188097784
287.97583706565626 -59.96401388819706
287.9759297791708 -59.957700588216795
