# # ids of objects in overdense bins for (87.34143959294173, -68.98083002770805)
4.657588258092552192e+18
4.657588365478602752e+18
4.657592454287158272e+18
4.657592312514842624e+18
4.657591286021122048e+18
4.657591629653561344e+18
4.657592454287150080e+18
4.657591591046238208e+18
4.657591213003055104e+18
4.657591354775797760e+18
4.657591625346445312e+18
4.657591281808563200e+18
4.657591419247503360e+18
4.657591419247516672e+18
4.657591281749166080e+18
4.657591595260227584e+18
4.657591629653579776e+18
4.657597500871618560e+18
4.657597260343854080e+18
4.657597260317174784e+18
4.657597638361966592e+18
4.657597329041403904e+18
4.657597500923176960e+18
4.657594305379738624e+18
4.657594275355219968e+18
4.657597539530205184e+18
4.657597329124979712e+18
4.657597707081441280e+18
4.657597569642635264e+18
4.657597230258631680e+18
4.657597676969137152e+18
4.657597294765233152e+18
4.657597505170457600e+18
4.657597470810762240e+18
4.657594271056068608e+18
4.657597264652389376e+18
4.657597264618355712e+18
4.657597397759827968e+18
4.657597676969132032e+18
4.657597741441238016e+18
4.657597505136416768e+18
4.657597260405656576e+18
4.657597264652403712e+18
4.657597264618395648e+18
4.657597539530214400e+18
4.657597466475724800e+18
4.657597883127600128e+18
4.657598085040857088e+18
4.657597844432918528e+18
4.657598428552020992e+18
4.657597986172717056e+18
4.657598467243024384e+18
4.657597848767899648e+18
4.657598909674433536e+18
4.657597913240536064e+18
4.657598054893213696e+18
4.657597917487368192e+18
4.657598325556720640e+18
4.657597775801563136e+18
4.657598497268035584e+18
4.657598261084610560e+18
4.657597947602285568e+18
4.657598188056625152e+18
4.657598329804089344e+18
4.657598054926867456e+18
4.657598501602776064e+18
