# successful candidates for region at (187.10793111078874, 24.446309014730446) and radius 1.0186.69797423614642 23.9122732694113
186.69795420133912 23.918543523206672
186.70475484458788 23.918561656270978
186.7115748599059 23.912309227577573
186.71153611453454 23.924849744483282
186.71149734897662 23.93739026134654
186.71835613677214 23.918597012500605
186.7183180462149 23.931137533930986
186.72517549115906 23.91234397270161
186.72510063985763 23.93742502449684
186.73195743632436 23.918631155529372
186.7319206755839 23.931171685815563
186.7319022880322 23.937441950944326
186.7318838956913 23.943712216063542
186.7318654985601 23.949982481173198
186.73881219728693 23.89983697012948
186.7387941658163 23.90610723745973
186.73877612964873 23.912377504780782
186.73875808878307 23.91864777209263
186.73874004321823 23.924918039395276
186.7387039379865 23.93745857397295
186.73868587831734 23.943728841247967
186.73866781394457 23.949999108513772
186.7456118547726 23.89985327704723
186.74557645152692 23.912393815927746
186.74555874298733 23.918664085354713
186.74547013107795 23.95001543235646
186.75239414680567 23.906139552301276
186.7523767751178 23.912409823812563
186.75235939890493 23.918680095315313
186.75230724310563 23.937490909772336
186.7592111748459 23.89988498133185
186.75919413983627 23.90615525488749
186.75917710038925 23.91242552843492
186.76601083736932 23.899900378698124
186.7659941345147 23.906170654250268
186.8203941474068 23.90628293307521
186.87480563554905 23.900105503298455
186.87460019173375 24.01297094143226
186.88821154844598 24.012991171807762
