# successful candidates for region at (201.66693392096334, 58.30372919124556) and radius 1.0202.3433127185422 58.42399063562589
202.34343284685605 58.43024628252872
202.3435530232442 58.43650192929085
202.35506081798874 58.411415703913036
202.35530518709905 58.42392697268191
202.35542744498576 58.43018260684795
202.35603946889492 58.461460775490465
202.36680055939496 58.39883970461495
202.36692474800947 58.405095326422895
202.36704898628452 58.41135094808035
202.36717327424955 58.417606569587235
202.36729761193402 58.42386219094345
202.36742199936734 58.43011781214891
202.36754643657903 58.43637343320352
202.3676709235986 58.442629054107194
202.36779546045557 58.448884674859826
202.36792004717952 58.45514029546139
202.36804468379998 58.46139591591171
202.37865816592608 58.39251824797432
202.37878443017692 58.39877385677433
202.3789107449084 58.40502946541874
202.3790371101504 58.41128507390745
202.37928999228572 58.42379629041748
202.37941650923895 58.430051898438585
202.37954307682256 58.43630750630365
202.37966969506653 58.442563114012565
202.37979636400092 58.448818721565225
202.3799230836558 58.455074328961565
202.3800498540612 58.461329936201466
202.39051152813988 58.38619570005003
202.3906398663314 58.39245129562915
202.39076825582265 58.398706891047475
202.390896696644 58.40496248630494
202.39102518882586 58.4112180814014
202.39115373239864 58.41747367633681
202.3912823273928 58.423729271111085
202.3914109738388 58.42998486572407
202.3915396717671 58.4362404601757
202.39166842120827 58.44249605446589
202.39179722219288 58.44875164859454
202.40249105831296 58.38612764364877
202.40262152086848 58.39238322562822
202.40275203557263 58.39863880744154
202.40288260245637 58.40489438908863
202.4030132215505 58.41114997056937
202.40314389288602 58.417405551883654
202.40327461649386 58.423661133031395
202.40340539240495 58.429916714012506
202.41447054188671 58.38605846982227
202.41460312877828 58.392314037978856
202.41473576866738 58.398569605963864
202.41486846158548 58.40482517377716
202.41500120756393 58.41108074141866
202.41513400663416 58.41733630888824
202.4152668588276 58.42359187618581
202.42658468930176 58.39224373268848
202.42671945434742 58.39849928662183
202.42685427327143 58.40475484037794
202.4269891461057 58.41101039395667
202.42712407288215 58.41726594735799
202.42725905363272 58.42352150058171
202.42739408838946 58.42977705362777
202.43897703641548 58.410938928191
202.43911409086923 58.41719446730044
202.43925120014796 58.42345000622666
202.4511040598345 58.41712186872329
202.45152194032664 58.43588844137111
202.46337676807025 58.42955917075982
202.46351824747055 58.43581468003015
202.46365978349814 58.44207018910537
202.47551450398007 58.43573979951406
202.47565817100164 58.44199529360302
202.47580189553688 58.44825078749085
202.48576567330034 58.36059803717074
202.48721928808484 58.423152841452165
202.4876565070778 58.441919278709676
202.49788354242082 58.36677656905681
