# successful candidates for region at (28.51002200086256, -44.59803097441209) and radius 1.027.710070833328988 -44.436939885017566
27.71867472460109 -44.44944929973516
27.718759120672416 -44.443225098290526
27.718843492537452 -44.43700089674074
27.718927840205925 -44.430776695085825
27.71901216368756 -44.42455249332584
27.72669705014046 -44.505527542293926
27.726780726468824 -44.49930333312195
27.726864378772387 -44.49307912384674
27.72703161134378 -44.480630704986865
27.727115191630922 -44.474406495402256
27.7271987479319 -44.46818228571461
27.72736578861393 -44.45573386603033
27.727449273014255 -44.449509656033776
27.72753273346696 -44.44328544593435
27.727616169981665 -44.43706123573209
27.727699582567993 -44.43083702542703
27.735480049331365 -44.50558730279316
27.735562787613823 -44.49936308504219
27.73564550214075 -44.49313886719031
27.7357281929217 -44.486914649237534
27.735893503283897 -44.474466213029544
27.735976122884228 -44.46824199477439
27.736058718776768 -44.462017776418534
27.736141290971037 -44.455793557962004
27.736223839476576 -44.449569339404846
27.736306364302898 -44.443345120747125
27.736388865459514 -44.43712090198884
27.736471342955944 -44.43089668313004
27.744344866667266 -44.49942216325941
27.74442664340984 -44.493197936927515
27.744508396675613 -44.486973710497004
27.74459012647402 -44.48074948396795
27.744671832814497 -44.47452525734037
27.74475351570649 -44.46830103061429
27.744835175159416 -44.46207680378979
27.7449168111827 -44.455852576866874
27.74499842378577 -44.449628349845625
27.745080012978026 -44.443404122726044
27.745161578768883 -44.437179895508194
27.745243121167743 -44.43095566819209
27.745324640184 -44.424731440777805
27.75320780237676 -44.49325633305562
27.75328861811973 -44.487032098244036
27.75336941066439 -44.48080786333613
27.753450180020078 -44.47458362833196
27.753530926196124 -44.46835939323156
27.753611649201837 -44.46213515803496
27.75369234904654 -44.4559109227422
27.75377302573954 -44.44968668735333
27.753853679290145 -44.44346245186839
27.753934309707653 -44.43723821628739
27.75401491700136 -44.43101398061042
27.754095501180558 -44.4247897448375
27.754176062254523 -44.41856550896863
27.754256600232544 -44.41234127300391
27.76190907768751 -44.49953829857377
27.761988978838605 -44.493314055571894
27.762068857051233 -44.48708981247589
27.76214871233462 -44.4808655692858
27.762228544697997 -44.47464132600164
27.76230835415057 -44.46841708262347
27.76238814070156 -44.46219283915133
27.762467904360165 -44.45596859558525
27.762547645135594 -44.44974435192527
27.762627363037044 -44.443520108171434
27.762707058073705 -44.43729586432377
27.762786730254764 -44.43107162038234
27.762866379589404 -44.42484737634715
27.762946006086803 -44.41862313221827
27.76302560975613 -44.412398887995714
27.763105190606556 -44.406174643679535
27.77061222322577 -44.505819606765364
27.77077017259246 -44.49337110447366
27.770849113267307 -44.487146853189884
27.770928031281986 -44.480922601814214
27.771006926645605 -44.474698350346685
27.771085799367278 -44.46847409878734
27.771164649456107 -44.46224984713621
27.771243476921196 -44.456025595393335
27.77132228177163 -44.449801343558754
27.77140106401651 -44.44357709163251
27.771479823664908 -44.43735283961462
27.77155856072591 -44.43112858750515
27.771637275208594 -44.42490433530413
27.77171596712202 -44.41868008301158
27.771794636475263 -44.41245583062754
27.771873283277372 -44.40623157815208
27.779317239609565 -44.512100257344144
27.779395309966652 -44.505875998238665
27.779473357905598 -44.49965173904335
27.779551383435415 -44.49342747975824
27.779629386565123 -44.48720322038336
27.779707367303732 -44.480978960918755
27.77978532566025 -44.47475470136446
27.779863261643676 -44.46853044172051
27.77994117526301 -44.46230618198696
27.780019066527238 -44.45608192216382
27.780096935445346 -44.44985766225114
27.78017478202632 -44.443633402248956
27.780252606279138 -44.4374091421573
27.780330408212766 -44.43118488197622
27.78040818783617 -44.424960621705736
27.780485945158315 -44.418736361345914
27.78056368018816 -44.41251210089675
27.780641392934648 -44.40628784035832
27.78817841360827 -44.50593171589878
27.788255523456325 -44.49970744870473
27.788332611164552 -44.49348318142302
27.788486720197128 -44.48103464659678
27.788563741539278 -44.474810379052336
27.7886407407772 -44.46858611142037
27.78871771791978 -44.46236184370094
27.7887946729759 -44.45613757589406
27.78887160595444 -44.44991330799979
27.78894851686427 -44.44368904001816
27.78902540571426 -44.43746477194918
27.789102272513276 -44.431240503792914
27.789179117270173 -44.4250162355494
27.789255939993808 -44.41879196721866
27.789332740693034 -44.412567698800736
27.789409519376683 -44.40634343029566
27.78948627605361 -44.400119161703465
27.789563010732632 -44.393894893024196
27.789716414132318 -44.38144635540457
27.796885340318216 -44.51221103475359
27.79696153394753 -44.505986759743095
27.79703770569751 -44.499762484647015
27.797189983594656 -44.48731393419829
27.797266089759425 -44.48108965884571
27.797342174080036 -44.47486538340772
27.79741823656528 -44.46864110788433
27.797494277223944 -44.46241683227558
27.79757029606479 -44.45619255658149
27.797646293096594 -44.44996828080213
27.797722268328126 -44.443744004937514
27.79779822176814 -44.437519728987674
27.797874153425397 -44.431295452952675
27.797950063308644 -44.42507117683251
27.798025951426634 -44.41884690062724
27.79817766240178 -44.40639834796149
27.798253485276412 -44.4001740715011
27.798329286420717 -44.393949794955724
27.798405065843422 -44.387725518325404
27.798480823553238 -44.3815012416102
27.79855655955889 -44.37527696481012
27.80566941552661 -44.51226541258694
27.805744670781337 -44.50604112976903
27.805819904426134 -44.49981684686764
27.805895116469696 -44.493592563882814
27.80612062307986 -44.47491971442806
27.806195748805347 -44.46869543110981
27.806270852973004 -44.46247114770829
27.806345935591505 -44.45624686422355
27.806420996669505 -44.45002258065561
27.80649603621567 -44.443798297004506
27.806571054238646 -44.43757401327026
27.80664605074708 -44.431349729452926
27.80672102574962 -44.425125445552524
27.806870911271563 -44.41267687750267
27.80709557847608 -44.39400402480577
27.80717042462449 -44.38777974040772
27.807245249327377 -44.381555455926836
27.814453507033466 -44.512319116502645
27.814527823906587 -44.506094825974074
27.814602119439186 -44.499870535364096
27.815047444964485 -44.462524789996586
27.815121591353645 -44.4563004988177
27.815195716470857 -44.450076207557686
27.81526982032467 -44.443851916216566
27.815343902923622 -44.437627624794374
27.815417964276268 -44.431403333291144
27.815935799564354 -44.3878332905023
27.8232376146356 -44.512372146498194
27.823310993120174 -44.506147848355695
27.82382405299588 -44.46257775913793
27.823897263148805 -44.45635346036145
27.823970452298326 -44.45012916150587
27.824043620452894 -44.44390486257122
27.824116767620943 -44.43768056355753
27.824189893810903 -44.43145626446484
27.832600676864704 -44.46263005512988
27.83267295077457 -44.45640574885233
27.832745203949596 -44.450181442497694
27.832817436398113 -44.443957136066004
27.83288964812845 -44.43773282955729
27.83296183914893 -44.43150852297156
27.841591267958083 -44.44400873669849
27.841662544243995 -44.43778442279119
27.84173380008828 -44.431560108808874
