# # ids of objects in overdense bins for (90.51909630852526, -69.71117683816327)
4.657368046503219200e+18
4.657368085163665408e+18
4.657393958062725120e+18
4.657394026771310592e+18
4.657393854983513088e+18
4.657392235759920128e+18
4.657393992422475776e+18
4.657391862107811840e+18
4.657393992411609088e+18
4.657394885764593664e+18
4.657392063981818880e+18
4.657394679617200128e+18
4.657394267289367552e+18
4.657391857823512576e+18
4.657394572223188992e+18
4.657393919387685888e+18
4.657392476331476992e+18
4.657393236497401856e+18
4.657394194315412480e+18
4.657391621589711872e+18
4.657392136996574208e+18
4.657391926522112000e+18
4.657391651643957248e+18
4.657394507807634432e+18
4.657392407579377664e+18
4.657393644510087168e+18
4.657394056877350912e+18
4.657400482098436096e+18
4.657400928824308736e+18
4.657402887280785408e+18
4.657400447738694656e+18
4.657402337524992000e+18
4.657402887326360576e+18
4.657403269552644096e+18
4.657402921640557568e+18
4.657402891584825344e+18
4.657401070517559296e+18
4.657403544430423040e+18
4.657403059079575552e+18
4.657401238061729792e+18
4.657403269552549888e+18
4.657400211535663104e+18
4.657401375452195840e+18
4.657405949612130304e+18
4.657401341138805760e+18
4.657400348974616576e+18
4.657397806353351680e+18
4.657402337567510528e+18
4.657402749884310528e+18
4.657400756976537600e+18
4.657402719786140672e+18
4.657402921640537088e+18
4.657400860058426368e+18
4.657400756976461824e+18
4.657400864360347648e+18
4.657403265238114304e+18
4.657402887280792576e+18
4.657402479267989504e+18
4.657403437082910720e+18
4.657402754156498944e+18
4.657400692571977728e+18
4.657400486402050048e+18
4.657401031854545920e+18
4.657403303901666304e+18
4.657497552666024960e+18
4.657497587025862656e+18
4.657497552666124288e+18
4.657497621385515008e+18
4.657497621385512960e+18
4.657497685796360192e+18
4.657497827535505408e+18
4.657497617122769920e+18
4.657497823235410944e+18
4.657498029439522816e+18
4.657497513997456384e+18
4.657497410918318080e+18
4.657498063753593856e+18
4.657505317957767168e+18
