# successful candidates for region at (18.937559633137788, -70.90184506719598) and radius 1.016.6403520626582 -71.57007194149944
16.659594798598032 -71.57663405229393
16.660348630902924 -71.57031085245752
16.662607024095898 -71.55134123380383
16.67885073175915 -71.5831942350146
16.679598471077213 -71.57687095694683
16.681838609266176 -71.55790110391402
16.68258429716541 -71.55157781330401
16.698119872380516 -71.58975248759789
16.698861509669985 -71.58342913190658
16.701083365785117 -71.56445904631576
16.701822967650678 -71.55813567829045
16.70256206196717 -71.55181230718959
16.71740223070459 -71.59630880797786
16.718137756912864 -71.58998537527214
16.718872777493452 -71.58366193952997
16.72180781393361 -71.5583681662588
16.722540314165542 -71.552044715381
16.723272311880713 -71.54572126148541
16.73669781697729 -71.60286319408617
16.73742722304092 -71.59653968497668
16.73815612750003 -71.59021617288207
16.738884530870937 -71.58389265780544
16.739612433669254 -71.57756913974985
16.740339836409895 -71.5712456187184
16.74324445706911 -71.5459515048949
16.756006641448007 -71.60941564385229
16.75672991829271 -71.60309205895092
16.758174979778286 -71.59044488034895
16.758896765443193 -71.5841212866544
16.759618055071023 -71.57779769003483
16.760338849172033 -71.5714740904932
16.761059148255786 -71.56515048803256
16.775328714369547 -71.61596615520322
16.776045852910173 -71.60964249512334
16.77676249792052 -71.60331883216001
16.778909476850302 -71.58434782599895
16.779624152816478 -71.57802415153145
16.78033833778737 -71.57170047419528
16.781052032267898 -71.56537679399344
16.781765236762283 -71.55905311092886
16.783190177806066 -71.54640573622325
16.79466404599814 -71.62251472606367
16.795375037138694 -71.61619099142004
16.796085538800078 -71.60986725394318
16.796795551486696 -71.60354351363604
16.797505075702272 -71.5972197705015
16.79821411194983 -71.59089602454245
16.799630722549537 -71.57824852416266
16.814012646593422 -71.62906135435598
16.81471748122704 -71.62273754576475
16.816829074616575 -71.60376610330225
16.818936312726187 -71.58479463586671
16.821739211875848 -71.55949930723901
16.833374526418392 -71.63560603800023
16.834073195427347 -71.62928215607892
16.83825511850457 -71.5913388072373
16.853442189995103 -71.63582482028157
16.854134206981087 -71.62950086296426
16.85482574718975 -71.62317690296486
16.85896500360641 -71.58523308679968
16.872824475189148 -71.64236553628949
16.873510312370957 -71.63604150693003
16.876248939044018 -71.61074536318493
16.878297964509372 -71.59177322782945
16.879661634213715 -71.57912512451547
16.89222006127161 -71.648904302017
16.89289970950829 -71.64258020123677
16.89357888914616 -71.6362560978713
16.894935844559345 -71.62360788339551
16.895613621299933 -71.61728377229045
16.89764415343541 -71.59831142353865
16.898995514588687 -71.5856631782001
16.89967049852122 -71.57933905168753
16.90034501866148 -71.5730149226163
16.912302408647644 -71.64911694379789
16.9129753942919 -71.64279276968229
16.913647915920297 -71.63646859303192
16.914319974011743 -71.63014441384945
16.9149915690445 -71.62382023213746
16.915662701496174 -71.61749604789858
16.918342615021086 -71.59219928572624
16.919011441708417 -71.58587508889192
16.91967980866653 -71.57955088954628
16.92101516528656 -71.56690248333149
16.92234868865764 -71.55425406710246
16.931051177166843 -71.66197597427664
16.931718420046856 -71.65565173252455
16.933051525134424 -71.64300324155313
16.933717388292347 -71.63667899233899
16.93438279249218 -71.63035474064264
16.935047738207473 -71.62403048646671
16.93571222591113 -71.61770622981363
16.93902781076082 -71.58608490948158
16.939689560289185 -71.57976063801962
16.94167208242762 -71.56078780888832
16.942991496483643 -71.5481392438715
16.9504867275203 -71.66850887662578
16.951147753967014 -71.66218456532538
16.95180832415331 -71.6558602515821
16.95378730186067 -71.6368872957204
16.95444605171306 -71.63056297223095
16.955104347655688 -71.62423864631118
16.95576219015675 -71.61791431796371
16.956419579683796 -71.61158998719101
16.957076516703733 -71.60526565399552
16.95773300168283 -71.5989413183798
16.958389035086707 -71.59261698034632
16.959044617380357 -71.5862926398976
16.961008662240243 -71.56731960408467
16.96166244473011 -71.5609952539997
16.962315778425126 -71.55467090151194
16.963621101274704 -71.54202218933764
16.97059042067244 -71.66871544010681
16.971898666411406 -71.65606667247725
16.973857652223018 -71.63709350310477
16.974509747276674 -71.63076910854295
16.975161392995965 -71.62444471159978
16.975812589844377 -71.61812031227771
16.976463338284773 -71.6117959105791
16.97841289777678 -71.59282269124908
16.98100606068907 -71.56752503235347
16.981653238451823 -71.56120061173112
16.982299971943725 -71.55487618875425
16.98294626162131 -71.54855176342524
16.9835921079405 -71.54222733574657
16.99198944240467 -71.6562709951391
16.993928434976564 -71.6372976144214
16.994573874784724 -71.63097314950815
16.995218869834527 -71.62464868226186
16.995863420584765 -71.618324212685
16.99650752749358 -71.61199974077999
16.997794411616425 -71.599350789995
16.9984371897436 -71.5930263111198
16.999079525855684 -71.58670182992604
17.001644459243945 -71.56140388201273
17.00228459209328 -71.55507938926175
17.00292428564825 -71.54875489420645
17.003563540360144 -71.5424303968492
17.004202356679635 -71.53610589719237
17.00951579351242 -71.68177130722515
17.01015767167174 -71.67544678874337
17.015914677988064 -71.61852601911598
17.01655214292491 -71.61220147772396
17.017189169040375 -71.6058769340539
17.01782575678666 -71.59955238810815
17.01846190661536 -71.59322783988907
17.019097618977433 -71.58690328939898
17.020367733102454 -71.57425418161515
17.021002135764242 -71.56792962432611
17.022269634528843 -71.55528050296533
17.0229027315268 -71.5489559388983
17.02353539419761 -71.54263137257654
17.026692208234476 -71.51100850722844
17.028998520191603 -71.68829629536305
17.029634149274386 -71.68197170989492
17.03026933913536 -71.67564712217049
17.030904090228873 -71.66932253219213
17.036597180192842 -71.61240112134205
17.037227568463567 -71.60607650895177
17.03785752292354 -71.59975189433301
17.03848704401967 -71.59342727748805
17.03911613219824 -71.58710265841924
17.039744787904922 -71.58077803712881
17.040373011584784 -71.57445341361904
17.042255094904913 -71.55547952979676
17.04288159491592 -71.54915489743254
17.048494620745263 -71.69481931708349
17.04912399153291 -71.68849466526126
17.049752927264276 -71.6821700112277
17.05038142838956 -71.67584535498519
17.05100949535835 -71.66952069653593
17.0522643286217 -71.65687137302638
17.052891095812335 -71.65054670797066
17.05726638490612 -71.6062739911746
17.057889705649607 -71.59994930860145
17.05851259758358 -71.59362462384881
17.059135061149647 -71.58729993691884
17.059757096788815 -71.58097524781385
17.060378704941485 -71.57465055653607
17.060999886047444 -71.56832586308774
17.061620640545886 -71.56200116747105
17.062240968875404 -71.55567646968831
17.065336233297714 -71.52405294836093
17.065954013790467 -71.51772823762829
17.069872123044966 -71.6823662111552
17.07111531741371 -71.66971676092318
17.071736270724895 -71.66339203256948
17.072976891818882 -71.6507425693977
17.074834616274558 -71.63176835851277
17.07545300427561 -71.62544361725936
17.076688502692036 -71.61279412832823
17.07730561398549 -71.60646938065494
17.07792230058682 -71.6001446308461
17.078538562933552 -71.5938198789039
17.07915440146262 -71.58749512483053
17.07976981661036 -71.58117036862821
17.080384808812497 -71.57484561029909
17.08099937850417 -71.56852084984543
17.082227252093684 -71.5558713225731
17.085900777680628 -71.517922689993
17.08876021089919 -71.69520988546942
17.08937618444573 -71.68888509859867
17.090606854538972 -71.67623551850498
17.091221551966402 -71.66991072528644
17.09183582490051 -71.66358592995638
17.09244967378014 -71.65726113251696
17.09428868047159 -71.6382867275644
17.0949008375097 -71.63196192170936
17.095512572678526 -71.6256371137558
17.096123886413288 -71.61931230370598
17.097345251318586 -71.60666267732603
17.097955303356596 -71.60033786100021
17.09856493569551 -71.59401304258674
17.099174148767574 -71.58768822208772
17.107673808952185 -71.70805171559714
17.10889362284554 -71.69540201520971
17.109502897132078 -71.68907716190327
17.110111750227393 -71.68275230652459
17.110720182567377 -71.67642744907579
17.111328194587326 -71.670102589559
17.111935786721933 -71.66377772797637
17.114967464287247 -71.6321533891504
17.11557254620489 -71.62582851521752
17.116177211263338 -71.61950363923371
17.11738529252174 -71.60685388112178
17.117988709579784 -71.60052899899783
17.1185917114948 -71.5942041148314
17.11919429869436 -71.5878792286246
17.127821039462294 -71.70824187383616
17.128424448501164 -71.70191695888008
17.129027440107635 -71.69559204189287
17.129630014714014 -71.68926712287663
17.13023217275202 -71.68294220183346
17.13083391465278 -71.67661727876548
17.132036151764073 -71.6639674265634
17.13263664783388 -71.65764249743353
17.13443565124322 -71.63866769795348
17.135632920456928 -71.62601782157896
17.136828540534935 -71.61336793718013
17.138022514876685 -71.60071804477366
17.138618885956237 -71.5943930955727
17.147968671672416 -71.70842992749918
17.14856537135436 -71.70210494746935
17.149161658236892 -71.69577996545333
17.150352995313252 -71.68312999547096
17.15154268631465 -71.67048001756848
17.152136915601275 -71.66415502565235
17.152730734644834 -71.65783003176229
17.153324143869327 -71.65150503590043
17.154509734554214 -71.6388550382693
17.155101916859696 -71.63253003650412
17.156285057505112 -71.61988002708469
17.15687601668665 -71.61355501943447
17.157466569000846 -71.60723000982662
17.158646454704083 -71.59457998474615
17.162763299802865 -71.55030483559486
17.16334980641366 -71.54397980652132
17.16870669103711 -71.70229083214467
17.169296272784173 -71.6959657858263
17.171650526560054 -71.67066558117556
17.172238073807353 -71.66434052517859
17.17282521541652 -71.65801546725189
17.173411951806813 -71.65169040739745
17.175754853544138 -71.62639014874229
17.176339570108706 -71.62006507927909
17.176923883957826 -71.61374000790006
17.18709735161605 -71.72144993112943
17.188848403095122 -71.70247461284178
17.192920085726776 -71.65819880383857
17.194079811828743 -71.64554855570856
17.195816403581034 -71.62657316941673
17.196394469841106 -71.62024803690142
17.196972137958127 -71.61392290251368
17.207259597255888 -71.72163179659329
17.20783696544876 -71.71530662941889
17.20841393391655 -71.70898146038623
17.208990503073565 -71.70265628949726
17.21186737365779 -71.67103040727517
17.21244155561864 -71.66470522528871
17.214734323290863 -71.63940447893299
17.21587833674705 -71.62675409473586
17.226279744814864 -71.73446200916833
17.22685118413651 -71.72813678337852
17.2274222275572 -71.72181155576973
17.227992875487573 -71.71548632634386
17.228563128337694 -71.70916109510276
17.23197637164589 -71.6712096696421
17.232543870368772 -71.66488442574713
17.233110977271657 -71.65855918005191
17.23424401723688 -71.64590868326832
17.23650541311021 -71.6206076681802
17.23763377545836 -71.6079571499053
17.24548901251677 -71.51940332304318
17.246047218221825 -71.51307803645163
17.24660504167493 -71.50675274810388
17.246456210577726 -71.73463978516932
17.247020919936947 -71.72831449777114
17.247585238050224 -71.72198920859655
17.248149165323365 -71.71566391764746
17.248712702161637 -71.70933862492568
17.24927584896974 -71.70301333043302
17.249838606151812 -71.69668803417139
17.252646561777638 -71.66506152639204
17.2532069896593 -71.65873621955475
17.253767030728337 -71.6524109109612
17.254885954026804 -71.63976028851269
17.25767652096394 -71.60813370178417
17.26212149974241 -71.55753107253922
17.26663305284381 -71.73481545330117
17.268862650927343 -71.7095140497936
17.269419085975155 -71.70318869459003
17.26997513603325 -71.69686333765938
17.27053080150042 -71.69053797900347
17.272195494336025 -71.6715618927018
17.272749625416395 -71.66523652716253
17.273303373891554 -71.65891115990695
17.27440972460768 -71.64626042025367
17.277168933425155 -71.6146335412079
17.277719635250968 -71.60830816028499
17.27826995801153 -71.60198277766159
17.281563956042476 -71.5640304463089
17.289562693076373 -71.70336195445876
17.290112035626624 -71.69703653758599
17.291209581243955 -71.68438569879046
17.2917577850974 -71.67806027687122
17.2923056101707 -71.6717348532733
17.292853056855687 -71.66540942799844
17.29340012554364 -71.65908400104837
17.297763113931026 -71.6084805253481
17.3102493004791 -71.6972076338914
17.311874954064884 -71.67823119577614
17.31241608975269 -71.67190571312629
17.312956851665646 -71.66558022884026
17.32770357950207 -71.72900428333814
17.32824099252571 -71.72267875518907
17.331457667244422 -71.6847255525579
17.331992482717318 -71.67840001317877
17.332526928647052 -71.672074472202
17.33359471340567 -71.65942338546212
17.33412805299755 -71.65309783970228
17.334661024572274 -71.6467722923514
17.335193628510023 -71.64044674341115
17.347875151103096 -71.72917146143034
17.348405836912537 -71.72284587536015
17.351582245887084 -71.68489232604172
17.352110366614667 -71.67856672902096
17.352638122418348 -71.6722411304423
17.35316551367564 -71.66591553030734
17.35369254076355 -71.65958992861772
17.354219204058555 -71.65326432537508
17.354745503936613 -71.64693872058093
17.368047076433818 -71.72933653208588
17.368571034661624 -71.72301088882361
17.369094629961555 -71.71668524403167
17.36961786270999 -71.71035959771163
17.37170717569804 -71.68505699718207
17.372749666630646 -71.67240568778978
17.37379071783715 -71.65975437232926
17.374310704473384 -71.65342871232734
17.37483033229339 -71.64710305081307
17.375349601667867 -71.64077738778802
17.388736581299653 -71.72317379552238
17.389253453308996 -71.7168480943066
17.38976996741586 -71.71052239160174
17.390286123991284 -71.70419668740932
17.39080192340581 -71.69787098173087
17.391317366029444 -71.691545274568
17.391832452231696 -71.68521956592215
17.393889240199226 -71.65991671654018
17.39491550522449 -71.64726528299143
17.40941262071392 -71.71700883848915
17.409922415822052 -71.71068308012767
17.410431858043452 -71.70435732031711
17.410940947743843 -71.698031559059
17.411449685288446 -71.69170579635475
17.411958071041976 -71.68538003220596
17.41246610536864 -71.67905426661405
17.41348112119573 -71.66640273110693
17.413988103422064 -71.6600769611947
17.414494735673365 -71.65375118984534
17.415506951697207 -71.64109964284118
17.419541888889352 -71.59049339763558
17.42355468041197 -71.5398870614921
17.429572127706688 -71.71716747652364
17.430075203463563 -71.71084166323388
17.430577930978895 -71.70451584853299
17.431080310613602 -71.6981900324224
17.431582342728102 -71.69186421490366
17.432084027682322 -71.68553839597811
17.434087303077465 -71.66023510623768
17.439071365591293 -71.5969767841247
17.45122000755885 -71.69834640176646
17.451715333896797 -71.69202053015998
17.452210317705728 -71.6856946571841
17.454186834736795 -71.66039115161479
17.470871075655733 -71.7048265906705
17.47184865434244 -71.69217474206984
17.47233693666472 -71.68584881576996
17.473312489016394 -71.67319695917801
17.49246388011137 -71.68600087168255
17.49342604269369 -71.67334891000439
17.513065693648485 -71.67982479284194
17.513539915747348 -71.67349875955662
17.531313222759337 -71.70527691734155
17.53271872267371 -71.68629867527906
17.53365410373775 -71.67364650778305
17.53412130961117 -71.66732042220252
17.534588192824472 -71.66099433540202
17.55099880315536 -71.71174894503746
17.554229119164212 -71.66746601873868
17.554689318057903 -71.66113988165927
17.5716095554896 -71.70556661016025
