# # ids of objects in overdense bins for (7.180241256285201, -72.9443742975405)
4.688845415174900736e+18
4.688846583373833216e+18
4.688846793829591040e+18
4.688846823899358208e+18
4.688845621304212480e+18
4.688846828189298688e+18
4.688845621304105984e+18
4.688846720865189888e+18
4.688845621304185856e+18
4.688846720865433600e+18
4.688845831756980224e+18
4.688846755175992320e+18
4.688846518982086656e+18
4.688846480294587392e+18
4.688846720865414144e+18
4.688845415142106112e+18
4.688845827462964224e+18
4.688845380835809280e+18
4.688846445946962944e+18
4.688846823945901056e+18
4.688846965659020288e+18
4.688846965628097536e+18
4.688846720816228352e+18
4.688845556879104000e+18
4.688846587701538816e+18
4.688846587701537792e+18
4.688846927025049600e+18
4.688846725140509696e+18
4.688851668664980480e+18
4.688851084549569536e+18
4.688849920596031488e+18
4.688850053711355904e+18
4.688851020076921856e+18
4.688849748767363072e+18
4.688849989315491840e+18
4.688851672942505984e+18
4.688849920565562368e+18
4.688851084549468160e+18
4.688851294985389056e+18
4.688823218804144128e+18
4.688823326151100416e+18
4.688823287471196160e+18
4.688826242440700928e+18
4.688823321830940672e+18
4.688863557136031744e+18
4.688864450469933056e+18
4.688864484807870464e+18
4.688863561388018688e+18
4.688864931484561408e+18
4.688864450443035648e+18
4.688864484830058496e+18
4.688864553549576192e+18
4.688863767546403840e+18
4.688864450443047936e+18
4.688864862805934080e+18
4.688864553568285696e+18
4.688864278647566336e+18
4.688864282943121408e+18
4.688867886444195840e+18
