# successful candidates for region at (251.43373935318868, -1.8664511136290003) and radius 1.0251.7121693910157 -1.9722308578008547
251.7184866581945 -1.9785485538510588
251.71848559499415 -1.97222982828512
251.71848453411062 -1.9659111027187937
251.71848347554396 -1.9595923771520807
251.72480179896485 -1.972228775676872
251.73111800292764 -1.972227699976125
251.7311102981047 -1.9279966375532587
251.73110920709314 -1.9216779143483211
251.73110811850077 -1.9153591911429682
251.73742522423123 -1.9216768253196972
251.737424112518 -1.91535810333484
251.7437446609953 -1.940631875617239
251.7437435185952 -1.9343131548798844
251.7437389742151 -1.9090382719259442
251.75006074778773 -1.940630736998613
251.75005958211273 -1.934312017533111
251.75005841901114 -1.9279932980671373
251.75638281869595 -1.972223166248402
251.75638161662093 -1.9659044480828713
251.75637802614654 -1.9469482935833113
251.75637564562177 -1.9343108572478052
251.7563744592967 -1.927992139079316
251.76269902261646 -1.972221975085356
251.76269535382553 -1.9532658245569787
251.76269049957367 -1.9279909571786278
251.76268929270125 -1.9216722403327644
251.76268808850492 -1.915353523486393
251.76901773298923 -1.9848581918150263
251.76901273097872 -1.9595833298426137
251.76901024634086 -1.9469458988531985
251.7690053097973 -1.921671036867991
251.76900408248034 -1.915352321370366
251.77533398410932 -1.9848569517179806
251.7753276207572 -1.9532633811239226
251.7753263564245 -1.9469446670034467
251.775325094871 -1.9406259528824183
251.7753213268845 -1.9216698105160295
251.77532007644683 -1.9153510963928024
251.7816567870029 -2.016449252055739
251.78165415779662 -2.003811826626088
251.78165023522007 -1.984855688477239
251.7816489333564 -1.9785369757597948
251.78164763432355 -1.972218263041772
251.78164633812142 -1.9658995503231722
251.78164246649908 -1.9469434121639178
251.78164118161936 -1.9406246994430187
251.78163989957008 -1.934305986721548
251.78797449984023 -2.0227666698293705
251.78797315704745 -2.0164479585414585
251.78797181713728 -2.01012924725294
251.78797048010958 -2.0038105359638148
251.7879691459644 -1.9974918246740847
251.7879664863212 -1.9848544020928167
251.78796516082306 -1.978535690801281
251.78796383820716 -1.972216979509145
251.78795596303434 -1.9343047117437988
251.78794819160495 -1.8963924439571553
251.79429089381773 -2.0227653515914565
251.79428952708207 -2.0164466417552367
251.7942881632805 -2.010127931918388
251.79428273741271 -1.984853092564731
251.7942813882801 -1.9785343827247566
251.79427602108507 -1.9532595433586577
251.7942733550879 -1.9406221236719048
251.79427202648915 -1.934303413827606
251.79427070082352 -1.9279847039826947
251.79426280842227 -1.8900724449004247
251.80060728778508 -2.0227640100559623
251.8006058971067 -2.0164453016970905
251.80060036424638 -1.991170468255109
251.8005989884943 -1.9848517598929953
251.8005935153359 -1.9595769264381075
251.8005921545085 -1.9532582180727829
251.8005907966658 -1.9469395097068203
251.80058808993428 -1.934302092972985
251.80058674104535 -1.9279833846051153
251.80058004136637 -1.8963898427562917
251.80057738238418 -1.8837524260123655
251.80057210022736 -1.8584775925170298
251.8069236817422 -2.022762645222903
251.80692085553665 -2.010125231510497
251.80691663900365 -1.9911691109368483
251.8069152395658 -1.9848504040776274
251.80691384316438 -1.978531697217739
251.8069124497994 -1.9722129903571843
251.80691105947065 -1.965894283495966
251.80690967217825 -1.9595755766340845
251.80690828792197 -1.9532568697715411
251.80690278125743 -1.9279820423147753
251.80689596623273 -1.8963885079790848
251.80689461233462 -1.8900698011099955
251.80689326147194 -1.8837510942402587
251.80688922709592 -1.8647949736271772
251.81323291375068 -1.991167730449317
251.81323149062706 -1.9848490251186424
251.81323007059132 -1.978530319787278
251.81322865364334 -1.9722116144552249
251.81322723978306 -1.9658929091224848
251.81322442132543 -1.9532554984549486
251.81322301672785 -1.9469367931201553
251.81321882145957 -1.9279806771116905
251.81321742921136 -1.9216619717741785
251.8132132709894 -1.9027058557575909
251.8132118910894 -1.8963871504173822
251.81321051427628 -1.8900684450765022
251.81320914055 -1.8837497397349532
251.81954055471857 -1.9532541041230227
251.81953912674368 -1.9469354003422918
251.8195377019076 -1.9406166965608567
251.81953628021023 -1.9342979927787183
251.81953344623153 -1.921660585212338
251.81953203395 -1.915341881428098
251.819530624807 -1.909023177643161
251.81952921880233 -1.9027044738575278
251.81952781593603 -1.8963857700712001
251.81952641620802 -1.8900670662841796
251.81952501961817 -1.883748362496466
251.81952362616647 -1.877429658708062
251.82586546321315 -1.9911648999665086
251.82585960037676 -1.9658900911756212
251.82585523674913 -1.9469339845747635
251.82585378858707 -1.9406152823730196
251.82585090183335 -1.9279778779673542
251.82584516660518 -1.902703069147354
251.8258437407726 -1.8963843669405562
251.82584231812967 -1.8900656647330423
251.82584089867632 -1.8837469625248129
251.8321787528091 -1.9785260487882879
251.83217726511245 -1.9722073481956592
251.8321757806577 -1.965888647602274
251.83217429944474 -1.9595699470081316
251.83217282147356 -1.953251246413236
251.832171346744 -1.9469325458175868
251.83216987525603 -1.9406138452211865
251.83216840700962 -1.9342951446240355
251.83215390281316 -1.8711081386116117
251.83850411703312 -2.016436772638722
251.83849801263253 -1.9911619768068205
251.83849346891398 -1.9722058799246327
251.83849196092783 -1.9658871809623377
251.83848745672816 -1.9469310840707799
251.83848596191433 -1.9406123851053743
251.8384844703934 -1.9342936861391944
251.83848298216532 -1.9279749871722422
251.83848149723 -1.9216562882045194
251.8384785372373 -1.9090188902667669
251.84481120756678 -1.9785230858661271
251.84480967270454 -1.9722043885613827
251.84480814118695 -1.9658856912558327
251.84480661301393 -1.9595669939494782
251.84480356670144 -1.9469295993343605
251.84480204856175 -1.9406109020256008
251.84479751420818 -1.9216548100945399
251.84479600944522 -1.9153361127825967
251.85112587648382 -1.9722028741059288
251.85112432143492 -1.9658841784827754
251.85112276978194 -1.959565482858793
251.85112122152492 -1.953246787233983
251.85111967666364 -1.9469280916083462
251.85111813519816 -1.9406093959818846
251.85111506245414 -1.927972004726494
251.85111353117549 -1.921653309097569
251.85743892653863 -1.9595639487272274
251.85743735485303 -1.9532452548104167
251.8574342218234 -1.9406078669742437
251.8574295481317 -1.9216517852136261
251.86376472744342 -1.9974745446352336
251.86375508328385 -1.9595623915547997
251.86375189655425 -1.9469250071876059
251.86374714269854 -1.9279689306302557
251.86374556507667 -1.9216502384427294
251.86374085320003 -1.9026941618749478
251.86373772943895 -1.8900567774921087
251.8637361728052 -1.883738085299399
251.86373461966917 -1.8774193931058314
251.87007448775282 -1.9721981921865197
251.87007286211005 -1.9658795017644777
251.87007124001738 -1.9595608113415284
251.87006962147484 -1.9532421209176751
251.87006800648226 -1.9469234304929184
251.8700663950396 -1.9406047400672601
251.87006478714673 -1.9342860496407033
251.87006158201024 -1.9216486687848977
251.8700599847664 -1.9153299783556526
251.8700583910721 -1.9090112879255154
251.87005680092724 -1.902692597494488
251.8763956606175 -1.9911526512679116
251.87639234426115 -1.9785152739985286
251.87638904231162 -1.9658778967253987
251.87638739673912 -1.959559208087433
251.87638575476817 -1.953240519448536
251.87638411639853 -1.9469218308087108
251.87638248163023 -1.9406031421679566
251.88270355344892 -1.9595575817925326
251.88270022630292 -1.9469202081350017
251.88269691376763 -1.9342828344736538
