# successful candidates for region at (55.64455397174262, -71.12248482049826) and radius 1.056.0107430123485 -71.6831663940707
56.01062186360291 -71.67688240931065
56.03076702424563 -71.68312725242839
56.030639251194415 -71.67684328110624
56.05092544100117 -71.68936998450302
56.05079095139143 -71.683086027435
56.05065655412185 -71.6768020702659
56.05052224909751 -71.67051811299594
56.05011988654836 -71.6516662405817
56.07109712295738 -71.69561060337239
56.070955907679576 -71.6893266612941
56.07081478939248 -71.68304271910446
56.07067376799632 -71.67675877680368
56.07053284339149 -71.67047483439175
56.07039201547849 -71.66419089186888
56.0699701108977 -71.64533906363553
56.09113412913758 -71.69556518052076
56.09098628072353 -71.68928125404726
56.0908385338555 -71.68299732745177
56.09069088842906 -71.67671340073436
56.0905433443399 -71.6704294738952
56.090395901483866 -71.66414554693436
56.09024855975695 -71.65786161985199
56.089954179275104 -71.64529376532323
56.11117103718451 -71.69551767293065
56.111016555735304 -71.68923376277807
56.110862180387315 -71.68294985249227
56.11070791103141 -71.67666594207338
56.11055374755862 -71.6703820315216
56.110399689860095 -71.66409812083698
56.110245737827185 -71.6578142100197
56.11009189135133 -71.65153029906986
56.10993815032417 -71.64524638798764
56.109784514637454 -71.63896247677317
56.13136906784504 -71.70175197358877
56.131207842696085 -71.69546808061827
56.131046728317365 -71.68918418750273
56.1308857245949 -71.68290029424226
56.130724831414874 -71.67661640083706
56.13056404866364 -71.67033250728724
56.1304033762277 -71.66404861359297
56.13024281399369 -71.65776471975441
56.13008236184844 -71.65148082577166
56.1299220196789 -71.64519693164492
56.15124454127036 -71.69541640360063
56.15107679407228 -71.68913252823818
56.150909162085355 -71.68284865271866
56.15074164519108 -71.6765647770422
56.15057424327112 -71.670280901209
56.15040695620731 -71.6639970252192
56.15023978388164 -71.65771314907299
56.15007272617625 -71.65142927277047
56.17145562829746 -71.70164649861871
56.17128112850551 -71.69536264189536
56.17110674860279 -71.68907878500208
56.170932488465944 -71.68279492793909
56.170758347971805 -71.67651107070644
56.17058432699736 -71.67022721330447
56.17041042541975 -71.66394335573324
56.170236643116326 -71.65765949799297
56.17006297996456 -71.65137564008381
56.191317599999884 -71.69530679552088
56.19113658751176 -71.68902295781281
56.19095569934407 -71.68273911992188
56.19077493536897 -71.67645528184818
56.19059429545878 -71.67017144359198
56.190413779485965 -71.6638876051534
56.190233387323204 -71.65760376653269
56.19005311884332 -71.65131992773003
56.2109787903273 -71.6826812286861
56.21079140299467 -71.67639741048637
56.210604144272 -71.6701135920905
56.21041701402707 -71.66382977349869
56.210230012127894 -71.6575459547111
56.21004313844265 -71.65126213572796
56.23080774646116 -71.6763374566408
56.23061386905376 -71.67005365881981
56.23042012466432 -71.66376986078876
56.23022651315616 -71.65748606254787
