# successful candidates for region at (165.25373689197767, 37.84559738490567) and radius 1.0165.52545000507658 38.044084891100404
165.53335501700352 38.04406648675616
165.5413337790342 38.06284958094608
165.5413829809866 38.07538426508884
165.54916502866857 38.044028094787585
165.54921554320907 38.05656277384309
165.54924081050413 38.0628301133539
165.5492660844855 38.06909745285341
165.54929136515548 38.075364792341624
165.54931665251644 38.08163213181852
165.55722570904058 38.08161212831463
165.56510812059614 38.07532426252284
165.56513476118792 38.08159159663313
165.56516140883116 38.08785893073087
