# successful candidates for region at (65.35706139994066, -65.83221887826373) and radius 3.1667.25121602321346 -68.50151474428547
67.2744455823001 -68.48116421197504
67.36166085256296 -68.33952035439493
67.40256445684334 -68.51985301993261
67.39176330242954 -68.39943444168038
67.38997483335642 -68.37936460425178
67.38818968897952 -68.35929474572754
67.38640786006651 -68.33922486616633
67.44041857346909 -68.6600367568289
67.4165748694534 -68.39913449367462
67.41476462590478 -68.37906493539323
67.41295774743725 -68.35899535549909
67.41115422470669 -68.33892575405233
67.40935404840354 -68.31885613111278
67.46928121734345 -68.69986734935765
67.46739696025847 -68.67979841318004
67.46551625478195 -68.65972945391536
67.45430604827891 -68.53931521712595
67.4432212114837 -68.41890016539311
67.44138578033834 -68.39883091183073
67.4395537641432 -68.3787616360705
67.43772515340726 -68.3586923381742
67.43589993867461 -68.3386230182034
67.42501944120592 -68.21820663823077
67.41783251604139 -68.13792861777189
67.49251630082027 -68.67948713868532
67.49061324738321 -68.65941847288663
67.48871377753377 -68.63934978351524
67.48681788119114 -68.61928107063754
67.4849255483122 -68.59921233431959
67.48115153296091 -68.55907479162637
67.4792698305897 -68.53900598538215
67.4661960272114 -68.3985236963022
67.44963519494863 -68.21790197681341
67.51378776924517 -68.63903542090348
67.51186961074254 -68.61896700384105
67.50995505744116 -68.59889856278434
67.50804409921876 -68.57883009780078
67.50613672599093 -68.55876160895757
67.50423292771096 -68.53869309632162
67.47425029341532 -68.21759371200217
67.47240576778556 -68.1975248048936
67.46872690823136 -68.15738692285028
67.4650615753697 -68.11724895078686
67.5388610579083 -68.63871738395596
67.53692063922709 -68.61864926615753
67.53498386747725 -68.59858112380432
67.53305073241977 -68.57851295696533
67.53112122385392 -68.55844476570931
67.50073411158688 -68.23735044002066
67.4969987955013 -68.197213224658
67.49513630179595 -68.17714458220735
67.49327723834263 -68.15707591666241
67.49142159570512 -68.13700722808669
67.48956936448177 -68.11693851654366
67.4877205353054 -68.09686978209638
67.57380271465982 -68.73873436895232
67.57182143782923 -68.7186666805432
67.5639336353856 -68.6383956728372
67.56197095853001 -68.61832785775104
67.56001197032846 -68.59826001754315
67.55805666042517 -68.5781921522841
67.55610501850313 -68.55812426204433
67.55415703428388 -68.5380563468938
67.52347849381655 -68.21696637281336
67.51594997254158 -68.136692918279
67.5140764921673 -68.1166244957388
67.60099402074715 -68.7584747975949
67.59898648339174 -68.73840744437116
67.59698274007302 -68.7183400650133
67.59099416742455 -68.65813777087213
67.58900549354085 -68.63807028771359
67.58702056053802 -68.61800277878746
67.58503935790426 -68.59793524416624
67.58306187516712 -68.57786768392212
67.58108810189331 -68.55780009812707
67.57911802768857 -68.53773248685278
67.5771516421974 -68.5176648501706
67.56737468569713 -68.41732628812262
67.56348936594519 -68.37719068791809
67.5615521219628 -68.35712285051207
67.55961847521145 -68.33705498832897
67.55768841571388 -68.31698710143766
67.55576193352977 -68.29691918990667
67.55191966152395 -68.25678329319854
67.5500038520044 -68.23671530815722
67.5480915804023 -68.21664729874786
67.54618283695915 -68.19657926503776
67.53858295085753 -68.11630688852706
67.53669170308095 -68.09623873431397
67.62619955847212 -68.75814386872288
67.62214330658291 -68.71800976179294
67.61810235722459 -68.67787554826948
67.61407662423947 -68.63774122875341
67.6100660221156 -68.59760680384096
67.6080663685792 -68.57753955204623
67.60607046598066 -68.55747227412404
67.60407830380987 -68.5374049701476
67.60208987159602 -68.51733764019001
67.59023702593946 -68.39693311889438
67.58827441349838 -68.37686560909026
67.5863154486383 -68.35679807387939
67.58436012123342 -68.33673051333234
67.58240842119535 -68.31666292751953
67.57851586305246 -68.27652768037663
67.57657498495661 -68.25646001918594
67.5746376942452 -68.23639233300825
67.57270398101456 -68.21632462191265
67.57077383539745 -68.19625688596791
67.56884724756287 -68.1761891252426
67.56500470609771 -68.13605352972324
67.6350919548749 -68.59727469673653
67.63307013259654 -68.57720775682519
67.63105210272285 -68.55714079020342
67.62903785462797 -68.53707379694613
67.62702737772574 -68.51700677712797
67.61703119334256 -68.41667128221734
67.61504312348518 -68.39660410458599
67.61305875181262 -68.37653690090859
67.61107806804948 -68.35646967125753
67.6091010619584 -68.33640241570504
67.60122961088923 -68.2561331359148
67.59927084091728 -68.23606575192846
67.5973156879823 -68.21599834246821
67.59536414210837 -68.19593090760436
67.67039497953728 -68.6972716337995
67.66833165873892 -68.67720514686259
67.66627222611997 -68.65713863223871
67.66216498168194 -68.61700552024185
67.6580731591557 -68.57687229842959
67.65603300407902 -68.55680564653541
67.64185836946466 -68.41633832527884
67.63984850194667 -68.39627145771934
67.63784237304645 -68.376204563539
67.63583997237664 -68.35613764281197
67.6338412895884 -68.33607069561197
67.62588353160973 -68.25580264354826
67.62390328432981 -68.23573556508056
67.70601868895545 -68.79726098964473
67.7039131761076 -68.7771949671237
67.69553087377956 -68.6969305909076
67.69344517941558 -68.6768644257245
67.69136341526706 -68.65679823225025
67.68928557027134 -68.63673201056457
67.68721163340716 -68.61666576074695
67.68307544019481 -68.57653317703193
67.67280258588107 -68.47620123093753
67.66668481660757 -68.41600173257405
67.6646531534622 -68.3959351784625
67.66262526935994 -68.37586859714925
67.6606011538016 -68.35580198870996
67.65858079632686 -68.33573535321999
67.63068462364878 -68.05479965759787
67.62871940807473 -68.03473262520697
67.72066600156957 -68.69658586449636
67.71855793580545 -68.6765200245318
67.71645384228476 -68.65645415566543
67.714353709827 -68.63638825797874
67.7039120750869 -68.5360583400697
67.70183547654956 -68.51599227115433
67.6997627619744 -68.4959261739803
67.69151052688912 -68.41566150427344
67.68945707017141 -68.3955952669856
67.68740743291457 -68.37552900190889
67.68536160450759 -68.3554627091206
67.68331957437866 -68.33539638869773
67.67721616852805 -68.27519726238755
67.65711408622663 -68.0745317429797
67.65115518103342 -68.0143315653783
67.64917614134642 -67.99426478667857
67.6472007161598 -67.97419798168293
67.75866790218554 -68.81662989784185
67.75651314196871 -68.79656456543769
67.7543624647058 -68.77649920300897
67.75007331285846 -68.73636838841774
67.74793481529107 -68.71630293642446
67.74580035471138 -68.696237454745
67.74154349902321 -68.65610640266246
67.7373026552368 -68.61597523283685
67.72886864452369 -68.53571254259815
67.72677000965926 -68.51564679747696
67.72258450412113 -68.475515220729
67.71633549242854 -68.41531764054942
67.71012131667928 -68.3551198042148
67.70805761595017 -68.3350538022156
67.70599774304233 -68.31498777207013
67.70394168735145 -68.29492171385643
67.68560723041293 -68.11432593960185
67.6835887721754 -68.0942596049367
67.68157401705122 -68.0741932430433
67.67956295489402 -68.05412685399637
67.67755557559455 -68.03406043787031
67.67555186908037 -68.01399399473925
67.67355182531576 -67.9939275246771
67.67155543430152 -67.97386102775748
67.6695626860749 -67.95379450405369
67.66757357070924 -67.93372795363882
67.78393656337371 -68.8162757988583
67.781759181591 -68.79621080237932
67.77741678339181 -68.75608071753179
67.7752517436651 -68.73601562933662
67.77309079471995 -68.71595051074227
67.7709339250107 -68.69588536183466
67.7687811230351 -68.67582018269933
67.76448767649161 -68.63568973408623
67.75594909488004 -68.55542847785728
67.75382444858066 -68.53536308949722
67.75170377953542 -68.51529767158263
67.74958707662373 -68.49523222419622
67.74747432876644 -68.47516674742037
67.74536552492562 -68.45510124133726
67.74326065410435 -68.43503570602867
67.74115970534662 -68.4149701415761
67.739062667737 -68.3949045480608
67.73279491324921 -68.33470759394585
67.730713411885 -68.31464188498555
67.72863576769541 -68.29457614736404
67.71215219964479 -68.13404922405715
67.71010879432238 -68.11398323202364
67.70806914117108 -68.0939172121101
67.70603322990115 -68.07385116439303
67.70400105026047 -68.05378508894874
67.69994784504533 -68.01365285518214
67.69792679915304 -67.993586697011
67.69590944425401 -67.97352051141488
67.6938957702816 -67.95345429846874
67.8092044199403 -68.81591799598263
67.80700441887754 -68.79585333893125
67.80480858621449 -68.77578865058022
67.80261691015363 -68.75572393101825
67.8004293789419 -68.73565918033367
67.79824598087053 -68.71559439861447
67.79606670427485 -68.69552958594838
67.793891537534 -68.67546474242275
67.79172046907077 -68.65539986812459
67.7895534873514 -68.63533496314065
67.7873905808854 -68.61527002755729
67.78307694796648 -68.57514006493618
67.77877947924712 -68.5350099809459
67.77663677818973 -68.51494489364983
67.7744980843395 -68.49487977626589
67.77236338650302 -68.47481462887822
67.77023267352853 -68.45474945157063
67.76810593430575 -68.43468424442665
67.76598315776563 -68.41461900752951
67.75963849416608 -68.35442311914643
67.7575314584851 -68.33435776406252
67.75332910014752 -68.29422696595084
67.74705468341945 -68.23403055013988
67.74497093385344 -68.21396502022021
67.74289102788063 -68.19389946144258
67.73667426583134 -68.1337026127565
67.73460962873489 -68.11363693934013
67.7325487826764 -68.09357123746085
67.73049171725998 -68.07350550719681
67.72843842212778 -68.0534397486259
67.72434310147327 -68.0133081468735
67.72026273860281 -67.9731764328208
67.71822814084057 -67.95311053387351
67.83447146355421 -68.81555648940295
67.83003043859698 -68.77542782921213
67.82560621045148 -68.73529904159484
67.82340036552871 -68.71523460022647
67.82119868431282 -68.69517012727108
67.8190011550644 -68.67510562281785
67.81680776608817 -68.65504108695558
67.81461850573272 -68.63497651977276
67.81243336239032 -68.61491192135759
67.81025232449672 -68.59484729179789
67.80590251901502 -68.55471793959455
67.79940831502954 -68.49452367988258
67.79725166938859 -68.47445886528186
67.79509904944707 -68.45439402014233
67.79295044398134 -68.43432914454922
67.79080584180943 -68.41426423858745
67.7695775706392 -68.21361352715476
67.7674762784205 -68.19354829265397
67.76537885849436 -68.17348302877949
67.73641567254477 -67.8925662950911
67.69629673876616 -67.49124714062054
67.69432840386328 -67.47118089761636
67.85749245321496 -68.79512731161829
67.85078222995818 -68.73493521330806
67.84855394048195 -68.71487111576569
67.84632985693518 -68.69480698598966
67.84410996745996 -68.67474282407098
67.84189426024294 -68.65467863010026
67.83968272351507 -68.63461440416785
67.83747534555144 -68.6145501463637
67.83527211467104 -68.59448585677744
67.83307301923661 -68.57442153549832
67.83087804765434 -68.55435718261535
67.82868718837375 -68.53429279821714
67.82650042988745 -68.514228382392
67.82431776073093 -68.49416393522789
67.82213916948244 -68.47409945681244
67.81996464476266 -68.45403494723296
67.81779417523461 -68.43397040657645
67.81562774960341 -68.4139058349296
67.81346535661609 -68.39384123237865
67.8091526237696 -68.3537119349085
67.7984405831964 -68.25338815639527
67.79206077608464 -68.19319352591606
67.78994201127863 -68.17312858902883
67.77313142590484 -68.0126080246764
67.76689071144503 -67.9524123283215
67.76481805701167 -67.93234703809007
67.7627491772354 -67.912281718934
67.76068406185065 -67.89221637093215
67.71816842113495 -67.47083753601277
67.88273523365586 -68.79475874813436
67.88047168520639 -68.77469509711335
67.87595742922795 -68.73456769566317
67.87370669751947 -68.71450394542137
67.87146021395428 -68.69444016229284
67.86921796655601 -68.67437634637035
67.86697994339329 -68.65431249774636
67.86474613257951 -68.63424861651305
67.86251652227261 -68.6141847027622
67.86029110067487 -68.59412075658524
67.85806985603274 -68.57405677807326
67.85585277663658 -68.55399276731704
67.85363985082051 -68.53392872440698
67.85143106696215 -68.51386464943319
67.84922641348244 -68.49380054248539
67.8470258788455 -68.47373640365299
67.84263712017054 -68.4336080306904
67.84044887327451 -68.41354379673739
67.83826469950478 -68.39347953125407
67.83608458753805 -68.3734152343283
67.83390852609297 -68.35335090604747
67.83173650392993 -68.33328654649866
67.82956850985089 -68.31322215576874
67.82308858475622 -68.25302879735506
67.8145044056494 -68.17277055481019
67.8123682380353 -68.15270591771728
67.79963336791538 -68.03231745937671
67.79752447900545 -68.01225261112968
67.79541944450816 -67.99218773304756
67.79331825390332 -67.97212282521181
67.79122089670899 -67.95205788770369
67.78912736248132 -67.93199292060415
67.78703764081436 -67.91192792399386
67.78495172133994 -67.89186289795313
67.78286959372738 -67.87179784256205
67.74401615228518 -67.49055631796175
67.74000292873293 -67.45042503818382
67.90797717854116 -68.79438648502257
67.90569106287371 -68.77432318676637
67.90340927411361 -68.75425985467756
67.90113180002851 -68.73419648885186
67.89885862843214 -68.71413308938476
67.89658974718408 -68.69406965637124
67.89432514418957 -68.67400618990604
67.88980872480887 -68.63387915699742
67.8875568844594 -68.61381559074164
67.8853092744364 -68.59375199140932
67.8830658828701 -68.57368835909347
67.88082669793505 -68.55362469388655
67.87859170785 -68.53356099588089
67.87636090087763 -68.51349726516831
67.87413426532439 -68.49343350184041
67.87191178954025 -68.47336970598835
67.86969346191854 -68.45330587770299
67.86526920495128 -68.41317812419418
67.8630632526073 -68.39311419915074
67.86086140242854 -68.37305024203413
67.85866364302201 -68.35298625293349
67.85646996303694 -68.33292223193767
67.85428035116453 -68.31285817913528
67.85209479613768 -68.29279409461444
67.84991328673091 -68.27272997846302
67.84773581176013 -68.25266583076862
67.84556236008238 -68.23260165161847
67.8390660339922 -68.17240892630083
67.83690856487469 -68.15234462219351
67.83475506394694 -68.13228028706175
67.83045992310167 -68.09215152406597
67.82404670205655 -68.03195814901223
67.82191678276298 -68.01189362951494
67.81979075619246 -67.991829079584
67.81555033876207 -67.9516998887535
67.81343592676933 -67.9316352480194
67.76990687850476 -67.51027096294433
67.76787481500183 -67.4902056784346
67.76584638010411 -67.47014036555869
67.93321827957016 -68.79401052247833
67.93090959907929 -68.77394758048
67.92860528804968 -68.75388460397728
67.92630533412928 -68.73382159306782
67.92400972501258 -68.7137585478489
67.9217184484403 -68.69369546841746
67.91943149219932 -68.67363235487008
67.9171488441223 -68.65356920730292
67.9148704920876 -68.63350602581188
67.91259642401901 -68.61344281049239
67.91032662788552 -68.59337956143958
67.90806109170116 -68.57331627874822
67.90354275145961 -68.5331896128271
67.89904130829873 -68.49306281348018
67.89679689363085 -68.47299936400518
67.89455666792966 -68.45293588145285
67.89232061951847 -68.43287236591549
67.89008873676387 -68.41280881748506
67.88786100807566 -68.39274523625323
67.88563742190658 -68.3726816223113
67.8812026311504 -68.3325542966605
67.87678427296899 -68.29242684125634
67.87238225651073 -68.25229925681707
67.86799649159262 -68.21217154405569
67.86144812020648 -68.15197973585637
67.84630832972954 -68.01153108000732
67.84416131315761 -67.99146686147817
67.83348482155561 -67.89114530621934
67.791732772432 -67.48985155365952
67.78968430795109 -67.46978655703234
67.78763949802126 -67.44972153155277
67.95612728554765 -68.77356827845091
67.95380045465737 -68.75350566102033
67.95147802330146 -68.73344300850654
67.94915997905512 -68.71338032100881
67.94684630954038 -68.69331759862594
67.9445370024257 -68.67325484145638
67.94223204542591 -68.65319204959825
67.93993142630187 -68.63312922314924
67.93763513286038 -68.61306636220674
67.93534315295382 -68.59300346686767
67.93305547448007 -68.57294053722872
67.93077208538223 -68.55287757338613
67.9262181273115 -68.51275154347329
67.91941906167949 -68.4525622444627
67.91490746084403 -68.41243587679708
67.91265795806343 -68.39237264274806
67.91041263814755 -68.37230937534576
67.90817148948038 -68.35224607468295
67.90147295545458 -68.29205597405372
67.89924837647875 -68.27199254126944
67.89481154859402 -68.23186557738582
67.8837908770026 -68.1315475983817
67.88159889271778 -68.11148390570317
67.87941093251311 -68.09142018093904
67.87287108626103 -68.03122881501255
67.87069911245871 -68.01116496278377
67.86853110797749 -67.9911010789066
67.86636706198497 -67.97103716346753
67.81559001763388 -67.48949394380136
67.81352152547483 -67.46942926652521
67.8114567234804 -67.44936455982926
67.80939560182162 -67.42929982379195
67.98134411400517 -68.77318528087771
67.97899476568638 -68.75312302600467
67.97664985931793 -68.73306073536553
67.97430938235587 -68.7129984090614
67.97197332230347 -68.69293604719299
67.96964166671088 -68.67287364986075
67.9673144031751 -68.65281121716463
67.96499151933958 -68.63274874920423
67.96267300289409 -68.6126862460788
67.96035884157455 -68.59262370788726
67.95804902316267 -68.57256113472806
67.9511455038743 -68.51237320642414
67.94885293582071 -68.49231049437206
67.94656465026428 -68.47224774783936
67.94428063525753 -68.45218496692237
67.94200087889743 -68.43212215171704
67.93972536932516 -68.41205930231897
67.93745409472584 -68.3919964188234
67.9351870433284 -68.37193350132524
67.93292420340539 -68.35187054991901
67.92616083585762 -68.29168149319227
67.92391472542216 -68.2716184070923
67.91720126918013 -68.21142894851863
67.91274624673045 -68.17130247682846
67.91052488598648 -68.1512391914654
67.89947913786388 -68.05092227309177
67.89728212139225 -68.03085879173389
67.89508912350553 -68.01079527802295
67.89290013322741 -67.99073173204741
67.8907151396215 -67.97066815389545
67.88853413179118 -67.95060454365489
67.8863570988794 -67.93054090141328
67.8820149145801 -67.89041352127536
67.84783807274454 -67.56938996678349
67.83944654366701 -67.48913284902673
67.83735802575332 -67.46906849420338
67.83527323361098 -67.44900410938737
67.83319215731659 -67.42893969465864
68.00656007617997 -68.77279858796085
68.00418821288814 -68.75273669913028
68.00182083395342 -68.73267477384414
67.99945792671268 -68.71261281220545
67.99709947855048 -68.69255081431692
67.99474547689877 -68.67248878028086
67.99239590923668 -68.65242671019917
67.99005076309032 -68.63236460417338
67.98771002603254 -68.61230246230465
67.98537368568272 -68.59224028469379
67.98304172970651 -68.57217807144114
67.97839092176802 -68.5320535384103
67.9737575044606 -68.49192886400786
67.96914138075493 -68.45180404902358
67.96683977387832 -68.43174158905843
67.96224941021973 -68.39161656466939
67.95996062962774 -68.37155400043929
67.95767610072741 -68.35149140164745
67.9553958117236 -68.33142876838981
67.95084790644286 -68.29130339885941
67.94858026679285 -68.27124066277692
67.94631682029278 -68.25117789260916
67.94405755536354 -68.23111508845032
67.94180246046854 -68.21105225039436
67.93955152411363 -68.19098937853484
67.93730473484682 -68.17092647296492
67.93506208125821 -68.1508635337775
67.93282355197965 -68.13080056106512
67.92391045205682 -68.05054833680445
67.92169237525724 -68.03048519784326
67.9194783554266 -68.01042202590521
67.91726838148426 -67.99035882108046
67.91506244238988 -67.97029558345888
67.91286052714322 -67.95023231313002
67.91066262478405 -67.93016901018304
67.90846872439187 -67.91010567470684
67.9062788150858 -67.89004230679002
67.90409288602437 -67.86997890652077
67.87816830310169 -67.62921561148846
67.87390182592213 -67.58908795440978
67.87177432581791 -67.56902407922905
67.86965063771257 -67.54896017306524
67.8675307514082 -67.52889623600134
67.86541465674323 -67.50883226812003
67.86330234359225 -67.48876826950375
67.85908902151077 -67.44864018039436
67.85489070487831 -67.40851196932661
68.02938078801594 -68.75234668059905
68.02699093898443 -68.73228512414364
68.0246056039252 -68.7122235306417
68.02222477010415 -68.69216190019783
68.01984842483505 -68.67210023291628
68.01747655547925 -68.65203852890092
68.01510914944551 -68.63197678825517
68.01038767721504 -68.59185319748461
68.00803358607088 -68.5717913475648
68.00568390835352 -68.55172946142463
68.00333863170543 -68.53166753916568
68.00099774381523 -68.51160558088912
67.98935870803214 -68.41129525275667
67.98704389670367 -68.39123308047797
67.98473338922582 -68.37117087287938
67.98242717364833 -68.35110863005904
67.98012523806509 -68.33104635211484
67.97782757061397 -68.31098403914427
67.97553415947667 -68.29092169124442
67.9709600590881 -68.25079689104354
67.95959847466935 -68.15048428600831
67.95733869377302 -68.13042166212762
67.95508306476364 -68.11035900417575
67.9505842168823 -68.07023358643254
67.94834097535254 -68.05017082682734
67.94610184039372 -68.03010803352332
67.94386680078 -68.01004520661272
67.9416358453264 -67.98998234618742
67.93940896288865 -67.969919452339
67.9327526428344 -67.90973057116584
67.90432383522914 -67.64890867866953
67.90000909902827 -67.60878175014327
67.89785753928118 -67.5887182382201
67.89570983793345 -67.56865469463727
67.8935659846543 -67.5485911194796
67.88928978116249 -67.50846387477792
67.88502884689333 -67.4683365047881
67.88290408027883 -67.44827277301911
67.88078310051623 -67.42820901017835
68.05457248282485 -68.75195297061462
68.05216016618924 -68.73189178646727
68.04975240579486 -68.71183056457276
68.04734918878897 -68.6917693050378
68.04495050236717 -68.6717080079685
68.0425563337731 -68.65164667347076
68.04016667029825 -68.63158530164996
68.03778149928172 -68.61152389261115
68.03540080811 -68.59146244645896
68.03302458421679 -68.57140096329765
68.0306528150827 -68.551339443231
68.02828548823514 -68.53127788636257
68.02592259124796 -68.5112162927954
68.02356411174136 -68.49115466263218
68.01651505499694 -68.43096955358737
68.01417412253308 -68.41090777805924
68.01183754633777 -68.39084596644284
68.00717741437171 -68.35072223534648
68.00485383452225 -68.33066031606627
68.00253456278352 -68.31059836109725
68.00021958722708 -68.29053637053835
67.99330031902576 -68.2303501863065
67.98413405863558 -68.15010144834517
67.98185302835104 -68.13003917658597
67.97730352863098 -68.08991452901618
67.97503503624259 -68.06985215339598
67.97277070026992 -68.04978974334529
67.970510509341 -68.02972729895835
67.96825445212534 -68.00966482032925
67.9660025173337 -67.98960230755158
67.96375469371793 -67.96953976071865
67.96151097007073 -67.9494771799234
67.95927133522554 -67.92941456525847
67.92398429779175 -67.6084081986366
67.9218125026569 -67.58834502203821
67.91964460208025 -67.5682818131813
67.91748058563464 -67.54821857215232
67.91101173736928 -67.4880286568933
67.90886315391755 -67.46796528803483
67.90671840301565 -67.44790188743211
67.90244035807166 -67.40777499133226
68.07732850734801 -68.73149476102007
68.07489832412494 -68.71143391420317
68.07247272643126 -68.6913730290407
68.07005170134443 -68.6713121056409
68.06763523599042 -68.65125114411151
68.06522331754348 -68.63119014455998
68.06281593322592 -68.61112910709323
68.06041307030785 -68.59106803181795
68.05801471610702 -68.57100691884023
68.05562085798856 -68.55094576826592
68.05323148336474 -68.53088458020044
68.0508465796948 -68.51082335474872
68.0413514253694 -68.43057808116636
68.0389886899852 -68.4105166703451
68.03663035128396 -68.39045522275954
68.03192681510278 -68.35033221770422
68.02958159332192 -68.33027066043796
68.02724071962174 -68.31020906681432
68.02490418196372 -68.29014743693409
68.00866882557418 -68.14971502097727
68.00406850039845 -68.10959115291423
68.0017746707107 -68.08952916593097
67.99948504752734 -68.06946714377568
67.99719961932938 -68.04940508654484
67.99491837463991 -68.0293429943345
67.9926413020238 -68.00928086724045
67.9903683900876 -67.98921870535804
67.98809962747929 -67.96915650878236
67.98583500288811 -67.94909427760807
67.98131812271934 -67.9089697118408
67.95455851300896 -67.66821946053743
67.95235462887887 -67.6481567215177
67.9501547072559 -67.62809394936883
67.94576670902097 -67.5879683060394
67.94357861124874 -67.56790543503605
67.94139443366277 -67.54784253125781
67.93486531734959 -67.48765362415023
67.93269671602201 -67.46759059014731
67.93053198282298 -67.44752752380533
67.92837110745174 -67.42746442521054
68.10004335072054 -68.71103357973931
68.09759537485913 -68.69097307241246
68.09515201361788 -68.6709125261387
68.09027908307796 -68.6307913171893
68.08784948794185 -68.61073065473197
68.08542445575064 -68.59066995376449
68.08300397370614 -68.57060921439496
68.08058802905805 -68.55054843673116
68.0781766091036 -68.53048762088048
68.07576970118738 -68.51042676694978
68.07336729270122 -68.49036587504565
68.06857592382049 -68.45024397774141
68.06618693844327 -68.4301829725524
68.06380240253029 -68.4101219298122
68.06142230370581 -68.39006084962544
68.05667536804847 -68.34993857732856
68.05430850669252 -68.32987738542568
68.05194603337854 -68.30981615649068
68.04958793595793 -68.28975489062626
68.0472342023269 -68.26969358793467
68.04488482042629 -68.24963224851787
68.04253977824128 -68.2295708724773
68.03786266517972 -68.18944801092933
68.0355305704937 -68.1693865256231
68.03320276790403 -68.14932500409554
68.03087924561481 -68.1292634464464
68.02624499497013 -68.08914022318007
68.02393424323806 -68.06907855776048
68.02162772505292 -68.04901685661433
68.01702734303811 -68.00889334753356
68.00787687478586 -67.92864590493598
68.00559966948676 -67.90858395642458
67.98082133246494 -67.68790023661376
67.97859309831824 -67.66783787485964
67.97636887388677 -67.64777547927042
67.97414864839756 -67.6277130499371
67.97193241111614 -67.60765058695036
67.96751185843081 -67.56752556037794
67.96530752174927 -67.547462996972
67.96310713072002 -67.5274004002723
67.96091067479882 -67.50733777036785
67.9565295262915 -67.46721241129964
67.95434481280402 -67.44714968231251
67.95216399262165 -67.42708692047383
67.93916025343981 -67.30670966444035
68.1251874773886 -68.71062956138952
68.12271712590255 -68.69056943536074
68.11779037969305 -68.65044906442635
68.11288215535072 -68.61032853573276
68.11043495638215 -68.59026821250343
68.1079923489805 -68.5702078501661
68.10555432027996 -68.55014744883043
68.10312085746283 -68.53008700860582
68.10069194775912 -68.51002652960112
68.0982675784465 -68.48996601192488
68.09584773684989 -68.46990545568518
68.09102158634019 -68.42978422794576
68.08861525231184 -68.40972355666028
68.0862133957686 -68.38966284723975
68.08381600426893 -68.36960209979028
68.07427084148271 -68.2893587318113
68.07189559018232 -68.26929779579501
68.069524730236 -68.24923682237826
68.06715824952013 -68.2291758116644
68.06479613595572 -68.20911476375649
68.06243837750814 -68.1890536787571
68.06008496218693 -68.16899255676856
68.05773587804563 -68.1489313978927
68.0483826158779 -68.06868639554095
68.04373166446378 -68.02856367566297
68.03909770816868 -67.9884408110467
68.03678707421251 -67.96837932470883
68.0344806543465 -67.94831780248221
68.03217843709481 -67.92825624446478
68.02988041102336 -67.90819465075394
68.02758656473938 -67.8881330214469
68.00262690420531 -67.6674527771581
68.00038234157329 -67.64739072814832
67.99814181431107 -67.62732864477395
67.98478278962988 -67.5069554280201
67.98257020882552 -67.4868931066613
67.97815688606337 -67.44676836312885
67.97595612308972 -67.42670594113446
68.1478379713934 -68.69016211809523
68.14534994546695 -68.6701023364411
68.14286660493174 -68.65004251451548
68.14038793661057 -68.62998265243174
68.1379139273756 -68.6099227503029
68.1354445641481 -68.5898628082415
68.13297983389826 -68.56980282635973
68.13051972364492 -68.54974280476925
68.12806422045539 -68.52968274358145
68.12561331144519 -68.50962264290715
68.12316698377788 -68.48956250285687
68.12072522466472 -68.46950232354062
68.11585536118362 -68.42938184754861
68.11342723147516 -68.40932155109091
68.11100361963938 -68.38926121580347
68.1061698994198 -68.3491404291711
68.10375976606892 -68.32907997804105
68.10135410065608 -68.30901948851103
68.09655612421597 -68.26889839467646
68.09416378858815 -68.2488377905836
68.09177587169695 -68.22877714851418
68.089392361355 -68.20871646857314
68.08701324541967 -68.18865575086494
68.08463851179293 -68.16859499549369
68.08226814842115 -68.14853420256316
68.07990214329479 -68.12847337217666
68.07518315995999 -68.0883515994474
68.0611295723954 -67.96798539294927
68.0588022582387 -67.94792423004839
68.05647918461764 -67.92786303070453
68.05416033999549 -67.90780179501704
68.05184571287725 -67.88774052308482
68.03804587925373 -67.76737213584697
68.03347916032743 -67.72724905457018
68.03120198027787 -67.70718746082834
68.0289289050413 -67.68712583181157
68.02665992357043 -67.66706416761495
68.02439502485764 -67.64700246833316
68.01089075901754 -67.52663154111646
68.00865413468695 -67.50656959886264
68.00642150645803 -67.48650762226943
68.00419286367175 -67.4664456114285
68.00196819570697 -67.44638356643125
68.17044754875396 -68.66969172666568
68.1679419216007 -68.64963229150553
68.16544100841134 -68.62957281546247
68.16294479594137 -68.60951329865152
68.16045327099593 -68.58945374118727
68.15796642042937 -68.5693941431839
68.15548423114528 -68.54933450475507
68.15300669009599 -68.52927482601422
68.1505337842826 -68.50921510707411
68.14806550075456 -68.4891553480473
68.1456018266095 -68.46909554904582
68.13335214839307 -68.3687959583107
68.13091586226787 -68.34873592179092
68.12848409654015 -68.32867584606923
68.12605683868517 -68.3086157312544
68.12363407622446 -68.28855557745482
68.12121579672552 -68.26849538477839
68.11880198780166 -68.24843515333275
68.1163926371118 -68.22837488322503
68.11398773236021 -68.20831457456202
68.11158726129638 -68.18825422745007
68.1091912117147 -68.16819384199523
68.10679957145437 -68.14813341830309
68.10202947047708 -68.10801245662735
68.08547124393242 -67.9675879016292
68.083123037743 -67.94752710128786
68.08077911000234 -67.92746626384569
68.07843944907108 -67.90740538940375
68.07610404335205 -67.88734447806273
68.06218032432015 -67.76697824073037
68.05987438386941 -67.7469170738853
68.0575726073494 -67.72685587093382
68.05527498353413 -67.7067946319734
68.05298150123795 -67.68673335710119
68.0506921493153 -67.66667204641396
68.0484069166606 -67.64661070000817
68.03252470302215 -67.50618028307537
68.19554423276004 -68.66927744055559
68.1930163215813 -68.64921839560876
68.19049316610658 -68.62915930904775
68.18797475297482 -68.60910018098969
68.18546106887497 -68.58904101155115
68.18295210054572 -68.56898180084835
68.18044783477528 -68.54892254899713
68.17794825840123 -68.52886325611273
68.17545335831012 -68.50880392231011
68.17296312143745 -68.48874454770372
68.17047753476726 -68.4686851324076
68.16058143148176 -68.38844706659222
68.15811890227091 -68.36838744954349
68.15566094617537 -68.3483277924805
68.15320755051327 -68.32826809551437
68.15075870264961 -68.3082083587558
68.14831438999597 -68.28814858231509
68.14587460001042 -68.26808876630213
68.14343932019715 -68.24802891082643
68.14100853810639 -68.22796901599706
68.13858224133416 -68.2079090819227
68.13374305435686 -68.16778909647172
68.13133013957078 -68.14772904531051
68.11218550551546 -67.98724724762236
68.10981208143309 -67.96718685094173
68.10744298548896 -67.94712641639333
68.10507820589844 -67.92706594408031
68.086313957763 -67.76658081831931
68.08166524713396 -67.72645916634882
68.07934718173425 -67.7063982853342
68.07241800990437 -67.64621542335827
68.07011659007246 -67.62615439671615
68.06781930372397 -67.60609333391159
68.05412177086508 -67.48572620308803
68.05185311076475 -67.46566488984645
68.21808979675676 -68.64880082703924
68.21554440160227 -68.62874213340108
68.21300379040457 -68.60868339753024
68.21046794973644 -68.58862461954544
68.20793686622093 -68.56856579956492
68.20541052653103 -68.54850693770652
68.20288891738944 -68.52844803408759
68.2003720255684 -68.50838908882506
68.19785983788937 -68.48833010203546
68.19535234122289 -68.46827107383481
68.19284952248826 -68.44821200433881
68.1903513686534 -68.42815289366261
68.18785786673459 -68.40809374192102
68.18536900379625 -68.38803454922835
68.18288476695069 -68.36797531569859
68.18040514335792 -68.34791604144516
68.1779301202254 -68.32785672658122
68.17545968480789 -68.3077973712194
68.17299382440716 -68.28773797547196
68.17053252637177 -68.26767853945073
68.16807577809693 -68.24761906326717
68.1656235670242 -68.22755954703223
68.15829403212578 -68.16738075912342
68.15585984519755 -68.14732108378512
68.13894515465373 -68.00690225640406
68.13654642704687 -67.98684226806526
68.13415207750849 -67.96678224108175
68.13176209410776 -67.94672217555906
68.09642829751269 -67.64581663857017
68.0941065844705 -67.62575597045556
68.0917890412114 -67.60569526553734
68.07797072378513 -67.4853302686622
68.07568205818056 -67.46526930886621
68.24059470680632 -68.62832128873785
68.23803190016112 -68.60826294848802
68.2354739055334 -68.58820456538437
68.2329207094306 -68.56814613954715
68.23037229841046 -68.54808767109625
68.22782865908094 -68.52802916015114
68.22528977809993 -68.50797060683078
68.22022623806303 -68.46785337353806
68.21770155257042 -68.44779469380147
68.21518157255235 -68.42773597216116
68.21266628491286 -68.4076772087339
68.2101556766045 -68.38761840363611
68.20764973462816 -68.36755955698365
68.20514844603281 -68.34750066889202
68.20265179791537 -68.32744173947633
68.20015977742032 -68.3073827688512
68.19767237173964 -68.28732375713082
68.19518956811251 -68.26726470442905
68.18284413742953 -68.16696883015234
68.18038868076354 -68.14690953392838
68.17304934543891 -68.08673140451914
68.16575030334053 -68.0265529163116
68.16332618626953 -68.00649334101857
68.16090649743914 -67.98643372629405
68.15849122477137 -67.96637407224581
68.15608035623221 -67.94631437898114
68.14170696326943 -67.82595540180837
68.12984807638131 -67.72565519508903
68.1204377724108 -67.64541434583201
68.11575797035694 -67.6052936954893
68.26305907417691 -68.60783883407969
68.26047892822085 -68.58778084928392
68.25790362215214 -68.56772282101043
68.25533314241339 -68.54766474938117
68.25276747549783 -68.52760663451764
68.24765052636066 -68.48749027557156
68.24509921737626 -68.46743203172977
68.24255266768905 -68.44737374513524
68.24001086404164 -68.4273154159072
68.23747379322585 -68.40725704416452
68.23494144208243 -68.38719863002552
68.23241379750091 -68.36714017360822
68.22989084641928 -68.34708167503001
68.22737257582384 -68.32702313440805
68.22485897274895 -68.30696455185894
68.22235002427684 -68.28690592749889
68.21984571753727 -68.26684726144364
68.21734603970752 -68.24678855380859
68.21485097801198 -68.22672980470863
68.21236051972201 -68.20667101425829
68.20739336267785 -68.16655330976229
68.20491663869933 -68.14649439594352
68.19997683711462 -68.10637644572869
68.19751373456015 -68.086317409557
68.195055147608 -68.06625833282476
68.19260106389764 -68.0461992156431
68.19015147111357 -68.02614005812285
68.18770635698517 -68.00608086037437
68.18282951583613 -67.9659623446322
68.18039776449673 -67.94590302685727
68.17554753982208 -67.9057842720436
68.17071493904221 -67.86566535893212
68.16830521773426 -67.8456058432835
68.16589986663212 -67.82554628838211
68.16110222775592 -67.78542706124661
68.15632192826064 -67.7453076783725
68.14681297417873 -67.66506844876561
68.14208413464584 -67.62494860369638
68.28548300975568 -68.58735347146204
68.28288559636492 -68.5672958441721
68.28029305054156 -68.54723817277791
68.27770535866412 -68.52718045740315
68.27512250716195 -68.50712269817089
68.27254448251483 -68.48706489520384
68.26997127125296 -68.46700704862423
68.26740285995649 -68.4469491585538
68.2648392352555 -68.42689122511389
68.2622803838296 -68.40683324842533
68.25972629240785 -68.38677522860858
68.25463233673825 -68.34665906006988
68.25209244619326 -68.32660091158655
68.24955726305764 -68.30654272045223
68.24702677430389 -68.2864844867851
68.24450096695249 -68.26642621070297
68.24197982807175 -68.24636789232316
68.23946334477756 -68.22630953176261
68.23695150423318 -68.20625112913773
68.23444429364898 -68.18619268456457
68.2319417002823 -68.16613419815882
68.2294437114372 -68.14607567003559
68.22695031446419 -68.12601710030965
68.22446149676011 -68.10595848909544
68.22197724576787 -68.08589983650681
68.21949754897625 -68.06584114265732
68.21702239391966 -68.04578240766007
68.20716694331878 -67.96554705844089
68.20471431153742 -67.94548811938692
68.20226614764493 -67.92542913985518
68.19982243948962 -67.90537011995592
68.19738317496376 -67.88531105979902
68.19251792858861 -67.8451928191496
68.19009192274225 -67.82513363887487
68.18767031253087 -67.80507441877789
68.18284023149378 -67.76495585954845
68.17323229671601 -67.68471826794372
68.3078666240502 -68.56686520925126
68.3052520147986 -68.54680794150507
68.30264230060575 -68.5267506290256
68.30003746778678 -68.50669327193808
68.29743750270774 -68.4866358703673
68.29484239178538 -68.46657842443754
68.29225212148697 -68.44652093427266
68.28966667833001 -68.42646339999607
68.28708604888203 -68.40640582173067
68.28451021976032 -68.38634819959894
68.28193917763176 -68.3662905337229
68.27937290921253 -68.34623282422415
68.2768114012679 -68.32617507122373
68.27425464061206 -68.30611727484235
68.27170261410781 -68.28605943520029
68.26915530866637 -68.26600155241724
68.26661271124719 -68.24594362661257
68.26407480885766 -68.22588565790518
68.25396989141122 -68.14565335641123
68.24894526854823 -68.10553695130739
68.24643987155802 -68.08547868557368
68.2439390673578 -68.06542037787283
68.24144284337703 -68.04536202831994
68.23398152773207 -67.98518672969288
68.22902998999201 -67.9450696567713
68.22409647530185 -67.90495241916679
68.21672978261977 -67.84477625593667
68.21184089898166 -67.80465861052839
68.20696969897895 -67.76454080354311
68.20454070049894 -67.74448183973217
68.33021002719006 -68.54637405578305
68.32757829335054 -68.5263171496048
68.32495148187358 -68.50626019806164
68.3223295790115 -68.48620320128045
68.31971257106771 -68.46614615938763
68.3171004443966 -68.44608907250918
68.31449318540317 -68.4260319407705
68.31189078054285 -68.40597476429664
68.30929321632132 -68.38591754321216
68.30670047929418 -68.3658602776411
68.30411255606673 -68.34580296770714
68.30152943329388 -68.32574561353339
68.2989510976797 -68.30568821524258
68.29637753597741 -68.28563077295698
68.293808734989 -68.2655732867984
68.29124468156505 -68.24551575688818
68.28868536260453 -68.22545818334726
68.2861307650546 -68.20540056629605
68.2784951710572 -68.14522745527904
68.27595932957624 -68.1251696653827
68.2734281449561 -68.10511183257185
68.27090160442827 -68.0850539569643
68.26837969527084 -68.06499603867749
68.26334972041138 -68.0248800745336
68.25583917801035 -67.9647058111339
68.35251332892827 -68.52588001936235
68.34986454147429 -68.50582347676256
68.34722070350014 -68.48576688816371
68.34458180119601 -68.46571025369433
68.3419478208034 -68.44565357348249
68.33931874861483 -68.42559684765575
68.33669457097376 -68.40554007634123
68.33407527427421 -68.38548325966558
68.33146084496056 -68.36542639775492
68.32885126952739 -68.345369490735
68.32624653451913 -68.32531253873101
68.3236466265299 -68.30525554186777
68.3210515322033 -68.28519850026953
68.31846123823216 -68.26514141406022
68.31587573135828 -68.24508428336317
68.31329499837224 -68.22502710830133
68.31071902611318 -68.2049698889972
68.30814780146855 -68.18491262557285
68.30558131137391 -68.16485531814982
68.30301954281273 -68.14479796684925
68.30046248281612 -68.12474057179189
68.29791011846262 -68.10468313309798
68.29536243687807 -68.0846256508873
68.37744739937068 -68.52543923852174
68.37477663864281 -68.50538310826373
68.3721108682497 -68.48532693123933
68.3694500742683 -68.46527070757925
68.36679424282728 -68.44521443741364
68.36414336010678 -68.4251581208722
68.36149741233828 -68.4051017580842
68.3588563858042 -68.38504534917836
68.3562202668378 -68.36498889428293
68.35358904182284 -68.3449323935257
68.35096269719347 -68.32487584703401
68.34834121943382 -68.30481925493469
68.34572459507798 -68.28476261735413
68.34311281070961 -68.26470593441823
68.33790370851669 -68.22459243298181
68.33530636410558 -68.20453561473077
68.33271380650831 -68.18447875162342
68.33012602255327 -68.16442184378339
68.32754299911717 -68.14436489133386
68.3249647231247 -68.1243078943975
68.3970000653381 -68.48488333073139
68.3943173823845 -68.46482752126579
68.3916397025901 -68.44477166452542
68.38896701202272 -68.42471576064209
68.38629929680187 -68.40465980974714
68.38363654309843 -68.38460381197147
68.38097873713458 -68.36454776744544
68.37832586518337 -68.34449167629899
68.3756779135686 -68.32443553866146
68.37303486866455 -68.3043793546619
68.37039671689578 -68.28432312442867
68.36513503871217 -68.24421052577283
68.36251148539563 -68.22415415760479
68.3598927714105 -68.20409774371225
68.41918371764653 -68.46438069497931
68.4164841922157 -68.44432525504249
68.41378969650829 -68.42426976718939
68.4111002165319 -68.40421423155347
68.40841573834597 -68.3841586482677
68.40573624806156 -68.36410301746471
68.4030617318411 -68.34404733927639
68.4003921758981 -68.32399161383438
68.39772756649703 -68.30393584126968
68.39506788995293 -68.28388002171286
68.43861140571106 -68.42382014073999
68.43590016369772 -68.40376502372835
68.43319396373779 -68.38370985829167
68.43049279183133 -68.36365464456462
68.42779663403012 -68.3435993826813
