# successful candidates for region at (25.868148760908497, 29.63182241428608) and radius 3.1623.08928748731793 30.568246190347825
23.113426399121405 30.44815728680857
23.112862793784842 30.46824396001629
23.11229873001371 30.488330626097373
23.111734207385858 30.508417285044253
23.111169225478548 30.528503936849365
23.110603783868438 30.548590581505124
23.110037882131586 30.568677219003956
23.10947151984346 30.58876384933825
23.108904696578918 30.60885047250041
23.135268913806257 30.40841032422476
23.134710449438042 30.428497185700657
23.134151530908774 30.448584040171482
23.133592157800635 30.468670887629795
23.133032329695226 30.488757728068176
23.132472046173554 30.50884456147917
23.131911306816033 30.528931387855337
23.131350111202487 30.54901820718919
23.13078845891215 30.56910501947327
23.130226349523653 30.589191824700094
23.129663782615033 30.60927862286215
23.15764578640388 30.348572367717612
23.157092897324407 30.368659422574204
23.15653955875566 30.388746470553283
23.155985770284744 30.40883351164755
23.155431531498138 30.428920545849728
23.154876841981775 30.44900757315251
23.15432170132099 30.469094593548576
23.15376610910052 30.489181607030613
23.15321006490454 30.509268613591278
23.15265356831662 30.529355613223235
23.15209661891975 30.549442605919136
23.151539216296324 30.56952959167161
23.150981360028158 30.58961657047329
23.150423049696467 30.609703542316804
23.149305065164405 30.64987746509973
23.14874539012351 30.669964416024342
23.178898391443273 30.328904590958892
23.178350163544053 30.348991823682265
23.17780148998695 30.36907904963983
23.17725237036276 30.38916626882443
23.176702804261687 30.40925348122889
23.176152791273385 30.429340686846015
23.17450006687279 30.489602262901485
23.17229015292069 30.569950935515465
23.171736549991895 30.590038086574268
23.171182496456456 30.61012523078066
23.170627991898193 30.63021236812739
23.170073035900316 30.650299498607144
23.16951762804546 30.67038662221264
23.168961767915658 30.690473738936564
23.199598731770937 30.32932066324094
23.19905471618894 30.349408065652643
23.198510258368383 30.36949546140217
23.1979653579032 30.38958285048249
23.197420014386744 30.40967023288652
23.196874227411783 30.4297576086072
23.193041267421663 30.570369050921936
23.192491918049612 30.590456372920027
23.191942121528108 30.610543688170683
23.191391877444136 30.630630996666746
23.19084118538411 30.65071829840103
23.190290044933842 30.670805593366353
23.220299246045496 30.32973352275564
23.21975944299297 30.34982109354737
23.219219201121508 30.369908657779774
23.218678520028163 30.389996215445922
23.218137399309423 30.410083766538843
23.21759583856121 30.430171311051588
23.217053837378867 30.450258848977178
23.216511395357173 30.47034638030862
23.21596851209033 30.49043390503894
23.215425187171977 30.51052142316113
23.214881420195166 30.530608934668177
23.21433721075238 30.550696439553075
23.21379255843553 30.570783937808773
23.21324746283594 30.590871429428255
23.21270192354437 30.610958914404453
23.212155940150996 30.631046392730337
23.211609512245403 30.651133864398815
23.211062639416614 30.671221329402822
23.240999932922886 30.330143169422325
23.24046434261045 30.350230907285702
23.239928316898975 30.370318638691813
23.239391855388657 30.390406363633822
23.238854957679106 30.410494082104872
23.23831762336939 30.430581794098106
23.237779852058 30.450669499606683
23.237241643342852 30.470757198623698
23.23670299682131 30.49084489114229
23.236163912090163 30.51093257715555
23.235624388745634 30.531020256656593
23.235084426383366 30.551107929638505
23.234544024598446 30.57119559609436
23.23400318298537 30.59128325601724
23.23346190113807 30.611370909400193
23.232920178649913 30.631458556236286
23.232378015113678 30.651546196518563
23.231835410121576 30.671633830240037
23.26223173683956 30.31046169318507
23.26170079105892 30.330549603160947
23.26116941369555 30.35063750678753
23.26063760435333 30.370725404058096
23.260105362635574 30.39081329496592
23.259572688145038 30.410901179504258
23.259039580483925 30.430989057666345
23.258506039253874 30.45107692944546
23.25797206405595 30.4711647948348
23.25743765449067 30.491252653827605
23.256902810157975 30.511340506417113
23.256367530657254 30.53142835259649
23.255831815587317 30.551516192358964
23.255295664546416 30.571604025697713
23.25475907713224 30.591691852605926
23.254222052941888 30.61177967307675
23.25368459157191 30.63186748710339
23.25314669261828 30.65195529467895
23.252608355676397 30.67204309579661
23.25206958034109 30.692130890449487
23.25153036620661 30.71221867863072
23.28292855515083 30.310864749561894
23.282401819109264 30.330952823892094
23.281874654902307 30.35104089197335
23.281347062136955 30.37112895379905
23.280819040419665 30.39121700936257
23.28029058935633 30.41130505865726
23.279761708552282 30.431393101676488
23.279232397612308 30.45148113841361
23.27870265614063 30.471569168861954
23.27817248374091 30.491657193014873
23.277641880016258 30.51174521086567
23.27711084456921 30.531833222407663
23.276579377001763 30.55192122763417
23.276047476915327 30.572009226538466
23.275515143910763 30.592097219113867
23.274982377588366 30.61218520535362
23.27444917754786 30.632273185251023
23.273915543388412 30.65236115879932
23.27284697110649 30.692537086821616
23.2723120321795 30.712625041282088
23.271776657524537 30.732712989366426
23.271240846737914 30.752800931067828
23.270704599415375 30.772888866379503
23.304669321334018 30.271088100984635
23.304147643565113 30.291176350640644
23.303625541826516 30.31126459416026
23.30310301572946 30.331352831536982
23.302580064884616 30.35144106276431
23.30205668890212 30.371529287835735
23.301532887391552 30.391617506744744
23.301008659961948 30.41170571948479
23.300484006221783 30.431793926049366
23.29995892577898 30.451882126431897
23.299433418240916 30.471970320625857
23.298907483214414 30.492058508624662
23.298381120305734 30.512146690421762
23.297854329120582 30.53223486601055
23.29732710926411 30.55232303538448
23.29679946034091 30.572411198536912
23.296271381955023 30.592499355461268
23.29574287370992 30.61258750615092
23.29521393520851 30.632675650599253
23.294684566053146 30.65276378879964
23.294154765845622 30.672851920745423
23.293624534187156 30.692940046429968
23.29309387067842 30.713028165846612
23.292562774919503 30.733116278988692
23.292031246509943 30.753204385849525
23.29149928504869 30.773292486422438
23.290966890134147 30.793380580700724
23.290434061364138 30.81346866867769
23.289900798335918 30.83355675034662
23.325358064975738 30.271484410545067
23.32484059052873 30.291572821742495
23.324322695523673 30.311661226902096
23.323804379574913 30.331749626017444
23.32328564229625 30.351838019082148
23.32276648330095 30.371926406089827
23.322246902201726 30.39201478703405
23.32172689861074 30.412103161908387
23.32120647213962 30.432191530706415
23.320685622399438 30.45227989342169
23.320164349000713 30.47236825004778
23.319642651553423 30.49245660057821
23.31912052966699 30.512544945006514
23.318597982950283 30.532633283326234
23.318075011011622 30.55272161553088
23.31755161345878 30.57280994161395
23.317027789898958 30.592898261568966
23.316503539938815 30.612986575389407
23.31597886318445 30.63307488306875
23.315453759241414 30.653163184600498
23.314928227714677 30.673251479978084
23.314402268208674 30.693339769194978
23.31387588032727 30.713428052244634
23.31334906367377 30.73351632912049
23.312821817850914 30.753604599815983
23.31229414246088 30.77369286432452
23.31176603710529 30.793781122639523
23.311237501385197 30.8138693747544
23.31070853490108 30.833957620662545
23.31017913725287 30.85404586035735
23.3465598280517 30.25178893341871
23.346046973892346 30.271877510785025
23.345533702968844 30.291966082217517
23.34502001489921 30.312054647709925
23.344505909300903 30.33214320725594
23.34399138579085 30.352231760849275
23.343476443985445 30.372320308483648
23.342961083500533 30.392408850152723
23.342445303951422 30.412497385850198
23.34192910495287 30.43258591556974
23.3414124861191 30.452674439305003
23.340895447063783 30.47276295704966
23.34037798740005 30.492851468797355
23.33986010674048 30.512939974541723
23.33934180469712 30.533028474276392
23.338823080881447 30.553116967994992
23.3383039349044 30.57320545569114
23.337784366376376 30.593293937358432
23.3372643749072 30.613382412990465
23.336743960106173 30.63347088258084
23.336223121582016 30.653559346123128
23.33570185894291 30.673647803610912
23.335180171796495 30.69373625503774
23.334658059749824 30.713824700397172
23.33413552240942 30.733913139682752
23.333612559381233 30.754001572888033
23.33308917027067 30.774090000006524
23.33256535468256 30.79417842103176
23.332041112221198 30.814266835957245
23.331516442490287 30.834355244776486
23.366736046743885 30.27226740162784
23.366226979543875 30.292356131988942
23.36571749860991 30.31244485650691
23.365207603562578 30.33253357517556
23.36469729402193 30.352622287988698
23.36418656960748 30.372710994940128
23.363675429938212 30.39279969602364
23.36316387463257 30.412888391233015
23.36265190330846 30.432977080562033
23.362139515583245 30.45306576400446
23.361626711073757 30.473154441554062
23.36111348939627 30.493243113204585
23.360599850166533 30.513331778949777
23.36008579299975 30.533420438783367
23.359571317510575 30.55350909269908
23.35905642331312 30.573597740690648
23.358541110020948 30.593686382751766
23.35802537724708 30.613775018876137
23.357509224603998 30.633863649057464
23.35699265170362 30.653952273289427
23.35647565815732 30.6740408915657
23.35595824357593 30.694129503879964
23.35544040756972 30.71421811022586
23.35492214974841 30.734306710597053
23.354403469721184 30.754395304987174
23.353884367096647 30.77448389338987
23.35336484148287 30.79457247579876
23.352844892487347 30.814661052207477
23.352324519717044 30.834749622609607
23.3879297355227 30.252565189273362
23.387425282190282 30.272654082997455
23.386920418912116 30.292742970980644
23.386415145312437 30.31283185321686
23.38590946101496 30.33292072970003
23.385403365642862 30.35300960042405
23.384896858818788 30.37309846538283
23.38438994016485 30.393187324570274
23.383882609302642 30.41327617798025
23.383374865853195 30.43336502560665
23.38286670943703 30.453453867443336
23.382358139674135 30.473542703484178
23.381849156183936 30.493631533723022
23.381339758585337 30.51372035815372
23.380829946496714 30.533809176770124
23.380319719535887 30.553897989566032
23.379809077320143 30.573986796535284
23.379298019466226 30.594075597671694
23.378786545590337 30.61416439296907
23.378274655308143 30.634253182421205
23.37776234823476 30.65434196602188
23.37724962398476 30.674430743764887
23.376736482172163 30.694519515643996
23.37622292241046 30.71460828165297
23.375708944312574 30.734697041785562
23.3751945474909 30.75478579603552
23.374679731557265 30.7748745443966
23.37416449612297 30.794963286862508
23.37364884079873 30.81505202342698
23.373132765194743 30.83514075408373
23.40811467889133 30.273037554818412
23.40761401973172 30.293126599117095
23.407112953663315 30.313215637764177
23.406611480312943 30.333304670753673
23.40610959930691 30.3533936980796
23.405607310270987 30.37348271973596
23.405104612830428 30.393571735716748
23.404601506609957 30.413660746015957
23.404097991233755 30.433749750627552
23.403594066325496 30.453838749545525
23.403089731508295 30.473927742763827
23.402584986404765 30.494016730276417
23.402079830636957 30.51410571207724
23.401574263826415 30.534194688160245
23.401068285594125 30.554283658519367
23.400561895560553 30.574372623148513
23.40005509334562 30.594461582041614
23.39954787856872 30.61455053519256
23.39904025084869 30.634639482595283
23.39853220980385 30.654728424243636
23.39802375505196 30.674817360131538
23.397514886210256 30.69490629025284
23.397005602895423 30.71499521460143
23.3964959047236 30.735084133171153
23.39598579131039 30.755173045955857
23.395475262270857 30.7752619529494
23.3949643172195 30.795350854145603
23.394452955770287 30.815439749538303
23.393941177536632 30.83552863912131
23.393428982131407 30.855617522888448
23.428307780660738 30.293507016323424
23.427810922318955 30.313596210073907
23.427313660111295 30.33368539826147
23.426815993667194 30.35377458088025
23.426317922615564 30.37386375792433
23.425819446584782 30.39395292938781
23.42532056520271 30.414042095264794
23.424821278096687 30.434131255549346
23.42432158489352 30.454220410235546
23.423821485219488 30.474309559317458
23.42332097870035 30.49439870278913
23.42282006496133 30.514487840644627
23.422318743627123 30.53457697287799
23.421817014321906 30.554666099483224
23.421314876669303 30.574755220454403
23.420812330292424 30.594844335785503
23.420309374813836 30.614933445470548
23.419806009855577 30.63502254950355
23.419302235039154 30.655111647878496
23.418798049985526 30.675200740589354
23.418293454315126 30.695289827630138
23.41778844764785 30.715378908994797
23.417283029603052 30.735467984677285
23.416777199799544 30.75555705467157
23.416270957855605 30.77564611897159
23.41576430338897 30.795735177571302
23.41525723601683 30.815824230464607
23.414749755355835 30.835913277645453
23.4142418610221 30.856002319107738
23.449001700357083 30.293884222525364
23.448509049935627 30.313973570071706
23.448015999064655 30.334062912149015
23.447522547376728 30.354152248751507
23.44702869450388 30.37424157987338
23.446534440077627 30.39433090550885
23.446039783728985 30.414420225652073
23.445544725088414 30.434509540297256
23.445049263785883 30.454598849438558
23.44455339945083 30.474688153070147
23.444057131712157 30.49477745118618
23.44356046019826 30.514866743780818
23.443063384537002 30.534956030848182
23.442565904355718 30.555045312382422
23.442068019281216 30.575134588377658
23.44156972893979 30.595223858828014
23.441071032957183 30.615313123727592
23.44057193095863 30.635402383070506
23.44007242256882 30.655491636850837
23.439572507411928 30.675580885062686
23.43907218511157 30.695670127700136
23.43857145529086 30.71575936475724
23.438070317572357 30.73584859622808
23.4375687715781 30.7559378221067
23.437066816929576 30.77602704238716
23.43656445324775 30.79611625706349
23.436061680153045 30.816205466129734
23.435558497265344 30.8362946695799
23.435054904203994 30.856383867408017
23.434550900587798 30.87647305960809
23.434046486035026 30.896562246174117
23.433541660163392 30.916651427100092
23.43303642259009 30.936740602380002
23.432024710804452 30.976918935977533
23.431011347604677 31.017097246918414
23.469695777478538 30.29425821764928
23.46920733516949 30.31434771768388
23.468718495827545 30.33443721234253
23.46822925908838 30.35452670161954
23.467739624587168 30.37461618550921
23.467249591958566 30.394705664005848
23.466759160836716 30.414795137103734
23.466268330855236 30.43488460479715
23.465777101647237 30.454974067080354
23.465285472845316 30.475063523947625
23.46479344408153 30.49515297539321
23.46430101498743 30.515242421411372
23.46380818519406 30.53533186199634
23.463314954331917 30.555421297142352
23.46282132203099 30.575510726843643
23.462327287920747 30.595600151094416
23.461832851630124 30.615689569888886
23.461338012787536 30.635778983221268
23.460842771020875 30.65586839108574
23.4603471259575 30.675957793476513
23.459851077224254 30.69604719038775
23.459354624447435 30.716136581813625
23.45885776725283 30.7362259677483
23.458360505265677 30.756315348185947
23.457862838110703 30.77640472312071
23.457364765412088 30.79649409254672
23.456866286793485 30.816583456458115
23.456367401878015 30.836672814849038
23.45586811028826 30.856762167713583
23.455368411646276 30.876851515045875
23.454868305573566 30.89694085684001
23.454367791691116 30.917030193090085
23.453866869619358 30.937119523790198
23.453365538978193 30.957208848934407
23.452863799386982 30.9772981685168
23.452361650464546 30.99738748253144
23.451859091829153 31.01747679097237
23.45135612309855 31.037566093833636
23.489905776676583 30.314718652837335
23.489421149054355 30.334808298768845
23.48893612745491 30.354897939411106
23.488450711516546 30.374987574758514
23.48796490087706 30.39507720480545
23.48747869517373 30.415166829546322
23.486992094043327 30.435256448975494
23.48650509712211 30.455346063087333
23.486017704045814 30.47543567187622
23.485529914449675 30.495525275336487
23.485041727968405 30.515614873462503
23.484553144236198 30.535704466248585
23.484064162886742 30.55579405368909
23.483574783553195 30.575883635778325
23.483085005868205 30.595973212510618
23.482594829463892 30.616062783880274
23.482104253971862 30.63615234988161
23.481613279023204 30.656241910508893
23.48112190424848 30.676331465756434
23.480630129277717 30.696421015618515
23.48013795374044 30.71651056008939
23.47964537726564 30.73660009916334
23.479152399481777 30.75668963283462
23.478659020016792 30.776779161097473
23.4781652384981 30.796868683946148
23.477671054552577 30.81695820137487
23.47717646780658 30.83704771337789
23.47668147788594 30.857137219949394
23.47618608441594 30.877226721083606
23.47569028702135 30.897316216774747
23.475194085326397 30.917405707016993
23.474697478954777 30.93749519180454
23.474200467529652 30.95758467113157
23.47370305067365 30.977674144992246
23.47320522800886 30.997763613380748
23.472706999156834 31.01785307629122
23.509643151128945 30.355265962053608
23.509161953943003 30.3753557475486
23.508680365482455 30.39544552783491
23.508198385387733 30.415535302907028
23.507716013298737 30.435625072759425
23.507233248854888 30.45571483738657
23.506750091695075 30.47580459678291
23.50626654145769 30.495894350942915
23.50578259778061 30.515984099861022
23.505298260301196 30.53607384353168
23.50481352865631 30.556163581949303
23.50432840248228 30.576253315108328
23.50384288141494 30.596343043003163
23.5033569650896 30.61643276562823
23.502870653141052 30.636522482977913
23.50238394520358 30.656612195046613
23.501896840910938 30.676701901828732
23.50140933989637 30.696791603318623
23.500921441792606 30.71688129951067
23.50043314623184 30.73697099039924
23.49994445284576 30.757060675978686
23.49945536126552 30.77715035624336
23.498965871121772 30.7972400311876
23.498475982044617 30.817329700805743
23.497985693663647 30.83741936509212
23.49749500560793 30.857509024041043
23.497003917506007 30.87759867764683
23.49651242898588 30.897688325903772
23.49602053967504 30.917777968806178
23.49552824920044 30.93786760634834
23.495035557188505 30.95795723852453
23.494542463265134 30.978046865329024
23.494048967055683 30.998136486756092
23.493555068184982 31.018226102799986
23.493060766277335 31.038315713454967
23.492566060956502 31.058405318715266
23.53035032876301 30.355630769475084
23.52987335051741 30.375720703807456
23.52939598442398 30.395810633022123
23.52891823012629 30.415900557113673
23.528440087267395 30.435990476076682
23.527961555489856 30.456080389905704
23.527482634435724 30.476170298595296
23.52700332374654 30.496260202140025
23.526523623063362 30.516350100534414
23.5260435320267 30.536439993772998
23.5255630502766 30.55652988185032
23.525082177452568 30.576619764760895
23.524600913193613 30.596709642499242
23.524119257138235 30.616799515059846
23.52363720892442 30.63688938243723
23.523154768189638 30.656979244625866
23.522671934570848 30.677069101620255
23.522188707704508 30.697158953414878
23.521705087226536 30.71724880000419
23.521221072772356 30.737338641382653
23.520736663976866 30.757428477544742
23.52025186047445 30.777518308484886
23.519766661898974 30.797608134197525
23.519281067883778 30.817697954677108
23.518795078061693 30.837787769918048
23.518308692065023 30.857877579914764
23.51782190952555 30.877967384661673
23.51733473007454 30.89805718415317
23.516847153342727 30.918146978383664
23.515382035761988 30.97841632945292
23.514892866203848 30.998506102583182
23.514403297510718 31.018595870424303
23.51391332931017 31.03868563297063
23.513422961229267 31.058775390216514
23.512932192894517 31.078865142156282
23.55105765900948 30.355992361604194
23.55058489989051 30.376082443463655
23.550111756350738 30.396172520295593
23.54963822803687 30.41626259209471
23.549164314595114 30.43635265885564
23.548690015671173 30.45644272057306
23.548215330910264 30.476532777241626
23.547740259957084 30.49662282885598
23.547264802455842 30.516712875410754
23.546788958050243 30.536802916900594
23.546312726383483 30.556892953320098
23.54583610709826 30.576982984663918
23.54535909983676 30.59707301092664
23.54488170424067 30.617163032102866
23.544403919951158 30.637253048187215
23.543925746608902 30.657343059174256
23.543447183854063 30.677433065058572
23.542968231326288 30.697523065834755
23.54248888866472 30.717613061497346
23.54200915550799 30.737703052040914
23.541529031494214 30.757793037460036
23.541048516261 30.777883017749218
23.54056760944544 30.797972992903023
23.540086310684107 30.818062962915988
23.53960461961307 30.838152927782627
23.53912253586787 30.858242887497447
23.538640059083537 30.878332842054963
23.538157188894587 30.898422791449697
23.53767392493501 30.918512735676117
23.537190266838277 30.93860267472872
23.53573692405208 30.998872460788412
23.535251685731044 31.018962379090482
23.534766051432392 31.039052292191066
23.53428002078647 31.059142200084597
23.533793593423084 31.079232102765527
23.57129660071294 30.376440966446413
23.57035837776681 30.416621407779196
23.569888693927574 30.43671162102531
23.56941862804287 30.456801829317584
23.568948179761072 30.47689203265076
23.56847734873003 30.496982231019587
23.568006134597127 30.517072424418785
23.567534537009227 30.537162612843087
23.567062555612704 30.557252796287226
23.566590190053432 30.577342974745896
23.566117439976786 30.597433148213817
23.565644305027632 30.617523316685684
23.565170784850338 30.637613480156183
23.56469687908877 30.657703638620003
23.564222587386293 30.677793792071828
23.563747909385757 30.697883940506323
23.563272844729518 30.717974083918147
23.56279739305942 30.73806422230196
23.562321554016794 30.758154355652433
23.561845327242477 30.778244483964183
23.561368712376787 30.798334607231844
23.56089170905953 30.818424725450058
23.560414316930004 30.838514838613435
23.559936535627003 30.858604946716607
23.559458364788796 30.87869504975416
23.558979804053156 30.89878514772071
23.558500853057318 30.918875240610834
23.55802151143802 30.93896532841913
23.55658113919896 30.99923556129878
23.55610023144283 31.019325628725454
23.555618931239152 31.03941569104312
23.55513723822155 31.05950574824632
23.554655152023127 31.079595800329578
23.591078677963317 30.416977004096857
23.59061322391035 30.437067362515325
23.590147391248873 30.457157716068828
23.589681179630414 30.47724806475219
23.589214588706 30.497338408560257
23.588747618126163 30.517428747487852
23.58828026754094 30.537519081529805
23.58781253659989 30.55760941068091
23.587344424952054 30.577699734936004
23.586875932245988 30.597790054289863
23.586407058129755 30.61788036873729
23.58593780225091 30.63797067827307
23.58546816425652 30.658060982891985
23.58499814379314 30.67815128258882
23.58452774050684 30.698241577358328
23.58405695404317 30.718331867195275
23.583585784047205 30.738422152094394
23.583114230163485 30.75851243205047
23.58264229203607 30.7786027070582
23.58216996930851 30.79869297711235
23.58169726162384 30.81878324220762
23.581224168624605 30.838873502338732
23.58075068995283 30.858963757500415
23.580276825250042 30.879054007687344
23.579802574157245 30.899144252894242
23.57932793631495 30.919234493115784
23.578852911363146 30.939324728346655
23.57837749894132 30.959414958581522
23.57599461212782 31.059866034629124
23.57551686728624 31.07995623477581
23.61133790318889 30.437419883255956
23.610876303932976 30.45751038075699
23.61041432916044 30.47760087347605
23.609951978525476 30.497691361408066
23.609489251681776 30.517781844547958
23.60902614828256 30.537872322890646
23.608562667980543 30.55796279643102
23.608098810427958 30.578053265164005
23.60763457527654 30.598143729084477
23.60716996217754 30.618234188187337
23.606704970781706 30.638324642467463
23.606239600739304 30.65841509191972
23.605773851700086 30.678505536539003
23.60530772331333 30.698595976320142
23.6048412152278 30.718686411258002
23.604374327091776 30.738776841347438
23.603907058553027 30.758867266583298
23.603439409258836 30.77895768696039
23.602971378855976 30.799048102473567
23.602502966990723 30.819138513117625
23.60203417330886 30.83922891888739
23.601564997455643 30.859319319777676
23.60109543907585 30.879409715783257
23.60062549781375 30.89950010689896
23.60015517331309 30.919590493119546
23.599684465217138 30.9396808744398
23.599213373168634 30.959771250854494
23.632062730408535 30.437769183178098
23.63160536473886 30.457859823312905
23.631147626993176 30.477950458753103
23.630689516828827 30.49804108949371
23.630231033902685 30.518131715529723
23.62977217787113 30.538222336856165
23.62931294839005 30.558312953468036
23.628853345114866 30.57840356536032
23.628393367700497 30.598494172528017
23.62793301580137 30.6185847749661
23.627472289071438 30.638675372669567
23.627011187164157 30.658765965633343
23.62654970973249 30.678856553852427
23.62608785642891 30.698947137321767
23.6256256269054 30.71903771603629
23.62516302081345 30.73912828999097
23.624700037804057 30.75921885918071
23.62423667752772 30.779309423600466
23.623772939634442 30.79939998324514
23.62330882377374 30.81949053810966
23.62284432959462 30.839581088188925
23.6223794567456 30.859671633477838
23.621914204874695 30.879762173971297
23.621448573629422 30.89985270966418
23.620982562656803 30.919943240551376
23.62051617160334 30.940033766627764
23.62004940011506 30.960124287888195
23.619582247837467 30.980214804327556
23.61911471441557 31.000305315940665
23.652787704214497 30.43811526221326
23.652334572310092 30.45820604366803
23.65188107177053 30.478296820514736
23.651427202256315 30.498387592748497
23.65097296342748 30.518478360364398
23.650063376463688 30.558659881723074
23.649608027646387 30.578750635456014
23.64915230814979 30.598841384551474
23.648696217631514 30.618932129004516
23.6482397557487 30.63902286881022
23.647782922158004 30.659113603963643
23.647325716515596 30.67920433445983
23.646868138477146 30.699295060293835
23.646410187697853 30.71938578146071
23.645951863832426 30.739476497955483
23.645493166535083 30.759567209773166
23.64503409545954 30.7796579169088
23.644574650259038 30.799748619357405
23.64411483058632 30.819839317113964
23.64365463609364 30.839930010173507
23.64319406643275 30.860020698531013
23.64273312125492 30.88011138218146
23.64227180021092 30.900202061119856
23.641810102951016 30.920292735341164
23.64134802912499 30.940383404840347
23.64088557838212 30.960474069612374
23.640422750371194 30.98056472965219
23.670813950836607 30.5590035811279
23.670362856656013 30.57909447538278
23.669911395256243 30.599185365086466
23.66945956629812 30.619276250234133
23.66900736944197 30.63936713082094
23.668554804347647 30.659458006842023
23.66810187067452 30.67954887829255
23.66764856808148 30.699639745167662
23.667194896226928 30.719730607462477
23.666740854768786 30.73982146517212
23.666286443364495 30.759912318291736
23.665831661671003 30.780003166816417
23.665376509344775 30.800094010741276
23.66492098604179 30.820184850061423
23.66446509141754 30.840275684771935
23.664008825127024 30.860366514867923
23.663552186824756 30.880457340344446
23.663095176164756 30.900548161196596
23.662637792800556 30.92063897741943
23.662180036385198 30.94072978900802
23.661721906571227 30.96082059595741
23.69156467014385 30.55934405161489
23.69111783077711 30.579435085072923
23.690670627651567 30.599526114065238
23.690223060431226 30.619617138587113
23.68977512877961 30.639708158633802
23.688429143865243 30.699981191875143
23.687979751114266 30.720072193973426
23.687529992242492 30.740163191572687
23.687079866910576 30.760254184668128
23.686629374778697 30.78034517325495
23.684371400192305 30.88080004839155
23.68391870009734 30.900891009825628
23.683465630810122 30.92098196671736
23.711872948642945 30.5797724644594
23.711430003967347 30.59986363142069
23.709654615619776 30.680228255362547
23.708319274873386 30.740501677089608
23.707873435791484 30.76059280883472
23.70563878397605 30.861048401119124
23.70519075996556 30.88113950625473
23.704742370614962 30.90123060693886
23.7042936155843 30.92132170316677
23.7299907284638 30.700654370521946
23.750335180140624 30.721077515889615
