# successful candidates for region at (81.41492658930581, -24.810546207687782) and radius 1.0
80.9246394179586 -24.591425932916163
80.9246633358416 -24.585334811400692
80.99346314991266 -24.54899586248546
80.99356575515986 -24.51854012373421
80.9935862607133 -24.51244897594907
80.99366823131422 -24.488084384692304
80.9936887110673 -24.481993236849075
81.00030860337428 -24.555106069275716
81.00032880540084 -24.549014919166122
81.00042973927386 -24.518559168449197
81.00044991080486 -24.51246801827205
81.00049023863288 -24.500285717884008
81.00051039493225 -24.494194567673127
81.00053054615681 -24.488103417451004
81.00055069230774 -24.48201226721765
81.00057083338622 -24.47592111697307
81.00063122619896 -24.457647666171972
81.00729372545972 -24.518577900382766
81.00731356296752 -24.512486747852897
81.00739286306737 -24.48812213762465
81.00741267561536 -24.482030985040424
81.00743248317488 -24.47593983244533
81.00745228574715 -24.46984867983938
81.00747208333331 -24.463757527222572
81.00749187593455 -24.45766637459492
81.00751166355201 -24.451575221956414
81.01415771368316 -24.518596319534552
81.01417721716699 -24.512505164691238
81.0141967157406 -24.50641400983741
81.01427466095592 -24.48204939031702
81.01429413499574 -24.475958235410666
81.0210025296235 -24.524705583011507
81.02102170390987 -24.5186144259042
81.02104087336897 -24.512523268786733
81.02106003800193 -24.506432111659105
81.02107919780991 -24.500340954521327
81.02113664829524 -24.482067483047093
81.02115578881457 -24.475976325868725
81.02777258385849 -24.55517917539928
81.02784801100769 -24.530814538166606
81.02788569610551 -24.51863221949136
81.02790453153915 -24.51254106013902
81.02792336223074 -24.50644990077688
81.03462004986937 -24.561287830865968
81.03463858391311 -24.555196669384358
81.03473118416937 -24.52474086183414
81.03474969023581 -24.51864970029568
81.03476819164325 -24.51255853874776
81.03478668839271 -24.506467377190372
81.04161368626646 -24.51866686831683
81.04163185364696 -24.51257570461261
81.04847768416316 -24.518683723554474
81.04851334637912 -24.506501391903203
81.0486736042823 -24.451680899037772
81.04869138830588 -24.445589733119977
81.05499077061208 -24.640523622206118
81.05500835826811 -24.634432454476986
81.05504352030182 -24.622250118993183
81.05514890025107 -24.585703112337566
81.0551664481064 -24.579611944531873
81.05518399154467 -24.57352077671769
81.05520153056685 -24.56742960889502
81.0555164790066 -24.457788586637967
81.05553393432112 -24.45169741865447
81.05555138524034 -24.445606250662525
81.06186147040818 -24.640539892712074
81.06187872234918 -24.634448722938075
81.06189596994818 -24.628357553155883
81.06191321320625 -24.6222663833655
81.06198214284935 -24.59790170412208
81.06199936441796 -24.591810534290772
81.06201658165175 -24.58571936445129
81.06203379455174 -24.579628194603625
81.06205100311897 -24.573537024747786
81.06206820735443 -24.567445854883786
81.06222285071294 -24.51262532574053
81.06239426614991 -24.4517136259188
81.06241138396406 -24.44562245589193
81.06873217198076 -24.640555849646564
81.06874908820603 -24.634464677867104
81.06876600017381 -24.62837350607977
81.06883360549011 -24.604008818851682
81.0688504961855 -24.597917647024982
81.06886738262942 -24.591826475190423
81.06888426482288 -24.585735303348002
81.06890114276686 -24.579644131497716
81.06891801646238 -24.57355295963958
81.06893488591045 -24.567461787773585
81.06895175111204 -24.561370615899737
81.06923781079853 -24.45782069284525
81.06925459973449 -24.451729520830472
81.06927138444294 -24.445638348807883
81.06928816492487 -24.439547176777495
81.07561945580413 -24.634480319263773
81.07563603214003 -24.628389145510692
81.07566917229677 -24.61620679798184
81.07568573611958 -24.610115624206063
81.07570229577331 -24.604024450422735
81.07571885125898 -24.597933276631842
81.07573540257754 -24.591842102833397
81.07575194972999 -24.585750929027398
81.07576849271732 -24.579659755213846
81.07578503154049 -24.57356858139275
81.07580156620048 -24.567477407564105
81.0758180966983 -24.561386233727912
81.0758346230349 -24.555295059884184
81.07608201940468 -24.46392745132482
81.076098479295 -24.45783627736074
81.07611493504072 -24.45174510338916
81.07613138664281 -24.445653929410074
81.08247358031706 -24.640586822799918
81.08248982510892 -24.634495647127764
81.0825060658123 -24.628404471448352
81.08252230242812 -24.622313295761668
81.08253853495737 -24.616222120067725
81.08257098776 -24.604039768658065
81.08258720803528 -24.597948592942352
81.08260342422786 -24.591857417219387
81.08261963633866 -24.58576624148917
81.08263584436867 -24.579675065751708
81.08265204831885 -24.573583890006994
81.08266824819015 -24.56749271425504
81.08268444398352 -24.561401538495844
81.08270063569995 -24.55531036272941
81.08271682334039 -24.54921918695574
81.08294302286407 -24.46394272536569
81.08295914947958 -24.457851549483735
81.0829752720344 -24.45176037359457
81.08934428701163 -24.640601839018178
81.08936019608586 -24.634510661458794
81.08937610115606 -24.62841948389244
81.0893920022232 -24.622328306319123
81.08940789928822 -24.616237128738835
81.08942379235204 -24.61014595115159
81.08943968141563 -24.604054773557387
81.08945556647993 -24.597963595956223
81.08947144754588 -24.5918724183481
81.08948732461441 -24.58578124073303
81.08950319768648 -24.579690063111002
81.08951906676303 -24.573598885482024
81.089534931845 -24.567507707846104
81.08955079293334 -24.561416530203235
81.08956665002896 -24.55532535255342
81.08958250313283 -24.54923417489667
81.08966170880868 -24.518778286508873
81.08980402797802 -24.463957686974535
81.0898198213181 -24.457866509213925
81.0898513960689 -24.445684153671984
81.09623056870036 -24.634525362256564
81.09624613813679 -24.628434182842675
81.09626170365462 -24.622343003422117
81.09627726525478 -24.61625182399488
81.09630837670578 -24.604069465120396
81.09632392655845 -24.597978285673154
81.09633947249715 -24.591887106219247
81.09635501452281 -24.585795926758674
81.09637055263633 -24.57970474729144
81.09638608683863 -24.57361356781755
81.09640161713067 -24.567522388336997
81.09641714351332 -24.561431208849793
81.09643266598754 -24.55534002935593
81.0964481845542 -24.549248849855424
81.09646369921428 -24.543157670348265
81.0965102197641 -24.52488413178691
81.0965412139478 -24.512701772712802
81.09664957075455 -24.47006351574447
81.09666503471233 -24.46397233615106
81.09668049477636 -24.457881156551025
81.09669595094755 -24.451789976944376
81.10310094291789 -24.634539749520794
81.10311617671994 -24.628448568298772
81.10313140668785 -24.622357387070366
81.10317707359592 -24.60408384334682
81.10319228823637 -24.59799266209287
81.10320749904724 -24.591901480832533
81.1032227060294 -24.585810299565825
81.10323790918376 -24.57971911829274
81.10325310851123 -24.573627937013274
81.1032683040127 -24.567536755727435
81.10328349568908 -24.56144557443523
81.10329868354127 -24.55535439313665
81.10331386757017 -24.549263211831704
81.10332904777668 -24.543172030520395
81.1033442241617 -24.53708084920272
81.10335939672612 -24.530989667878686
81.10337456547087 -24.524898486548288
81.10352604303282 -24.46398667289498
81.10354116982019 -24.457895491494764
81.10997131870388 -24.634553823251196
81.10998621687095 -24.628462640260445
81.11000111128837 -24.622371457263593
81.11001600195702 -24.616280274260625
81.11003088887779 -24.610189091251552
81.11004577205156 -24.604097908236373
81.11006065147922 -24.598006725215082
81.11007552716164 -24.591915542187696
81.11009039909972 -24.585824359154202
81.11010526729434 -24.579733176114612
81.11012013174637 -24.573641993068925
81.11013499245671 -24.56755081001715
81.11014984942624 -24.56145962695927
81.11016470265581 -24.555368443895297
81.11017955214633 -24.549277260825242
81.11019439789868 -24.543186077749098
81.11020923991373 -24.53709489466686
81.11022407819237 -24.531003711578546
81.11023891273547 -24.524912528484148
81.11025374354392 -24.518821345383667
81.1102982135701 -24.500547796045765
81.11038705290527 -24.46400069720603
81.11687081742164 -24.622385214001522
81.11688537262366 -24.616294029269774
81.11689992416224 -24.610202844532193
81.11691447203822 -24.60411165978878
81.1169290162525 -24.598020475039533
81.11694355680591 -24.591929290284448
81.11695809369932 -24.58583810552354
81.11697262693363 -24.5797469207568
81.11698715650965 -24.573655735984236
81.11700168242828 -24.567564551205848
81.11701620469034 -24.56147336642164
81.11703072329674 -24.55538218163161
81.11704523824831 -24.54929099683576
81.11705974954593 -24.543199812034096
81.11707425719044 -24.537108627226615
81.11708876118271 -24.531017442413315
81.1171032615236 -24.52492625759422
81.11711775821398 -24.518835072769303
81.11716122639056 -24.500561518259715
81.11717570848742 -24.49447033341158
81.12375474478796 -24.61630747086275
81.12376896094378 -24.61021628443605
81.12378317352142 -24.604125098003774
81.12379738252174 -24.598033911565935
81.12381158794558 -24.59194272512253
81.12382578979377 -24.58585153867356
81.12383998806717 -24.57976035221903
81.12385418276664 -24.573669165758936
81.12386837389298 -24.567577979293286
81.12388256144705 -24.561486792822077
81.12389674542969 -24.55539560634531
81.12391092584176 -24.549304419862995
81.12392510268405 -24.543213233375127
81.12393927595748 -24.53712204688171
81.12395344566282 -24.531030860382746
81.12396761180095 -24.524939673878233
81.12398177437267 -24.51884848736817
81.12403838901255 -24.494483741272525
81.12415144736062 -24.445754248815582
81.13061023414832 -24.622411787110426
81.1306241184154 -24.616320599039295
81.13063799918791 -24.610229410962848
81.13065187646666 -24.604138222881097
81.13066575025248 -24.59804703479404
81.13067962054619 -24.591955846701676
81.13069348734861 -24.585864658604006
81.13070735066057 -24.579773470501035
81.13072121048289 -24.57368228239276
81.1307350668164 -24.567591094279184
81.13074891966193 -24.561499906160318
81.13076276902028 -24.55540871803615
81.13077661489227 -24.54931752990669
81.13079045727872 -24.543226341771934
81.13080429618049 -24.53713515363189
81.13081813159836 -24.531043965486557
81.13083196353314 -24.52495277733593
81.13084579198569 -24.518861589180023
81.13097009149256 -24.464040895539213
81.13099767536946 -24.451858519116577
81.13101146209884 -24.44576733089735
81.13102524535661 -24.43967614267287
81.13749349347147 -24.616333413799147
81.13752058083944 -24.604151034420497
81.1375341194102 -24.598059844723597
81.13756118632936 -24.585877465314624
81.13757471467936 -24.579786275602565
81.13758823962401 -24.57369508588546
81.13760176116416 -24.56760389616331
81.13761527930059 -24.56151270643611
81.13762879403409 -24.555421516703866
81.13764230536547 -24.549330326966583
81.13765581329557 -24.543239137224262
81.13766931782513 -24.537147947476896
81.13768281895499 -24.5310567577245
81.13769631668592 -24.52496556796706
81.13770981101875 -24.518874378204593
81.13772330195427 -24.51278318843709
81.137831107231 -24.464053670116094
81.13787147825067 -24.445780100662866
81.1378849284807 -24.439688910835095
81.13789837532376 -24.433597721002315
81.1444288867016 -24.585889958805165
81.14444208008909 -24.57979876752338
81.14445527015556 -24.573707576236785
81.1444684569018 -24.567616384945392
81.14448164032862 -24.561525193649203
81.14449482043676 -24.555434002348214
81.14450799722704 -24.549342811042433
81.1445211707002 -24.543251619731855
81.14453434085705 -24.537160428416485
81.14454750769836 -24.531069237096325
81.14456067122492 -24.524978045771377
81.1447446129837 -24.439701366720033
81.14475772688236 -24.433610175323416
81.15132230204311 -24.573719753446493
81.15133515399495 -24.5676285606252
81.15137369044253 -24.54935498213399
81.15822687727112 -24.555458034565838
81.16511725089732 -24.543287189583875
