# successful candidates for region at (134.10069882919456, -15.433588250122474) and radius 1.0
134.15534024140976 -14.96769443992267
134.15533862397783 -14.961413202165206
134.161818762224 -14.97397401182061
134.16829766714793 -14.980253396735385
134.1682916625797 -14.961409685186513
134.17477476161346 -14.980251357725939
134.17477037428793 -14.967688884025941
134.1747681817083 -14.961407647175614
134.17476598985053 -14.955126410325075
134.18125424260006 -14.986530368763853
134.18125185594874 -14.980249132277528
134.18124708500224 -14.967686659304128
134.1812447007068 -14.961405422817046
134.18124231719636 -14.955124186329712
134.18123993447085 -14.948842949842126
134.18772121956383 -14.961403012110852
134.207172855075 -15.005363305006115
134.2201038113294 -14.961388163366705
134.24600128238708 -14.948810467753942
134.24599268940162 -14.936248005386261
134.25249538565907 -14.973931116903222
134.2524819061689 -14.955087425454316
134.25247741596408 -14.94880619496955
134.2524729272382 -14.942524964483875
134.25246843999093 -14.936243733997307
134.25246395422215 -14.92996250350983
134.25245498711885 -14.91740004253219
134.25898166317245 -14.986489114423286
134.25897697366557 -14.980207884671675
134.2589722857019 -14.97392665491908
134.25896759928128 -14.967645425165509
134.25896291440336 -14.961364195410951
134.25895823106796 -14.955082965655418
134.2589535492748 -14.948801735898906
134.25894886902364 -14.942520506141413
134.25894419031428 -14.936239276382942
134.2589395131464 -14.929958046623495
134.25893483751977 -14.923676816863061
134.26546382969912 -14.992765693504609
134.26545894668166 -14.98648446451315
134.26545406527092 -14.980203235520628
134.26544918546654 -14.973922006527046
134.26544430726833 -14.967640777532397
134.26543943067597 -14.961359548536691
134.26543455568924 -14.955078319539917
134.26542968230785 -14.948797090542088
134.2654248105316 -14.942515861543196
134.2654199403602 -14.936234632543242
134.2654150717934 -14.929953403542225
134.2654102048309 -14.923672174540153
134.2654053394725 -14.917390945537017
134.2654004757179 -14.911109716532824
134.26539561356685 -14.90482848752757
134.27196162152626 -15.017885769132025
134.27194638153978 -14.999042084536846
134.27194130488536 -14.992760856336153
134.27193622990103 -14.986479628134308
134.27193115658653 -14.980198399931322
134.27192608494158 -14.973917171727182
134.27192101496593 -14.967635943521897
134.27191594665925 -14.961354715315462
134.27191088002135 -14.955073487107885
134.27190581505192 -14.948792258899154
134.2719007517507 -14.942511030689278
134.27189569011742 -14.93622980247826
134.2718906301518 -14.929948574266097
134.2718855718536 -14.92366734605279
134.27188051522253 -14.917386117838335
134.27843459102408 -15.011599514806532
134.2784293188724 -15.005318287428466
134.27842404845453 -14.999037060049156
134.2784187797702 -14.992755832668614
134.27841351281913 -14.98647460528683
134.27840824760105 -14.980193377903817
134.27840298411567 -14.973912150519558
134.2783977223627 -14.967630923134072
134.2783924623419 -14.961349695747339
134.27838720405296 -14.95506846835938
134.2783819474956 -14.94878724097018
134.27837669266955 -14.94250601357975
134.27837143957456 -14.936224786188086
134.2783661882103 -14.929943558795186
134.2783609385765 -14.923662331401053
134.28490717756713 -15.00531307556064
134.2849017150563 -14.999031849032022
134.28489625434224 -14.992750622502074
134.28489079542456 -14.986469395970795
134.28488533830304 -14.980188169438192
134.2848798829774 -14.973906942904252
134.2848744294473 -14.967625716368989
134.28486897771248 -14.961344489832403
134.28486352777267 -14.955063263294488
134.28485807962755 -14.948782036755242
134.28485263327684 -14.942500810214673
134.28484718872025 -14.936219583672779
134.29138503593734 -15.005307677132981
134.2913793813337 -14.999026451485502
134.29137372859003 -14.992745225836597
134.29136242868114 -14.980182774534516
134.2913511362083 -14.96762032322674
134.29134549275966 -14.961339097570717
134.2913398511691 -14.955057871913276
134.2913342114364 -14.948776646254405
134.29132857356117 -14.942495420594122
134.29132293754319 -14.936214194932415
134.2978570472754 -14.999020867409687
134.29785120250222 -14.992739642672275
134.29783367971828 -14.973895968450897
134.29782784263438 -14.967614743707394
134.29782200747206 -14.96133351896237
134.29781617423097 -14.955052294215825
134.2978103429108 -14.948771069467766
134.30430454871413 -14.96760897781103
134.3042985218383 -14.961327754007435
134.3042924969468 -14.955046530202225
134.30428647403934 -14.94876530639539
134.31077503584697 -14.96132180270601
134.31076881930528 -14.955040579872547
