# successful candidates for region at (112.70009226645901, 35.53862780548133) and radius 1.0
112.57980723489392 35.003272626800424
112.5797979749091 35.00954249264254
112.58733532796877 34.997010009422546
112.58732664908467 35.003279876196046
112.58731796797 35.00954974296809
112.587309284624 35.01581960973868
112.5872658343991 35.04716894356976
112.5948541647329 34.997016790143306
112.5948460645707 35.00328665778653
112.59483796232666 35.0095565254285
112.59482985800008 35.0158263930692
112.59482175159032 35.02209626070864
112.59481364309669 35.0283661283468
112.5948055325185 35.0346359959837
112.5947974198551 35.040905863619315
112.5947893051058 35.047175731253674
112.6023654812656 35.0032929715717
112.60235795789266 35.00956284002359
112.60235043258598 35.015832708474385
112.60234290534494 35.02210257692408
112.60233537616892 35.02837244537269
112.60232784505727 35.03464231382019
112.6023203120094 35.04091218226661
112.60231277702465 35.047182050711925
112.6099057218833 34.984489209940385
112.60989184180005 34.99702894834863
112.60988489908301 35.003298817551354
112.60987795458162 35.009568686753155
112.60987100829526 35.01583855595401
112.60986406022339 35.02210842515394
112.6098571103654 35.02837829435294
112.60985015872075 35.03464816355101
112.60984320528881 35.040918032748145
112.60983625006905 35.04718790194433
112.60982929306088 35.05345777113961
112.6098223342637 35.05972764033393
112.60981537367695 35.06599750952734
112.61742340501328 34.98449458604556
112.61741704428914 34.990764455939605
112.61741068193042 34.99703432583286
112.61740431793659 35.003304195725335
112.61739795230712 35.009574065617024
112.61739158504149 35.01584393550794
112.61738521613917 35.02211380539806
112.61737884559963 35.0283836752874
112.61737247342234 35.03465354517597
112.61736609960677 35.040923415063745
112.6173597241524 35.04719328495074
112.61735334705868 35.05346315483695
112.6173469683251 35.05973302472238
112.6173405879511 35.06600289460701
112.62493530679404 34.99076936504837
112.62492952301018 34.99703923557124
112.62492373773992 35.00330910609348
112.62491795098275 35.00957897661506
112.62491216273823 35.01584884713599
112.62490637300583 35.02211871765629
112.62490058178511 35.02838858817593
112.62489478907555 35.034658458694935
112.62488899487671 35.04092832921327
112.62488319918809 35.04719819973097
112.6248774020092 35.05346807024803
112.62487160333956 35.05973794076443
112.6248658031787 35.06600781128019
112.63244315840666 35.00331354865565
112.63243795052213 35.009583419747116
112.63243274129901 35.01585329083805
112.63242753073689 35.02212316192847
112.6324223188353 35.02839303301837
112.63241710559383 35.03466290410773
112.63241189101204 35.04093277519659
112.63240667508951 35.047202646284894
112.63240145782578 35.05347251737269
112.63239623922043 35.05974238845996
112.63239101927303 35.0660122595467
112.63238057535034 35.07855200171863
112.63996257985045 35.00331752341172
112.63995795083886 35.00958739501306
112.63995332063746 35.01585726661398
112.6399486892459 35.02212713821448
112.63994405666374 35.02839700981459
112.63993942289065 35.03466688141427
112.63993478792622 35.040936753013526
112.63993015177007 35.047206624612386
112.6399255144218 35.05347649621083
112.63992087588103 35.05974636780885
112.63991623614741 35.06601623940646
112.6399115952205 35.07228611100366
112.63990695309994 35.078555982600435
112.6474820019849 35.00332103036158
112.6474779518465 35.00959090241278
112.6474739006671 35.01586077446366
112.64746984844635 35.02213064651423
112.64746579518392 35.02840051856449
112.64746174087946 35.03467039061441
112.64745768553266 35.04094026266404
112.64745362914316 35.04721013471333
112.64744957171062 35.05348000676231
112.64744551323473 35.059749878810976
112.6474414537151 35.06601975085932
112.64743739315145 35.072289622907356
112.65499795345868 35.00959394194618
112.6549944813015 35.015863814387
112.65499100825181 35.022133686827594
112.65498753430933 35.02840355926794
112.65498405947376 35.034673431708065
112.6549805837448 35.04094330414796
112.65497710712218 35.04721317658761
112.6549736296056 35.05348304902705
112.65497015119479 35.05975292146624
112.65496667188945 35.06602279390519
112.66252952069605 34.984517022528586
112.66252084798029 35.00332664084225
112.66251795558897 35.00959651361316
112.66251506245422 35.0158663863839
112.6625121685758 35.02213625915447
112.66250927395345 35.028406131924896
112.66250637858694 35.03467600469514
112.66250348247607 35.04094587746524
112.66250058562052 35.047215750235175
112.66249768802012 35.053485623004946
112.6624947896746 35.05975549577455
112.6624918905837 35.066025368544
112.670037958151 35.00959861741366
112.67003564403882 35.015868490454295
112.67003332933183 35.022138363494825
112.67003101402979 35.02840823653525
112.67002869813254 35.034678109575566
112.67002638163987 35.04094798261579
112.6700240645516 35.04721785565591
112.67002174686752 35.05348772869593
112.67001942858744 35.05975760173583
112.6700171097112 35.06602747477564
112.67757528745437 34.94690152083936
112.67755796105833 35.009600253347614
112.6775562259689 35.015870126598124
112.67755449043345 35.02213999984857
112.67755275445187 35.02840987309896
112.67755101802399 35.03467974634928
112.67754928114968 35.040949619599566
112.67754754382878 35.047219492849784
112.67754406784668 35.059759239350036
112.6775423291852 35.06602911260008
112.67753711051719 35.084838732349844
112.68509296609233 34.928093067207996
112.68509181388012 34.93436294060868
112.68508258552136 34.98452192781329
112.68507796422459 35.00960142141496
112.68507680815797 35.015871294815334
112.68507449513314 35.02841104161596
112.68507333817473 35.03468091501624
112.68507218091888 35.04095078841649
112.68507102336548 35.04722066181672
112.68506870736564 35.05976040861711
112.69260603062799 34.92182389275245
112.69260545565582 34.928093766242725
112.6926031542901 34.953173260203755
112.69259565849828 35.0346816155764
112.69259508086094 35.040951489066565
112.6925945030751 35.04722136255672
112.6925892963111 35.1036502239678
112.7001179512243 34.946903618749886
112.70011798088927 35.040951721549746
112.70011798485325 35.053491468589726
112.700117986836 35.05976134210972
112.70011798881927 35.06603121562971
112.70011799080305 35.07230108914969
112.7076321725951 34.94690338351912
112.70763275210642 34.95317325700896
112.70764029931753 35.03468161237628
112.70764088091732 35.04095148586603
112.70764146266663 35.04722135935577
112.70764204456555 35.0534912328455
112.70764320881231 35.06603097982496
112.71514870827372 34.95944242782078
112.71516261964018 35.034680908616
112.71516378085849 35.04095078201543
112.71516494237537 35.04722065541484
112.71516842871836 35.0660302756129
112.7226936484507 35.06602910299355
112.73021654507984 35.05975758892877
112.73021886792262 35.066027461966925
112.73774408704743 35.06602535253311
112.73774699085148 35.07229522530034
112.73774989540236 35.0785650980674
112.73775280070036 35.0848349708343
112.74527278990615 35.07229264712839
112.74527627497 35.078562519564414
112.74527976093029 35.084832392000216
112.75280265401673 35.07855947253407
