# successful candidates for region at (279.63353561394825, 41.24436610434682) and radius 1.0
280.0951743665895 41.271322382156136
280.09535308747695 41.29658694148203
280.1034635274126 41.264972665553174
280.10350898273566 41.27128880081029
280.10355445066295 41.277604936034024
280.1040098242163 41.34076628643359
280.1117973288482 41.264938488092085
280.1118435902324 41.27125461861104
280.1118898644442 41.277570749095446
280.1122141435104 41.32178366151747
280.11226052051865 41.32809979172491
280.1123069103983 41.334415921897666
280.1123533131542 41.34073205203575
280.1123997287913 41.347048182139105
280.1124461573144 41.35336431220775
280.1125390530384 41.36599657224083
280.11258552024896 41.372312702205214
280.112771518196 41.39757722171492
280.1206023837966 41.32806496522599
280.1206495819724 41.33438109056516
280.1206967932488 41.340697215868396
280.12074401763084 41.34701334113572
280.1207912551234 41.35332946636709
280.1208385057315 41.35964559156252
280.1208857694601 41.36596171672197
280.1209330463141 41.37227784184543
280.1209803362986 41.378593966932904
280.12102763941846 41.38491009198435
280.12107495567875 41.39122621699978
280.12112228508437 41.39754234197918
280.12870440544197 41.29644893445882
280.1288002985795 41.309081175636976
280.12884826510304 41.31539729617042
280.1288962449364 41.32171341666674
280.12894423808467 41.32802953712595
280.1289922445529 41.33434565754802
280.1290402643461 41.34066177793292
280.12908829746925 41.346977898280656
280.1291363439275 41.35329401859122
280.1291844037259 41.35961013886458
280.1292324768694 41.365926259100725
280.1292805633632 41.37224237929966
280.12932866321216 41.378558499461334
280.12937677642157 41.38487461958575
280.12942490299633 41.39119073967291
280.13709095959234 41.30272904535641
280.13713972020315 41.3090451609314
280.13718849434275 41.31536127646804
280.1372372820164 41.321677391966304
280.137286083229 41.327993507426186
280.1373348979858 41.33430962284767
280.1373837262919 41.34062573823073
280.13743256815246 41.34694185357536
280.1374814235726 41.35325796888155
280.1375302925574 41.35957408414927
280.1375791751121 41.365890199378526
280.13762807124175 41.372206314569276
280.1376769809515 41.378522429721535
280.1377259042465 41.38483854483527
280.13777484113194 41.39115465991045
280.13782379161296 41.397470774947095
280.1454295645416 41.30269243438183
280.14557830980243 41.321640765751056
280.14562791907554 41.327956876128134
280.1456775421171 41.33427298646554
280.14572717893225 41.34058909676324
280.1457768295263 41.346905207021244
280.14582649390445 41.3532213172395
280.14587617207184 41.35953742741802
280.14592586403376 41.36585353755679
280.14597556979544 41.37216964765576
280.14602528936206 41.37848575771495
280.14607502273884 41.38480186773433
280.1461247699311 41.39111797771388
280.146174530944 41.39743408765359
280.1462243057828 41.403750197553464
280.1532651737839 41.23949416655919
280.15331540968947 41.245810272301384
280.15336565951907 41.25212637800279
280.1538185354383 41.30897132747786
280.1538689247985 41.31528743277062
280.1539193281408 41.321603538022416
280.1539697454704 41.32791964323324
280.15402017679276 41.33423574840309
280.15407062211307 41.34055185353193
280.15412108143664 41.346867958619754
280.1541715547688 41.35318406366654
280.1542220421149 41.35950016867227
280.1542725434801 41.365816273636945
280.1543230588698 41.37213237856053
280.15437358828933 41.37844848344302
280.154424131744 41.3847645882844
280.154474689239 41.39108069308464
280.1545252607799 41.397396797843726
280.1545758463718 41.403712902561665
280.1546264460202 41.410029007238414
280.15467705973026 41.41634511187397
280.161493658524 41.22682420429934
280.161595698205 41.23945640544483
280.1616467392557 41.24577250595445
280.1616977944536 41.252088606421985
280.16215792874226 41.308933508732814
280.1622091257068 41.315249608778494
280.16226033687747 41.32156570878189
280.16231156225973 41.327881808743
280.1623628018589 41.33419790866179
280.16241405568024 41.34051400853826
280.1624653237294 41.34683010837238
280.16251660601165 41.35314620816414
280.16256790253226 41.35946230791352
280.1626192132968 41.36577840762051
280.1626705383106 41.37209450728509
280.162721877579 41.378410606907245
280.16277323110745 41.38472670648696
280.16282459890135 41.3910428060242
280.1628759809661 41.39735890551897
280.16292737730714 41.403675004971255
280.1629787879298 41.40999110438102
280.1630302128396 41.416307203748254
280.1630816520419 41.422623303072946
280.16992621292326 41.23941804390321
280.16997805911495 41.245734139097095
280.17002991967706 41.25205023424755
280.1704973122989 41.30889508864425
280.1705493168637 41.315211183359416
280.1706013358587 41.32152727803097
280.1706533692894 41.32784337265888
280.1707054171613 41.33415946724313
280.1707574794798 41.34047556178373
280.1708095562504 41.34679165628061
280.1708616474786 41.353107750733805
280.1709137531698 41.35942384514326
280.1709658733295 41.365739939508984
280.17101800796326 41.37205603383094
280.1710701570765 41.37837212810912
280.1711223206747 41.384688222343506
280.1711744987633 41.39100431653409
280.1712266913479 41.397320410680834
280.17127889843397 41.40363650478375
280.17133112002693 41.40995259884279
280.1713833561323 41.41626869285795
280.17143560675567 41.42258478682922
280.17148787190246 41.428900880756565
280.17825671778553 41.239379081935866
280.17830936911423 41.2456951717308
280.17878388844224 41.302539977867454
280.1788366859544 41.308856067213675
280.1788894981153 41.315172156514926
280.1789423249306 41.32148824577118
280.1789951664056 41.32780433498243
280.17904802254617 41.33412042414867
280.1791008933576 41.34043651326986
280.17915377884555 41.34675260234599
280.1792066790155 41.35306869137704
280.1792595938732 41.359384780363015
280.179312523424 41.365700869303865
280.17936546767356 41.37201695819959
280.1794184266275 41.37833304705018
280.1794714002912 41.38464913585559
280.1795243886705 41.39096522461582
280.1795773917707 41.39728131333086
280.1796304095976 41.40359740200067
280.1796834421567 41.40991349062525
280.1797364894536 41.41622957920457
280.17978955149385 41.42254566773862
280.1865872126389 41.23933951954432
280.18664066910037 41.24565560385714
280.1872296693079 41.315132528246544
280.18733695345446 41.327764695715196
280.18739061785936 41.334080779379924
280.1874442971596 41.34039686299821
280.18749799136066 41.34671294657006
280.1875517004683 41.35302903009544
280.1876054244882 41.35934511357434
280.18765916342585 41.36566119700674
280.18771291728706 41.37197728039261
280.1877666860774 41.37829336373196
280.18782046980255 41.384609447024744
280.18787426846814 41.39092553027095
280.1879280820799 41.39724161347057
280.18798191064343 41.40355769662357
280.18803575416445 41.40987377972995
280.1880896126485 41.416189862789665
280.18814348610147 41.42250594580273
280.1881973745289 41.42882202876911
280.19524349258086 41.27719582850105
280.1952978444949 41.28351190696279
280.1953522114828 41.28982798537685
280.1954065935504 41.296144063743206
280.19546099070317 41.30246014206184
280.1955698302877 41.315092298555854
280.195733202947 41.33404053293847
280.19578769073166 41.34035661097035
280.1958421936417 41.34667268895439
280.1958967116827 41.35298876689054
280.1959512448605 41.35930484477881
280.1960057931808 41.365620922619165
280.19606035664935 41.37193700041158
280.1961149352719 41.37825307815605
280.19616952905415 41.38456915585255
280.19622413800187 41.39088523350105
280.19627876212076 41.39720131110156
280.19633340141667 41.40351738865404
280.1963880558953 41.409833466158474
280.1964427255624 41.41614954361486
280.19649741042366 41.422465621023136
280.2034134176441 41.258206812644836
280.2034685301644 41.264522885596755
280.20352365796504 41.27083895849961
280.2035788010516 41.27715503135339
280.20363395942996 41.283471104158075
280.2036891331059 41.289787176913656
280.20374432208513 41.2961032496201
280.20379952637353 41.3024193222774
280.2038547459768 41.30873539488552
280.2039652311513 41.32136753995417
280.20402049673413 41.32768361241466
280.204075777655 41.333999684825905
280.2041310739199 41.340315757187895
280.2041863855344 41.34663182950057
280.20424171250454 41.35294790176397
280.20429705483593 41.35926397397802
280.2043524125345 41.36558004614274
280.20440778560607 41.371896118258086
280.20446317405646 41.37821219032406
280.2045185778915 41.38452826234061
280.204573997117 41.39084433430776
280.20462943173874 41.397160406225446
280.2047403471945 41.40979254991244
280.20479582804023 41.41610862168169
280.2048513243056 41.422424693401425
280.20490683599644 41.428740765071616
280.20507346368055 41.44768897978477
280.20518462603815 41.46032112267881
280.21180221589157 41.26448149900662
280.2118581497051 41.27079756617199
280.2119140990281 41.27711363328685
280.21197006386643 41.28342970035117
280.212026044226 41.28974576736493
280.21208204011253 41.2960618343281
280.21213805153207 41.302377901240675
280.2121940784904 41.30869396810263
280.2124183418295 41.33395823504387
280.21247444657007 41.340274301652435
280.2125305668848 41.34659036821025
280.21258670277956 41.35290643471732
280.21264285426025 41.35922250117361
280.2126990213327 41.36553856757909
280.2127552040029 41.37185463393376
280.2128114022767 41.37817070023758
280.2128676161601 41.38448676649056
280.21292384565896 41.39080283269265
280.2130363515267 41.403434964944125
280.21320522759225 41.42238316293924
280.2132615509082 41.42869922883564
280.2134306148216 41.447647426218644
280.22013589097986 41.26443951166582
280.220192630802 41.27075557301043
280.22024938635695 41.27707163430306
280.22030615765084 41.28338769554369
280.2203629446896 41.28970375673229
280.2204197474791 41.29601981786884
280.22047656602535 41.30233587895332
280.2205334003343 41.308651939985715
280.22059025041193 41.31496800096598
280.22087473753874 41.34654830508505
280.2209316823537 41.35286436575225
280.22098864297914 41.35918042636719
280.22104561942103 41.36549648692987
280.2211596197782 41.37812860789831
280.2212166437055 41.38444466830404
280.2212736834732 41.39076072865741
280.2213307390874 41.39707678895841
280.221387810554 41.403392849207
280.22144489787917 41.409708909403186
280.22150200106876 41.41602496954693
280.22155912012886 41.42234102963822
280.2216162550655 41.428657089677024
280.2216734058847 41.43497314966333
280.2217305725924 41.44128920959712
280.22184495369766 41.45392132930704
280.2283545114689 41.25176481253449
280.22841202540036 41.25808086808196
280.22846955527615 41.264396923575994
280.22852710110226 41.27071297901658
280.2285846628848 41.2770290344037
280.22864224062977 41.283345089737324
280.2286998343432 41.289661145017426
280.2287574440311 41.29597720024399
280.2288150696996 41.302293255416984
280.2288727113546 41.308609310536426
280.22933442083837 41.35913774956047
280.2293922066452 41.36545380419674
280.22950782640646 41.37808591330787
280.2296813765088 41.397034076570804
280.22973925869 41.40335013088401
280.229797156955 41.4096661851433
280.2298550713098 41.41598223934866
280.22991300176045 41.42229829350004
280.2299709483132 41.42861434759746
280.23002891097406 41.43493040164088
280.2301448846446 41.4475625095656
280.2302028956665 41.45387856344688
280.2366282501682 41.24540558604931
280.2366865534909 41.2517216356674
280.2367448729752 41.2580376852306
280.23680320862707 41.26435373473885
280.23686156045267 41.270669784192116
280.2369199284582 41.27698583359042
280.2369783126496 41.28330188293373
280.2370367130332 41.289617932222
280.2372120113977 41.308566079756446
280.23803200288876 41.39699076168272
280.23809069578 41.40330680997684
280.23820813049554 41.4159389063987
280.23826687233225 41.42225495452643
280.23832563049643 41.42857100259865
280.23850200301615 41.44751914648206
280.23856082655243 41.45383519433205
280.2449594757757 41.24536181466907
280.24501858442346 41.251677858221186
280.2450777094559 41.25799390171686
280.2451368508793 41.26430994515606
280.2451960086998 41.27062598853877
280.2452551829237 41.27694203186497
280.24531437355705 41.28325807513464
280.2453735806061 41.28957411834775
280.24549204397624 41.302206204604204
280.2455513003097 41.3085222476475
280.24656117847127 41.41589497069881
280.2466207316892 41.42221101271908
280.24668030146023 41.42852705468231
280.2468591101542 41.447475180229496
280.25323079277905 41.23900140533374
280.25329069014543 41.24531744279463
280.25335060411345 41.25163348019755
280.25341053468946 41.25794951754247
280.2534704818797 41.264265554829386
280.2535304456904 41.27058159205825
280.2535904261279 41.27689762922905
280.25365042319845 41.28321366634177
280.25371043690836 41.28952970339638
280.2538305142714 41.3021617773312
280.2540708689466 41.327425924502506
280.254914215082 41.41585043225071
280.25497457967657 41.42216646807975
280.2550349610496 41.42848250385019
280.2550953592076 41.434798539562
280.25515577415683 41.44111457521515
280.2615005050248 41.232640407908114
280.26156119066525 41.23895643919768
280.26162189312413 41.24527247042774
280.26168261240775 41.251588501598256
280.2617433485226 41.2579045327092
280.26180410147487 41.26422056376057
280.2618648712711 41.270536594752315
280.26192565791746 41.276852625684434
280.26198646142046 41.2831686565569
280.26204728178647 41.28948468736968
280.2633284161394 41.42212132061023
280.2633896091097 41.42843735010409
280.2634508190905 41.43475337953772
280.26351204608824 41.441069408911105
280.2698300865071 41.23259484767699
280.2698915770122 41.23891087265413
280.2699530845587 41.24522689757016
280.27001460915324 41.25154292242507
280.270076150802 41.25785894721882
280.27013770951163 41.264174971951384
280.27019928528847 41.270490996622755
280.27026087813897 41.2768070212329
280.27032248806955 41.283123045781785
280.2703841150868 41.28943907026942
280.2706925066981 41.32101919178754
280.278159656302 41.23254868712334
280.27822195166686 41.2388647057049
280.27828426429625 41.24518072422373
280.27834659419665 41.25149674267981
280.2784089413746 41.257812761073126
280.2784713058366 41.26412877940366
280.2785336875892 41.27044479767137
280.2785960866389 41.276760815876244
280.2786585029923 41.28307683401826
280.27872093665593 41.28939285209738
280.2787833876363 41.29570887011359
280.2800360538719 41.42202921718777
280.2852936239501 41.11249768410354
280.2864892142565 41.232501926249
280.2865523144763 41.23881793835179
280.2866154321835 41.245133950390226
280.28667856738497 41.25144996236429
280.2867417200871 41.25776597427396
280.2868048902966 41.2640819861192
280.28686807802 41.2703979979
280.28693128326404 41.27671400961631
280.28712100418585 41.29566204437819
280.2871842795784 41.30197805583636
280.2872475725248 41.30829406722992
280.2883898548319 41.421982261238504
280.2948187602177 41.232454565055804
280.29488266528733 41.23877057059666
280.29494658806755 41.245086576071515
280.29501052856494 41.251402581480356
280.2950744867863 41.25771858682315
280.2951384627383 41.26403459209986
280.29520245642755 41.27035059731046
280.29526646786087 41.276666602454945
280.29552269116857 41.301930622371046
280.29558679142264 41.30824662718449
280.30308360204486 41.22609060458218
280.3031482940326 41.232406603545606
280.3032777317951 41.2450386012695
280.3033424775835 41.25135460002991
280.303407241319 41.257670598722584
280.3034720230084 41.263986597347525
280.3035368226585 41.270302595904674
280.3039909236786 41.31451458390468
280.31187117655946 41.2702539936845
280.3119368003561 41.27656998543544
280.3123309255302 41.31446593447991
280.3202719479477 41.27652077558111
280.32813682107013 41.2322591171322
