# # ids of objects in overdense bins for (54.133700297786646, 32.2855215319039)
# 
2.173965041960455680e+17
2.176513503756417280e+17
2.176111881366915840e+17
2.176012195180992000e+17
2.176055531406246400e+17
2.176044192692590080e+17
2.176036934192682240e+17
2.175883389117039360e+17
2.176014943960117760e+17
2.176015287557504000e+17
2.176066827157322240e+17
2.176032123829336320e+17
2.176027356420796160e+17
2.176080227455710720e+17
2.176528278461192960e+17
2.176011894538531840e+17
2.176081945442612480e+17
2.176043118938137600e+17
2.176010176543851520e+17
2.176002617408864000e+17
2.176536911326146560e+17
2.176055832041315840e+17
2.176531757365452800e+17
2.176549581481871360e+17
2.175869988811585280e+17
2.175885751343493120e+17
2.176017048498846720e+17
2.175878235155875840e+17
2.176014256765313280e+17
2.176051708872764160e+17
2.175999181425099520e+17
2.176024221089058560e+17
2.175933897932008960e+17
2.176006053382612480e+17
2.175886094940848640e+17
2.175947942470178560e+17
2.175936303113704960e+17
2.175995015311498240e+17
2.176526947016645120e+17
2.175945580243005440e+17
2.175985394584633600e+17
2.176056218600559360e+17
2.176007427772071680e+17
2.176056562197949440e+17
2.176033541172215040e+17
2.175982345157259520e+17
2.176505257426598400e+17
2.175870676013598720e+17
2.176020484462542080e+17
2.175998451285466880e+17
2.175994328116663040e+17
2.175880940979978240e+17
2.175880940979984640e+17
2.175986468331919360e+17
2.176114286548264960e+17
2.176001887259284480e+17
2.175987456168962560e+17
2.175883389106481920e+17
2.175939696132849920e+17
2.175980627166073600e+17
2.175984707389777920e+17
2.176062746949680640e+17
2.175874756227050240e+17
2.176003605246152960e+17
2.175995702506319360e+17
2.175937290951134720e+17
2.176536524782017280e+17
2.176005323233099520e+17
2.175866509889720320e+17
2.176002574454016000e+17
2.176001887259253760e+17
2.176508049159069440e+17
2.176508392756444160e+17
2.176509079951207680e+17
2.176001200064445440e+17
2.175985738181879040e+17
2.175878535798109440e+17
2.176059310975865600e+17
2.175873725434736640e+17
2.175871663850416640e+17
2.176523167443882240e+17
2.176556152783669760e+17
2.176033541167120640e+17
2.176026626270968320e+17
2.175933854977104640e+17
2.175873038239919360e+17
2.175870976655585280e+17
2.176065152131311360e+17
2.176033498218703360e+17
2.175881971803710720e+17
2.176556496390042880e+17
2.175980584220988160e+17
2.175870289460794880e+17
2.175989904305779200e+17
2.175952065631269120e+17
2.176515908938428160e+17
2.176058623781126400e+17
2.176048960093460480e+17
2.176114930791833600e+17
2.176057206430885120e+17
2.175997420493240320e+17
2.175993683865930240e+17
2.176049003048176640e+17
2.176550612274147840e+17
2.175885751379968000e+17
2.175942788509515520e+17
2.176531370820919040e+17
2.175952752825927680e+17
2.175951034839036160e+17
2.176532745210444800e+17
2.176062016794638080e+17
2.176063734781610240e+17
2.176541678742705920e+17
2.176063391184213760e+17
2.176532058015660800e+17
2.176067900900106240e+17
2.176506975405888000e+17
2.176535150392372480e+17
2.176533088807786240e+17
2.176067900900136960e+17
2.176524541820664320e+17
2.176012581733292800e+17
2.176050377437646080e+17
2.175887855872797440e+17
2.176539960755708160e+17
2.176123864324062720e+17
2.176110120428185600e+17
2.176533776002762240e+17
2.176053770457268480e+17
2.176049990885788160e+17
2.176037964984801280e+17
2.176082289040119040e+17
2.176508006205743360e+17
2.175993640921943040e+17
2.176513503756442880e+17
2.176080227455718400e+17
2.176060642404962560e+17
2.176121115544848640e+17
1.213020054269306880e+17
1.215125275438296320e+17
1.214895795349715200e+17
1.215099162044360960e+17
1.215265119576551680e+17
1.215142111710355200e+17
1.214902624340970240e+17
1.215652697424480000e+17
1.215261340035898880e+17
1.215012919101274880e+17
1.215233508616250880e+17
1.215223200695189760e+17
1.215659225774757120e+17
1.215099205000741120e+17
1.215240724161300480e+17
1.214987492894658560e+17
1.214694060727728640e+17
1.213082288354110720e+17
1.214933204507100160e+17
1.215097444057479680e+17
1.215384347865857280e+17
1.215384004268477440e+17
1.213042731696664320e+17
1.213049947241730560e+17
1.214728463416080640e+17
1.213045136878365440e+17
1.214914993839632640e+17
1.215125275438330880e+17
1.214988180089419520e+17
1.215659912969665280e+17
1.213023490243246080e+17
1.214959317909181440e+17
1.214994407798693120e+17
1.214957943519416320e+17
1.214931830117548800e+17
1.213130349030019840e+17
1.214729107661288960e+17
1.215139019333463040e+17
1.214939775805332480e+17
1.213049260047024640e+17
1.215138675736363520e+17
1.215104659602588160e+17
1.214898844769666560e+17
1.214949052944016640e+17
1.215188497358014720e+17
1.213050978033922560e+17
1.215687400760302080e+17
1.215659569372239360e+17
1.215267224119933440e+17
1.214990284620678400e+17
1.213053383215664640e+17
1.215628001360561920e+17
1.215384347865758720e+17
1.215709047395452160e+17
1.214991315414688000e+17
1.214954507545482240e+17
1.215660943788449280e+17
1.215000248954150400e+17
1.215063814458466560e+17
1.214997500163696640e+17
1.215142455307592960e+17
1.213012538085322240e+17
1.213048615810617600e+17
1.213020440825148160e+17
1.215267868355664640e+17
1.214913662413953280e+17
1.215003641964633600e+17
1.215745468719223040e+17
1.215206020825226240e+17
1.215634486762223360e+17
1.215199492474709760e+17
1.215661974554013440e+17
1.215723521445617920e+17
1.215110887298346240e+17
1.214692042093369600e+17
1.213017692046117120e+17
1.215251032083304960e+17
1.213115617292864000e+17
1.215123901049318400e+17
1.214974479142844160e+17
1.215177158644940800e+17
1.215257603395141120e+17
1.215154137619237120e+17
1.215658194982753280e+17
1.214693416490758400e+17
1.213116261537141760e+17
1.213071980421812480e+17
1.215138332138912000e+17
1.215150400997514240e+17
1.214951758766295040e+17
1.214975123388382720e+17
1.215634143164826880e+17
1.215176471450146560e+17
1.214973748998858240e+17
1.214951758766280960e+17
1.215217058893771520e+17
1.214690281156418560e+17
1.215200179669557760e+17
1.215177502242209280e+17
1.215713857759050240e+17
1.215200222621995520e+17
1.213114543550184960e+17
1.215242785745843200e+17
1.214684440000889600e+17
1.215139749492476160e+17
1.214968938635431680e+17
1.213057162787074560e+17
1.215199879033930240e+17
1.215644794683948800e+17
1.215691523929082880e+17
1.215233852213624320e+17
1.214690281156376320e+17
1.215216028104067840e+17
1.215063771507205120e+17
1.214980620946817280e+17
1.214971000219888640e+17
1.215690149539527680e+17
1.215644794683914240e+17
1.213118022481996800e+17
1.214976154180592640e+17
1.215179907424253440e+17
1.213033153920908800e+17
1.215150014450242560e+17
1.215261726553629440e+17
1.215155855606304000e+17
1.215227667460250880e+17
1.214684096403449600e+17
1.214959317909076480e+17
1.215120808672583680e+17
1.215719355317209600e+17
1.215218776889923840e+17
1.215060335533118720e+17
1.214919847155416320e+17
1.215102254421175040e+17
1.215716950135699200e+17
1.215644107489287680e+17
1.215154824814100480e+17
1.214952102363505920e+17
1.215128367815184640e+17
1.215620399268811520e+17
1.214973405401363200e+17
1.214950040779196160e+17
1.214858300277845760e+17
1.213048272202510080e+17
1.215014336439360000e+17
1.215780215015624960e+17
1.214944886818424320e+17
1.213016661243216640e+17
1.215119090685632000e+17
1.214728764063774720e+17
1.215261683602458880e+17
1.214689636919578880e+17
1.215252105824359680e+17
1.215062397117502720e+17
1.213047241410400000e+17
1.213080871006391040e+17
1.215255498849523200e+17
1.215128024217774080e+17
1.215218776878168320e+17
1.214862767043758080e+17
1.213021772256311040e+17
1.215644107489290240e+17
1.213055788397418240e+17
1.215715575746119680e+17
1.215246608266272000e+17
1.213083276188122880e+17
1.215620742866251520e+17
1.213019410022251520e+17
1.214740145723645440e+17
1.215247982667530240e+17
1.215155855606320640e+17
1.214973405401329920e+17
1.215107751979316480e+17
1.215745855277310720e+17
1.213088473096081920e+17
1.215184374189141760e+17
1.215246608278019840e+17
1.213113169160544000e+17
1.215691867526544640e+17
1.215092977291068160e+17
1.215216028110886400e+17
1.215259278451933440e+17
1.214859374018758400e+17
1.215254468057173760e+17
1.215179907424238080e+17
1.215156199203738880e+17
1.214994021244849920e+17
1.214934278245318400e+17
1.215179907424215040e+17
1.213084994175136000e+17
1.214966919996746240e+17
1.213117335287225600e+17
1.213127643208734720e+17
1.214912932255150080e+17
1.213062660345221120e+17
1.215778797660806400e+17
1.214946604805405440e+17
1.215167881515178240e+17
1.215225949473360640e+17
1.213057162787096320e+17
1.214985087712611840e+17
1.214870712727530240e+17
1.215096069667758080e+17
1.215388471034839040e+17
1.215716305887690240e+17
1.215103972407663360e+17
1.214928050546154240e+17
1.215052089195549440e+17
1.215067937638644480e+17
1.215724165680966400e+17
1.215212205578558720e+17
1.213114199952802560e+17
1.215198848242502400e+17
1.215261340004938240e+17
1.214986805699840000e+17
1.215640671515627520e+17
1.213067127111269120e+17
1.214925645364588800e+17
1.215228011057724160e+17
1.215264818925274880e+17
1.215117716295813120e+17
1.214959317909123840e+17
1.215718324525396480e+17
1.213066096319139840e+17
1.215635861151874560e+17
1.214857312432874240e+17
1.215648574255590400e+17
1.213067470708684800e+17
1.215732755615505920e+17
1.215623148048085760e+17
1.214982038283102720e+17
1.214962753882280960e+17
1.214924270975010560e+17
1.215120164431303680e+17
1.215067551078503680e+17
1.213067470708668160e+17
1.215131116594522880e+17
1.214985087712702720e+17
1.215263100945713920e+17
1.215206364422580480e+17
1.213068157903490560e+17
1.214722922908083200e+17
1.214735292414041600e+17
1.215776435434351360e+17
1.215654071813672960e+17
1.215229729044695040e+17
1.214924958169743360e+17
1.214949009987358720e+17
1.215641702307951360e+17
1.213063046900695040e+17
1.214919460611424000e+17
1.214693373533025280e+17
1.215753371458608640e+17
1.213068501500864000e+17
1.214694747922561280e+17
1.215067551078644480e+17
1.214898501172089600e+17
1.215624178840331520e+17
1.213068845098293760e+17
1.215718023887431680e+17
1.215192663477290240e+17
1.215194037866862080e+17
1.214978902959864320e+17
1.213125882263983360e+17
1.214957299271857920e+17
1.214868264602159360e+17
1.215654114765501440e+17
1.215782276585025280e+17
1.215718367484837120e+17
1.214692686338219520e+17
1.214694747922522880e+17
1.215730049787264000e+17
1.215049340416325120e+17
1.214915036789881600e+17
1.214917399027070720e+17
1.214980277349392640e+17
1.215647199866088960e+17
1.215264818938277120e+17
1.213126569458782720e+17
1.215711796174702080e+17
1.215741001952933120e+17
1.214868951796983040e+17
1.214984056920588800e+17
1.215221182071586560e+17
1.215744437926970880e+17
1.214918773416738560e+17
1.214979933751951360e+17
1.215188497358050560e+17
1.215099162044396800e+17
1.213128631043112960e+17
1.215261726561867520e+17
1.215727601654932480e+17
1.215624866035303680e+17
1.215189528150364160e+17
1.215142111710259200e+17
1.215096756862672640e+17
1.215059991935623680e+17
1.215105003200029440e+17
1.213034485359317760e+17
1.215625209632677120e+17
1.215163758346169600e+17
1.214978602319084800e+17
1.215010857516784640e+17
1.213039982917466880e+17
1.214953519710055680e+17
1.214739759180312320e+17
1.215154867775932160e+17
1.215728675398039040e+17
1.215165476333411840e+17
1.214942481636624640e+17
1.214689293311111680e+17
1.215179563826696960e+17
1.213034485359303680e+17
1.215215297954789120e+17
1.214903655133333760e+17
1.214965846258690560e+17
1.214963784674385920e+17
1.215110887310867200e+17
1.215148296463545600e+17
1.214739071985507840e+17
1.215107408381809920e+17
1.215170973891592960e+17
1.214739415582896640e+17
1.215169642454531840e+17
1.213012495126790400e+17
1.215157272948718080e+17
1.215170673242863360e+17
1.215100880031505920e+17
1.215657507787755520e+17
1.215003985562114560e+17
1.214944242569332480e+17
1.215191589734353920e+17
1.214936339840952320e+17
1.215211174786191360e+17
1.215710765382344960e+17
1.214909496288776960e+17
1.215240724161258240e+17
1.214910870678316800e+17
1.215636548346599680e+17
1.215163071151545600e+17
1.214944199623607040e+17
1.215387826793509120e+17
1.214981007500773120e+17
1.215139706528437760e+17
1.215254124459909120e+17
1.214993033399723520e+17
