# # ids of objects in overdense bins for (44.48101074486983, 36.384604959502354)
# 
1.419680823851224320e+17
1.419638561372550400e+17
1.419540292527356160e+17
1.419686665006832640e+17
1.419637530615603200e+17
1.419681511045955840e+17
1.419540636124830720e+17
1.419671203124336640e+17
1.419535868718960640e+17
1.421543808875339520e+17
1.421597066459040000e+17
1.421606687186225920e+17
1.421589507316431360e+17
1.421605355762671360e+17
1.422172248480755200e+17
1.422196643894737920e+17
1.422196643894645760e+17
1.407146047695933440e+17
1.407062897133537280e+17
1.407153263241532160e+17
1.407153263241505280e+17
1.406581173600309760e+17
1.407132647397853440e+17
1.407146047695892480e+17
1.407028881002922240e+17
