# successful candidates for region at (352.47822639975897, 38.202501086618604) and radius 1.0
351.89507759471604 38.53226893617309
351.9261347022037 38.626598104201754
351.9340422508002 38.63291343183792
351.9579095418159 38.633020886566705
351.9578186629342 38.64557780230774
351.9658653211404 38.63305563405885
351.96582058239926 38.639334096589174
351.9657758317169 38.64561255908463
351.97382110809383 38.633089846173604
351.97377706399215 38.639368313274254
351.9737330081346 38.645646780341096
351.9736889405171 38.651925247374145
351.98220976167266 38.570338805117665
351.9821665276937 38.57661727704379
351.9819068815536 38.61428810791521
351.98186356678116 38.62056657961278
351.98182024045053 38.626845051277655
351.98177690255767 38.63312352290981
351.9817335530985 38.639401994509264
351.9816901920688 38.645680466075966
351.98164681946463 38.65195893760993
351.98160343528184 38.65823740911112
351.98151663216413 38.67079435201519
351.9902861827783 38.55153647304008
351.9902011570994 38.56409342588389
351.99015862725656 38.57037190225848
351.99011608607265 38.57665037860149
351.98990320989856 38.608042759842725
351.98986060058485 38.614321235996094
351.98981797990206 38.62059971211783
351.9897753478463 38.62687818820792
351.9897327044136 38.63315666426632
351.98969004959974 38.63943514029305
351.98964738340095 38.64571361628808
351.989604705813 38.651992092251405
351.98956201683205 38.65827056818301
351.989519316454 38.6645490440829
351.9894766046748 38.67082751995103
351.9983583562554 38.532733579960215
351.998107500085 38.57040446473268
351.9980656516991 38.576682945421254
351.99785624228736 38.60807534840554
351.997814326881 38.6143538289106
351.9977724002907 38.62063230938503
351.9977304625128 38.62691078982885
351.997688513543 38.63318927024199
351.9976465533776 38.63946775062449
351.99760458201246 38.64574623097632
351.99756259944377 38.652024711297464
351.99752060566755 38.658303191587905
351.9974786006798 38.66458167184765
351.9974365844766 38.67086015207668
351.997352518408 38.68341711244255
352.0060975246534 38.56415800754686
352.00605638004 38.57043649253918
352.00601522445487 38.57671497750195
352.005850492321 38.60182891705741
352.0058092818197 38.60810740187231
352.00576806032365 38.6143858866576
352.0057268278288 38.62066437141328
352.00568558433145 38.626942856139316
352.00564432982753 38.633221340835725
352.00560306431333 38.63949982550246
352.0055205002382 38.65205679474697
352.00547920166963 38.65833527932469
352.00543789207507 38.66461376387272
352.0053965714507 38.67089224839104
352.00535523979266 38.677170732879645
352.00531389709704 38.68344921733853
352.0052725433599 38.68972770176765
352.013843351118 38.59558194216795
352.0138028451508 38.60186043121924
352.01376232837754 38.608138920241934
352.0137218007946 38.61441740923601
352.013681262398 38.62069589820145
352.013640713184 38.62697438713824
352.01360015314884 38.63325287604639
352.0135595822886 38.63953136492589
352.01347840807784 38.65208834259883
352.0134378047196 38.65836683139227
352.01339719052106 38.66464532015699
352.01335656547843 38.670923808893015
352.0133159295878 38.67720229760031
352.01327528284537 38.68348078627886
352.01323462524726 38.68975927492866
352.01319395678973 38.69603776354971
352.02215285177374 38.53910647724539
352.021755204885 38.601891410354284
352.02171538184257 38.60816990351333
352.02167554817544 38.61444839664473
352.02163570387984 38.620726889748475
352.0215958489521 38.627005382824564
352.02155598338834 38.63328387587295
352.02151610718494 38.639562368893664
352.021436322844 38.65211935485196
352.021396414699 38.658397847789544
352.0213564958993 38.6646763406994
352.02131656644104 38.670954833581504
352.0212766263206 38.677233326435875
352.0212366755341 38.68351181926246
352.0211967140779 38.689790312061284
352.0211567419482 38.696068804832336
352.0300982911241 38.53913688075575
352.02982489673127 38.58308636262947
352.0297075714054 38.60192185446147
352.02966844209647 38.60820035168544
352.0296293023479 38.61447884888273
352.02959015215606 38.62075734605331
352.02955099151717 38.62703584319719
352.0295118204277 38.633314340314335
352.02935503148905 38.65842832851549
352.02931580809087 38.66470682549887
352.0292765742198 38.67098532245547
352.0292373298723 38.67726381938528
352.0291980750445 38.68354231628828
352.0291588097329 38.689820813164474
352.02911953393357 38.69609931001385
352.0376599445939 38.60195176353977
352.03762150902105 38.60823026475724
352.0375830631937 38.614508765948955
352.03754460710826 38.62078726711492
352.03750614076097 38.62706576825508
352.03746766414827 38.63334426936949
352.0373136549712 38.658458273569025
352.0372751269772 38.66473677455437
352.03723658869603 38.67101527551385
352.0371980401241 38.67729377644749
352.03715948125773 38.683572277355275
352.0371209120933 38.689850778237194
352.0370823326272 38.69612927909323
352.045612324332 38.60198113758817
352.04557458249803 38.6082596427277
352.0455368305946 38.614538147842396
352.0454990686181 38.620816652932255
352.045461296565 38.62709515799726
352.04542351443183 38.633373663037396
352.045385722215 38.63965216805266
352.0453479199109 38.64593067304306
352.0451208940549 38.683601702462425
352.04508302104034 38.68988020727839
352.0450451379101 38.69615871206941
352.0537128040981 38.57689594040592
352.0536757955082 38.5831744494917
352.0535647105018 38.60200997660566
352.0535276624091 38.60828848559582
352.05349060443217 38.61456699456204
352.05345353656725 38.620845503504334
352.053416458811 38.62712401242268
352.0533793711599 38.633402521317066
352.05334227361044 38.63968103018749
352.0533051661591 38.645959539033946
352.0532680488025 38.6522380478564
352.0531194802529 38.67735208290627
352.05308231331713 38.68363059160869
352.0530451364551 38.68990910028708
352.0530079496633 38.69618760894142
352.0529707529381 38.70246611757171
352.0615897825982 38.589481254983475
352.0614443845881 38.6145953061069
352.06140801083734 38.62087381883017
352.06137162738037 38.62715233153037
352.06133523421386 38.6334308442075
352.0612988313344 38.63970935686156
352.0612624187384 38.64598786949252
352.0612259964226 38.652266382100414
352.06118956438354 38.65854489468519
352.06108020989234 38.67738043230084
352.0610437389258 38.68365894479313
352.06100725821875 38.68993745726227
352.0609707677679 38.69621596970827
352.0609342675696 38.7024944821311
352.06936249131 38.62090159890879
352.0692553952684 38.639737148073905
352.0691124670962 38.6648512133164
352.06896938621236 38.68996527820298
352.06893359210494 38.69624379436897
352.0688977884362 38.702522310512634
352.0771068686104 38.65859996371574
352.07707181767597 38.66487848363704
352.0770367573827 38.67115700353694
352.07693152031703 38.68999256310827
352.07689642255554 38.696271082922564
352.0768613154187 38.70254960271542
352.08489366041397 38.69001931197721
352.0848592590007 38.69629783536813
352.08482484839817 38.70257635873847
352.0928895024466 38.68376699789323
352.0928558063842 38.69004552480886
352.0928221013217 38.69632405170476
352.1008179581089 38.69007120160235
352.1007849493993 38.69634973193154
352.10878011546913 38.69009634235678
352.1087478031148 38.69637487604761
352.11674227834607 38.69012094707131
352.13281761555254 38.65877583141088
352.13278743260076 38.66505437483588
352.13275724158996 38.67133291824504
352.1407173323277 38.671355905614384
352.1485333138498 38.70277110434698
352.15652503714193 38.696514482371875
