# successful candidates for region at (95.68833539043483, -61.5613647521016) and radius 1.0
94.37308452556913 -61.97820551298167
94.37335142651601 -61.9720092952589
94.37361820879057 -61.965813076923176
94.38515882900082 -62.003114584808074
94.38595260083085 -61.98452585426084
94.3862169560472 -61.978329609541355
94.38674531385682 -61.96593711829927
94.3870093166056 -61.959740871777406
94.39777760031166 -62.01563008448714
94.39803987404834 -62.00943381538591
94.3983020310159 -62.00323754569358
94.39856407129172 -61.997041275410545
94.39882599495307 -61.990845004537235
94.39908780207719 -61.98464873307397
94.39934949274124 -61.978452461021206
94.39961106702229 -61.97225618837933
94.39987252499742 -61.96605991514868
94.41040669426089 -62.02814444408538
94.4106665288353 -62.021948149027196
94.41092624767523 -62.01575185338913
94.41118585085738 -62.009555557171545
94.41144533845838 -62.00335926037487
94.41170471055482 -61.997162962999454
94.41196396722322 -61.99096666504572
94.41222310853999 -61.98477036651401
94.41248213458154 -61.97857406740473
94.41274104542417 -61.97237776771824
94.41299984114411 -61.96618146745498
94.41325852181754 -61.95998516661527
94.4137755383292 -61.94759256320812
94.42356079093467 -62.02826501992555
94.42381795250634 -62.022068698004674
94.42407499953312 -62.01587237551584
94.42433193209094 -62.00967605245935
94.42458875025565 -62.00347972883561
94.42484545410308 -61.99728340464498
94.42510204370892 -61.99108707988786
94.42535851914883 -61.984890754564624
94.42561488049842 -61.97869442867561
94.42587112783319 -61.97249810222124
94.4261272612286 -61.96630177520185
94.42638328076006 -61.96010544761786
94.4266391865029 -61.95390911946962
94.42689497853235 -61.94771279075749
94.43544084570584 -62.05936608259135
94.43569590211098 -62.05316973687236
94.43595084478423 -62.04697339059529
94.43620567380107 -62.04077704376044
94.43646038923687 -62.034580696368224
94.436714991167 -62.028384348419024
94.4369694796667 -62.02218799991318
94.43722385481121 -62.015991650851085
94.43747811667565 -62.0097953012331
94.4377322653351 -62.00359895105959
94.43798630086457 -61.99740260033091
94.43824022333897 -61.99120624904748
94.4384940328332 -61.98500989720963
94.43874772942205 -61.978813544817704
94.43900131318028 -61.97261719187212
94.43925478418255 -61.966420838373224
94.43950814250348 -61.96022448432138
94.4397613882176 -61.95402812971694
94.4400145213994 -61.947831774560306
94.44810343947478 -62.07187703796168
94.44835604207971 -62.06568066697112
94.44860853199687 -62.05948429543337
94.44886090930106 -62.05328792334883
94.44911317406707 -62.04709155071782
94.44936532636953 -62.040895177540726
94.44961736628308 -62.03469880381793
94.44986929388227 -62.02850242954976
94.45012110924156 -62.02230605473662
94.4503728124354 -62.016109679378836
94.45062440353811 -62.00991330347678
94.450875882624 -62.003716927030815
94.45112724976727 -61.99752055004129
94.45137850504209 -61.991324172508584
94.45162964852254 -61.98512779443305
94.45188068028263 -61.97893141581507
94.45213160039633 -61.97273503665494
94.45238240893754 -61.9665386569531
94.45263310598007 -61.960342276709866
94.45288369159769 -61.95414589592558
94.46127658943519 -62.07199405424398
94.46152651048126 -62.06579765714306
94.46177632003489 -62.059601259506486
94.46202601817009 -62.053404861334656
94.46227560496084 -62.04720846262795
94.46252508048102 -62.04101206338669
94.46277444480444 -62.03481566361121
94.46302369800489 -62.02861926330192
94.46327284015602 -62.02242286245912
94.4635218713315 -62.016226461083214
94.46377079160486 -62.01003005917454
94.46401960104963 -62.00383365673341
94.4642682997392 -61.997637253760246
94.46451688774698 -61.99144085025535
94.46476536514625 -61.9852444462191
94.46501373201025 -61.97904804165184
94.46526198841217 -61.97285163655394
94.46551013442509 -61.96665523092572
94.46575817012207 -61.96045882476754
94.46600609557609 -61.95426241807975
94.47444984019815 -62.072109821184654
94.4746970796179 -62.0659133982519
94.47494420874061 -62.05971697479495
94.4751912276395 -62.05352055081417
94.47593162372458 -62.03493127573234
94.47617820245918 -62.028734849659706
94.47642467133512 -62.02253842306499
94.47667103042527 -62.01634199594853
94.47691727980238 -62.010145568310655
94.47716341953915 -62.00394914015174
94.47740944970826 -61.997752711472124
94.47765537038225 -61.99155628227212
94.47790118163367 -61.985359852552115
94.47814688353498 -61.97916342231242
94.47839247615853 -61.97296699155343
94.47863795957667 -61.966770560275435
94.47888333386166 -61.960574128478804
94.47912859908571 -61.954377696163874
94.47937375532094 -61.94818126333101
94.48762319068288 -62.072224338768024
94.4878677484096 -62.06602789028201
94.48811219703472 -62.05983144128314
94.48835653663068 -62.053634991771716
94.48860076726986 -62.04743854174812
94.48908890196702 -62.035045640165734
94.48933280616941 -62.028849188607616
94.48957660170386 -62.02265273653867
94.48982028864242 -62.01645628395923
94.49006386705707 -62.01025983086965
94.49030733701973 -62.00406337727027
94.49055069860228 -61.99786692316139
94.49079395187648 -61.9916704685434
94.4910370969141 -61.9854740134166
94.49128013378679 -61.979277557781344
94.49152306256615 -61.97308110163798
94.49176588332372 -61.96688464498683
94.49200859613101 -61.96068818782822
94.4922512010594 -61.95449173016251
94.49249369818027 -61.948295271990034
94.50103851577624 -62.06614113321798
94.50128028383784 -62.0599446589556
94.50152194406499 -62.05374818419188
94.50176349652929 -62.04755170892717
94.50224627845529 -62.03515875689601
94.50248750805982 -62.02896228013023
94.50272863018718 -62.022765802864775
94.50296964490862 -62.01656932509997
94.50321055229534 -62.010372846836134
94.50345135241847 -62.00417636807363
94.5036920453491 -61.99797988881276
94.50393263115821 -61.99178340905386
94.50417310991676 -61.98558692879726
94.50441348169565 -61.979390448043304
94.50465374656568 -61.973193966792294
94.50489390459764 -61.96699748504461
94.50513395586219 -61.960801002800515
94.50537390042999 -61.9546045200604
94.5056137383716 -61.94840803682455
94.50585346975753 -61.94221155309331
94.51397018649433 -62.072449625801255
94.5142093806377 -62.0662531270445
94.51444846807054 -62.060056627797096
94.51468744886373 -62.053860128059426
94.51492632308802 -62.04766362783179
94.51516509081416 -62.041467127114515
94.51540375211282 -62.03527062590791
94.51564230705458 -62.02907412421235
94.51588075570996 -62.02287762202811
94.51611909814946 -62.01668111935553
94.51635733444348 -62.01048461619493
94.51659546466239 -62.004288112546654
94.51683348887643 -61.99809160841101
94.51707140715587 -61.991895103788345
94.51730921957083 -61.98569859867892
94.51754692619146 -61.97950209308312
94.51778452708774 -61.973305587001256
94.5180220223297 -61.96710908043362
94.51825941198722 -61.96091257338058
94.51849669613017 -61.95471606584242
94.51873387482833 -61.948519557819466
94.51897094815142 -61.94232304931207
94.52738034191374 -62.06636387174647
94.52785304994809 -62.05397082335923
94.52832533648305 -62.041577773055884
94.52856132186302 -62.035381247186436
94.52879720207777 -62.029184720838906
94.52903297719703 -62.02298819401363
94.53021027879788 -61.99200555273183
94.53044542480546 -61.985809023046635
94.53068046620405 -61.97961249288587
94.53091540306289 -61.97341596224988
94.5311502354512 -61.967219431138965
94.5313849634381 -61.961022899553456
94.53161958709266 -61.95482636749365
94.53185410648389 -61.9486298349599
94.53208852168073 -61.94243330195245
94.53232283275209 -61.93623676847168
94.54171898662923 -62.03549062071662
94.54195219205349 -62.02929406999503
94.54218529357318 -62.023097518806445
94.54241829125722 -62.016900967151166
94.5438141006632 -61.97972164743672
94.54404637342161 -61.973525092523374
94.54427854289335 -61.967328537145825
94.54451060914674 -61.96113198130438
94.54474257225009 -61.95493542499934
94.54497443227163 -61.94873886823101
94.5452061892795 -61.94254231099973
94.54543784334184 -61.936345753305766
94.55464611198207 -62.04179532084495
94.55487674533477 -62.035598746483785
94.55510727590573 -62.029402171665986
94.55533770376314 -62.02320559639186
94.5555680289751 -62.01700902066171
94.55694782849868 -61.97982955672103
94.55717743709437 -61.9736329778071
94.5574069435873 -61.967436398439574
94.55763634804504 -61.961239818618736
94.55786565053506 -61.95504323834486
94.55809485112484 -61.94884665761828
94.55832394988174 -61.942650076439314
94.55855294687312 -61.93645349480821
94.55878184216624 -61.93025691272529
94.55901063582829 -61.92406033019086
94.5615206776233 -61.85589789259737
94.56174825693338 -61.84970130466802
94.56757858075443 -62.04809882040695
94.56780663965729 -62.04190222266335
94.56803459690282 -62.03570562447335
94.56826245255847 -62.029509025837264
94.56849020669159 -62.02331242675534
94.56871785936953 -62.01711582722794
94.56894541065951 -62.01091922725529
94.5698546032831 -61.986132822918584
94.57008164864017 -61.97993622072434
94.57030859301159 -61.97373961808663
94.5705354364642 -61.967543015005774
94.5707621790648 -61.96134641148209
94.5709888208801 -61.95514980751582
94.57121536197678 -61.948953203107294
94.57144180242142 -61.94275659825677
94.5716681422806 -61.936559992964604
94.5718943816208 -61.93036338723102
94.57212052050843 -61.924166781056336
94.57234655900987 -61.91797017444086
94.58074187763805 -62.0482044977166
94.58096725917966 -62.042007876411745
94.58119254025664 -62.03581125467094
94.58141772093562 -62.02961463249443
94.58164280128317 -62.02341800988253
94.58186778136583 -62.0172213868355
94.58231744100232 -62.004828139437315
94.58299118013018 -61.986238265083934
94.58321556001731 -61.98004163943232
94.5834398401036 -61.97384501334763
94.58366402045509 -61.96764838683014
94.58388810113782 -61.961451759880134
94.58411208221771 -61.9552551324979
94.58433596376065 -61.94905850468372
94.58455974583246 -61.94286187643789
94.5847834284989 -61.936665247760686
94.5850070118257 -61.9304686186524
94.58523049587849 -61.92427198911331
94.59323655670202 -62.06689885787074
94.59345955903315 -62.06070221456155
94.59368246189445 -62.054505570825825
94.59390526535195 -62.04830892666385
94.5941279694716 -62.04211228207593
94.59435057431935 -62.035915637062296
94.59457307996102 -62.029718991623305
94.59479548646244 -62.02352234575916
94.59501779388933 -62.01732569947023
94.59524000230738 -62.011129052756736
94.5954621117822 -62.00493240561897
94.59612784720268 -61.98634246166289
94.59634956155969 -61.98014581283088
94.5965711773007 -61.97394916357601
94.59679269449101 -61.96775251389856
94.59701411319583 -61.96155586379881
94.59723543348034 -61.95535921327703
94.5974566554096 -61.94916256233353
94.5976777790487 -61.94296591096857
94.59789880446259 -61.936769259182405
94.59811973171622 -61.93057260697535
94.59834056087446 -61.924375954347695
94.60640807377841 -62.06700210751744
94.60662839504447 -62.060805441172754
94.60684861803584 -62.05460877441173
94.6070687428178 -62.048412107234654
94.60728876945548 -62.04221543964178
94.60750869801403 -62.03601877163341
94.60772852855852 -62.02982210320982
94.60794826115396 -62.02362543437127
94.60816789586528 -62.017428765118055
94.6086068718951 -62.00503542536872
94.60882621334322 -61.99883875487313
94.60904545716645 -61.99264208396397
94.60926460342947 -61.9864454126415
94.60948365219684 -61.980248740906
94.60970260353318 -61.97405206875776
94.60992145750292 -61.967855396197045
94.61014021417051 -61.96165872322413
94.61035887360036 -61.95546204983929
94.61057743585675 -61.949265376042774
94.61079590100395 -61.94306870183488
94.61101426910619 -61.93687202721587
94.6112325402276 -61.93067535218603
94.6114507144323 -61.92447867674563
94.61166879178428 -61.91828200089491
94.61957967970653 -62.067104107938505
94.61979731984808 -62.060907418836855
94.62001486291012 -62.05471072932894
94.6202323089572 -62.048514039415046
94.62044965805362 -62.04231734909543
94.62066691026376 -62.036120658370365
94.62088406565188 -62.02992396724011
94.62110112428219 -62.02372727570497
94.62131808621888 -62.01753058376515
94.62175172026765 -62.00513719867272
94.6219683925078 -61.99894050552061
94.62218496831038 -61.992743811964914
94.62240144773928 -61.986547118005916
94.62261783085829 -61.9803504236439
94.62283411773122 -61.974153728879116
94.62305030842174 -61.96795703371185
94.62326640299351 -61.96176033814234
94.62348240151013 -61.95556364217086
94.62369830403513 -61.94936694579769
94.623914110632 -61.94317024902308
94.62412982136418 -61.93697355184732
94.62434543629503 -61.93077685427065
94.62456095548785 -61.92458015629333
94.62713974120682 -61.850219749412496
94.63296633236406 -62.061008147540115
94.63318119543815 -62.05481143556376
94.6333959626917 -62.048614723191356
94.6336106341883 -62.04241801042315
94.63382520999151 -62.03622129725945
94.6340396901648 -62.03002458370049
94.63425407477159 -62.02382786974652
94.63446836387526 -62.01763115539782
94.63468255753914 -62.01143444065466
94.63489665582645 -62.005237725517276
94.63511065880043 -61.99904100998597
94.6353245665242 -61.992844294060966
94.63553837906088 -61.98664757774254
94.63575209647348 -61.980450861030945
94.63596571882499 -61.974254143926466
94.63617924617834 -61.96805742642932
94.6363926785964 -61.961860708539824
94.63660601614194 -61.95566399025818
94.63681925887776 -61.949467271584695
94.63703240686658 -61.94327055251959
94.637245460171 -61.93707383306317
94.63745841885364 -61.93087711321566
94.63767128297701 -61.92468039297732
94.63788405260362 -61.91848367234841
94.63852179512676 -61.89989350812091
94.63873418738999 -61.89369678593233
94.64064148687164 -61.83792626874868
94.64613543151253 -62.06110762726895
94.64634761454069 -62.05491089310257
94.64655970294284 -62.04871415854998
94.64677169678177 -62.0425174236114
94.64761872775956 -62.017730480002534
94.64783024972257 -62.01153374313795
94.64804167749803 -62.00533700588895
94.64825301114834 -61.999140268255765
94.64846425073588 -61.99294353023865
94.64867539632296 -61.98674679183786
94.6488864479718 -61.98055005305366
94.64909740574463 -61.9743533138863
94.64930826970355 -61.96815657433604
94.6495190399107 -61.96195983440314
94.64972971642807 -61.955763094087835
94.64994029931765 -61.94956635339037
94.65015078864134 -61.94336961231102
94.65036118446103 -61.93717287085005
94.65057148683852 -61.930976129007654
94.65078169583558 -61.92477938678416
94.65099181151389 -61.91858264417977
94.6512018339351 -61.91238590119477
94.6518313422719 -61.893795669958486
94.65371485130248 -61.838024955777136
94.6539236669668 -61.83182820786681
94.65951411913849 -62.05500910193197
94.6599328447562 -62.04261558864676
94.66014206757288 -62.03641883143996
94.66097802700212 -62.01163179885752
94.66118678420887 -62.005435039774326
94.66139544847877 -61.9992382803166
94.66160401987334 -61.993041520484596
94.66181249845414 -61.98684476027856
94.66202088428261 -61.98064799969872
94.66222917742019 -61.97445123874534
94.6624373779282 -61.96825447741868
94.66264548586796 -61.96205771571898
94.6628535013007 -61.955860953646464
94.66306142428765 -61.94966419120142
94.66326925488993 -61.94346742838406
94.6634769931686 -61.93727066519464
94.66368463918472 -61.93107390163343
94.66389219299928 -61.92487713770064
94.6640996546732 -61.91868037339653
94.66430702426732 -61.91248360872134
94.66513558306147 -61.88769654631482
94.6663756691735 -61.850515941614546
94.66678829925722 -61.838122403764785
94.66831796558874 -62.185238316532285
94.67330062327225 -62.036515726704785
94.67412588830348 -62.011728607800165
94.67433197488546 -62.00553182716026
94.67453796971886 -61.99933504615536
94.67474387286447 -61.9931382647857
94.67494968438304 -61.9869414830515
94.67515540433523 -61.980744700953025
94.67536103278168 -61.974547918490494
94.67556656978296 -61.968351135664165
94.67577201539957 -61.96215435247428
94.675977369692 -61.95595756892108
94.67618263272067 -61.949760785004784
94.6763878045459 -61.94356400072565
94.67659288522802 -61.937367216083956
94.67679787482727 -61.931170431079885
94.67700277340386 -61.92497364571368
94.67720758101794 -61.91877685998563
94.67741229772959 -61.91258007389593
94.67965819913098 -61.84441540310945
94.67986182968147 -61.838218612698704
94.68006537010592 -61.83202182192944
94.6806754512164 -61.81343144747271
94.68154117457185 -62.18533447834532
94.68584738050262 -62.05520177340977
94.68747724845416 -62.00562736803377
94.68768057379575 -61.99943056575905
94.6878838086371 -61.99323376312894
94.6880869530382 -61.98703696014369
94.68829000705892 -61.98084015680356
94.68849297075911 -61.97464335310875
94.68869584419855 -61.968446549059514
94.688898627437 -61.96224974465607
94.6891013205341 -61.95605293989867
94.68930392354953 -61.94985613478754
94.68950643654281 -61.943659329322905
94.68970885957351 -61.93746252350503
94.6899111927011 -61.93126571733413
94.69011343598497 -61.92506891081044
94.69031558948451 -61.91887210393418
94.69051765325904 -61.912675296705594
94.69092151186999 -61.9002816811924
94.69233219936473 -61.85690401583226
94.69253336913982 -61.85070720509324
94.69273444983894 -61.84451039400443
94.69293544152072 -61.83831358256611
94.69313634424384 -61.83211677077848
94.69921550754222 -62.04909941554211
94.70062260384137 -62.00572166238199
94.7008232596365 -61.9995248391148
94.70102382611903 -61.993328015501504
94.70122430334813 -61.987131191542346
94.7014246913829 -61.980934367237545
94.7016249902824 -61.97473754258733
94.70182520010563 -61.968540717591914
94.70202532091156 -61.96234389225154
94.70222535275907 -61.95614706656647
94.702425295707 -61.949950240536886
94.70262514981417 -61.94375341416302
94.70282491513932 -61.93755658744512
94.70302459174113 -61.93135976038342
94.70322417967823 -61.92516293297812
94.70342367900923 -61.918966105229465
94.70362308979269 -61.912769277137684
94.70382241208702 -61.90657244870298
94.70402164595073 -61.900375619925605
94.70541381183598 -61.85699780890805
94.7056123403519 -61.850800977397405
94.70581078096077 -61.84460414554612
94.70600913372049 -61.83840731335441
94.70620739868893 -61.832210480822496
94.70640557592391 -61.826013647950624
94.71237966419754 -62.04919260861464
94.71257826890567 -62.04299576699733
94.71356996559524 -62.012011553837354
94.71416392423801 -61.993421021890754
94.7143617342413 -61.98722417723481
94.71455945623634 -61.98102733224235
94.71475709028145 -61.974830486913596
94.7149546364348 -61.96863364124881
94.71515209475459 -61.96243679524816
94.71534946529891 -61.956239948911914
94.71554674812586 -61.95004310224026
94.71574394329342 -61.94384625523345
94.71594105085957 -61.93764940789169
94.71613807088222 -61.931452560215185
94.71633500341923 -61.92525571220421
94.71653184852842 -61.919058863858936
94.71672860626752 -61.91286201517959
94.71692527669428 -61.90666516616642
94.71908290522617 -61.83849980505113
94.72554390089759 -62.0492845531916
94.72573982761612 -62.04308769107324
94.72593566699288 -62.036890828625395
94.72749924464611 -61.98731591720858
94.72769430054841 -61.98111905180549
94.7278892696861 -61.97492218607512
94.72808415211662 -61.96872532001769
94.72827894789737 -61.962528453633425
94.72847365708564 -61.95633158692254
94.72866827973877 -61.95013471988523
94.72886281591396 -61.94393785252174
94.7290572656684 -61.93774098483227
94.72925162905922 -61.93154411681706
94.7294459061435 -61.92534724847629
94.72964009697829 -61.9191503798102
94.72983420162053 -61.912953510818994
94.7300282201272 -61.90675664150288
94.73022215255514 -61.90055977186211
94.73041599896119 -61.89436290189686
94.73890146523969 -62.04317836691943
94.74082922324817 -61.981209525914686
94.74102152742616 -61.97501264005958
94.7412137460816 -61.9688157538863
94.7414058792711 -61.96261886739506
94.7415979270512 -61.95642198058606
94.7417898894784 -61.95022509345953
94.74198176660916 -61.944028206015645
94.74217355849987 -61.93783131825466
94.7423652652069 -61.93163443017675
94.74255688678653 -61.925437541782145
94.74274842329504 -61.91924065307104
94.74293987478859 -61.91304376404365
94.74313124132338 -61.90684687470019
94.7433225229555 -61.900649985040864
94.74351371974099 -61.89445309506589
94.74389585899605 -61.88205931416979
94.75187261011666 -62.049464696809416
94.75206318069829 -62.04326779452369
94.75225366632476 -62.037070891926284
94.75244406705245 -62.03087398901739
94.75263438293766 -62.024677085797194
94.75377449970418 -61.987495659951044
94.7541538624314 -61.975101848854834
94.75434341726023 -61.9689049428425
94.754532887807 -61.96270803652097
94.75472227412747 -61.956511129890416
94.75491157627737 -61.95031422295105
94.75510079431234 -61.9441173157031
94.75528992828804 -61.93792040814675
94.75547897826002 -61.93172350028222
94.75566794428379 -61.92552659210971
94.75585682641484 -61.9193296836294
94.7560456247086 -61.91313277484152
94.75623433922044 -61.90693586574627
94.75642297000567 -61.900738956343844
94.75661151711961 -61.89454204663446
94.75679998061744 -61.88834513661832
94.75698836055439 -61.88214822629559
94.76503708047795 -62.04955289582599
94.76522497291373 -62.04335597387398
94.76541278158774 -62.037159051618985
94.76560050655553 -62.030962129061194
94.76578814787264 -62.024765206200826
94.76635057047437 -62.00617443580623
94.766537877743 -61.99997751173754
94.76728627363153 -61.97518981244896
94.76784669724634 -61.95659903482361
94.76803333906824 -61.95040210834789
94.76821989795681 -61.94420518157216
94.76840637396687 -61.93800825449665
94.76859276715325 -61.93181132712155
94.76877907757067 -61.92561439944705
94.76896530527382 -61.91941747147338
94.76915145031735 -61.913220543200715
94.76952349264393 -61.900826685759206
94.76970939003603 -61.894629756590746
94.76989520498661 -61.88843282712407
94.77008093755009 -61.88223589735942
94.778016329706 -62.05583678734382
94.7782016265685 -62.04963984629842
94.77838684080781 -62.0434429049584
94.77857197247874 -62.03724596332396
94.77875702163611 -62.03104902139533
94.77894198833462 -62.02485207917267
94.77912687262898 -62.01865513665618
94.77931167457379 -62.01245819384608
94.77949639422368 -62.00626125074254
94.77986558685676 -61.99386736365593
94.78023445096392 -61.98147347539794
94.78078713208987 -61.96288264081795
94.7809711953396 -61.956685695373956
94.78133907647577 -61.944291803611065
94.78152289447036 -61.93809485729258
94.78170663082129 -61.931897910683006
94.78189028558255 -61.92570096378249
94.78207385880806 -61.919504016591276
94.78225735055166 -61.91330706910952
94.78280733742915 -61.894716224923016
94.79118362988753 -62.05592250837859
94.79136624730937 -62.04972554821497
94.79154878330228 -62.04352858776524
94.79173123792027 -62.03733162702955
94.79191361121738 -62.03113466600808
94.79209590324751 -62.02493770470105
94.79227811406457 -62.01874074310863
94.7924602437224 -62.01254378123101
94.79300614627834 -61.99395289388885
94.7931879518368 -61.98775593087234
94.79336967650457 -61.98155896757158
94.79355132033517 -61.975362003986746
94.79373288338216 -61.969165040118035
94.79391436569898 -61.96296807596566
94.79409576733907 -61.95677111152977
94.79445832880246 -61.94437718180825
94.79500156725477 -61.925786285104444
94.79518248595359 -61.9195893189715
94.79536332434827 -61.913392352556386
94.79946215497066 -62.2233253079665
94.80399088690855 -62.068400937740066
94.8041709854697 -62.062203959292866
94.80435100368958 -62.0560069805675
94.80453094162152 -62.04981000156414
94.80471079931884 -62.043613022282976
94.80489057683477 -62.03741604272417
94.80507027422249 -62.031219062887935
94.80524989153517 -62.02502208277444
94.80542942882593 -62.01882510238387
94.80560888614781 -62.01262812171641
94.80596756109692 -62.00023415955157
94.80614677883003 -61.994037178054555
94.80632591680603 -61.98784019628139
94.80650497507773 -61.981643214232236
94.80668395369793 -61.97544623190731
94.80686285271933 -61.96924924930679
94.80704167219463 -61.963052266430836
94.80722041217646 -61.95685528327964
94.80829118564641 -61.91967337860268
94.80846937064389 -61.913476393529926
94.8125229102176 -62.22960602552187
94.81270240322606 -62.2234090355793
94.81288181570642 -62.21721204536207
94.81716369591439 -62.06848419821912
94.81734111254606 -62.062287201194145
94.81751845003241 -62.05609020389921
94.81769570842593 -62.04989320633451
94.81787288777919 -62.0436962085002
94.8180499881446 -62.03749921039647
94.81822700957456 -62.03130221202349
94.81840395212146 -62.02510521338149
94.81858081583759 -62.01890821447056
94.81893430698663 -62.00651421584283
94.81911093452392 -62.00031721612637
94.81928748343924 -61.994120216141724
94.8194639537847 -61.987923215889076
94.81964034561231 -61.98172621536863
94.81981665897408 -61.97552921458057
94.81999289392192 -61.96933221352503
94.82016905050779 -61.96313521220221
94.82034512878347 -61.95693821061229
94.82052112880083 -61.95074120875546
94.82139995682249 -61.9197561954736
94.82576594459411 -62.229688515213496
94.82594272424907 -62.22349150675929
94.82611942459279 -62.217294498038655
94.83016176382142 -62.074763224334596
94.83033657647691 -62.06856620927253
94.83051131113122 -62.062369193948456
94.83068596783617 -62.05617217836249
94.8308605466435 -62.049975162514855
94.83103504760494 -62.043778146405714
94.83120947077211 -62.03758113003525
94.83138381619665 -62.03138411340362
94.83155808393013 -62.02518709651099
94.83173227402408 -62.01899007935756
94.83190638652997 -62.012793061943505
94.83208042149923 -62.00659604426897
94.83225437898325 -62.00039902633414
94.83242825903338 -61.994202008139176
94.83260206170091 -61.9880049896843
94.83277578703708 -61.98180797096961
94.83294943509313 -61.97561095199535
94.83312300592019 -61.96941393276165
94.83329649956937 -61.96321691326869
94.83346991609179 -61.957019893516645
94.83900905068694 -62.2297697481791
94.83918311694012 -62.22357272149518
94.84316519179104 -62.08104103681596
94.84333739808064 -62.0748440039797
94.8435095275148 -62.06864697088921
94.84368158014462 -62.06244993754467
94.84385355602107 -62.056252903946266
94.84402545519511 -62.05005587009415
94.84419727771768 -62.04385883598849
94.84436902363964 -62.03766180162948
94.84454069301181 -62.03146476701722
94.84471228588497 -62.02526773215195
94.84488380230985 -62.01907069703383
94.84505524233715 -62.01287366166299
94.84522660601752 -62.00667662603963
94.84539789340153 -62.00047959016391
94.84556910453975 -61.99428255403598
94.8457402394827 -61.988085517656046
94.84591129828084 -61.981888481024235
94.84608228098459 -61.97569144414073
94.84625318764431 -61.9694944070057
94.84642401831036 -61.963297369619305
94.85208079766299 -62.23604676878884
94.8522522273957 -62.229849724407586
94.85549483420694 -62.112105833759756
94.85566473507531 -62.105908784400235
94.85583456003397 -62.09971173479356
94.8560043091334 -62.09351468493985
94.85617398242401 -62.087317634839295
94.85634357995623 -62.08112058449207
94.85668254794675 -62.068726483058235
94.85685191850561 -62.06252943197195
94.85702121350717 -62.05633238063966
94.85719043300159 -62.050135329061504
94.85735957703899 -62.043938277237636
94.85752864566948 -62.037741225168254
94.85769763894304 -62.0315441728535
94.85786655690968 -62.025347120293524
94.85803539961937 -62.0191500674885
94.85820416712197 -62.01295301443862
94.85837285946735 -62.00675596114402
94.85854147670533 -62.00055890760484
94.85871001888566 -61.99436185382131
94.8588784860581 -61.9881647997935
94.85904687827228 -61.98196774552165
94.85921519557787 -61.97577069100589
94.85938343802445 -61.969573636246395
94.86515796782074 -62.242322567755245
94.86532675860117 -62.236125505943036
94.86549547361999 -62.22992844388806
94.86868673132564 -62.11218421892866
94.8688539416824 -62.10598715205184
94.86902107733113 -62.099790084935606
94.86918813832149 -62.093593017580126
94.86935512470312 -62.087395949985535
94.86968887383854 -62.0750018140798
94.86985563669137 -62.0688047457689
94.87002232513358 -62.06260767721957
94.87018893921457 -62.05641060843195
94.87035547898373 -62.05021353940621
94.87052194449039 -62.04401647014248
94.87068833578383 -62.03781940064092
94.87085465291328 -62.031622330901726
94.87102089592796 -62.025425260925005
94.87118706487699 -62.01922819071097
94.87135315980952 -62.013031120259726
94.87151918077457 -62.00683404957146
94.87168512782122 -62.00063697864633
94.8718510009984 -61.99443990748449
94.87201680035508 -61.98824283608608
94.87218252594013 -61.982045764451286
94.87234817780244 -61.97584869258024
94.8780743397667 -62.25479422298555
94.87824056380401 -62.24859714424447
94.87840671319866 -62.242400065268015
94.87873878825938 -62.230005906609726
94.88187869599165 -62.11226135267425
94.88204321579154 -62.10606426855968
94.88220766208511 -62.09986718421334
94.8823720349212 -62.0936700996354
94.8825363343487 -62.08747301482602
94.88270056041638 -62.08127592978531
94.88302879266726 -62.06888175901063
94.88319279894782 -62.06268467327696
94.8833567320633 -62.056487587312596
94.8835205920623 -62.05029050111772
94.88368437899335 -62.04409341469246
94.88384809290491 -62.037896328036965
94.88401173384547 -62.031699241151394
94.88417530186341 -62.0255021540359
94.88433879700712 -62.019305066690656
94.88450221932489 -62.01310797911579
94.884665568865 -62.00691089131148
94.88482884567573 -62.00071380327783
94.8849920498052 -61.99451671501506
94.88515518130161 -61.988319626523264
94.88531824021307 -61.98212253780263
94.88548122658761 -61.97592544885327
94.89149209383079 -62.248673401548494
94.89165552598193 -62.24247630544719
94.8918188847598 -62.23627920911833
94.89230852134372 -62.21768791876786
94.89490882556724 -62.11853433583443
94.89507072711844 -62.112337234986065
94.89523255631691 -62.106140133913335
94.89539431321082 -62.09994303261635
94.8955559978482 -62.09374593109529
94.89571761027715 -62.08754882935026
94.89636333886764 -62.062760420133706
94.89652459097339 -62.05656331727123
94.89668577115803 -62.050366214185644
94.89684687946931 -62.044169110877185
94.89700791595492 -62.037972007345964
94.8971688806625 -62.03177490359214
94.89732977363968 -62.025577799615846
94.89749059493406 -62.019380695417254
94.89765134459313 -62.01318359099648
94.89781202266438 -62.00698648635372
94.8979726291953 -62.00078938148908
94.89813316423324 -61.9945922764027
94.8982936278256 -61.988395171094744
94.90474369020556 -62.24874840122618
94.90506504777781 -62.23635417511842
94.90522561838152 -62.23015706173462
94.905546543465 -62.217762834307855
94.90826282361944 -62.11241186585386
94.9084219621727 -62.10621474810254
94.90858102962315 -62.100017630134374
94.90874002601811 -62.093820511949495
94.9088989514048 -62.087623393548064
94.90937530198705 -62.06903203704587
94.90953394381228 -62.06283491777964
94.90969251486479 -62.05663779829758
94.9098510151916 -62.050440678599806
94.9100094448397 -62.044243558686496
94.91016780385594 -62.03804643855777
94.9103260922872 -62.03184931821377
94.91048431018034 -62.02565219765466
94.9106424575821 -62.01945507688056
94.91080053453923 -62.01325795589164
94.91095854109844 -62.007060834688026
94.91111647730638 -62.000863713269844
94.91127434320967 -61.994666591637255
94.9114321388549 -61.988469469790395
94.91831127595323 -62.23642788404642
94.9184691316632 -62.23023075411719
94.921767810237 -62.100090976757315
94.92254865316796 -62.0691053018191
94.92270461270091 -62.06290816620467
94.92286050265741 -62.05671103038164
94.92301632308369 -62.050513894350146
94.92317207402589 -62.04431675811035
94.9233277555301 -62.038119621662354
94.92348336764243 -62.031922485006305
94.9236389104089 -62.02572534814236
94.9237943838755 -62.01952821107063
94.92394978808818 -62.01333107379127
94.92410512309286 -62.007133936304406
94.92426038893541 -62.000936798610205
94.92441558566165 -61.994739660708774
94.92457071331738 -61.98854252260027
94.92472577194832 -61.982345384284805
94.93155756818476 -62.23650033589229
94.93171270895785 -62.230303189699676
94.93186778010956 -62.22410604330193
94.93572206725418 -62.0691773170828
94.93587534445275 -62.06298016539892
94.9360285532712 -62.05678301351354
94.93618169375489 -62.05058586142682
94.9363347659492 -62.04438870913887
94.93648776989946 -62.03819155664985
94.93664070565093 -62.031994403959864
94.93679357324888 -62.02579725106905
94.93694637273849 -62.019600097977566
94.93709910416493 -62.01340294468553
94.93725176757331 -62.00720579119305
94.93740436300874 -62.00100863750032
94.93755689051625 -61.99481148360743
94.9377093501408 -61.98861432951451
94.93786174192743 -61.982417175221705
94.94495634916487 -62.23037436847222
94.94889554316408 -62.06924808282729
94.94904613798694 -62.063050915352676
94.94919666562598 -62.05685374768357
94.9493471261258 -62.050656579820085
94.94949751953096 -62.04445941176239
94.94964784588603 -62.03826224351055
94.94979810523547 -62.03206507506475
94.94994829762375 -62.025867906425084
94.95009842309526 -62.0196707375917
94.95024848169437 -62.01347356856475
94.95039847346543 -62.00727639934429
94.95054839845271 -62.00107922993053
94.9506982567005 -61.99488206032355
94.95084804825301 -61.9886848905235
94.95099777315438 -61.98248772053049
94.96221699222258 -62.0631204160564
94.96236483864159 -62.05692323288219
94.96251261911696 -62.05072604952043
94.96266033369245 -62.04452886597133
94.96295556531877 -62.03213449831146
94.96310308245693 -62.02593731420097
94.96325053386992 -62.01974012990358
94.96339791960136 -62.013542945419445
94.96354523969478 -62.00734576074866
94.96369249419367 -62.00114857589139
94.96383968314147 -61.99495139084771
94.96398680658167 -61.98875420561778
94.97553307123783 -62.05699146909996
94.97654741681077 -62.013611075240284
94.97669206518692 -62.00741387539681
94.97683664915782 -62.00121667537352
94.97698116876614 -61.995019475170565
94.97712562405455 -61.98882227478804
94.98941282919183 -62.02607238697501
94.98955493236954 -62.0198751725833
94.9896969722474 -62.013677958018114
94.9898389488674 -62.00748074327958
94.98998086227145 -62.00128352836785
94.99012271250146 -61.995086313282975
94.99026449959929 -61.98888909802513
95.00270721794261 -62.019940822932966
95.00284658483604 -62.013743593743925
95.0029858896617 -62.007546364388
95.00312513246078 -62.00134913486533
95.00326431327439 -61.99515190517597
95.0161328864953 -62.007610738713254
95.01626945865199 -62.00141349485716
95.01640597001177 -61.995216250840755
95.0168151397123 -61.976624517830686
95.02807213608894 -62.063449180502055
95.02901195635543 -62.020068381607786
95.02914597716821 -62.01387112400438
95.02927993829363 -62.00767386624667
95.02941383977121 -62.00147660833473
95.04229575476118 -62.013933018521875
95.04242704398207 -62.00773574697977
95.05557420248601 -62.007796380904246
95.06796489839687 -62.04503955563135
95.08125175752252 -62.03890046313337
95.6342718724155 -61.903870562040034
95.63428281240337 -61.897672957641085
95.64738332765292 -61.897677461229364
95.64739161248335 -61.89147985583046
95.66047820919995 -61.90387832890935
95.66048384622384 -61.89768072278725
95.6604894807473 -61.891483116664915
95.66049511277197 -61.88528551054225
95.67357839464987 -61.910077955454696
95.67358436705365 -61.89768274231432
95.67358735126862 -61.89148513574401
95.67359033416018 -61.885287529173624
95.67359331572918 -61.87908992260317
95.67359629597648 -61.87289231603264
95.6866845550259 -61.90388112655303
95.68668488907981 -61.89768351981026
95.68668522298553 -61.89148591306749
95.68668555674317 -61.88528830632474
95.68668589035282 -61.879090699581965
95.68668622381459 -61.87289309283921
95.69977846511007 -61.87909023535568
95.69977615178622 -61.87289262871582
95.71289090138768 -61.90387895496956
95.71288593247122 -61.89768134870858
95.71288096575884 -61.89148374244738
95.72609344592983 -61.98444487855887
95.72599407211146 -61.90387600571791
95.72598645171145 -61.89767840011125
95.73923119023969 -61.98444067487471
95.7392002098571 -61.96584786087738
95.73918989224616 -61.95965025620976
95.73912808279226 -61.92246462818489
95.73911779722366 -61.916267023510876
95.73910751622041 -61.91006941883596
95.73909723977955 -61.90387181416013
95.73908696789805 -61.897674209483384
95.75232995305218 -61.9658424149294
95.75231697215837 -61.95964481147264
95.75230399703503 -61.953447208014424
95.7522392078423 -61.92245919070174
95.75222626726188 -61.91626158723485
95.75221333242528 -61.91006398376651
95.75220040332876 -61.90386638029675
95.7654284096385 -61.95344051997348
95.76535032769988 -61.92245251008613
95.76533473211109 -61.91625490810237
95.76530356169584 -61.903859704128536
95.77864439395098 -61.9844205884275
95.77844319070668 -61.91624698611432
95.77842494821445 -61.91004938588677
95.77840671381763 -61.90385178565634
95.79178211520711 -61.98441140114988
95.79176111648458 -61.97821380299807
95.79148898085784 -61.897645026680316
