# # ids of objects in overdense bins for (91.78350367479001, -20.236319433949767)
# 
2.941357637691941376e+18
2.941345203764929536e+18
2.941357465893231104e+18
2.941350765744211968e+18
2.941345031966228992e+18
2.941350117207213056e+18
2.941358329184629248e+18
2.941357568972456960e+18
2.941358260465155072e+18
2.941357534612720640e+18
2.941344958951235072e+18
2.941346436417102848e+18
2.941344035531865088e+18
2.941368461009584640e+18
2.941367602016096256e+18
2.941349941110451200e+18
2.941346711295017472e+18
2.941350495162545152e+18
2.941367602016099328e+18
2.941346814374238208e+18
2.941350387787069952e+18
2.941350392085100544e+18
2.941350770042219008e+18
2.941351594675936256e+18
2.941350048487735296e+18
2.941346818672615936e+18
2.941367846832197632e+18
2.941357465893233152e+18
2.941344172972780544e+18
2.941344924588609024e+18
2.942128124763915776e+18
2.942128090404174336e+18
2.942125887082103808e+18
2.942129666653500928e+18
2.942132037475446784e+18
2.942131178481989632e+18
2.942132625889634304e+18
2.942132900767542272e+18
2.942132793389728768e+18
2.942131384640438272e+18
2.942143586646197760e+18
2.942132655950760960e+18
2.942133721102690816e+18
2.942133721102693376e+18
2.942131556438931456e+18
2.942130766164941312e+18
2.942132346713117696e+18
2.942137225795742208e+18
2.942131315921753600e+18
2.942131350280534016e+18
2.942137947350298624e+18
