# # ids of objects in overdense bins for (293.30618497986063, -33.2298877621057)
# 
6.744630416154283008e+18
6.744682363784129536e+18
6.744677729514077184e+18
6.744627564295904256e+18
6.744683806893871104e+18
6.744684287929615360e+18
6.744631859261480960e+18
6.744631133413893120e+18
6.744629247921337344e+18
6.744679378781517824e+18
6.744632615180469248e+18
6.744630175639046144e+18
6.744681990124194816e+18
6.744679894177587200e+18
6.744684292226665472e+18
6.744628182771204096e+18
6.744677248477748224e+18
6.744681268567207936e+18
6.744683428936111104e+18
6.744678897745774592e+18
6.744681062408763392e+18
6.744685323016433664e+18
6.744627323777725440e+18
6.744630892895714304e+18
6.744684807620358144e+18
6.744631343867213824e+18
6.744679447501006848e+18
6.744632512098319360e+18
6.744680615730392064e+18
6.744678549853017088e+18
6.744683364511797248e+18
6.744680340854245376e+18
6.744628045332269056e+18
6.744632610882836480e+18
6.744685078203637760e+18
6.744682329424396288e+18
6.744684356649125888e+18
6.744632748321794048e+18
6.744685116858022912e+18
6.744684940764678144e+18
6.744632305939933184e+18
6.744681126833592320e+18
6.744628869966025728e+18
6.744683532015351808e+18
6.744677622139988992e+18
6.744681229912880128e+18
6.744678240615296000e+18
6.744632477736775680e+18
6.744632340299666432e+18
6.744679894180098048e+18
6.744631030334685184e+18
6.744683776828136448e+18
6.744628354569899008e+18
6.744632237220447232e+18
6.744632404724399104e+18
6.744682054546435072e+18
6.744678897743462400e+18
6.744684184850387968e+18
6.744682196282638336e+18
6.744631137711311872e+18
6.744682093199177728e+18
6.744678240615287808e+18
6.744626357410109440e+18
6.744680890610062336e+18
6.744629965182746624e+18
6.744629900756402176e+18
6.744677725219232768e+18
6.744684287929608192e+18
6.744631992407411712e+18
6.744632237220452352e+18
6.744630416154906624e+18
6.744681440364154880e+18
6.744683978691938304e+18
6.744685048138564608e+18
6.744679374486765568e+18
6.744679477565981696e+18
6.744683708108685312e+18
6.744681126833590272e+18
6.744678996529647616e+18
6.744632821336010752e+18
6.744683811187893248e+18
6.744631687464578048e+18
6.744628006677673984e+18
6.744679168328436736e+18
6.744685288654921728e+18
6.744679958602429440e+18
6.744684223503462400e+18
6.744680615730405376e+18
6.744679683724470272e+18
6.744630446219151360e+18
6.744678996529652736e+18
6.744680581370663936e+18
6.744632168500956160e+18
6.744680267840138240e+18
6.744678347989441536e+18
6.744682608597116928e+18
6.744677523353899008e+18
6.744632679602327552e+18
6.744681165490460672e+18
6.744682398148536320e+18
6.744677935675380736e+18
6.744632993132915712e+18
6.744631717529565184e+18
6.744632713962096640e+18
6.744632645242588160e+18
6.744677179761134592e+18
6.744632512098320384e+18
6.744677592073330688e+18
6.744682746036061184e+18
6.744698173558732800e+18
6.744699685387254784e+18
6.744701467798984704e+18
6.744696696089989120e+18
6.744702193650504704e+18
6.744701296000301056e+18
6.744698753379662848e+18
6.744698173557260288e+18
6.744701502158738432e+18
6.744695218621153280e+18
6.744696111976991744e+18
6.744698375422897152e+18
6.744697486366260224e+18
6.744699715452281856e+18
6.744697688232032256e+18
6.744697688227721216e+18
6.744699719745269760e+18
6.744697933040530432e+18
6.744698654593595392e+18
6.744699715452296192e+18
6.744697623805233152e+18
6.744702124927179776e+18
6.744695734017286144e+18
6.744695699657550848e+18
6.744695351765388288e+18
6.744695149901666304e+18
6.744698203623794688e+18
6.744697211484263424e+18
6.744696416917330944e+18
6.744702051914573824e+18
6.744702189353536512e+18
6.744701467799149568e+18
6.744697211485997056e+18
6.744701914475622400e+18
6.744697933038797824e+18
6.744697413349803008e+18
6.745063245780674560e+18
6.745007132028045312e+18
6.745008064038491136e+18
6.745056786147588096e+18
6.745056747490449408e+18
6.745060737514951680e+18
6.745063825598980096e+18
6.745056545628782592e+18
6.745008128460526592e+18
6.745055613619018752e+18
6.745008373275518976e+18
6.745008270196304896e+18
6.745008476354739200e+18
6.745056889226159104e+18
6.745056133311896576e+18
6.745061764012627968e+18
6.745059908589262848e+18
6.745055617915831296e+18
6.745062210689201152e+18
6.745061764012594176e+18
6.745056717427489792e+18
6.745059633708497920e+18
6.745056678770964480e+18
6.745061557854077952e+18
6.745061111177417728e+18
6.745077432053489664e+18
6.745076474279965696e+18
6.745077328974279680e+18
6.745076573060287488e+18
6.745075580926753792e+18
6.745073519342452736e+18
6.745080661869417472e+18
6.745086193787467776e+18
6.745083067051104256e+18
6.745080490072222720e+18
6.745074172177387520e+18
6.745077981809480704e+18
6.745074859367680000e+18
6.745074756293849088e+18
6.745073411963926528e+18
6.745086021990083584e+18
6.745080009034293248e+18
6.745079459286214656e+18
6.745076779218798592e+18
6.745072832147584000e+18
6.745080180840730624e+18
6.745077122816295936e+18
6.745073240165224448e+18
6.745078123544657920e+18
6.745078050528973824e+18
6.745076955313508352e+18
6.745074923792698368e+18
6.745076955313512448e+18
6.745074889437906944e+18
6.745075026871734272e+18
6.745073553697595392e+18
6.745077810010717184e+18
6.745074790649993216e+18
6.745079704092614656e+18
6.745076405557695488e+18
6.745075610987468800e+18
6.745080421351343104e+18
6.745086125067954176e+18
6.745077019736987648e+18
6.745072965295617024e+18
6.745080047689989120e+18
6.745080082049725440e+18
6.745079807170017280e+18
6.745077054096754688e+18
6.745077436347830272e+18
6.745076474275382272e+18
6.745076538700508160e+18
6.745077883024661504e+18
6.745081074186318848e+18
6.745077603852221440e+18
6.745080386991540224e+18
6.745080150769848320e+18
6.745072999647024128e+18
6.745072896567729152e+18
6.745073038301304832e+18
6.745075134247336960e+18
6.745073484979896320e+18
6.745078187967982592e+18
6.745073824280922112e+18
6.745077779950026752e+18
6.745075271686292480e+18
6.745077535132707840e+18
6.745074000376009728e+18
6.745074653211028480e+18
6.745076199399258112e+18
6.745086503026838528e+18
6.745073893000416256e+18
6.745077676868707328e+18
6.745076160743320576e+18
6.745078187967975424e+18
6.745073175740262400e+18
6.745075817146049536e+18
6.745082933908629504e+18
