# successful candidates for region at (75.86048571075995, 83.28976283032661) and radius 1.0
74.65706558514911 82.77005973621057
74.7091768978904 82.75130745352246
74.80259608501783 82.78300894488002
74.8544247242086 82.76424017484771
74.85180557521062 82.7831196438773
74.84119049275922 82.85863736718959
74.84029575962482 82.86493049960713
74.90350794765337 82.76434532724392
74.90267892162532 82.77063857680109
74.90184845095494 82.77693182484214
74.89176873195068 82.85245068161181
74.89091913218601 82.85874390957602
74.94064921131795 82.8588451245015
74.93984175119724 82.86513844016979
74.99417964047545 82.82747399156004
74.98961683828551 82.86523441198793
74.98808515241068 82.87782120867078
74.98731727746335 82.88411460509838
74.98577744554711 82.89670139410897
75.05076563880634 82.7646292356045
75.04865748575119 82.78350972249717
75.04795231451793 82.7898032159493
75.0415499372503 82.84644460743715
75.04083229789188 82.8527380898178
75.04011339356754 82.85903157107516
75.03577321506219 82.89679243486357
75.10051180465287 82.75841978385343
75.09985397298807 82.764713354761
75.09919499588136 82.77100692471318
75.09721116191666 82.78988762881187
75.09654757299678 82.79618119491715
75.09321215954328 82.82764901087215
75.09254156160439 82.83394257113096
75.09186978470666 82.84023613040637
75.08984734909042 82.85911680230605
75.08577022244083 82.89687811920011
75.08508648299733 82.90317166849708
75.14894340747067 82.76479221512035
75.14021420675964 82.85290307856992
75.13958244913019 82.85919670524126
75.13894957688291 82.86549033104296
75.13831558706556 82.87178395597262
75.13640688251476 82.8906648255062
75.13576839268613 82.89695844692453
75.19803387128066 82.76486581651064
75.19630906391063 82.78374692240133
75.19573212059261 82.79004062290659
75.18872940216194 82.86556497129061
75.18636209869089 82.89073973006617
75.24712529343557 82.76493415877137
75.246061548127 82.77752168253615
75.245528283789 82.78381544348254
75.23905578745362 82.85934052552123
75.29816465524138 82.73982196803314
75.29572872077702 82.77129105887232
75.29523898654027 82.777584875464
75.34708840023562 82.73987959108561
75.34664513921642 82.74617346029751
75.39601288285287 82.73993197283141
75.39561185876684 82.74622588749418
75.44493803281702 82.73997911315719
75.44457924740277 82.74627306872338
75.49386377984615 82.7400210119606
75.4932301396539 82.75260899558317
75.54306388202612 82.73376364525478
75.54279005365318 82.74005766915108
75.54251575006603 82.74635169288138
75.54224097002657 82.75264571644506
75.5419657122924 82.75893973984178
75.59171678394645 82.74008908464927
75.5914847231484 82.74638313563946
75.59125225926826 82.75267718651051
75.59055243860614 82.7715593384053
75.59031835185012 82.77785338879643
75.6402639367165 82.75270340571129
75.64007345943725 82.75899747925355
75.63988265072709 82.76529155271571
75.6396915097203 82.77158562609748
75.63950003554808 82.77787969939855
75.68957133280598 82.74013619030757
75.68942376042156 82.74643028217301
75.68927593170537 82.7527243739902
75.68912784598893 82.75901846575911
75.68897950260155 82.7653125574795
75.68868204011915 82.77790074077448
75.68853291967089 82.78419483234882
75.7384990107716 82.7401518803657
75.7383936836454 82.74644598584604
75.73828817356622 82.75274009130186
75.73818248005698 82.75903419673293
75.73807660263893 82.76532830213941
75.73775786211942 82.78421061821017
75.78730059162828 82.75275055761193
75.7872372907861 82.75904467214103
75.8362922073195 82.75904989196027
