# successful candidates for region at (16.634948029222027, 43.69897829719888) and radius 1.0
16.29479412978073 44.33887977047568
16.303589492205752 44.33890533808134
16.312556564112217 44.30757763733474
16.312522243552184 44.313848157089446
16.312487913082144 44.32011867682665
16.312453572698104 44.326389196546366
16.312384862172 44.33893023593327
16.32138063486639 44.30133132466121
16.321313874973633 44.31387237118379
16.32121366282623 44.33268394084352
16.32118023947932 44.33895446403031
16.33017040208892 44.301354862584304
16.330105513523637 44.31389591590919
16.32997562392757 44.338978022371315
16.3389601762342 44.30137773133075
16.33886563673922 44.32018932120937
16.347688811210073 44.31394099724887
16.34765822502181 44.32021153040273
16.356510111498423 44.30769199758178
16.373813515628882 44.37043847835856
16.38261362726612 44.3704580322752
16.39138777144319 44.376747463602825
16.40023889504755 44.36422457906248
16.400188832911727 44.376765679658746
16.40898989973363 44.37678322536856
16.41781412933151 44.37052954545872
16.417790971708207 44.37680010073142
16.426636480392578 44.36427519050554
16.426614267723963 44.37054574812969
16.426592048634774 44.37681630574655
16.426569823122414 44.38308686335609
16.435414410865654 44.370561280549175
16.435393130312637 44.376831840413224
16.435371843607758 44.38310240027053
16.44427554934105 44.3517644566369
16.444234894692674 44.36430558069605
16.444214558555974 44.37057614271642
16.444194216541103 44.376846704730674
16.44417386864568 44.383117266738786
16.453072887386085 44.35177864239482
16.453014710594317 44.370590334630755
16.452995307119476 44.376860898698254
16.4529758980354 44.38313146276016
16.461851780640966 44.358062724228816
16.461833326377324 44.364333290262685
16.46181486678008 44.37060385629151
16.46179640184707 44.37687442231528
16.461777931576137 44.383144988333996
16.470667575701896 44.35180500402154
16.470650064499964 44.358075571918256
16.470632548237564 44.36434613981043
16.470615026912654 44.37061670769806
16.470597500523183 44.37688727558115
16.47057996906711 44.38315784345967
16.479481494254482 44.34554661022741
16.47946492557197 44.351817179889125
16.47944835210192 44.35808774954676
16.47943177384238 44.36435831920033
16.47941519079143 44.37062888884982
16.47939860294713 44.37689945849524
16.479382010307535 44.38317002813656
16.47936541287072 44.38944059777382
16.488262278983036 44.35182868579209
16.48824664324639 44.35809925711376
16.488231002991256 44.364369828431805
16.488215358215804 44.37064039974621
16.488199708918206 44.37691097105699
16.48818405509664 44.38318154236414
16.488168396749266 44.38945211366766
16.497044937732955 44.35811009461873
16.497030235483667 44.364380667504314
16.49700081823572 44.37692181326588
16.49698610323362 44.38319238614184
16.50585699562673 44.35184968770213
16.50582947111909 44.364390836417385
16.50581570289889 44.3706614107708
16.50580193069897 44.3769319851214
16.50578815451771 44.38320255946919
16.505774374353507 44.38947313381418
16.51464153593059 44.35812975944059
16.514628709697 44.36440033517052
16.514615879756388 44.37067091089802
16.514603046107258 44.37694148662308
16.514590208748118 44.3832120623457
16.514577367677457 44.38948263806588
16.52343983924079 44.35813858675655
16.523427951016874 44.364409163763284
16.523416059357036 44.370679740767926
16.523404164259894 44.37695031777047
16.52339226572406 44.38322089477093
16.523380363748135 44.38949147176928
16.53223814509133 44.35814674400867
16.53222719487819 44.36441732219528
16.53221624150023 44.37068790038012
16.532205284956177 44.37695847856318
16.532194325244745 44.383229056744455
16.532183362364666 44.38949963492397
16.532172396314646 44.39577021310168
16.54102644108042 44.364424810466126
16.54101642598535 44.370695389734216
16.5410064079954 44.37696596900083
16.5409963871094 44.383236548265934
16.540986363326173 44.389507127529555
16.54097633664455 44.39577770679169
16.549816612611792 44.370702208829854
16.549807533176875 44.376972789083034
16.549798451117226 44.383243369334984
16.54978936643179 44.38951394958572
16.549780279119492 44.395784529835225
16.558633075880593 44.35816719537824
16.558624939705513 44.36443777652299
16.558616801178932 44.37070835766674
16.558608660299893 44.37697893880952
16.558600517067443 44.38324951995131
16.558592371480632 44.389520101092124
16.558584223538503 44.39579068223195
16.55857607324012 44.40206126337079
16.567431389888096 44.35817267237147
16.567424191727333 44.36444325430841
16.56741699148617 44.37071383624458
16.567409789163758 44.37698441817998
16.56740258475926 44.38325500011461
16.56739537827183 44.38952558204848
16.56738816970063 44.395796163981586
16.567380959044822 44.402066745913906
16.576242220300323 44.34563631403306
16.576229705433743 44.35817747929925
16.576223445287965 44.36444806193146
16.57621718333288 44.370718644563105
16.576210919567764 44.376989227194166
16.576204653991887 44.38325980982465
16.576198386604514 44.38953039245455
16.576192117404908 44.39580097508386
16.576185846392345 44.402071557712596
16.576179573566087 44.40834214034075
16.585028022317093 44.35818161616135
16.585022700186876 44.364452199391955
16.585017376518458 44.37072278262212
16.58501205131122 44.37699336585186
16.58500672456454 44.3832639490812
16.5850013962778 44.38953453231011
16.584996066450373 44.395805115538586
16.58499073508164 44.402075698766645
16.584985402170975 44.40834628199429
16.59382634033771 44.35818508295762
16.593821956223543 44.36445566668965
16.593817570842283 44.370726250421406
16.59381318419342 44.37699683415287
16.593808796276438 44.38326741788404
16.593804407090825 44.38953800161494
16.593800016636067 44.395808585345534
16.593795624911657 44.402079169075854
16.593791231917077 44.40834975280589
16.60262121319744 44.36445846382444
16.602617766103744 44.37072904796082
16.602614318013657 44.376999632097025
16.602610868926774 44.38327021623306
16.602607418842698 44.3895408003689
16.602603967761024 44.395811384504576
16.602600515681345 44.402081968640076
16.60259706260326 44.408352552775405
16.611422978988966 44.358190006352
16.61142047090804 44.36446059079616
16.611417962102223 44.37073117524022
16.611415452571237 44.377001759684205
16.61141294231478 44.38327234412809
16.611410431332555 44.38954292857186
16.611407919624277 44.39581351301557
16.61140540718965 44.40208409745916
16.611402894028377 44.40835468190267
16.62022286882905 44.35192087829498
16.620221299218727 44.35819146294987
16.62021972915481 44.36446204760472
16.620218158637115 44.370732632259525
16.620216587665453 44.37700321691431
16.620215016239648 44.38327380156903
16.620213444359518 44.38954438622373
16.62021187202487 44.395814970878405
16.620210299235527 44.402085555533034
16.620208725991304 44.408356140187614
16.62901898773723 44.36446283425005
16.629018355507792 44.370733419018656
16.62901772309561 44.37700400378725
16.629017090500607 44.38327458855585
16.629016457722706 44.389545173324436
16.62901582476184 44.39581575809302
16.629015191617928 44.40208634286159
16.637818552513647 44.37073353551757
16.637818858661 44.37700412030302
16.637819164896857 44.38327470508848
16.63781947122125 44.389545289873936
16.637819777634217 44.39581587465938
16.637820084135797 44.40208645944483
16.646618749454067 44.37073298175628
16.646619994160925 44.37700356646161
16.64662123922761 44.38327415116692
16.646622484654266 44.38954473587222
16.646623730441046 44.395815320577476
16.646624976588086 44.40208590528273
16.646626223095534 44.40835648998796
16.65541676349308 44.36446117320647
16.65541894612843 44.37073175773478
16.65542112939468 44.377002342263026
16.655423313292083 44.38327292679121
16.65542549782089 44.38954351131932
16.655427682981355 44.395814095847356
16.65542986877374 44.402084680375324
16.664212901391217 44.358188694944346
16.6642160214128 44.36445927919882
16.664219142336126 44.370729863453164
16.664222264161566 44.377000447707346
16.66422538688948 44.38327103196139
16.664228510520232 44.38954161621528
16.66423163505419 44.395812200469045
16.664234760491716 44.402082784722644
16.66423788683318 44.408353368976115
16.673011220627366 44.35818613114444
16.67301527866553 44.36445671502808
16.673019337876543 44.37072729891149
16.673023398260877 44.376997882794655
16.673027459819014 44.383268466677556
16.673031522551426 44.38953905056023
16.67303558645858 44.39580963444265
16.673039651540964 44.402080218324826
16.673043717799043 44.40835080220676
16.681819532549056 44.3707240641099
16.68182453149192 44.37699464752505
16.681829531879902 44.383265230939834
16.68183453371359 44.38953581435425
16.68183953699357 44.39580639776828
16.681844541720427 44.40207698118194
16.681849547894746 44.40834756459525
16.68185455551711 44.41461814800817
16.690649430829062 44.40207307329417
16.69065537691915 44.40834365614174
16.69066132472916 44.414614238988776
16.699461204671124 44.4083390768464
16.699468092668226 44.414609659030425
