# successful candidates for region at (317.30076473079436, 16.55117686593664) and radius 1.0
317.4922148405796 16.256899023007755
317.49222702502607 16.269327030584815
317.4987273802672 16.256893005334696
317.4987336787517 16.263107008196233
317.49873997918723 16.269321011056128
317.4987462815741 16.27553501391439
317.49877151064175 16.300391025331027
317.50524642523584 16.263100788286057
317.50525293294004 16.269314790187053
317.50525944265985 16.275528792086302
317.5052659543955 16.2817427939838
317.5052724681474 16.28795679587955
317.5117726033236 16.275522368886875
317.51177932245616 16.28173636979421
317.51826499682846 16.25687374464594
317.5182719169259 16.263087744538005
317.52477753480366 16.25686692186014
317.61594298685196 16.250536287868137
317.615953011877 16.25675026872777
317.62243485454314 16.23809848874505
317.6224450803658 16.244312468096147
317.6224553093574 16.250526447442923
317.62246554151835 16.256740426785374
317.6288842331899 16.20080458325689
317.62891548321 16.219446516734017
317.62893633270977 16.231874472362975
317.62894676230724 16.238088450170714
317.6289571951372 16.244302427973953
317.6289676312002 16.250516405772693
317.6354267696626 16.21943628171241
317.63543739961136 16.2256502579508
317.63544803285566 16.231864234184517
317.635458669396 16.238078210413555
317.63546930923286 16.24429218663792
317.6419380554274 16.219425845601183
317.64194889219044 16.225639820230228
317.641959732313 16.23185379485442
317.6419705757959 16.23806776947374
317.64843830033703 16.213201235406753
317.64844934049086 16.219415208400484
317.64846038406785 16.22562918138918
317.64847143106846 16.23184315437282
317.65496062483976 16.21940437011048
317.65497187523033 16.225618341427808
