# # ids of objects in overdense bins for (63.97269517339187, 17.354306723149858)
# 
4.580562005367040000e+16
4.580884986908748800e+16
4.580531081601843200e+16
4.580541389522982400e+16
4.730728235551308800e+16
4.731033607579942400e+16
4.731494457607667200e+16
4.730594232572057600e+16
4.729583626619788800e+16
4.729604242462886400e+16
4.729477111430553600e+16
4.732177786909811200e+16
4.730762165646092800e+16
4.730679702273830400e+16
4.731645210957593600e+16
4.730803397355468800e+16
4.729466803508697600e+16
4.729319056633484800e+16
4.734524557040678400e+16
4.731597107453785600e+16
4.730569751110297600e+16
4.731494028108134400e+16
4.732126676900288000e+16
4.731965186130265600e+16
4.734634937799936000e+16
4.731748719778598400e+16
4.732177786909516800e+16
4.731748290174131200e+16
4.732153735091840000e+16
4.730632028198182400e+16
4.731016427710873600e+16
4.732150299117939200e+16
4.731789521991974400e+16
4.731037043666406400e+16
4.730858372915315200e+16
4.730254071164928000e+16
4.732154164605286400e+16
4.732267551833011200e+16
4.731796393809561600e+16
4.732119804867225600e+16
4.734610885897996800e+16
4.732085015612224000e+16
4.730930528365952000e+16
4.730923656418112000e+16
4.732133119247308800e+16
4.731047351475686400e+16
4.731102327057036800e+16
4.731758598095961600e+16
4.730748421751756800e+16
4.730553000886387200e+16
4.730786217463206400e+16
4.739355536376883200e+16
4.737002323761484800e+16
4.737081351159782400e+16
4.739379588077824000e+16
4.741746974029350400e+16
4.739317740526502400e+16
4.760445543684403200e+16
4.739341792363328000e+16
4.741733230133939200e+16
4.760926580025113600e+16
4.736937040259148800e+16
4.739420819764800000e+16
4.739417383790707200e+16
4.737132461153113600e+16
4.760538314980326400e+16
4.760902528207974400e+16
4.739397197524352000e+16
4.758194980821440000e+16
4.736926302847692800e+16
