# successful candidates for region at (297.45984488451296, -19.40475882814939) and radius 1.0
296.807512743471 -19.62809878010329
296.8141640107311 -19.628122443975343
296.92047915738317 -19.659954218070215
296.92731899271246 -19.60329870801795
296.9273605360787 -19.590704248917277
296.9273812988921 -19.584407019344564
296.9274020557939 -19.57810978975693
296.92742280678533 -19.57181256015438
296.93390767273996 -19.622209692507276
296.9339487323903 -19.609615227990684
296.93396925345127 -19.603317995710537
296.93398976867087 -19.597020763415827
296.93401027805044 -19.590723531106566
296.934030781591 -19.584426298782756
296.9340512792939 -19.578129066444397
296.9405384348896 -19.628525980934757
296.94055871376486 -19.6222287459796
296.94057898686907 -19.615931511010235
296.94059925420356 -19.609634276026664
296.9406195157695 -19.603337041028894
296.940639771568 -19.597039806016934
296.9470695025443 -19.666328220157567
296.9470895559085 -19.66003098260146
296.9471096035687 -19.653733745031474
296.947149681782 -19.641139269849905
296.9471697123373 -19.63484203223833
296.94718973719336 -19.6285447946129
296.9472097563511 -19.62224755697362
296.947249777577 -19.609653081653523
296.9472697796472 -19.603355843972714
296.94728977602387 -19.59705860627808
296.94730976670814 -19.59076136856961
296.9524438384375 -20.069370152212425
296.9537223662511 -19.666346807227136
296.95376194702595 -19.653752326798067
296.9538015052856 -19.64115784631495
296.9538212759751 -19.634860606053135
296.9538805542957 -19.615968885186724
296.9539200450644 -19.60337440454169
296.95399895917444 -19.578185443089932
296.9591333996585 -20.063091422817326
296.9603947645239 -19.660067908750683
296.96041429200795 -19.653770665912702
296.9604338139372 -19.64747342306156
296.9604533303127 -19.641176180197263
296.96047284113564 -19.634878937319822
296.96057031200115 -19.603392722735503
296.9657831804588 -20.06940693242191
296.96580280651256 -20.063109687843436
296.96710515684316 -19.641194271496545
296.9671436532772 -19.628599780566816
296.967278218348 -19.58451906190998
296.9672974200461 -19.57822181633648
296.97243348716745 -20.07572220224103
296.9724528537702 -20.06942495510528
296.97247221489283 -20.063127707956795
296.9733760266595 -19.767157077688523
296.9737949616294 -19.628617624190277
296.97383291679193 -19.616023128118258
296.9738898090363 -19.59713138391692
296.9739466527075 -19.57823963960372
296.9791034269921 -20.075739982511855
296.97912252858805 -20.06944273284067
296.97914162477883 -20.0631454831571
296.98001422566375 -19.7734719843896
296.98003306905554 -19.767174734128247
296.98055851492154 -19.590851721872287
296.9806332374507 -19.565662719345774
296.9806519047858 -19.559365468683954
296.9857733683031 -20.07575751779947
296.98665294369505 -19.779786652770227
296.9866715309408 -19.77348940003651
296.98669011290735 -19.767192147290924
296.9872819548196 -19.565680053189805
296.987300363172 -19.559382800054784
296.9873187662814 -19.553085546908026
296.987337164149 -19.546788293749536
296.99329218095664 -19.786101082726994
296.9933105119083 -19.77980382755495
296.9933288376539 -19.77350657237137
296.9933471581946 -19.767209317176253
296.99383984918484 -19.59718342256171
296.9938943593546 -19.578291655977722
296.9939125190652 -19.57199440042688
296.99393067360444 -19.565697144864625
296.9939488229735 -19.559399889290955
296.9939669671734 -19.553102633705876
296.99398510620506 -19.546805378109394
296.9999500121615 -19.786118016580147
296.9999680815381 -19.779820758992628
296.999986145783 -19.773523501393896
297.0004719444132 -19.603497542003545
297.0004898653925 -19.597200284092374
297.00054359772486 -19.57830851029221
297.00059728417057 -19.559416736392187
297.0006151694602 -19.55311947840333
297.00063304965545 -19.546822220403406
297.00712222142744 -19.603514163563062
297.0071398829793 -19.59721690328043
297.0071575395034 -19.590919642987004
297.0071928374725 -19.578325122367808
297.0072281153427 -19.565730601705503
297.0072457467432 -19.559433341358194
297.0072633731221 -19.553136081000126
297.00728099448037 -19.546838820631283
297.01273696979155 -19.97506901863714
297.0136331043493 -19.653908643323796
297.01377249980135 -19.603530542745123
297.0137899019253 -19.59723328012561
297.0138072990953 -19.590936017495626
297.0138942106716 -19.559449704188715
297.01391157813913 -19.553152441495964
297.0139462982345 -19.540557916079116
297.01938524972826 -19.981382556135188
297.020285462152 -19.65392479855768
297.02043992221047 -19.597249414627644
297.02049132102 -19.57835761980125
297.020508444201 -19.57206035483881
297.02055978449135 -19.553168559890594
297.0205768881738 -19.54687129488758
297.02059398698407 -19.540574029874417
297.02603405392773 -19.98769585376909
297.02605123222645 -19.981398587186934
297.0260684056588 -19.975101320594728
297.0268192341493 -19.698021580633615
297.0269039633315 -19.666535245328195
297.0269378212791 -19.65394071113676
297.02722483700256 -19.54688716891545
297.0272416770478 -19.540589901637322
297.0327003017225 -19.98771164261084
297.0327172160581 -19.981414373777035
297.03275103035566 -19.968819836080172
297.0328186014843 -19.94363076056959
297.0338727871262 -19.54690280087613
297.03936655083083 -19.987727186955816
297.0393832012027 -19.981429915905217
297.03939984685786 -19.975132644845168
297.0394164877972 -19.968835373775676
297.0394331240218 -19.96253810269675
297.0459836141482 -20.006634306446415
297.0460000144874 -20.00033703324135
297.0460164101818 -19.994039760027125
297.0460328012323 -19.987742486803757
297.04604918763994 -19.981445213571227
297.0460655694056 -19.975147940329553
297.04608194653025 -19.96885066707873
297.0460983190149 -19.962553393818766
297.04611468686045 -19.956256120549668
297.0526506581654 -20.006649368239987
297.05266679431537 -20.00035209288699
297.05268292589534 -19.99405481752512
297.0526990529063 -19.987757542154394
297.0527151753492 -19.98146026677481
297.05273129322484 -19.97516299138637
297.05274740653425 -19.96886571598908
297.0527635152784 -19.962568440582938
297.05277961945825 -19.956271165167948
297.0527957190746 -19.949973889744115
297.05281181412846 -19.943676614311435
297.05931770343625 -20.00666418543138
297.0593335753965 -20.000366907965326
297.0593494428616 -19.9940696304907
297.0593653058325 -19.9877723530075
297.05938116430997 -19.981475075515725
297.05939701829516 -19.975177798015384
297.0594128677888 -19.968880520506474
297.0594287127919 -19.962583242989005
297.0594445533054 -19.95628596546297
297.0594603893302 -19.94998868792839
297.05947622086717 -19.943691410385252
297.0594920479172 -19.937394132833553
297.06600035771027 -20.00038147847614
297.06601596106 -19.99408419892362
297.06603155999017 -19.987786919362808
297.0660471545019 -19.98148963979372
297.0660627445959 -19.975192360216337
297.06607833027334 -19.96889508063067
297.0660939115349 -19.96259780103673
297.0661094883815 -19.956300521434507
297.07266714123614 -20.000395804419167
297.0726824804699 -19.994098522823634
297.07269781535894 -19.987801241220094
297.07271314590434 -19.981503959608546
297.07272847210686 -19.975206677988993
297.07274379396745 -19.96890939636143
297.0727591114869 -19.962612114725868
297.07277442466625 -19.956314833082303
297.0727897335063 -19.95001755143074
297.0733682627627 -19.710720842771224
297.07338340306 -19.704423560809794
297.0793339259537 -20.00040988579418
297.07934900107097 -19.994112602190523
297.07936407191835 -19.987815318579116
297.0793791384969 -19.98151803495998
297.0793942008073 -19.97522075133311
297.07940925885055 -19.96892346769851
297.0799932034109 -19.723329399945136
297.0800080914795 -19.717032116003324
297.0800229753164 -19.71073483205388
297.0800378549226 -19.704437548096802
297.08008246836494 -19.685545696179844
297.0859858966461 -20.00672100817039
297.0860007118423 -20.000423722600946
297.08601552284256 -19.994126437024022
297.0860303296479 -19.987829151439637
297.086045132259 -19.981531865847785
297.0860599306769 -19.97523458024846
297.08607472490235 -19.968937294641677
297.0860895149362 -19.96264000902744
297.0866630659473 -19.71704586427843
297.08667768901853 -19.71074857836773
297.0926529478775 -20.006734602347322
297.09266749888144 -20.000437314839232
297.0926820457643 -19.994140027323933
297.092696588527 -19.987842739801433
297.0927111271703 -19.981545452271725
297.09272566169506 -19.975248164734822
297.0927401921022 -19.96895087719071
297.09334676207135 -19.7044647938682
297.09341849197443 -19.67297835453987
297.09930570938127 -20.013045241325564
297.09932000023946 -20.006747951920666
297.0993342870507 -20.00045066250882
297.0993485698156 -19.99415337309002
297.0993628485352 -19.987856083664273
297.09937712321016 -19.98155879423158
297.0993913938414 -19.97526150479195
297.10011385335076 -19.654099734217642
297.1059730271213 -20.013058348164236
297.10598705371143 -20.006761056890205
297.10600107632945 -20.000463765609478
297.106015094976 -19.994166474322054
297.10602910965196 -19.987869183027943
297.1060431203582 -19.981571891727132
297.1060571270954 -19.975274600419635
297.10676622680654 -19.654112734919813
297.11264034595126 -20.013071210364004
297.112654108273 -20.006773917255725
297.1126678666972 -20.000476624140994
297.11268162122497 -19.994179331019826
297.11269537185683 -19.987882037892213
297.11270911859384 -19.981584744758162
297.11930766585067 -20.01308382792464
297.1193481485419 -19.99419194318312
297.11936163512934 -19.987894648256887
297.12597498679895 -20.013096200845947
297.1260146769065 -19.99420431081173
297.1326423087756 -20.013108329127714
297.132655278289 -20.00681103072602
297.13930963176 -20.013120212769746
297.1459893967042 -20.006834550015633
297.1460018341534 -20.000537248254155
297.1460142680802 -19.994239946487415
297.1678567373427 -18.97410966269428
297.17448146161513 -18.974120075045974
297.1744923223115 -18.96782276629054
297.18110618671193 -18.97413024845002
