# # ids of objects in overdense bins for (86.25333550862541, -63.151212600113325)
# 
4.756358521461012480e+18
4.756341620770588672e+18
4.756345572134065152e+18
4.756332339355727872e+18
4.756357941650243584e+18
4.756344953658873856e+18
4.756339043784429568e+18
4.756335607810662400e+18
4.756357662473330688e+18
4.756332408075201536e+18
4.756364092032586752e+18
4.756338734546786304e+18
4.756343304391578624e+18
4.756337428876363776e+18
4.756358457046326272e+18
4.756337291437411328e+18
4.756333992906713088e+18
4.756339932842296320e+18
4.756331549081741312e+18
4.756335569171187712e+18
4.756343368816135168e+18
4.756341414606016512e+18
4.756331141044799488e+18
4.756332343635739648e+18
4.756359453468010496e+18
4.756332889111552000e+18
4.756331171108416512e+18
4.756335672241789952e+18
4.756332687233024000e+18
4.756332755952418816e+18
4.756343025218762752e+18
4.756341650829277184e+18
4.756330316411337728e+18
4.756345877083396096e+18
4.756333404499123200e+18
4.756330793159647232e+18
4.756333576290181120e+18
4.756343407470754816e+18
4.756330728728084480e+18
4.756333370131676160e+18
4.756358560125547520e+18
4.756363817154689024e+18
4.756335023695046656e+18
4.756340791835762688e+18
4.756338425323768832e+18
4.756334366580348928e+18
4.756334435299826688e+18
4.756336290709840896e+18
4.756341964361739264e+18
4.756334508299023360e+18
4.756358216532943872e+18
4.756338489733109760e+18
4.756331106685067264e+18
4.756344884939314176e+18
4.756331141059240960e+18
4.756334641449086976e+18
4.756342995153928192e+18
4.756363782794954752e+18
4.756335710889827328e+18
4.756342857715046400e+18
4.756330763094788096e+18
4.756363439197572096e+18
4.756332652873209856e+18
4.756330724439983104e+18
4.756345537774345216e+18
4.756337360163159040e+18
4.756330793151385600e+18
4.756334130341958656e+18
4.756330793151386624e+18
4.756331931318900736e+18
4.756357593763570688e+18
4.756362786362574848e+18
4.756332755952421888e+18
4.756333649305716736e+18
4.756332549794113536e+18
4.756337806843317248e+18
4.756342544198115328e+18
4.756332927751112704e+18
4.756340310799338496e+18
4.756362752002834432e+18
4.756343132592850944e+18
4.756346431134101504e+18
4.756364053393999872e+18
4.756345640860100608e+18
4.756345228536696832e+18
4.756344575701766144e+18
4.756332446721977344e+18
4.756334336500287488e+18
4.756344884954673152e+18
4.756341032369572864e+18
4.756343854147270656e+18
4.756329865438328832e+18
4.756363301758625792e+18
4.756363267398887424e+18
4.756335023709657088e+18
4.756338489733115904e+18
4.756340310815057920e+18
4.756363026880719872e+18
4.756359552257871872e+18
4.756364019035179008e+18
4.756341719564344320e+18
4.756338317942927360e+18
4.756329831078605824e+18
4.756341998727766016e+18
4.756330209035710464e+18
4.756334370860038144e+18
4.756337325797177344e+18
4.756362992520984576e+18
4.756335092429127680e+18
4.756340276439605248e+18
4.756363301758629888e+18
4.756337630755545088e+18
4.756357941639647232e+18
4.756339176927889408e+18
4.756333889838300160e+18
4.756363988956872704e+18
4.756364023316613120e+18
4.756337291437433856e+18
4.756331308547442688e+18
4.756338700201666560e+18
4.756341307231862784e+18
4.756338390955146240e+18
4.756333614945998848e+18
4.756338597122456576e+18
4.756346431134101504e+18
4.756341105368504320e+18
4.756339009439315968e+18
4.756333374427930624e+18
4.756331484642416640e+18
4.756330277755195392e+18
4.756331415922939904e+18
4.756332274916300800e+18
4.756332377995417600e+18
4.756340723116305408e+18
4.756339662259487744e+18
4.756346053185778688e+18
4.756344025952413696e+18
4.756339211287620608e+18
4.756330900526761984e+18
4.756362752002827264e+18
4.756330552649375744e+18
4.756341139728238592e+18
4.756330449553898496e+18
4.756343063873402880e+18
4.756333855478566912e+18
4.756359384764271616e+18
4.756346426848599040e+18
4.756364053394917376e+18
4.756342956499301376e+18
4.756342307959355392e+18
4.756339937137291264e+18
4.756330041533413376e+18
4.756363817158189056e+18
4.756334095982244864e+18
4.756339589244855296e+18
4.756338425323769856e+18
4.756333408787674112e+18
4.756336913480329216e+18
4.756331106692208640e+18
4.756343407470781440e+18
4.756330900526772224e+18
4.756333580586264576e+18
4.756344644421265408e+18
4.756346151970688000e+18
4.756329693639647232e+18
4.756331381572180992e+18
4.756330277755215872e+18
4.756332549801217024e+18
4.756334710168531968e+18
4.756343476190171136e+18
4.756359419108283392e+18
4.756336913480341504e+18
4.756330831821600768e+18
4.756331141044756480e+18
4.756333718025132032e+18
4.756331931318899712e+18
4.756358761984303104e+18
4.756332859031673856e+18
4.756344056017399808e+18
4.756332446729302016e+18
4.756357628113463296e+18
4.756333816824522752e+18
4.756362683283361792e+18
4.756358418397295616e+18
4.756333748088883200e+18
4.756344403903201280e+18
4.756362992527613952e+18
4.756330831821694976e+18
4.756362408405456896e+18
4.756333713745309696e+18
4.756329796727486464e+18
4.756339761050958848e+18
4.756363881583821824e+18
4.756333408787678208e+18
4.756340929274759168e+18
4.756342960805414912e+18
4.756334027262771200e+18
4.756336535523293184e+18
4.756333546230172672e+18
4.756340418179717120e+18
4.756336260645481472e+18
4.756339559180403712e+18
4.756339353021910016e+18
4.756338631473316864e+18
4.756331308547434496e+18
4.756336329364931584e+18
4.756339009424744448e+18
4.756344571422683136e+18
4.756330758791618560e+18
4.756337802538182656e+18
4.756345228536737792e+18
4.756332859031690240e+18
4.756331931325844480e+18
4.756338734552545280e+18
4.756341895648541696e+18
4.756343059594191872e+18
4.756342067447231488e+18
4.756346087540481024e+18
4.756345056748298240e+18
4.756358693259677696e+18
4.756340486899203072e+18
4.756332962110904320e+18
4.756364057676349440e+18
4.756344850579620864e+18
4.756342033087481856e+18
4.756339249942725632e+18
4.756334400924063744e+18
4.756337841193872384e+18
4.756337287142309888e+18
4.756332996470638592e+18
4.756332236268892160e+18
4.756337836906544128e+18
4.756333718028787712e+18
4.756339490460895232e+18
4.756332270620174336e+18
4.756358216524396544e+18
4.756363847224316928e+18
4.756341517691409408e+18
4.756359590922440704e+18
4.756332408059179008e+18
4.756341002295286784e+18
4.756343093945113600e+18
4.756332618513526784e+18
4.756332893391434752e+18
4.756348939388600320e+18
4.756331519002132480e+18
4.756362133543083008e+18
4.756357872927017984e+18
4.756339421741523968e+18
4.756348973748337664e+18
4.756331484649265152e+18
4.756336565594818560e+18
4.756334229125310464e+18
4.756358422682833920e+18
4.756329972820774912e+18
4.756346495568076800e+18
4.756346259339187200e+18
4.756359174296062976e+18
4.756333408787616768e+18
4.756342273605701632e+18
4.756337806834129920e+18
4.756344644427657216e+18
4.756332304979907584e+18
4.756359552257929216e+18
4.756340899216076800e+18
4.756334091686369280e+18
4.756334027262778368e+18
4.756341375958944768e+18
4.756345125457550336e+18
4.756333885535060992e+18
4.756342479764144128e+18
4.756343957226438656e+18
4.756345228543212544e+18
4.756331175404883968e+18
4.756358628841269248e+18
4.756357735491804160e+18
4.756334405219733504e+18
4.756348866374163456e+18
4.756338043056377856e+18
4.756356395458278400e+18
4.756335844033119232e+18
4.756344541348424704e+18
4.756345743932739584e+18
4.756339967201890304e+18
4.756340899216076800e+18
4.756344610076609536e+18
4.756357563682664448e+18
4.756338253510526976e+18
4.756334263485070336e+18
4.756339486165594112e+18
4.756341655130329088e+18
4.756339593540059136e+18
4.756344472622627840e+18
4.756345980162593792e+18
4.756344403918192640e+18
4.756333614945956864e+18
4.756332652873185280e+18
4.756362507195339776e+18
4.756341208453732352e+18
4.756332515434329088e+18
4.756331927031472128e+18
4.756344850586099712e+18
4.756333958546966528e+18
4.756359384755524608e+18
4.756337115343621120e+18
4.756333645025831936e+18
4.756331927022856192e+18
4.756333443154442240e+18
4.756331519009017856e+18
4.756336569890632704e+18
4.756344816219909120e+18
4.756339627899823104e+18
4.756331274187684864e+18
4.756356081919484928e+18
4.756333889823782912e+18
4.756332721592676352e+18
4.756335573460366336e+18
4.756331690800722944e+18
4.756333511866810368e+18
4.756346499846798336e+18
4.756363473560819712e+18
4.756340413878599680e+18
4.756330930590347264e+18
4.756331725160609792e+18
4.756336638602438656e+18
4.756333718025176064e+18
4.756338558468391936e+18
4.756339039488914432e+18
4.756345670918758400e+18
4.756333408791272448e+18
4.756343300112360448e+18
4.756343334456354816e+18
4.756334572738774016e+18
4.756329762359140352e+18
4.756334607098512384e+18
4.756342479757962240e+18
4.756331415922960384e+18
4.756345018083733504e+18
4.756332270636248064e+18
4.756334675818004480e+18
4.756332171837005824e+18
4.756330522569662464e+18
4.756331725160604672e+18
4.756359453475005440e+18
4.756343441830483968e+18
4.756341277167131648e+18
4.756358521461017600e+18
4.756359174296057856e+18
4.756331587721565184e+18
4.756333649305722880e+18
4.756358865074009088e+18
4.756329835389200384e+18
4.756332476778679296e+18
4.756332068757803008e+18
4.756330999309831168e+18
4.756334710168483840e+18
4.756329904108676096e+18
4.756334302144160768e+18
4.756334199065044992e+18
4.756330282065798144e+18
4.756357872920206336e+18
4.756330178986582016e+18
4.756340413878602752e+18
4.756340997994251264e+18
4.756330282051603456e+18
4.756362374045735936e+18
4.756330728728102912e+18
4.756340516966333440e+18
4.756330728728102912e+18
4.756358594474616832e+18
4.756361858665367552e+18
4.756330591289091072e+18
4.756343441830470656e+18
4.756341345886615552e+18
4.756341826932866048e+18
4.756339318676943872e+18
4.756330316411354112e+18
4.756343918572024832e+18
4.756330861870887936e+18
4.756334297844824064e+18
4.756358006064904192e+18
4.756331587721573376e+18
4.756336432444126208e+18
4.756330282051614720e+18
4.756330522569683968e+18
4.756334405219743744e+18
4.756346534206546944e+18
4.756337531955554304e+18
4.756334126046129152e+18
4.756340899216076800e+18
4.756339662259527680e+18
4.756331617793693696e+18
4.756332171837024256e+18
4.756339215583045632e+18
4.756340486899213312e+18
4.756330007173704704e+18
4.756358143509795840e+18
4.756359316039796736e+18
4.756337703769208832e+18
4.756340315100527616e+18
4.756331862599491584e+18
4.756357769841010688e+18
4.756357593753953280e+18
4.756331793880012800e+18
4.756339039496931328e+18
4.756359586628528128e+18
4.756357838567283712e+18
4.756340005862817792e+18
4.756332412355203072e+18
4.756359208661132288e+18
4.756342647261609984e+18
4.756336634307303424e+18
4.756332721592680448e+18
4.756330999309847552e+18
4.756338459674584064e+18
4.756335710889878528e+18
4.756330041533450240e+18
4.756333340067775488e+18
4.756359552253190144e+18
4.756337424587927552e+18
4.756331927022878720e+18
4.756359346099992576e+18
4.756332343635722240e+18
4.756344644421297152e+18
4.756331828239745024e+18
4.756339627905788928e+18
4.756331553370911744e+18
4.756358800633062400e+18
4.756358353956463616e+18
4.756342819060316160e+18
4.756342995153975296e+18
4.756345980156441600e+18
4.756339314366887936e+18
4.756339112503833600e+18
4.756340108942038016e+18
4.756343059578485760e+18
4.756332068757829632e+18
4.756357632408846336e+18
4.756332309276002304e+18
4.756330586992898048e+18
4.756358457035680768e+18
4.756329865446793216e+18
4.756341517691412480e+18
4.756332133189821440e+18
4.756342823355277312e+18
4.756331862599496704e+18
4.756363950301015040e+18
4.756330522569698304e+18
4.756346431127349248e+18
4.756342514117635072e+18
4.756333988607090688e+18
4.756334577022105600e+18
4.756348973748327424e+18
4.756340143301772288e+18
4.756357666768582656e+18
4.756357628107751424e+18
4.756340482598104064e+18
4.756331278484038656e+18
4.756341960066952192e+18
4.756344713150911488e+18
4.756355983134721024e+18
4.756345743932719104e+18
4.756345159823718400e+18
4.756359655332414464e+18
4.756344919299201024e+18
4.756337802538162176e+18
4.756332957823255552e+18
4.756362369767354368e+18
4.756344369549724672e+18
4.756362580211213312e+18
4.756334405219682304e+18
4.756337630746132480e+18
4.756331862599525376e+18
4.756331278484049920e+18
4.756338528394081280e+18
4.756331068029328384e+18
4.756340383819974656e+18
4.756332545498115072e+18
4.756334233421113344e+18
4.756340727417333760e+18
4.756331549073993728e+18
4.756340108951018496e+18
4.756334439579432960e+18
4.756337630755545088e+18
4.756358319596743680e+18
4.756339043784373248e+18
4.756337527676325888e+18
4.756345125457508352e+18
4.756358624540244992e+18
4.756337184078943232e+18
4.756362713349138432e+18
4.756334508299006976e+18
4.756332339339668480e+18
4.756363675437420544e+18
4.756333614945953792e+18
4.756334194765541376e+18
4.756363812876375040e+18
4.756339249948694528e+18
4.756330488209944576e+18
4.756357868625934336e+18
4.756331617785160704e+18
4.756345464775886848e+18
4.756332579857885184e+18
4.756332511138456576e+18
4.756341788268274688e+18
4.756345743939339264e+18
4.756335603514917888e+18
4.756331793880041472e+18
4.756336329364938752e+18
4.756363920249454592e+18
4.756346220674624512e+18
4.756334611378216960e+18
4.756357632402080768e+18
4.756358319596750848e+18
4.756346465493846016e+18
4.756333340073702400e+18
4.756346186314895360e+18
4.756342101806987264e+18
4.756338562762797056e+18
4.756331759520308224e+18
4.756363675421819904e+18
4.756333816808428544e+18
4.756330488209988608e+18
4.756363297464697856e+18
4.756338700201752576e+18
4.756330247691917312e+18
4.756357872920211456e+18
4.756338386653830144e+18
4.756335672234399744e+18
4.756331106685111296e+18
4.756335642170381312e+18
4.756357701121562624e+18
4.756330556933023744e+18
4.756346186314891264e+18
4.756340177661535232e+18
4.756344060315897856e+18
4.756342101806983168e+18
4.756363950299731968e+18
4.756344025945886720e+18
4.756340074582321152e+18
4.756339834058176512e+18
4.756331312850544640e+18
4.756338528394094592e+18
4.756331862606359552e+18
4.756345469054907392e+18
4.756345636565625856e+18
4.756330694368425984e+18
4.756331759527142400e+18
4.756330488209980416e+18
4.757526791220248576e+18
4.757496657729974272e+18
4.757503903356244992e+18
4.757495386422675456e+18
4.757501326375778304e+18
4.757502395806128128e+18
4.757525618693797888e+18
4.757491362046238720e+18
4.757504350026810368e+18
4.757499750106390528e+18
4.757503765899972608e+18
4.757503353583008768e+18
4.757495111548649472e+18
4.757525485553353728e+18
4.757498375716740096e+18
4.757502254071485440e+18
4.757505556905375744e+18
4.757501051481969664e+18
4.757490060662919168e+18
4.757504246936389632e+18
4.757497752948781056e+18
4.757497065762454528e+18
4.757503147424951296e+18
4.757502120928216064e+18
4.757496760809148416e+18
4.757498375716736000e+18
4.757500643462567936e+18
4.757490060667140096e+18
4.757494213895725056e+18
4.757504315655937024e+18
4.757494316974949376e+18
4.757490949729521664e+18
4.757497722881708032e+18
4.757526443330172928e+18
4.757502700748166144e+18
4.757503181784682496e+18
4.757498203918042112e+18
4.757492843806286848e+18
4.757493015600599040e+18
4.757490369904782336e+18
4.757496657736869888e+18
4.757502803827444736e+18
4.757498444436211712e+18
4.757506033642969088e+18
4.757494110816506880e+18
4.757499303429819392e+18
4.757501807407261696e+18
4.757502528949444608e+18
4.757502116632676352e+18
4.757499990631486464e+18
4.757494115109321728e+18
4.757492259683564544e+18
4.757508335762483200e+18
4.757490919653767168e+18
4.757498135198557184e+18
4.757491160171935744e+18
4.757505483886989312e+18
4.757526615126256640e+18
4.757501055783377920e+18
4.757490850934288384e+18
4.757501158855650304e+18
4.757492259690388480e+18
4.757496962674788352e+18
4.757500574743099392e+18
4.757490576056379392e+18
4.757502876842448896e+18
4.757496859595569152e+18
4.757491263251146752e+18
4.757501635596184576e+18
4.757496829535551488e+18
4.757527444058426368e+18
4.757504079433287680e+18
4.757492598987932672e+18
4.757495317700157440e+18
4.757491435056662528e+18
4.757494115109316608e+18
4.757502700748144640e+18
4.757490369900550144e+18
4.757525622992333824e+18
4.757500020691525632e+18
4.757492289759722496e+18
4.757492049232119808e+18
4.757500467366433792e+18
4.757502116632664064e+18
4.757504487454465024e+18
4.757500673523433472e+18
4.757499612667450368e+18
4.757493011304830976e+18
4.757502528949449728e+18
4.757502288431208448e+18
4.757499612667452416e+18
4.757490679138191360e+18
4.757494866730676224e+18
4.757492362762768384e+18
4.757502773763227648e+18
4.757502838187169792e+18
4.757527340983506944e+18
4.757494115109309440e+18
4.757494179535969280e+18
4.757503697180476416e+18
4.757497379284389888e+18
4.757497001327298560e+18
4.757496863888345088e+18
4.757503731540216832e+18
4.757526138388412416e+18
4.757504384375245824e+18
4.757497379284388864e+18
4.757503319224722432e+18
4.757503113065160704e+18
4.757492839515532288e+18
4.757490095020068864e+18
4.757504010713802752e+18
4.757506068002690048e+18
4.757490129379807232e+18
4.757494042097015808e+18
4.757493320542508032e+18
4.757494694940568576e+18
4.757490232459020288e+18
4.757497310571878400e+18
4.757494493066518528e+18
4.757491263251135488e+18
4.757503353584464896e+18
4.757490129379805184e+18
4.757493011304837120e+18
4.757491469409565696e+18
4.757491057092705280e+18
4.757493973377536000e+18
4.757496756516341760e+18
4.757492809439361024e+18
4.757503117360579584e+18
4.757492534561453056e+18
4.757502666388469760e+18
4.757490163739541504e+18
4.757491366330347520e+18
4.757492427203496960e+18
4.757508236961662976e+18
4.757497379291355136e+18
4.757494420062806016e+18
4.757496898250678272e+18
4.757500845322129408e+18
4.757527199242089472e+18
4.757501498157212672e+18
4.757492839515526144e+18
4.757492912518555648e+18
4.757500982761137152e+18
4.757500368581651456e+18
4.757493943313742848e+18
4.757496928315029504e+18
4.757495450860579840e+18
4.757525313754916864e+18
4.757490335538230272e+18
4.757503181784646656e+18
4.757492500201709568e+18
4.757497276207796224e+18
4.757503422302498816e+18
4.757491744287465472e+18
4.757500982761138176e+18
4.757490747855088640e+18
4.757527164899072000e+18
4.757493217463285760e+18
4.757495416500836352e+18
4.757504148152737792e+18
4.757500334221901824e+18
4.757498547517996032e+18
4.757491503769295872e+18
4.757504246936424448e+18
4.757505483887003648e+18
4.757493801578828800e+18
4.757490404257701888e+18
4.757527478418157568e+18
4.757504143857118208e+18
4.757493973377525760e+18
4.757529643086280704e+18
4.757503529684508672e+18
4.757491396405940224e+18
4.757505728707729408e+18
4.757502597668979712e+18
4.757505586966223872e+18
4.757501983496282112e+18
4.757491125812170752e+18
4.757491778647197696e+18
4.757490576058960896e+18
4.757501536820102144e+18
4.757492672000393216e+18
4.757502533252520960e+18
4.757500299862159360e+18
4.757499367856507904e+18
4.757490713495342080e+18
4.757502911202166784e+18
4.757502769467681792e+18
4.757502258374184960e+18
4.757526752565327872e+18
4.757493217463274496e+18
4.757502391510502400e+18
4.757500402941371392e+18
4.757492706360127488e+18
4.757502941266477056e+18
4.757501949136541696e+18
4.757504315655896064e+18
4.757503048641105920e+18
4.757503495321597952e+18
4.757492878158819328e+18
4.757494355630471168e+18
4.757499299137029120e+18
4.757495038529372160e+18
4.757505453825984512e+18
4.757498513158261760e+18
4.757502705050779648e+18
4.757500780901540864e+18
4.757491916086142976e+18
4.757500368584680448e+18
4.757525618693790720e+18
4.757504384375222272e+18
4.757501223279254528e+18
4.757501601236412416e+18
4.757496893969593344e+18
4.757493904658037760e+18
4.757498306999889920e+18
4.757502838187142144e+18
4.757505999283189760e+18
4.757500918340496384e+18
4.757501120201461760e+18
4.757501708618388480e+18
4.757501227575115776e+18
4.757504182512470016e+18
4.757498100845838336e+18
4.757501742978523136e+18
4.757503868979140608e+18
4.757497134487762944e+18
4.757529643081794560e+18
4.757527439760068608e+18
4.757493359195148288e+18
4.757500437308063744e+18
4.757493084317241344e+18
4.757493840231403520e+18
4.757497718587370496e+18
4.757497718585919488e+18
4.757495145901509632e+18
4.757526344543736832e+18
4.757503873281875968e+18
4.757493015597762560e+18
4.757502224010550272e+18
4.757525451197999104e+18
4.757503628460967936e+18
4.757490610419097600e+18
4.757503838922139648e+18
4.757499848907026432e+18
4.757494252548267008e+18
4.757503456662239232e+18
4.757503907641617408e+18
4.757503667116429312e+18
4.757501360718199808e+18
4.757526546406854656e+18
4.757493221756188672e+18
4.757497959107239936e+18
4.757492976945091584e+18
4.757496825235829760e+18
4.757491224607225856e+18
4.757500639163687936e+18
4.757499956264838144e+18
4.757501841754679296e+18
4.757499715746660352e+18
4.757493664139855872e+18
4.757504315655928832e+18
4.757497684227624960e+18
4.757495214620947456e+18
4.757501085857606656e+18
4.757503491023444992e+18
4.757504109497360384e+18
4.757494420068360192e+18
4.757497516723332096e+18
4.757526859939725312e+18
4.757493153036706816e+18
4.757526271529048064e+18
4.757493462274353152e+18
4.757527272260067328e+18
4.757492431485221888e+18
4.757525790492466176e+18
4.757493462274352128e+18
4.757504182519510016e+18
4.757496451571438592e+18
4.757503014288406528e+18
4.757493359198035968e+18
4.757501154561196032e+18
4.757500639165119488e+18
4.757499333510939648e+18
4.757492736426911744e+18
4.757505728700675072e+18
4.757503284864966656e+18
4.757503254799632384e+18
4.757495077184603136e+18
4.757492255390537728e+18
4.757505625621460992e+18
4.757495279047548928e+18
4.757494213909921792e+18
4.757494213909921792e+18
4.757503838915135488e+18
4.757490468693268480e+18
4.757500128063508480e+18
4.757503491021997056e+18
4.757495210342332416e+18
4.757526550705302528e+18
4.757526649486065664e+18
4.757503800259645440e+18
4.757495141622853632e+18
4.757504075137619968e+18
4.757504006418184192e+18
4.757500471660818432e+18
4.757503284880880640e+18
4.757494733584661504e+18
4.757499024259102720e+18
4.757493290475649024e+18
4.757526683845782528e+18
4.757500506023610368e+18
4.757493668432760832e+18
4.757499848891129856e+18
4.757500845339455488e+18
4.757506171081966592e+18
4.757505449527196672e+18
4.757494591867037696e+18
4.757502906906706944e+18
4.757497619805137920e+18
4.757505625621451776e+18
4.757496893955323904e+18
4.757505449527195648e+18
4.757526580766601216e+18
4.757525756132843520e+18
4.757504526116887552e+18
4.757494454413787136e+18
4.757494454428386304e+18
4.757503289159361536e+18
4.757502189647732736e+18
4.757504526112431104e+18
4.757491950448453632e+18
4.757491636929537024e+18
4.757490262534979584e+18
4.757502739408031744e+18
4.757491499476285440e+18
4.757498169558313984e+18
4.757502494589692928e+18
4.757499196057778176e+18
4.757491499476285440e+18
4.757490571763348480e+18
4.757500433006678016e+18
4.757493526715145216e+18
4.757505763060407296e+18
4.757490709202301952e+18
4.757491465131147264e+18
4.757503387945907200e+18
4.757502288431233024e+18
4.757526413270230016e+18
4.757503083007873024e+18
4.757493290475642880e+18
4.757492014886656000e+18
4.757490571763346432e+18
4.757527164882245632e+18
4.757494316974952448e+18
4.757526585065039872e+18
4.757493908950932480e+18
4.757491155893498880e+18
4.757500329927454720e+18
4.757525893571775488e+18
4.757491774368485376e+18
4.757499230431709184e+18
4.757494871023583232e+18
4.757493908950930432e+18
4.757505621326026752e+18
4.757490503058467840e+18
4.757497065754023936e+18
4.757527714638055424e+18
4.757527508479624192e+18
4.757505449527221248e+18
4.757495141617218560e+18
4.757494561788545024e+18
4.757501571172435968e+18
4.757493251837231104e+18
4.757503456673898496e+18
4.757525412535330816e+18
4.757499436590134272e+18
4.757506175384315904e+18
4.757499436590133248e+18
4.757526516345546752e+18
4.757526615126291456e+18
4.757525584334021632e+18
4.757490228180555776e+18
4.757503216144455680e+18
4.757491155878890496e+18
4.757497585445385216e+18
4.757502288431216640e+18
4.757499299137029120e+18
4.757502838187209728e+18
4.757499711452158976e+18
4.757497478070894592e+18
4.757525343815833600e+18
4.757494420054181888e+18
4.757526134089986048e+18
4.757504246936398848e+18
4.757496619077433344e+18
4.757498096544451584e+18
4.757506136722206720e+18
4.757494248269665280e+18
4.757495283343022080e+18
4.757497546788638720e+18
4.757503009985902592e+18
4.757526683847330816e+18
4.757497478070893568e+18
4.757492667721670656e+18
4.757493801593065472e+18
4.757493634075616256e+18
4.757497890387755008e+18
4.757504143857118208e+18
4.757494351334701056e+18
4.757527508479614976e+18
4.757497340640498688e+18
4.757499333496766464e+18
4.757492500208548864e+18
4.757497585445382144e+18
4.757500055060094976e+18
4.757497688524591104e+18
4.757494871023592448e+18
4.757494385694436352e+18
4.757499539655202816e+18
4.757503009985935360e+18
4.757525756144685056e+18
4.757503216144442368e+18
4.757500845333927936e+18
4.757501841771858944e+18
4.757526477687337984e+18
4.757506033654423552e+18
4.757525756132841472e+18
4.757494046389867520e+18
4.757496584717689856e+18
4.757497100113765376e+18
4.757504521814230016e+18
4.757525584334009344e+18
4.757496893955335168e+18
4.757499505295463424e+18
4.757499269073002496e+18
4.757501669973164032e+18
4.757501944833851392e+18
4.757496584717689856e+18
4.757501704315682816e+18
4.757490365619512320e+18
4.757490846650507264e+18
4.757494493073370112e+18
4.757504143857121280e+18
4.757503181786165248e+18
4.757497581158476800e+18
4.757494252548258816e+18
4.757499780171638784e+18
4.757497718587362304e+18
4.757497443725336576e+18
4.757502494589687808e+18
4.757495455139099648e+18
4.757502563309201408e+18
4.757497478069147648e+18
4.757494733591533568e+18
4.757494218188519424e+18
4.757494420052434944e+18
4.757502254071495680e+18
4.757501502455990272e+18
4.756708234886658048e+18
4.756709643641886720e+18
4.756665495665273856e+18
4.756669584470637568e+18
4.756667381156927488e+18
4.756670817130178560e+18
4.756700400871966720e+18
4.756666904408833024e+18
4.756701706527991808e+18
4.756671371177030656e+18
4.756704768842717184e+18
4.756672333246059520e+18
4.756666934471250944e+18
4.756665083342767104e+18
4.756704150363185152e+18
4.756704597039771648e+18
4.756700542590776320e+18
4.756677281049595904e+18
4.756706486825284608e+18
4.756675661844994048e+18
4.756706074515790848e+18
4.756704425241055232e+18
4.756673565909936128e+18
4.756660891462465536e+18
4.756703875490835456e+18
4.756680064196570112e+18
4.756699511798794240e+18
4.756664567946782720e+18
4.756670134228242432e+18
4.756705593473796096e+18
4.756672401968975872e+18
4.756703218370527232e+18
4.756679892397880320e+18
4.756666217214128128e+18
4.756668308860778496e+18
4.756702599880285184e+18
4.756676108522812416e+18
4.756676108522800128e+18
4.756680472208586752e+18
4.756705554832734208e+18
4.756702909117730816e+18
4.756704871917630464e+18
4.756664877184392192e+18
4.756668210078914560e+18
4.756709613572225024e+18
4.756671027577266176e+18
4.756705043716426752e+18
4.756706452476268544e+18
4.756659998100123648e+18
4.756709849786139648e+18
4.756709373054029824e+18
4.756680128618708992e+18
4.756671233735682048e+18
4.756667415516491776e+18
4.756709265670586368e+18
4.756699821036389376e+18
4.756673737700712448e+18
4.756665392580357120e+18
4.756678891660438528e+18
4.756672883001816064e+18
4.756677654709793792e+18
4.756671847929435136e+18
4.756704459600841728e+18
4.756670782770364416e+18
4.756677006171729920e+18
4.756709304325493760e+18
4.756677899524830208e+18
4.756671195094395904e+18
4.756669756269358080e+18
4.756699752318425088e+18
4.756670306025070592e+18
4.756671886570664960e+18
4.756701985705152512e+18
4.756678208762476544e+18
4.756675528702982144e+18
4.756702118852575232e+18
4.756704940647785472e+18
4.756702531169433600e+18
4.756679956812449792e+18
4.756706280668522496e+18
4.756666766969892864e+18
4.756699885460710400e+18
4.756678895961663488e+18
4.756709304334559232e+18
4.756707169725637632e+18
4.756705078076172288e+18
4.756675322543124480e+18
4.756709166895609856e+18
4.756671710490476544e+18
4.756670890138292224e+18
4.756709609267962880e+18
4.756704459603701760e+18
4.756705073781406720e+18
4.756710296462748672e+18
4.756709201246283776e+18
4.756671611692789760e+18
4.756702153203643392e+18
4.756669103434319872e+18
4.756670099866628096e+18
4.756679308274094080e+18
4.756678930319393792e+18
4.756660307343009792e+18
4.756671989654253568e+18
4.756702702959527936e+18
4.756704459603705856e+18
4.756710193383537664e+18
4.756671092015177728e+18
4.756707066646397952e+18
4.756671092015177728e+18
4.756675734859885568e+18
4.756706894847706112e+18
4.756698343578223616e+18
4.756708269238159360e+18
4.756668759842780160e+18
4.756668278798362624e+18
4.756678140051357696e+18
4.756700130274023424e+18
4.756671233735675904e+18
4.756671233743832064e+18
4.756675563061198848e+18
4.756670821421132800e+18
4.756664632368744448e+18
4.756674188676605952e+18
4.756680712734256128e+18
4.756704420961471488e+18
4.756676731293815808e+18
4.756703360094668800e+18
4.756669584470648832e+18
4.756675459991751680e+18
4.756703634969960448e+18
4.756703944215585792e+18
4.756704047284005888e+18
4.756669550110909440e+18
4.756671577333052416e+18
4.756666835689360384e+18
4.756676662574337024e+18
4.756679888092957696e+18
4.756670306025077760e+18
4.756705005061907456e+18
4.756702672894475264e+18
4.756708204812349440e+18
4.756665839260875776e+18
4.756654225665564672e+18
4.756706418107458560e+18
4.756677143610656768e+18
4.756666904408819712e+18
4.756667419812976640e+18
4.756664877184410624e+18
4.756675666140404736e+18
4.756671199375949824e+18
4.756669550110903296e+18
4.756677212332459008e+18
4.756669511451667456e+18
4.756664774105131008e+18
4.756708544123931648e+18
4.756664529290596352e+18
4.756706001509150720e+18
4.756672127087667200e+18
4.756679888092947456e+18
4.756679033399809024e+18
4.756671405534352384e+18
4.756675734861409280e+18
4.756668175719164928e+18
4.756709373054030848e+18
4.756699821036356608e+18
4.756710335117641728e+18
4.756706997926904832e+18
4.756710021584832512e+18
4.756699855396102144e+18
4.756669584470644736e+18
4.756677246692204544e+18
4.756669893708179456e+18
4.756706418108817408e+18
4.756673157881178112e+18
4.756678616791173120e+18
4.756704940640077824e+18
4.756666041119160320e+18
4.756665319564653568e+18
4.756700366498174976e+18
4.756670993217568768e+18
4.756668794196631552e+18
4.756672505054023680e+18
4.756668828556371968e+18
4.756666251573868544e+18
4.756668789897102336e+18
4.756702054419246080e+18
4.756670958860137472e+18
4.756704356521605120e+18
4.756677723429275648e+18
4.756668755537363968e+18
4.756668588035968000e+18
4.756699889755809792e+18
4.756670576612191232e+18
4.756666629530976256e+18
4.756704867623022592e+18
4.756665289501188096e+18
4.756676800015621120e+18
4.756677212330102784e+18
4.756676830091429888e+18
4.756679681934581760e+18
4.756673192240911360e+18
4.756673600260597760e+18
4.756675318263562240e+18
4.756665289501186048e+18
4.756701023631025152e+18
4.756679961111600128e+18
4.756680098549241856e+18
4.756664842824586240e+18
4.756678895957270528e+18
4.756666285935532032e+18
4.756705108141164544e+18
4.756668416241303552e+18
4.756667729042597888e+18
4.756678552361016320e+18
4.756678341912233984e+18
4.756673054809833472e+18
4.756699782396670976e+18
4.756710506916368384e+18
4.756679166553643008e+18
4.756678582422861824e+18
4.756710506914759680e+18
4.756704700118974464e+18
4.756709854079734784e+18
4.756705456033226752e+18
4.756667522884069376e+18
4.756705662191656960e+18
4.756677242408295424e+18
4.756665633098687488e+18
4.756668519316487168e+18
4.756668588035962880e+18
4.756706658628288512e+18
4.756680476503524352e+18
4.756665942336209920e+18
4.756678758516802560e+18
4.756701916982992896e+18
4.756669962425499648e+18
4.756676349055105024e+18
4.756680442143787008e+18
4.756671985360443392e+18
4.756671680414645248e+18
4.756708651488898048e+18
4.756668622395700224e+18
4.756700538295870464e+18
4.756707135380560896e+18
4.756674046952615936e+18
4.756666663890718720e+18
4.756678380565638144e+18
4.756675971098604544e+18
4.756671096299089920e+18
4.756672535124750336e+18
4.756665285203788800e+18
4.756678891675742208e+18
4.756670851481526272e+18
4.756673703355858944e+18
4.756704322161868800e+18
4.756670645338518528e+18
4.756675734869415936e+18
4.756670129935376384e+18
4.756667351087500288e+18
4.756665285203789824e+18
4.756699335714294784e+18
4.756675563070725120e+18
4.756668789897103360e+18
4.756704798903529472e+18
4.756673089160174592e+18
4.756665942336225280e+18
4.756670752699383808e+18
4.756672603829296128e+18
4.756708548412499968e+18
4.756666797032290304e+18
4.756707174023068672e+18
4.756705799630589952e+18
4.756676215897677824e+18
4.756703325729524736e+18
4.756666801331684352e+18
4.756704768838434816e+18
4.756702569815277568e+18
4.756673260960372736e+18
4.756667454164578304e+18
4.756665186423986176e+18
4.756709098167074816e+18
4.756664774107124736e+18
4.756706108868238336e+18
4.756672161447426048e+18
4.756704493963448320e+18
4.756703703692115968e+18
4.756680407784073216e+18
4.756679750653949952e+18
4.756702088778976256e+18
4.756702226217899008e+18
4.756677727726153728e+18
4.756679510143848448e+18
4.756676349039852544e+18
4.756680373427122176e+18
4.756705383033884672e+18
4.756700022908387328e+18
4.756667316725663744e+18
4.756667522884056064e+18
4.756675563066990592e+18
4.756705833990333440e+18
4.756710193397701632e+18
4.756680025547207680e+18
4.756706688703945728e+18
4.756668691115150336e+18
4.756706791783160832e+18
4.756670782770403328e+18
4.756700473871344640e+18
4.756677933884573696e+18
4.756700370796058624e+18
4.756667694682885120e+18
4.756703909845088256e+18
4.756679033396201472e+18
4.756705520472838144e+18
4.756673016154863616e+18
4.756660096894288896e+18
4.756667071926237184e+18
4.756680540943286272e+18
4.756704901997548544e+18
4.756708273534577664e+18
4.756670031144945664e+18
4.756706379466304512e+18
4.756666350371730432e+18
4.756671714775468032e+18
4.756703634972617728e+18
4.756668033982851072e+18
4.756670031144951808e+18
4.756704012924246016e+18
4.756707650777051136e+18
4.756666732612192256e+18
4.756710609993940992e+18
4.756672745566308352e+18
4.756676142882513920e+18
4.756667759104943104e+18
4.756706658624028672e+18
4.756669412669658112e+18
4.756669889408760832e+18
4.756672711206572032e+18
4.756665289503185920e+18
4.756672157152668672e+18
4.756709922806669312e+18
4.756666526453733376e+18
4.756670752699375616e+18
4.756668003922613248e+18
4.756679961109066752e+18
4.756667243710084096e+18
4.756709098165459968e+18
4.756704803198161920e+18
4.756701848260857856e+18
4.756704837557900288e+18
4.756706654329492480e+18
4.756672642483682304e+18
4.756680270346713088e+18
4.756665152062259200e+18
4.756670752699383808e+18
4.756679548790652928e+18
4.756673634620349440e+18
4.756678376264386560e+18
4.756675425625991168e+18
4.756678926020200448e+18
4.756664258711894016e+18
4.756705971429269504e+18
4.756665766241226752e+18
4.756665255141438464e+18
4.756706035854205952e+18
4.756670855778584576e+18
4.756666629532973056e+18
4.756703424513861632e+18
4.756680029828531200e+18
4.756660749719525376e+18
4.756708857647343616e+18
4.756674085592487936e+18
4.756673600269555712e+18
4.756706246307182592e+18
4.756677414200008704e+18
4.756660444778087424e+18
4.756675902364339200e+18
4.756675494341773312e+18
4.756667896543893504e+18
4.756703050851677184e+18
4.756666522155473920e+18
4.756667656025723904e+18
4.756678444999215104e+18
4.756678410639476736e+18
4.756664945911753728e+18
4.756710575634217984e+18
4.756675528701487104e+18
4.756710300766978048e+18
4.756677968247932928e+18
4.756679961109061632e+18
4.756659993820108800e+18
4.756679235266397184e+18
4.756665323860905984e+18
4.756672981786469376e+18
4.756708788938492928e+18
4.756706692983752704e+18
4.756669923768510464e+18
4.756667832121796608e+18
4.756710335116022784e+18
4.756666148497545216e+18
4.756659993820104704e+18
4.756672127089090560e+18
4.756706826135825408e+18
4.756666835689382912e+18
4.756666315997097984e+18
4.756676971812007936e+18
4.756664636666206208e+18
4.756666762673704960e+18
4.756675116384673792e+18
4.756680098548004864e+18
4.756703497529826304e+18
4.756667076207558656e+18
4.756665010326975488e+18
4.756664838542714880e+18
4.756678999040908288e+18
4.756709643641884672e+18
4.756679785029003264e+18
4.756708715922356224e+18
4.756668480659476480e+18
4.756664735457041408e+18
4.756671199375963136e+18
4.756664636666229760e+18
4.756678170121300992e+18
4.756654118304838656e+18
4.756677762090311680e+18
4.756665873616782336e+18
4.756678170121300992e+18
4.756667862199696384e+18
4.756666968832150528e+18
4.756664739745434624e+18
4.756668038284156928e+18
4.756702325003330560e+18
4.756664636666218496e+18
4.756702325017958400e+18
4.756660066819611648e+18
4.756666663892692992e+18
4.756654260023823360e+18
4.756666492091990016e+18
4.756672432039240704e+18
4.756706315026622464e+18
4.756708239172069376e+18
4.756664293070736384e+18
4.756654260023824384e+18
4.756709304323881984e+18
4.756706929207432192e+18
4.756705559112472576e+18
4.756676387694803968e+18
4.756710575634202624e+18
4.756671920934753280e+18
4.756703841125558272e+18
4.756675868004580352e+18
4.756675833643734016e+18
4.756667518596128768e+18
4.756664945903858688e+18
4.756667454164583424e+18
4.756679372696865792e+18
4.756708922073179136e+18
4.756667381156913152e+18
4.756676318985196544e+18
4.756676967514985472e+18
4.756703806765825024e+18
4.756710609993936896e+18
4.756699816742313984e+18
4.756702947772475392e+18
4.756678518000078848e+18
4.756660238619697152e+18
4.756706040148717568e+18
4.756710335116027904e+18
4.756670885849487360e+18
4.756704317882248192e+18
4.756706452467183616e+18
4.756668175721251840e+18
4.756705627834775552e+18
4.756675391262566400e+18
4.756673638919635968e+18
4.756669481393246208e+18
4.756704180443293696e+18
4.756660096899318784e+18
4.756680712726786048e+18
4.756669545811388416e+18
4.756704008644600832e+18
4.756679926749339648e+18
4.756677963947486208e+18
4.756710365190673408e+18
4.756701809607216128e+18
4.756671469964851200e+18
4.756671607403803648e+18
4.756669859348435968e+18
4.756702634254781440e+18
4.756678685501995008e+18
4.756676422056259584e+18
4.756669996787379200e+18
4.756700508232621056e+18
4.756708582769436672e+18
4.756666693954222080e+18
4.756708647208996864e+18
4.756664567954631680e+18
4.756708273531790336e+18
4.756676727005270016e+18
4.756665633101424640e+18
4.756669236573735936e+18
4.756678758520664064e+18
4.756680648309413888e+18
4.756674115657892864e+18
4.756671951000754176e+18
4.756672573764239360e+18
4.756667179288787968e+18
4.756668308869601280e+18
4.756709269967019008e+18
4.756667660325175296e+18
4.756677448551403520e+18
4.756706727343470592e+18
4.756706692983732224e+18
4.756705554832544768e+18
4.756664705385662464e+18
4.756703875485286400e+18
4.756670134224168960e+18
4.756705314314572800e+18
4.756673501478489088e+18
4.756679892389595136e+18
4.756666487795830784e+18
4.756669683265894400e+18
4.756667037550482432e+18
4.756680029828545536e+18
4.756703699391822848e+18
4.756670924502252544e+18
4.756676967523658752e+18
4.756700473876616192e+18
4.756669550112717824e+18
4.756673604559897600e+18
4.756679445711495168e+18
4.756707960000495616e+18
4.756676490775688192e+18
4.756709265678403584e+18
4.756709231324559360e+18
4.756670954560681984e+18
4.756676868740920320e+18
4.756706315029592064e+18
4.756677929587732480e+18
4.756679858033594368e+18
4.756671611700953088e+18
4.756670443465902080e+18
4.756700263418971136e+18
4.756670576619041792e+18
4.756670924502244352e+18
4.756675906668247040e+18
4.756680545225824256e+18
4.756679647589998592e+18
4.756664494930851840e+18
4.756705421676363776e+18
4.756660199963651072e+18
4.756665907976503296e+18
4.756666865767285760e+18
4.756700542590775296e+18
4.756676765655891968e+18
4.756678930325211136e+18
4.756668450597040128e+18
4.756719165570579456e+18
4.756733562300565504e+18
4.756724383954188288e+18
4.756720947980091392e+18
4.756751223216824320e+18
4.756733596670262272e+18
4.756760294175459328e+18
4.756738029071720448e+18
4.756745382050532352e+18
4.756730328194764800e+18
4.756720986639455232e+18
4.756723971637222400e+18
4.756745278981197824e+18
4.756740090652017664e+18
4.756729473493460992e+18
4.756750089337052160e+18
4.756725659561061376e+18
4.756724487033423872e+18
4.756750463011618816e+18
4.756757094427831296e+18
4.756778436123392000e+18
4.756718375296668672e+18
4.756720432590395392e+18
4.756740017647810560e+18
4.756713010888399872e+18
4.756752322717883392e+18
4.756745656930501632e+18
4.756716549949032448e+18
4.756744007663212544e+18
4.756718031701954560e+18
4.756733459221377024e+18
4.756743556703607808e+18
4.756724491331470336e+18
4.756735658249780224e+18
4.756753284794759168e+18
4.756776267172362240e+18
4.756764520423193600e+18
4.756775790418842624e+18
4.756758400111022080e+18
4.756772354447314944e+18
4.756725556481839104e+18
4.756773758899653632e+18
4.756749745739555840e+18
4.756751528147700736e+18
4.756733974627381248e+18
4.756762866862595072e+18
4.756752322717882368e+18
4.756718439719192576e+18
4.756749745739555840e+18
4.756727613769683968e+18
4.756770292863010816e+18
4.756716000193217536e+18
4.756752288358144000e+18
4.756722773347675136e+18
4.756715420360268800e+18
4.756749436501937152e+18
4.756754689250131968e+18
4.756766375861246976e+18
4.756749608308414464e+18
4.756739094220761088e+18
4.756728786297120768e+18
4.756773793259390976e+18
4.756721669550176256e+18
4.756769017270173696e+18
4.756775270728357888e+18
4.756733012544780288e+18
4.756762974234979328e+18
4.756770773899369472e+18
4.756729297396769792e+18
4.756758056500518912e+18
4.756731462066365440e+18
4.756758782346882048e+18
4.756747752874760192e+18
4.756745652634971136e+18
4.756742354100037632e+18
4.756743904583953408e+18
4.756720539963110400e+18
4.756769223426799616e+18
4.756751326295909376e+18
4.756739437817171968e+18
4.756752013480233984e+18
4.756755861772531712e+18
4.756760977091358720e+18
4.756766749513180160e+18
4.756721605114838016e+18
4.756742251034139648e+18
4.756723048223801344e+18
4.756729709713716224e+18
4.756773831919544320e+18
4.756720505604864000e+18
4.756762007869051904e+18
4.756725483481073664e+18
4.756732836455450624e+18
4.756736306783464448e+18
4.756746034891032576e+18
4.756710884873428992e+18
4.756743178746189824e+18
4.756764382985852928e+18
4.756771353732501504e+18
4.756761389394290688e+18
4.756773655821040640e+18
4.756739948931729408e+18
4.756763420923915264e+18
4.756739948931729408e+18
4.756771662955627520e+18
4.756729920168472576e+18
4.756750707812367360e+18
4.756757403677179904e+18
4.756756548965549056e+18
4.756725693920791552e+18
4.756724212155489280e+18
4.756757923355082752e+18
4.756723460539240448e+18
4.756731397637222400e+18
4.756746550283812864e+18
4.756759224730770432e+18
4.756760328535184384e+18
4.756774175517666304e+18
4.756756544672025600e+18
4.756746962608555008e+18
4.756758674974956544e+18
4.756719199930309632e+18
4.756729473493452800e+18
4.756755140214691840e+18
4.756747164463386624e+18
4.756773690180191232e+18
4.756765688666485760e+18
4.756722154870649856e+18
4.756739880212250624e+18
4.756762321401596928e+18
4.756741495119953920e+18
4.756739502255130624e+18
4.756752524580198400e+18
4.756769910621358080e+18
4.756730229407731712e+18
4.756736998275658752e+18
4.756740193731304448e+18
4.756764928460087296e+18
4.756735520815599616e+18
4.756735035473002496e+18
4.756733317501276160e+18
4.756767024391159808e+18
4.756774484751311872e+18
4.756776061002344448e+18
4.756766474635337728e+18
4.756759052932077568e+18
4.756736998275657728e+18
4.756726514273251328e+18
4.756747027024435200e+18
4.756724727551631360e+18
4.756727308831166464e+18
4.756770151141661696e+18
4.756749127264251904e+18
4.756748818029953024e+18
4.756774484751312896e+18
4.756745686994638848e+18
4.756726686071947264e+18
4.756720363864713216e+18
4.756737444953057280e+18
4.756736379801048064e+18
4.756727098373534720e+18
4.756714733162386432e+18
4.756773449662509056e+18
4.756772354445049856e+18
4.756752288358150144e+18
4.756745828729219072e+18
4.756731535076163584e+18
4.756761217595589632e+18
4.756713324419028992e+18
4.756716760391483392e+18
4.756747477996810240e+18
4.756718645884690432e+18
4.756741117149390848e+18
4.756730160686631936e+18
4.756759190371027968e+18
4.756732531518391296e+18
4.756723872857561088e+18
4.756717035269422080e+18
4.756767887679063040e+18
4.756717894262928384e+18
4.756748401414031360e+18
4.756718336655447040e+18
4.756729782729551872e+18
4.756738681902828544e+18
4.756757369305757696e+18
4.756757854635616256e+18
4.756758297031811072e+18
4.756769468232614912e+18
4.756763176100336640e+18
4.756773179084448768e+18
4.756735001113251840e+18
4.756726033221539840e+18
4.756792588043502592e+18
4.756737307513292800e+18
4.756756029273569280e+18
4.756715454716894208e+18
4.756759052932073472e+18
4.756744454339760128e+18
4.756757820275879936e+18
4.756729778433170432e+18
4.756730160686632960e+18
4.756770941413209088e+18
4.756727235827753984e+18
4.756717030969880576e+18
4.756771662955622400e+18
4.756776202735696896e+18
4.756752288358146048e+18
4.756747340557845504e+18
4.756739884494771200e+18
4.756729988887940096e+18
4.756746511628423168e+18
4.756750772235179008e+18
4.756742594620963840e+18
4.756738235226233856e+18
4.756756548965556224e+18
4.756754453019934720e+18
4.756728408340001792e+18
4.756723902917758976e+18
4.756722562887963648e+18
4.756718199200978944e+18
4.756776168375949312e+18
4.756718233560725504e+18
4.756720917920046080e+18
4.756744488699501568e+18
4.756749677020054528e+18
4.756733351861014528e+18
4.756739261733796864e+18
4.756775957935015936e+18
4.756756823843469312e+18
4.756777645844768768e+18
4.756760603413098496e+18
4.756730057607419904e+18
4.756730916602556416e+18
4.756721536395348992e+18
4.756731633859190784e+18
4.756767715880383488e+18
4.756711091033126912e+18
4.756738338305440768e+18
4.756745725649995776e+18
4.756716313714912256e+18
4.756736925263960064e+18
4.756769704450998272e+18
4.756759190371038208e+18
4.756746619003297792e+18
4.756749844522191872e+18
4.756730504287076352e+18
4.756711743865324544e+18
4.756745996243239936e+18
4.756725483481074688e+18
4.756763073021052928e+18
4.756736826477735936e+18
4.756731049743621120e+18
4.756760362894923776e+18
4.756725861438218240e+18
4.756752043550592000e+18
4.756765306418453504e+18
4.756791698977496064e+18
4.756748951168996352e+18
4.756762454546232320e+18
4.756712220607169536e+18
4.756745313331064832e+18
4.756722257949867008e+18
4.756764378705497088e+18
4.756753692818118656e+18
4.756749127264243712e+18
4.756746722082516992e+18
4.756774549173648384e+18
4.756712220607169536e+18
4.756749745747363840e+18
4.756766886952134656e+18
4.756713633650767872e+18
4.756742285390613504e+18
4.756726033236909056e+18
4.756776232812708864e+18
4.756766341490843648e+18
4.756778672342397952e+18
4.756716279355170816e+18
4.756777916428153856e+18
4.756747340557850624e+18
4.756712053104515072e+18
4.756732565869992960e+18
4.756744007663183872e+18
4.756755513892996096e+18
4.756735589526400000e+18
4.756761251955335168e+18
4.756748057816606720e+18
4.756748057826871296e+18
4.756723941575661568e+18
4.756721845633021952e+18
4.756743767144998912e+18
4.756758537536004096e+18
4.756757266238227456e+18
4.756770254206792704e+18
4.756758095153753088e+18
4.756743591050547200e+18
4.756751876051722240e+18
4.756748057826873344e+18
4.756749294767236096e+18
4.756745858793355264e+18
4.756720265088016384e+18
4.756732565869986816e+18
4.756767745945649152e+18
4.756770739548163072e+18
4.756752112263346176e+18
4.756713805451173888e+18
4.756772796827154432e+18
4.756722635906911232e+18
4.756748298334778368e+18
4.756763485337908224e+18
4.756730018951363584e+18
4.756732252334534656e+18
4.756720196367308800e+18
4.756743831568717824e+18
4.756733558007015424e+18
4.756738166506765312e+18
4.756735142849804288e+18
4.756723009564520448e+18
4.756738299648230400e+18
4.756771873419527168e+18
4.756745893153095680e+18
4.756725346034038784e+18
4.756729851449006080e+18
4.756757712916282368e+18
4.756737994708090880e+18
4.756770739537366016e+18
4.756759332108804096e+18
4.756718753256292352e+18
4.756748543148845056e+18
4.756742667633239040e+18
4.756736208002426880e+18
4.756716279355164672e+18
4.756763558356622336e+18
4.756735211569281024e+18
4.756772178351711232e+18
4.756741048429912064e+18
4.756744621840373760e+18
4.756724212170865664e+18
4.756763966374324224e+18
4.756722498468047872e+18
4.756730573006562304e+18
4.756748268271974400e+18
4.756767028685625344e+18
4.756751429364708352e+18
4.756722665973286912e+18
4.756760259815725056e+18
4.756755758693265408e+18
4.756769846194969600e+18
4.756715557796089856e+18
4.756769846194969600e+18
4.756739369097697280e+18
4.756748160895813632e+18
4.756724663130193920e+18
4.756726930871274496e+18
4.756768025122663424e+18
4.756716966549927936e+18
4.756749402142211072e+18
4.756738166506768384e+18
4.756736959618459648e+18
4.756758163873215488e+18
4.756716275071128576e+18
4.756728270902505472e+18
4.756760839637047296e+18
4.756758885427721216e+18
4.756756785190154240e+18
4.756756514605803520e+18
4.756720574322595840e+18
4.756735658245868544e+18
4.756747821597477888e+18
4.756774725269494784e+18
4.756757442318709760e+18
4.756745278971333632e+18
4.756729851449001984e+18
4.756757682838754304e+18
4.756737719831059456e+18
4.756747404981569536e+18
4.756758885427718144e+18
4.756758163873213440e+18
4.756760702212725760e+18
4.756745755714127872e+18
4.756730568707168256e+18
4.756735413430211584e+18
4.756733493581094912e+18
4.756729954528218112e+18
4.756724697489926144e+18
4.756765065885871104e+18
4.756765237684562944e+18
4.756753452293152768e+18
4.756749195983748096e+18
4.756791832129305600e+18
4.756774068137325568e+18
4.756735963186025472e+18
4.756770017982887936e+18
4.756735589526389760e+18
4.756728820656852992e+18
4.756758438751121408e+18
4.756769360865849344e+18
4.756717202784066560e+18
4.756728438418613248e+18
4.756770258503301120e+18
4.756746683426255872e+18
4.756759160307503104e+18
4.756727583706356736e+18
4.756756480246070272e+18
4.756778161239262208e+18
4.756731908752254976e+18
4.756745072814929920e+18
4.756762115241499648e+18
4.756769567012029440e+18
4.756774583533428736e+18
4.756778882795307008e+18
4.756767956400524288e+18
4.756712392414064640e+18
4.756710983665062912e+18
4.756745588214412288e+18
4.756716554240123904e+18
4.756757476678444032e+18
4.756726827792061440e+18
4.756766783872919552e+18
4.756754487382868992e+18
4.756724560050972672e+18
4.756716554240123904e+18
4.756748126549355520e+18
4.756761114521354240e+18
4.756759160307501056e+18
4.756767818958019584e+18
4.756732046181974016e+18
4.756728648861008896e+18
4.756716588599862272e+18
4.756747439341314048e+18
4.756747061384147968e+18
4.756729988889511936e+18
4.756720673108382720e+18
4.756760667852982272e+18
4.756771735975457792e+18
4.756771598530833408e+18
4.756762390121056256e+18
4.756714870601329664e+18
4.756745313331077120e+18
4.756756235432009728e+18
4.756757098721337344e+18
4.756767161830093824e+18
4.756714282206175232e+18
4.756711125392872448e+18
4.756761496767845376e+18
4.756737032635406336e+18
4.756744656202464256e+18
4.756758129513481216e+18
4.756743251748788224e+18
4.756769674396286976e+18
4.756730156405593088e+18
4.756764589142660096e+18
4.756765826094790656e+18
4.756772487589429248e+18
4.756748538852978688e+18
4.756730053326377984e+18
4.756753314868996096e+18
4.756750845251304448e+18
4.756760496054301696e+18
4.756723769778357248e+18
4.756774720972424192e+18
4.756757231866776576e+18
4.756722356729482240e+18
4.756748504493241344e+18
4.756712873442225152e+18
4.756723769778357248e+18
4.756765959239140352e+18
4.756732806389550080e+18
4.756763867594270720e+18
4.756750222493398016e+18
4.756747443637082112e+18
4.756749780099308544e+18
4.756792626690394112e+18
4.756724938016283648e+18
4.756731908751989760e+18
4.756755243297125376e+18
4.756729714013057024e+18
4.756729198615503872e+18
4.756740949647605760e+18
4.756792210086247424e+18
4.756714591437415424e+18
4.756736620319283200e+18
4.756737754189865984e+18
4.756737268871487488e+18
4.756766719458782208e+18
4.756775683045144576e+18
4.756739953213080576e+18
4.756752735034679296e+18
4.756714011607941120e+18
4.756759980658177024e+18
4.756745549568866304e+18
4.756773793259379712e+18
4.756773346594828288e+18
4.756729988887928832e+18
4.756772625028359168e+18
4.756753078632051712e+18
4.756769502586830848e+18
4.756734352575860736e+18
4.756769017257082880e+18
4.756774072434390016e+18
4.756724182097074176e+18
4.756771456797169664e+18
4.756745721367631872e+18
4.756720505603141632e+18
4.756752700674942976e+18
4.756753800190815232e+18
4.756764962806614016e+18
4.756751669884311552e+18
4.756733248767022080e+18
4.756763627071570944e+18
4.756728030392555520e+18
4.756758885427712000e+18
4.756722464110086144e+18
4.756715106824386560e+18
4.756772143991938048e+18
4.756721158438170624e+18
4.756726995294285824e+18
4.756772594974020608e+18
4.756760186816609280e+18
4.756712018753881088e+18
4.756762866862572544e+18
4.756745863088968704e+18
4.756717172708426752e+18
4.756764756648142848e+18
4.756774038074627072e+18
4.756737990415703040e+18
4.756729679651913728e+18
4.756753834544694272e+18
4.756725453402646528e+18
4.756772006553716736e+18
4.756717172708441088e+18
4.756766096678108160e+18
4.756749917538301952e+18
4.756743900301499392e+18
4.756713217039631360e+18
4.756715450421771264e+18
4.756778229971115008e+18
4.756771147559467008e+18
4.756729606649765888e+18
4.756713599292651520e+18
4.756765890519641088e+18
4.756730195046363136e+18
4.756727892943965184e+18
4.756757511043602432e+18
4.756741014080734208e+18
4.756778058172422144e+18
4.756743797222284288e+18
4.756765306404087808e+18
4.756778917157284864e+18
4.756718611525017600e+18
4.756769257786397696e+18
4.756765512562429952e+18
4.756761217593268224e+18
4.756723220022469632e+18
4.756751871752251392e+18
4.756720333806268416e+18
4.756717310147393536e+18
4.756729125613174784e+18
4.756774686612666368e+18
4.756762591985259520e+18
4.756740159372744704e+18
4.756760362898114560e+18
4.756760019299196928e+18
4.756744759294870528e+18
4.756733695448683520e+18
4.756751390715636736e+18
4.756770700895105024e+18
4.756772350150372352e+18
4.756718783316598784e+18
4.756760805276406784e+18
4.756731500716413952e+18
4.756778023812685824e+18
4.756736414160825344e+18
4.756723116941883392e+18
4.756764176829130752e+18
4.756749299062998016e+18
4.756737990410504192e+18
4.756726552917010432e+18
4.756751704242583552e+18
4.756725831361060864e+18
4.756752902552085504e+18
4.756723804139910144e+18
4.756727892945366016e+18
4.756719543530385408e+18
4.756737475014640640e+18
4.756716863470726144e+18
4.756769365149847552e+18
4.756761217593269248e+18
4.756740945364017152e+18
4.756720574324348928e+18
4.756765997904265216e+18
4.756730160686619648e+18
4.756723112659212288e+18
4.756772796827143168e+18
4.756773763196641280e+18
4.756729400491331584e+18
4.756751493794693120e+18
4.756733940259001344e+18
4.756752696393654272e+18
4.756733283126758400e+18
4.756753692811354112e+18
4.756780051024860160e+18
4.756754865338391552e+18
4.756792759834302464e+18
4.756739674040342528e+18
4.756759156012191744e+18
4.756777572830694400e+18
4.756710781803304960e+18
4.756733248767021056e+18
4.756723529262002176e+18
4.756714389568045056e+18
4.756766646433897472e+18
4.756749535285421056e+18
4.756758125220014080e+18
4.756768982910434304e+18
4.756754345661100032e+18
4.756741254601668608e+18
4.756733218703226880e+18
4.756712809017110528e+18
4.756728030384314368e+18
4.756777852013999104e+18
4.756743045590329344e+18
4.756741357667543040e+18
4.756755243295518720e+18
4.756765409483310080e+18
4.756713977248216064e+18
4.756721188504527872e+18
4.756734283856994304e+18
4.756731947393008640e+18
4.756737887333969920e+18
4.756741976156175360e+18
4.756757614117373952e+18
4.756747611153266688e+18
4.756714011607954432e+18
4.756727618066081792e+18
4.756777714566278144e+18
4.756753628386282496e+18
4.756718680237378560e+18
4.756717859903200256e+18
4.756759297744546816e+18
4.756764932743396352e+18
4.756721845631115264e+18
4.756754865338397696e+18
4.756755586892959744e+18
4.756734867972694016e+18
4.756717207068171264e+18
4.756713423198080000e+18
4.756741087085557760e+18
4.756762798143107072e+18
4.756735864405000192e+18
4.756792347531501568e+18
4.756740429954605056e+18
4.756759946284819456e+18
4.756747787234514944e+18
4.756755238999669760e+18
4.756747924672325632e+18
4.756724628770490368e+18
4.756746580361106432e+18
4.756772487589419008e+18
4.756726862156632064e+18
4.756721639472691200e+18
4.756752253996736512e+18
4.756756475955824640e+18
4.756752116560916480e+18
4.756727514986862592e+18
4.756729026815249408e+18
4.756713457572419584e+18
4.756763897654837248e+18
4.756724074716478464e+18
4.756770533384585216e+18
4.756746649067401216e+18
4.756737509374392320e+18
4.756713148334773248e+18
4.756728507122933760e+18
4.756728442704651264e+18
4.756720157712739328e+18
4.756731462060440576e+18
4.756760667845350400e+18
4.756752043558618112e+18
4.756719371731684352e+18
4.756724074716476416e+18
4.756752666315201536e+18
4.756732119191664640e+18
4.756712327980815360e+18
4.756743492267026432e+18
4.756730126328504320e+18
4.756756583325274112e+18
4.756711361613779968e+18
4.756764692234278912e+18
4.756713083894990848e+18
4.756758434469465088e+18
4.756732046181998592e+18
4.756741808638900224e+18
4.756778298678209536e+18
4.756755067200963584e+18
4.756746168044243968e+18
4.756766062318351360e+18
4.756754414380579840e+18
4.756746168044244992e+18
4.756726724712882176e+18
4.756752185277276160e+18
4.756746202403983360e+18
4.756721639472690176e+18
4.756752288362281984e+18
4.756774205576339456e+18
4.756744763580587008e+18
4.756733253062957056e+18
4.756765959239139328e+18
4.756740601753297920e+18
4.756753009912585216e+18
4.756792313171762176e+18
4.756732149261215744e+18
4.756722322369714176e+18
4.756752769394412544e+18
4.756754311301362688e+18
4.756723456241180672e+18
4.756769085976543232e+18
4.756713079615301632e+18
4.756746408549221376e+18
4.756751047112537088e+18
4.756727064013753344e+18
4.756742564553944064e+18
4.756711812584767488e+18
4.756743801504731136e+18
4.756759469543238656e+18
4.756729164255746048e+18
4.756735795688656896e+18
4.756754865338396672e+18
4.756763627071580160e+18
4.756720505603143680e+18
4.756725693930363904e+18
4.756792622395341824e+18
4.756748199550223360e+18
4.756771628610338816e+18
4.756753864624762880e+18
4.756751115832014848e+18
4.756771976498738176e+18
4.756748474428129280e+18
4.756713217054256128e+18
4.756715622220446720e+18
4.756741907436698624e+18
4.756756342807144448e+18
4.756713010895817728e+18
4.756753697105758208e+18
4.756778260038136832e+18
4.756748096471009280e+18
4.756764176838200320e+18
4.756721806973593600e+18
4.756771972193351680e+18
4.756771529813385216e+18
4.756755037147792384e+18
4.756714144752586752e+18
4.756713663716257792e+18
4.756752558954698752e+18
4.756745347692797952e+18
4.756771353717904384e+18
4.756722219290524672e+18
4.756746344125316096e+18
4.756737200141802496e+18
4.756745721365479424e+18
4.756716932190214144e+18
4.756710713073132544e+18
4.756766100972698624e+18
4.756725998861815808e+18
4.756743148669540352e+18
4.756756342807142400e+18
4.756724005996990464e+18
4.756772113929080832e+18
4.756727819934985216e+18
4.756746958318233600e+18
4.756742701992962048e+18
4.756761565485699072e+18
4.756727686785573888e+18
4.756726930872748032e+18
4.756763008594711552e+18
4.756753937623939072e+18
4.756720711763302400e+18
4.756714561366751232e+18
4.756721192797907968e+18
4.756730293844536320e+18
4.756745553851244544e+18
4.756769399513959424e+18
4.756732737666904064e+18
4.756749333422753792e+18
4.756764997166364672e+18
4.756721020999217152e+18
4.756755827411081216e+18
4.756745691290271744e+18
4.756757231878467584e+18
4.756711567780605952e+18
4.756746687722747904e+18
4.756731775594273792e+18
4.756730229407723520e+18
4.756714110407426048e+18
4.756740395594863616e+18
4.756751704242585600e+18
4.756763352192091136e+18
4.756757575475640320e+18
4.756736379801024512e+18
4.756711121096475648e+18
4.756758782348489728e+18
4.756752185277280256e+18
4.756714625803502592e+18
4.756766032264077312e+18
4.756733631021371392e+18
4.756733184343504896e+18
4.756723494907199488e+18
4.756755930490294272e+18
4.756733832882092032e+18
4.756775786124380160e+18
4.756758954147181568e+18
4.756719990204249088e+18
4.756727480628508672e+18
4.756754109422602240e+18
4.756760358600692736e+18
4.756719814108833792e+18
4.756763077314184192e+18
4.756770292862999552e+18
4.756746378485041152e+18
4.756711327254906880e+18
4.756745485135178752e+18
4.756736929556996096e+18
4.756756514605810688e+18
4.756727514986842112e+18
4.756771113199688704e+18
4.756760221161738240e+18
4.756715042401659904e+18
4.756761080155201536e+18
4.756734936691386368e+18
4.756719814108817408e+18
4.756739850133864448e+18
4.756753937623934976e+18
4.756770838321837056e+18
4.756712053102911488e+18
4.756747615439003648e+18
4.756732943825318912e+18
4.756759263395620864e+18
4.756735280288769024e+18
4.756769154709209088e+18
4.756748092189616128e+18
4.756771048777056256e+18
4.756777916428164096e+18
4.756723529258741760e+18
4.756749569655829504e+18
4.756728614508208128e+18
4.756765581281922048e+18
4.756744454339769344e+18
4.756767264909333504e+18
4.756726273739748352e+18
4.756773037345312768e+18
4.756720024563982336e+18
4.756735314648506368e+18
4.756733493586418688e+18
4.756767814665148416e+18
4.756762836796026880e+18
4.756729129894443008e+18
4.756777744629475328e+18
4.756716103256872960e+18
4.756740533033807872e+18
4.756770808267721728e+18
4.756729404775373824e+18
4.756725625201334272e+18
4.756762802437903360e+18
4.756711881314933760e+18
4.756763008594719744e+18
4.756752425797081088e+18
4.756725281603949568e+18
4.756762630637596672e+18
4.756719990204243968e+18
4.756716279362347008e+18
4.756723323101677568e+18
4.756771800394550272e+18
4.756752490220449792e+18
4.756734318216729600e+18
4.756735795685480448e+18
4.756754624818649088e+18
4.756759503902971904e+18
4.756760362898112512e+18
4.756727102671356928e+18
4.756736482880245760e+18
4.756728133462136832e+18
4.756769949265579008e+18
4.756729748372750336e+18
4.756761045796947968e+18
4.756765207630156800e+18
4.756770189792429056e+18
4.756729404782193664e+18
4.756740640407852032e+18
4.756771323652934656e+18
4.756740674767590400e+18
4.756770632163355648e+18
4.756712224901607424e+18
4.756741636840225792e+18
4.756722184930772992e+18
4.756731672515082240e+18
4.756742805072171008e+18
4.756716103256870912e+18
4.756756136648736768e+18
4.756757442324120576e+18
4.756730091968763904e+18
4.756731363279187968e+18
4.756730298127239168e+18
4.756766543354822656e+18
4.756770357297686528e+18
4.756772594974019584e+18
4.756711636506243072e+18
4.756719195648933888e+18
4.756745553854646272e+18
4.756717791183706112e+18
4.756772865546626048e+18
4.756732050477264896e+18
4.756735177209548800e+18
4.756778775421685760e+18
4.756741877358392320e+18
4.756729714011641856e+18
4.756776026642620416e+18
4.756736173641960448e+18
4.756728923737558016e+18
4.756776610758172672e+18
4.756770499021390848e+18
4.756735177209547776e+18
4.756764550489697280e+18
4.756751081472291840e+18
4.756713938594144256e+18
4.756752528876260352e+18
4.756744248181291008e+18
4.756757747274408960e+18
4.756713560637024256e+18
4.756717993058088960e+18
4.756740464314330112e+18
4.756765276349630464e+18
4.756740502968919040e+18
4.756766032263873536e+18
4.756777744629460992e+18
4.756725247244210176e+18
4.756735142849808384e+18
4.756766990031366144e+18
4.756761702930719744e+18
4.756761359333337088e+18
4.756729129894440960e+18
4.756739983277992960e+18
4.756722940850988032e+18
4.756772281443252224e+18
4.756770430299740160e+18
4.756718787616030720e+18
4.756749466565955584e+18
4.756752288358142976e+18
4.756745004095430656e+18
4.756772075272425472e+18
4.756765791735056384e+18
4.756763352192088064e+18
4.756752185277291520e+18
4.756738750622290944e+18
4.756745583928685568e+18
4.756715622229024768e+18
4.756746545998994432e+18
4.756744866656477184e+18
4.756742186597311488e+18
4.756717546381487104e+18
4.756730607364941824e+18
4.756730263765806080e+18
4.756718959412156416e+18
4.756732802090361856e+18
4.756776061002361856e+18
4.756773346583333888e+18
4.756711297188645888e+18
4.756751223206319104e+18
4.756729645292161024e+18
4.756760191102194688e+18
4.756769738811617280e+18
4.756715042401660928e+18
4.756724663130202112e+18
4.756713358772887552e+18
4.756729473494875136e+18
4.756726759082243072e+18
4.756750944033266688e+18
4.756756613404604416e+18
4.756737822909331456e+18
4.756739884494784512e+18
4.756738265293566976e+18
4.756713594996764672e+18
4.756761286329005056e+18
4.756714252126086144e+18
4.756717821243890688e+18
4.756769777464717312e+18
4.756733218703232000e+18
4.756721845639741440e+18
4.756778672354656256e+18
4.756761806003888128e+18
4.756754934062226432e+18
4.756743006932600832e+18
4.756721875693090816e+18
4.756738334013033472e+18
4.756769777464717312e+18
4.756718611533374464e+18
4.756760156748659712e+18
4.756735142849813504e+18
4.756712121822366720e+18
4.756726308099480576e+18
4.756769949268989952e+18
4.756742491536476160e+18
4.756729366122415104e+18
4.756761462406503424e+18
4.756765512562407424e+18
4.756718130497108992e+18
4.756731324621553664e+18
4.756716176275910656e+18
4.756760328541150208e+18
4.756773724539872256e+18
4.756761801710611456e+18
4.756715828378878976e+18
4.756746206694306816e+18
4.756714389568045056e+18
4.756728026086617088e+18
4.756772556308911104e+18
4.756763485338571776e+18
4.756741529466261504e+18
4.756762248400960512e+18
4.756750119414184960e+18
4.756758198234722304e+18
4.756747611150462976e+18
4.756760259815729152e+18
4.756747581076037632e+18
4.756717065329624064e+18
4.756776683783065600e+18
4.756771220573715456e+18
4.756727235827735552e+18
4.756741293244032000e+18
4.756750462997497856e+18
4.756747374917575680e+18
4.756762871157379072e+18
4.756739605330933760e+18
4.756736757758234624e+18
4.756723013864076288e+18
4.756759675706202112e+18
4.756728167821868032e+18
4.756727996023176192e+18
4.756711464701452288e+18
4.756739231658620928e+18
4.756754070768504832e+18
4.756759121651578880e+18
4.756712254966928384e+18
4.756725590842862592e+18
4.756748027752752128e+18
4.756741946082140160e+18
4.756755518171780096e+18
4.756713595011414016e+18
4.756747267555886080e+18
4.756742732054669312e+18
4.756761565492752384e+18
4.756760908371164160e+18
4.756764005033237504e+18
4.756751528154390528e+18
4.756746069247498240e+18
4.756722803421538304e+18
4.756738784982021120e+18
4.756742736352732160e+18
4.756729198615510016e+18
4.756748367054273536e+18
4.756758095153747968e+18
4.756760633493253120e+18
4.756741254588358656e+18
4.756773827619759104e+18
4.756758095153757184e+18
4.756755861773946880e+18
4.756724147734107136e+18
4.756746820865973248e+18
4.756729812792899584e+18
4.756768987190776832e+18
4.756763970667361280e+18
4.756717653744743424e+18
4.756721364596630528e+18
4.756743969007688704e+18
4.756751459428210688e+18
4.756775957934973952e+18
4.756764864020548608e+18
4.756726278046145536e+18
4.756773174784569344e+18
4.756734077702636544e+18
4.756729370414192640e+18
4.756739369097563136e+18
4.756775927857809408e+18
4.756733386205968384e+18
4.756719917203443712e+18
4.756739266018347008e+18
4.756750639092839424e+18
4.756713766795478016e+18
4.756777027375300608e+18
4.756728197885235200e+18
4.756743286116528128e+18
4.756747782951966720e+18
4.756720368164151296e+18
4.756726037518164992e+18
4.756724250813281280e+18
4.756761324967563264e+18
4.756727618066087936e+18
4.756764795304484864e+18
4.756726278037735424e+18
4.756736787819892736e+18
4.756723426180929536e+18
4.756739162947856384e+18
4.756761050089656320e+18
4.756792661050805248e+18
4.756738991140441088e+18
4.756716515573770240e+18
4.756749535298623488e+18
4.756732389779310592e+18
4.756742491551697920e+18
4.756769159000215552e+18
4.756769433878123520e+18
4.756754826688797696e+18
4.756727064029040640e+18
4.756735898764731392e+18
4.756741636840228864e+18
4.756730706161428480e+18
4.756792214373544960e+18
4.756753246140882944e+18
4.756724285173017600e+18
4.756737822909333504e+18
4.756715381702295552e+18
4.756744660498016256e+18
4.756750639092841472e+18
4.756722769046341632e+18
4.756720196365449216e+18
4.756715763954507776e+18
4.756716348074656768e+18
4.756717889963380736e+18
4.756728305262257152e+18
4.756767750251032576e+18
4.756745519499522048e+18
4.756715141184128000e+18
4.756730985321997312e+18
4.756734485722566656e+18
4.756734215140665344e+18
4.756749333422768128e+18
4.756715175544754176e+18
4.756718306579705856e+18
4.756714595734236160e+18
4.756752558939902976e+18
4.756762733729020928e+18
4.756737852985118720e+18
4.756763901951197184e+18
4.756745996232315904e+18
4.756757098732059648e+18
4.756711980088995840e+18
4.756736684740622336e+18
4.756718925061916672e+18
4.756770426019563520e+18
4.756746717800095744e+18
4.756758198232967168e+18
4.756738235227217920e+18
4.756713526277284864e+18
4.756714664453712896e+18
4.756731397638754304e+18
4.756765585575042048e+18
4.756767131763267584e+18
4.756713633650779136e+18
4.756753216070983680e+18
4.756741224524517376e+18
4.756775309385076736e+18
4.756737788549602304e+18
4.756711567772225536e+18
4.756748646235610112e+18
4.756753319150197760e+18
4.756713148327495680e+18
4.756781970877386752e+18
4.756766753806147584e+18
4.756753971995957248e+18
4.756771869114084352e+18
4.756713186984966144e+18
4.756770151128469504e+18
4.756726071877893120e+18
4.756714183417378816e+18
4.756716687372455936e+18
4.756729748369812480e+18
4.756717035269427200e+18
4.756743148670826496e+18
4.756742495842534400e+18
4.756723597979615232e+18
4.756723013864062976e+18
4.756713320118841344e+18
4.756738643250707456e+18
4.756759980643531776e+18
4.756771113199698944e+18
4.756744385620324352e+18
4.756741121452924928e+18
4.756718409656379392e+18
4.756770219861139456e+18
4.756724216453621760e+18
4.756715484781515776e+18
4.756752387141207040e+18
4.756734661813479424e+18
4.756774789691923456e+18
4.756774927130876928e+18
4.756748916820082688e+18
4.756738372665174016e+18
4.756739094223664128e+18
4.756738716262557696e+18
4.756744587485874176e+18
4.756710987958365184e+18
4.756765993598894080e+18
4.756750020617540608e+18
4.756751871759904768e+18
4.756752700676503552e+18
4.756749333422773248e+18
4.756760947010445312e+18
4.756743213091047424e+18
4.756766066611375104e+18
4.756738127854642176e+18
4.756764486066822144e+18
4.756716588592759808e+18
4.756761664272222208e+18
4.756733046904561664e+18
4.756726003159784448e+18
4.756770735242583040e+18
4.756714870604418048e+18
4.756721330236913664e+18
4.756727274468731904e+18
4.756755415092570112e+18
4.756777955084541952e+18
4.756736100640350208e+18
4.756738991144493056e+18
4.756778436118720512e+18
4.756760981370186752e+18
4.756740812215286784e+18
4.756724727566945280e+18
4.756772247071196160e+18
4.756755479520186368e+18
4.756736379801027584e+18
4.756752696385046528e+18
4.756732325350057984e+18
4.756766272773302272e+18
4.756711705211063296e+18
4.756751669893496832e+18
4.756710919234459648e+18
4.756774617893144576e+18
4.756763863308305408e+18
4.756750737876300800e+18
4.756757614119312384e+18
4.756762763783346176e+18
4.756717962982445056e+18
4.756763932014605312e+18
4.756792661055469568e+18
4.756717649445157888e+18
4.756759637047084032e+18
4.756774205576375296e+18
4.756771834754325504e+18
4.756747512359770112e+18
4.756715553500997632e+18
4.756733351846224896e+18
4.756737578093896704e+18
4.756736345441306624e+18
4.756770322940356608e+18
4.756743354835999744e+18
4.756769429587068928e+18
4.756735997561132032e+18
4.756717649445156864e+18
4.756712323694669824e+18
4.756733248767010816e+18
4.756744763578522624e+18
4.756733631023290368e+18
4.756750566076731392e+18
4.756752906834929664e+18
4.756776271466005504e+18
4.756753216070990848e+18
4.756740915294500864e+18
4.756725831359713280e+18
4.756758984213496832e+18
4.756767750242062336e+18
4.756762488905379840e+18
4.756733523660423168e+18
4.756759911925060608e+18
4.756762080885073920e+18
4.756772148297555968e+18
4.756772521949194240e+18
4.756770494725861376e+18
4.756762493198661632e+18
4.756766371556085760e+18
4.756776473319166976e+18
4.756713904234401792e+18
4.756764211185509376e+18
4.756716038838733824e+18
4.756751051409787904e+18
4.756762596281095168e+18
4.756752352781457408e+18
4.756776065307580416e+18
4.756720162005698560e+18
4.756731672515100672e+18
4.756728953814690816e+18
4.756744488707384320e+18
4.756726411194089472e+18
4.756722945144611840e+18
4.756754349940744192e+18
4.756716348074669056e+18
4.756755754395646976e+18
4.756730538645419008e+18
4.756759774486048768e+18
4.756754315582617600e+18
4.756760358600689664e+18
4.756771113200284672e+18
4.756756205369884672e+18
4.756747100047395840e+18
4.756724319532773376e+18
4.756750398574759936e+18
4.756761320688747520e+18
4.756754349940746240e+18
4.756711842664682496e+18
4.756775687350460416e+18
4.756773144729820160e+18
4.756747890313787392e+18
4.756743732785231872e+18
4.756753662749121536e+18
4.756777847708644352e+18
4.756742525896214528e+18
4.756774995850385408e+18
4.756735486448024576e+18
4.756728751941477376e+18
4.756757236162091008e+18
4.756717649445152768e+18
4.756729915878249472e+18
4.756714423926404096e+18
4.756772212725969920e+18
4.756773587100930048e+18
4.756722562903386112e+18
4.756746309765607424e+18
4.756776030947841024e+18
4.756745760009793536e+18
4.756760259817350144e+18
4.756767505427540992e+18
4.756772625042831360e+18
4.756750673452596224e+18
4.756765276340848640e+18
4.756731947393002496e+18
4.756715690948297728e+18
4.756712117527959552e+18
4.756775064569890816e+18
4.756715592158932992e+18
4.756764997166337024e+18
4.756762218320776192e+18
4.756714320847173632e+18
4.756743560986513408e+18
4.756778951525606400e+18
4.756729232975252480e+18
4.756741327603759104e+18
4.756763042954446848e+18
4.756711121110642688e+18
4.756711464693864448e+18
4.756773007290871808e+18
4.756750639092842496e+18
4.756718680244399104e+18
4.756740159380249600e+18
4.756713457557813248e+18
4.756752627659397120e+18
4.756727824225871872e+18
4.756740155086771200e+18
4.756739953214297088e+18
4.756715759659402240e+18
4.756777989442131968e+18
4.756746992675331072e+18
4.756755312013377536e+18
4.756718650177112064e+18
4.756753937625543680e+18
4.756710914951742464e+18
4.756727446277240832e+18
4.756773076010347520e+18
4.756745760009795584e+18
4.756728099107192832e+18
4.756732428429265920e+18
4.756720849207458816e+18
4.756721364603534336e+18
4.756740296810496000e+18
4.756722391104693248e+18
4.756747890312598528e+18
4.756762798143091712e+18
4.756737376232757248e+18
4.756737685471267840e+18
4.756770529084141568e+18
4.756722979504343040e+18
4.756766788169297920e+18
4.756774995851008000e+18
4.756743865941762048e+18
4.756761393693077504e+18
4.756778229960303616e+18
4.756770048060278784e+18
4.756763008594713600e+18
4.756758056513614848e+18
4.756711327269075968e+18
4.756750261135722496e+18
4.756757231879892992e+18
4.756721330236901376e+18
4.756735245931017216e+18
4.756725556485664768e+18
4.756748474429327360e+18
4.756747340565675008e+18
4.756744419980049408e+18
4.756759087304322048e+18
4.756773076010351616e+18
4.756778951525611520e+18
4.756761801710620672e+18
4.756744450057316352e+18
4.756750639092846592e+18
4.756711258535432192e+18
4.756771594236115968e+18
4.756761084449416192e+18
4.756727613776634880e+18
4.756758022153874432e+18
4.756735138552256512e+18
4.756725453403919360e+18
4.756753555372400640e+18
4.756727102671360000e+18
4.756725419042913280e+18
4.756724246515187712e+18
4.756773552741781504e+18
4.756759911925066752e+18
4.756745102892347392e+18
4.756770803962093568e+18
4.756775584271249408e+18
4.756755312016626688e+18
4.756769296439341056e+18
4.756736719100390400e+18
4.756739983277992960e+18
4.756714630086233088e+18
4.756775549911512064e+18
4.756760667845265408e+18
4.756751498085610496e+18
4.756740051997475840e+18
4.756761324973600768e+18
4.756737548032317440e+18
4.756715454718514176e+18
4.756722292311399424e+18
4.756733940259005440e+18
4.756724383954171904e+18
4.756762969941872640e+18
4.756744145102082048e+18
4.756719337371931648e+18
4.756733905899267072e+18
4.756745858806593536e+18
4.756731603795610624e+18
4.756715038104903680e+18
4.756745553851238400e+18
4.756757060081211392e+18
4.756777611485032448e+18
4.756726278041047040e+18
4.756745038458557440e+18
4.756717241427891200e+18
4.756753112993368064e+18
4.756758954149048320e+18
4.756753284790469632e+18
4.756714836243225600e+18
4.756757334959120384e+18
4.756715106824381440e+18
4.756723834213696512e+18
4.756749814459080704e+18
4.756775446832304128e+18
4.756729370422355968e+18
4.756772972931140608e+18
4.756711537706778624e+18
4.756747100038623232e+18
4.756759916219800576e+18
4.756734146417441792e+18
4.756715450421766144e+18
4.756726793432339456e+18
4.756772972931138560e+18
4.756744145102070784e+18
4.756711915666905088e+18
4.756746515924050944e+18
4.756734008980428800e+18
4.756764791007867904e+18
4.756730671786435584e+18
4.756735104192480256e+18
4.756751017050063872e+18
4.756752391437342720e+18
4.756730435566194688e+18
4.756722601554107392e+18
4.756749883178592256e+18
4.756728442709414912e+18
4.756723494899000320e+18
4.756741980437603328e+18
4.756753319151810560e+18
4.756751871752256512e+18
4.756751631241756672e+18
4.756747782938728448e+18
4.756728442709415936e+18
4.756759229025062912e+18
4.756726209318227968e+18
4.756761458126528512e+18
4.756746717786889216e+18
4.756710811872527360e+18
4.756715209903601664e+18
4.756761973509304320e+18
4.756731741234551808e+18
4.756720535678794752e+18
4.756777710269692928e+18
4.756716515589332992e+18
4.756774519119477760e+18
4.756731981752721408e+18
4.756716378134801408e+18
4.756740846567344128e+18
4.756727171390814208e+18
4.756776610772535296e+18
4.756772732402160640e+18
4.756778775421693952e+18
4.756771353717931008e+18
4.756713805449549824e+18
4.756732600233129984e+18
4.756744832296692736e+18
4.756724147734126592e+18
4.756766474635303936e+18
4.756753525307081728e+18
4.756714458284520448e+18
4.756731702584452096e+18
4.756761737284404224e+18
4.756741705559692288e+18
4.756763695801672704e+18
4.756716176275908608e+18
4.756722532830532608e+18
4.756730877950541824e+18
4.756742835133913088e+18
4.756767093110647808e+18
4.756774450399997952e+18
4.756761806003884032e+18
4.756764206893217792e+18
4.756721875693085696e+18
4.756792935927993344e+18
4.756739334737806336e+18
4.756763038675667968e+18
4.756734112057681920e+18
4.756762660704119808e+18
4.756721360297007104e+18
4.756754624818652160e+18
4.756743041292362752e+18
4.756719848468520960e+18
4.756761320688747520e+18
4.756754349940746240e+18
4.756743114317821952e+18
4.756754105128261632e+18
4.756759774498929664e+18
4.756761771644143616e+18
4.756764206892567552e+18
4.756734799252448256e+18
4.756728919454952448e+18
4.756768987196815360e+18
4.756734829314543616e+18
4.756761496769521664e+18
4.756743213091057664e+18
4.756761702924678144e+18
4.756775240665576448e+18
4.756752528876265472e+18
4.756740880926038016e+18
4.756721158438178816e+18
4.756718821973227520e+18
4.756715901393439744e+18
4.756767883384640512e+18
4.756739845839040512e+18
4.756710850512076800e+18
4.756756372870999040e+18
4.756716554233026560e+18
4.756778706702161920e+18
4.756765821801219072e+18
4.756761634205201408e+18
4.756761737296599040e+18
4.756729439132168192e+18
4.756725659561047040e+18
4.756734077697948672e+18
4.756763004301542400e+18
4.756739334737813504e+18
4.756733420581207040e+18
4.756774583533408256e+18
4.756748367064265728e+18
4.756763554071748608e+18
4.756744763585263616e+18
4.756769429587068928e+18
4.756716176275902464e+18
4.756753456587617280e+18
4.756728782015992832e+18
4.756731191488605184e+18
4.756711331548394496e+18
4.756776782556873728e+18
4.756721841333340160e+18
4.756713801155172352e+18
4.756756102299654144e+18
4.756712392405900288e+18
4.756761801710603264e+18
4.756774038074626048e+18
4.756752799458136064e+18
4.756754895402240000e+18
4.756720471250330624e+18
4.756728339620542464e+18
4.756715042400046080e+18
4.756719234292688896e+18
4.756715076759784448e+18
4.756792828567872512e+18
4.756718856332963840e+18
4.756728270901065728e+18
4.756712117542592512e+18
4.756778229971115008e+18
4.756776679492019200e+18
4.756756720766024704e+18
4.756739403457287168e+18
4.756723116941893632e+18
4.756731741236221952e+18
4.756713904248988672e+18
4.756726415475222528e+18
4.756766268476881920e+18
4.756739296083211264e+18
4.756792519330225152e+18
4.756734833612189696e+18
4.756741465041545216e+18
4.756764206892579840e+18
4.756728644577042432e+18
4.756754246861540352e+18
4.756777577129908224e+18
4.756755552531507200e+18
4.756758060804738048e+18
4.756758370030054400e+18
4.756722223591899136e+18
4.756716588592760832e+18
4.756774759629265920e+18
4.756778333039506432e+18
4.756735623887036416e+18
4.756710880577415168e+18
4.756721467677648896e+18
4.756755793053010944e+18
4.756724555752906752e+18
4.756758473109270528e+18
4.756730366854879232e+18
4.756792622409440256e+18
4.756761050089648128e+18
4.756749122979247104e+18
4.756710953591274496e+18
4.756734863689785344e+18
4.756717000916729856e+18
4.756734898049523712e+18
4.756751837400167424e+18
4.756769674385513472e+18
4.756738097796159488e+18
4.756720127645965312e+18
4.756767952104115200e+18
4.756743041292354560e+18
4.756751871759904768e+18
4.756758747999354880e+18
4.756720849200547840e+18
4.756766440275568640e+18
4.756728026093305856e+18
4.756754345646438400e+18
4.756766818232690688e+18
4.756724624472381440e+18
4.756716107556453376e+18
4.756776335880284160e+18
4.756720333806278656e+18
4.756746172326719488e+18
4.756733626723625984e+18
4.756757717198522368e+18
4.756769743104989184e+18
4.756746034887767040e+18
4.756754311286697984e+18
4.756766547651280896e+18
4.756792489251459072e+18
4.756751223207669760e+18
4.756765959253504000e+18
4.756766440275570688e+18
4.756718581457653760e+18
4.756774617893147648e+18
4.756778328745121792e+18
4.756769154707175424e+18
4.756715008040302592e+18
4.756781970877385728e+18
4.756751979118876672e+18
4.756730882250949632e+18
4.756720260800833536e+18
4.756755449453920256e+18
4.756724422611965952e+18
4.756730469925916672e+18
4.756725934438955008e+18
4.756730431268234240e+18
4.756769807530221568e+18
4.756712632924073984e+18
4.756755724342541312e+18
4.756776232801067008e+18
4.756719573597156352e+18
4.756714041687948288e+18
4.756744523059279872e+18
4.756725762640262144e+18
4.756731019681737728e+18
4.756727785575346176e+18
4.756775240665591808e+18
4.756719577890156544e+18
4.756715381702298624e+18
4.756762660704134144e+18
4.756711400267843584e+18
4.756773247800607744e+18
4.756719131213465600e+18
4.756740984005214208e+18
4.756745858793364480e+18
4.756793343963938816e+18
4.756722184946252800e+18
4.756753387868148736e+18
4.756730332495137792e+18
4.756722116226775040e+18
4.756714041687948288e+18
4.756777675909955584e+18
4.756712499779474432e+18
4.756753284801115136e+18
4.756772659400459264e+18
4.756773934995374080e+18
4.756715008046238720e+18
4.756738097788264448e+18
4.756765207617937408e+18
4.756763764510519296e+18
4.756770876982006784e+18
4.756769841904012288e+18
4.756720054642401280e+18
4.756730641724690432e+18
4.756753387871183872e+18
4.756728064742629376e+18
4.756716897830471680e+18
4.756753589732139008e+18
4.756734180777177088e+18
4.756792656769173504e+18
4.756735898764072960e+18
4.756712740297641984e+18
4.756762424491374592e+18
4.756749230343499776e+18
4.756730877944904704e+18
4.756727686785568768e+18
4.756767750244745216e+18
4.756742663350390784e+18
4.756721394672267264e+18
4.756769296428393472e+18
4.756765031526146048e+18
4.756730912319858688e+18
4.756766715153424384e+18
4.756727377547922432e+18
4.756760431626691584e+18
4.756725934438950912e+18
4.756766341489274880e+18
4.756718856335517696e+18
4.756761458126546944e+18
4.756757815980022784e+18
4.756751291927156736e+18
4.756736654687020032e+18
4.756762527570585600e+18
4.756727033950578688e+18
4.756733287427952640e+18
4.756749122979238912e+18
4.756730053317053440e+18
4.756792313157678080e+18
4.756758438761720832e+18
4.756731187182580736e+18
4.756716073196708864e+18
4.756728816360633344e+18
4.756723147018921984e+18
4.756743148669531136e+18
4.756719607965800448e+18
4.756719642325538816e+18
4.756761324967560192e+18
4.756728408340007936e+18
4.756736616036426752e+18
4.756719440451139584e+18
4.756765856174286848e+18
4.756763764508919808e+18
4.756744209525874688e+18
4.756736482881579008e+18
4.756725590842865664e+18
4.756748336989169664e+18
4.756767406647355392e+18
4.756718409658915840e+18
4.756774239936122880e+18
4.756719440451138560e+18
4.756766131052195840e+18
4.756728060446389248e+18
4.756757098726708224e+18
4.756746309768930304e+18
4.756732325359838208e+18
4.756759744421126144e+18
4.756772590668681216e+18
4.756773758899625984e+18
4.756719680969381888e+18
4.756757030003765248e+18
4.756719470526844928e+18
4.756727068311611392e+18
4.756740262450769920e+18
4.756777023086443520e+18
4.756763867588147200e+18
4.756724731849691136e+18
4.756756926928015360e+18
4.756724972366343168e+18
4.756727789867490304e+18
4.756765001459513344e+18
4.756740125011746816e+18
4.756765787440404480e+18
4.756765443843108864e+18
4.756738853701499904e+18
4.756763038661332992e+18
4.756717275787619328e+18
4.756793348244907008e+18
4.756740636126486528e+18
4.756748130830740480e+18
4.756716554233037824e+18
4.756763661429713920e+18
4.756760736572468224e+18
4.756739128580517888e+18
4.756721154154093568e+18
4.756749913241686016e+18
4.756726003158422528e+18
4.756713045240910848e+18
4.756725277322628096e+18
4.756713771095664640e+18
4.756771834754352128e+18
4.756734077697945600e+18
4.756755582611719168e+18
4.756792661050137600e+18
4.756756235432019968e+18
4.756729267335008256e+18
4.756747443637094400e+18
4.756767161830088704e+18
4.756763249112856576e+18
4.756731702578652160e+18
4.756738196584425472e+18
4.756767093124881408e+18
4.756755483813649408e+18
4.756716897832251392e+18
4.756760843937249280e+18
4.756721463382247424e+18
4.756758778054197248e+18
4.756764103813316608e+18
4.756737857269080064e+18
4.756792832849504256e+18
4.756776649423125504e+18
4.756748573212715008e+18
4.756774068137352192e+18
4.756746825161762816e+18
4.756728197885233152e+18
4.756770567738685440e+18
4.756722940850999296e+18
4.756746305469980672e+18
4.756756441605192704e+18
4.756792351812489216e+18
4.756719337371919360e+18
4.756750192416272384e+18
4.756752254008970240e+18
4.756729439133702144e+18
4.756755449458321408e+18
4.756748680587784192e+18
4.756731432002747392e+18
4.756766955671652352e+18
4.756743453611623424e+18
4.756774033792120832e+18
4.756766410214948864e+18
4.756766508995054592e+18
4.756792729769607168e+18
4.756772762467384320e+18
4.756749230343493632e+18
4.756715454722847744e+18
4.756751807321820160e+18
4.756792626690398208e+18
4.756752357079103488e+18
4.756739880212248576e+18
4.756743694140790784e+18
4.756740777855550464e+18
4.756753456592054272e+18
4.756760431617571840e+18
4.756723426182748160e+18
4.756750364213723136e+18
4.756753490950420480e+18
4.756731702593822720e+18
4.756751463724468224e+18
4.756728953799579648e+18
4.756726999592132608e+18
4.756729950231918592e+18
4.756761217608810496e+18
4.756714625796950016e+18
4.756738815044350976e+18
4.756733493581095936e+18
4.756726999592130560e+18
4.756754586164584448e+18
4.756756617685011456e+18
4.756739158657103872e+18
4.756740984005223424e+18
4.756721154154093568e+18
4.756730465643239424e+18
4.756738922429683712e+18
4.756721398956374016e+18
4.756775167649065984e+18
4.756744901016227840e+18
4.756744656202467328e+18
4.756749951898017792e+18
4.756775652982310912e+18
4.756732806389549056e+18
4.756734245198997504e+18
4.756723254389138432e+18
4.756720952279724032e+18
4.756720982355394560e+18
4.756727583707678720e+18
4.756723494903457792e+18
4.756732046190938112e+18
4.756774514828463104e+18
4.756771731675147264e+18
4.756758640627861504e+18
4.756744381324564480e+18
4.756742010502617088e+18
4.756739850133864448e+18
4.756734794954810368e+18
4.756761664285032448e+18
4.756751287629524992e+18
4.756737440654883840e+18
4.756755037135502336e+18
4.756762115241500672e+18
4.756712907801949184e+18
4.756735108490940416e+18
4.756744209525878784e+18
4.756775992294665216e+18
4.756736036203679744e+18
4.756754762257594368e+18
4.756713079600657408e+18
4.756746206686464000e+18
4.756727510690488320e+18
4.756747851658214400e+18
4.756739850133861376e+18
4.756733631025045504e+18
4.756710811857927168e+18
4.756760740864202752e+18
4.756759744431898624e+18
4.756732767730600960e+18
4.756737475029913600e+18
4.756736203704228864e+18
4.756744690562210816e+18
4.756772968625816576e+18
4.756734421303980032e+18
4.756771044494773248e+18
4.756747649795551232e+18
4.756763657136633856e+18
4.756736822194882560e+18
4.756745175892132864e+18
4.756748405708643328e+18
4.756746339840683008e+18
4.756770602098415616e+18
4.756766375849006080e+18
4.756763519697681408e+18
4.756729473493466112e+18
4.756734112066332672e+18
4.756757163147312128e+18
4.756720436883646464e+18
4.756748057826862080e+18
4.756756579031759872e+18
4.756747954747542528e+18
4.756733317486481408e+18
4.756726686056693760e+18
4.756727274473443328e+18
4.756762179681474560e+18
4.756771937833582592e+18
4.756766508995060736e+18
4.756774175516957696e+18
4.756758782350283776e+18
4.756736787835144192e+18
4.756731118463093760e+18
4.756767745959912448e+18
4.756751257566047232e+18
4.756717000909667328e+18
4.756727996023160832e+18
4.756740709127311360e+18
4.756772487589394432e+18
4.756756647762975744e+18
4.756736272423704576e+18
4.756716416794115072e+18
4.756710743139350528e+18
4.756734039040561152e+18
4.756757923355077632e+18
4.756713766802553856e+18
4.756757992074554368e+18
4.756762321412163584e+18
4.756808535249069056e+18
4.756805198073713664e+18
4.756807057780325376e+18
4.756807401383154688e+18
4.756857081265693696e+18
4.756810386381250560e+18
4.756794477820931072e+18
4.756809046349750272e+18
4.756806160146381824e+18
4.756806194506121216e+18
4.756804446445704192e+18
4.756805133635065856e+18
4.756806538088969216e+18
4.756804407799724032e+18
4.756804613958154240e+18
4.756809664826714112e+18
4.756804961836858368e+18
4.756805374153717760e+18
4.756805369865854976e+18
4.756805232419028992e+18
4.756806336231299072e+18
4.756809183788698624e+18
4.756809733546188800e+18
4.756805477232410624e+18
4.756809011990003712e+18
4.756858180777361408e+18
4.756808977630266368e+18
4.756809080709487616e+18
4.756857016845284352e+18
4.756806748548147200e+18
4.756809252508179456e+18
4.756810287595618304e+18
4.756794237302750208e+18
4.756804476505114624e+18
4.756810008424100864e+18
4.756856840747507712e+18
4.756805717756331008e+18
4.756804996201495552e+18
4.756804343361129472e+18
4.756809016285375488e+18
4.756810390674789376e+18
4.756804377726234624e+18
4.756806125771978752e+18
4.756809596105554944e+18
4.756808840191308800e+18
4.756795096296109056e+18
4.756857562302054400e+18
4.756794241598070784e+18
4.756808775767219200e+18
4.756809188084056064e+18
4.756794172878594048e+18
4.756794619555616768e+18
4.756810008424102912e+18
4.756807538817573888e+18
4.756856948122123264e+18
4.756809909638496256e+18
4.756857218704799744e+18
4.756794275957805056e+18
4.756804515159834624e+18
4.756805614671377408e+18
4.756805232419359744e+18
4.756856806387768320e+18
4.756794271662487552e+18
4.756804068483241984e+18
4.756810218881641472e+18
4.756804407793267712e+18
4.756809153724321792e+18
4.756808530953648128e+18
4.756808462234171392e+18
4.756805683390831616e+18
4.756805404232006656e+18
4.756856879400817664e+18
4.756810352021512192e+18
4.756805301138514944e+18
4.756806469369467904e+18
4.756857841474161664e+18
4.756806370591186944e+18
4.756804721318217728e+18
4.756804167267436544e+18
4.756806366304822272e+18
4.756808359155002368e+18
4.756805198067198976e+18
4.756805232433455104e+18
4.756810047077476352e+18
4.756806572448690176e+18
4.756808634032913408e+18
4.756794310318247936e+18
4.756856776321617920e+18
4.756808393514742784e+18
4.756805507296720896e+18
4.756805782174693376e+18
4.756805541656458240e+18
4.756804927476640768e+18
4.756805541656459264e+18
4.756809252508180480e+18
4.756809664825036800e+18
4.756805885253843968e+18
4.756808702752343040e+18
4.756804755677946880e+18
4.756807843759101952e+18
4.756806026988179456e+18
4.756805919613650944e+18
4.756806576749458432e+18
4.756804751383025664e+18
4.756794688275091456e+18
4.756806748548390912e+18
4.756805683390831616e+18
4.756806473665666048e+18
4.756805438585299968e+18
4.756810631193054208e+18
4.756805717752083456e+18
4.756805404225568768e+18
4.756805064915623936e+18
4.756804618239025152e+18
4.756806778607144960e+18
4.756856741967721472e+18
4.756805889549247488e+18
4.756794104164480000e+18
4.756805236714270720e+18
4.756804510864836608e+18
4.756806778607137792e+18
4.756809325523604480e+18
4.756805747815131136e+18
4.756805545951867904e+18
4.756857841476345856e+18
4.756857291723621376e+18
4.756810111503328256e+18
4.756805236715726848e+18
4.756809531681423360e+18
4.756794580900168704e+18
4.756794138524213248e+18
4.756805747815139328e+18
4.756805885268494336e+18
4.756808393522788352e+18
4.756810111503330304e+18
4.756808634032914432e+18
4.756807431442221056e+18
4.756808462234223616e+18
4.756805885254086656e+18
4.756810077143691264e+18
4.756809188089528320e+18
4.756808638331297792e+18
4.756809634761633792e+18
4.756858146417628160e+18
4.756809256804126720e+18
4.756808947565913088e+18
4.756794447761842176e+18
4.756794580900161536e+18
4.756794958857106432e+18
4.756794340382287872e+18
4.756804201634890752e+18
4.756810042783842304e+18
4.756794409115843584e+18
4.756808840191306752e+18
4.756806641168204800e+18
4.756858116351290368e+18
4.756809458666594304e+18
4.756805713455214592e+18
4.756806091412242432e+18
4.756809011990003712e+18
4.757114199486358528e+18
4.757119147295979520e+18
4.757115569592270848e+18
4.757118975484876800e+18
4.757114646158150656e+18
4.757114233845995520e+18
4.757118627609125888e+18
4.757116089266933760e+18
4.757114302560787456e+18
4.757115947534083072e+18
4.757115814393415680e+18
4.757114646158124032e+18
4.757115745673950208e+18
4.757114611798437888e+18
4.757114817961345024e+18
4.757114366986004480e+18
4.757112584573974528e+18
4.757114951116964864e+18
4.757115814389080064e+18
4.757114474359455744e+18
4.757114439999720448e+18
4.757114130766808064e+18
4.757116157990513664e+18
4.757115195918315520e+18
4.757114199493734400e+18
4.757115676950165504e+18
4.757115092834610176e+18
4.757115470804155392e+18
4.757116188063602688e+18
4.757112687665251328e+18
4.757115500857438208e+18
4.757114508723676160e+18
4.757114405639934976e+18
4.757116050624626688e+18
4.757115500872787968e+18
4.757119005566110720e+18
4.757116913908169728e+18
4.757114852321102848e+18
4.757119147283531776e+18
4.757115745669609472e+18
4.757115230273598464e+18
4.757114817956739072e+18
4.757118627604926464e+18
4.757114543083376640e+18
4.757113649725696000e+18
4.757115230278030336e+18
4.757116157986349056e+18
4.757114057760038912e+18
4.757114233841337344e+18
4.757114195198996480e+18
4.757115161558671360e+18
4.757115470796015616e+18
4.757113684097639424e+18
4.757113787164636160e+18
4.757113477927081984e+18
4.757114813662689280e+18
4.757115810110436352e+18
4.757116084988345344e+18
4.757115127198977024e+18
4.757114921035958272e+18
4.757114336920511488e+18
4.757115913174381568e+18
4.757116153692546048e+18
4.757113924607952896e+18
4.757114470080623616e+18
4.757114852316504064e+18
4.757119280439896064e+18
4.757114886676268032e+18
4.757114710598789120e+18
4.757114710598790144e+18
4.757115024115171328e+18
4.757114302572942336e+18
4.757112790732361728e+18
4.756290493487467520e+18
4.756290287322795008e+18
4.756290287322798080e+18
4.756292348905567232e+18
4.756292280186082304e+18
4.756292348905565184e+18
4.756290523554109440e+18
4.756284648038847488e+18
4.756290630920225792e+18
4.756284373160943616e+18
4.756284235705792512e+18
4.756293306692958208e+18
4.756293512851388416e+18
4.756292825656590336e+18
4.756290729712546816e+18
4.756289497055046656e+18
4.756284583599730688e+18
4.756284274362078208e+18
4.756284201362247680e+18
4.756292348905574400e+18
4.756290557913848832e+18
4.756284480520537088e+18
4.756290592273586176e+18
4.756290665279959040e+18
4.756290695336842240e+18
4.756284854181208064e+18
4.756290283019984896e+18
4.756292589431370752e+18
4.756290695336812544e+18
4.756290768352488448e+18
4.756290974510783488e+18
4.756290832775773184e+18
4.756293688935460864e+18
4.756286954427999232e+18
4.756284789758065664e+18
4.756286988787764224e+18
4.756293203606742016e+18
4.756290798416031744e+18
4.756292241525260288e+18
4.756289664544552960e+18
4.756290837078724608e+18
4.756290764065340416e+18
4.756293379697776640e+18
4.756292864301703168e+18
4.756293688935458816e+18
4.756290940156389376e+18
4.756293654575722496e+18
4.756293688935462912e+18
4.756293517136772096e+18
4.756289801983555584e+18
4.756288358875777024e+18
4.756292825640804352e+18
4.756290321684838400e+18
4.756293379697773568e+18
4.756291524271964160e+18
4.756289595825111040e+18
4.756284755407192064e+18
4.756292451984802816e+18
4.756284240002354176e+18
4.756293650274663424e+18
4.756284343088151552e+18
4.756292486344549376e+18
4.756292108387428352e+18
4.756292451984793600e+18
4.756283857748783104e+18
4.756290562200764416e+18
4.756284613672354816e+18
4.756292898661451776e+18
4.756292795582237696e+18
4.756293345338052608e+18
4.756284961556684800e+18
4.756289771926743040e+18
4.756284373153866752e+18
4.756293173539403776e+18
4.756284480520578048e+18
4.756288397536967680e+18
4.756290768352506880e+18
4.756290764056254464e+18
4.756286988787773440e+18
4.756293169238253568e+18
4.756287671696314368e+18
4.756290557897831424e+18
4.756293100518773760e+18
4.756284682382544896e+18
4.756289801983564800e+18
4.756284858477505536e+18
4.756287057507231744e+18
4.756284579312666624e+18
4.756290557897815040e+18
4.756291524271968256e+18
4.756289634487716864e+18
4.756289840646158336e+18
4.756293070460182528e+18
4.756284510583749632e+18
4.756284377441255424e+18
4.756293581555175424e+18
4.756283823398546432e+18
4.756290695336855552e+18
4.756290729696596992e+18
4.756284274368689152e+18
4.756284755398350848e+18
4.756284686678880256e+18
4.756284411800975360e+18
4.756287572903151616e+18
4.756290287322817536e+18
4.756289771926742016e+18
4.756289703207231488e+18
4.756289840646185984e+18
4.756289909365700608e+18
4.756284235705800704e+18
