# successful candidates for region at (54.405150667703445, 23.56190866046847) and radius 1.0
54.84365437444724 23.67412953450673
54.84367539210277 23.680401703149347
54.850477985535214 23.667838010970712
54.85049932565006 23.67411017708123
54.85052067137159 23.68038234317867
54.85730094431618 23.661546192770455
54.85734427481243 23.674090519836597
54.85736594859916 23.680362683349447
54.85740931325653 23.692907010334693
54.85743100412985 23.69917917380707
54.85745270070139 23.705451337265963
54.857474402972464 23.711723500711344
54.85749611094444 23.71799566414322
54.857517824618654 23.72426782756159
54.857539543996445 23.73053999096644
54.864189221903 23.6740705627732
54.86421122375412 23.680342723662037
54.864233231385604 23.68661488453698
54.86427726399516 23.69915920624516
54.86429928897595 23.705431367078386
54.86432131974255 23.711703527897697
54.86434335629634 23.717975688703095
54.86436539863868 23.724247849494567
54.8710788325863 23.68659462232791
54.87110117423548 23.692866780524685
54.8711458751432 23.705411096875263
54.8711682344045 23.711683255029055
54.871190599539275 23.71795541316851
54.871212970548896 23.72422757129363
54.87776590909868 23.642668971357935
54.8779244316508 23.686574060221986
54.87794710153508 23.692846215715065
54.87796977737492 23.69911837119339
54.87799245917172 23.705390526656974
54.87801514692686 23.711662682105796
54.87803784064178 23.71793483753985
54.884655128531996 23.65519243424239
54.88467809646294 23.66146458706815
54.884793026666244 23.692825350969546
54.884816030826556 23.699097503704316
54.884839041030084 23.7053696564239
54.884862057278234 23.711641809128295
54.88488507957243 23.717913961817512
54.89147579374157 23.648899136189247
54.891499083355704 23.65517128625021
54.8915456809435 23.667715586325365
54.89156898892005 23.67398773633956
54.891708965427156 23.711620636096974
54.898319418623736 23.648877691317804
54.898343035953445 23.65514983855942
54.89836665948862 23.66142198578501
54.898390289230726 23.66769413299457
54.898437567341574 23.680238427365577
54.89848487029766 23.6927827216724
54.898532198110686 23.705327015915007
54.90516304124952 23.648855946787545
54.905354777851635 23.699033101389038
54.91222534613366 23.70528317535179
