# # ids of objects in overdense bins for (249.4606294343575, -15.576307309909012)
# 
4.324299964130006528e+18
4.324298387877539328e+18
4.324299345654702592e+18
4.324487087264458752e+18
4.324488637747728896e+18
4.324486919760822784e+18
4.324488152416364032e+18
4.324486438722755072e+18
4.324486679240930304e+18
4.324488324215081984e+18
4.324488049337181696e+18
4.324486060765632000e+18
4.324487744394508288e+18
4.324487606955549184e+18
4.324485575435964416e+18
4.324488534670577152e+18
4.324487808818988032e+18
4.324487843178728448e+18
4.324485304853055488e+18
4.324487740099520512e+18
4.325803374482102272e+18
4.325801214118128640e+18
4.325801347257264640e+18
4.325801007954422784e+18
4.325811586460389376e+18
4.325801209818190848e+18
4.324560067347954688e+18
4.324560823262207488e+18
4.324554917683422208e+18
4.324490046495326720e+18
4.324511036002312192e+18
4.324557700822171648e+18
4.324575116914439168e+18
4.324508978713063936e+18
4.324501969326439936e+18
4.324492275585038336e+18
4.324489359302244864e+18
4.324506981551977984e+18
4.324557249849404416e+18
4.324502484722406400e+18
4.324505955056064512e+18
4.324575563591045632e+18
4.324508940057188864e+18
4.324491691469465600e+18
4.324510520606219776e+18
4.324558967837364736e+18
4.324575636603816960e+18
4.324504821184998912e+18
4.324553848234241536e+18
4.324575563591048192e+18
4.324559689390790656e+18
4.324510726764653056e+18
4.324501041613483520e+18
4.324561033716870144e+18
4.324560204786909184e+18
4.324572780450199552e+18
4.324554741587478528e+18
4.324510726764655616e+18
4.324559758110285312e+18
4.324492554758001152e+18
4.324561819694634496e+18
4.324488706469267968e+18
4.324566943591880704e+18
4.324548183174594048e+18
4.324557529025048576e+18
4.324507737466283008e+18
4.324562717344050176e+18
4.324558624239971840e+18
4.324548904729093120e+18
4.324509627253005312e+18
4.324510731059788800e+18
4.324547392898159616e+18
4.324503854815740416e+18
4.324506092495031296e+18
4.324562300731996160e+18
4.324488667812468224e+18
4.324558899117886976e+18
4.324510146944210432e+18
4.324559895549229568e+18
4.324556940611729408e+18
4.324562579905206272e+18
4.324560239146642432e+18
4.324567149751634944e+18
4.324557078050679808e+18
4.324574395357968896e+18
4.324491657109713408e+18
4.324566943593193472e+18
4.324559865483307520e+18
4.324547285523996160e+18
4.324555398719663104e+18
4.324511040297440768e+18
4.324505267861258240e+18
4.324508428957531136e+18
4.324506844112993280e+18
4.324562197652789760e+18
4.324505267861262336e+18
4.324559723750541824e+18
4.324562541250187264e+18
4.324559414513977856e+18
4.324558903413056512e+18
4.324500831159118848e+18
4.324550446621117440e+18
4.324510108289337344e+18
4.324504924263888896e+18
4.324492447383745536e+18
4.324504438931351552e+18
4.324562305027169280e+18
4.324550687139296256e+18
4.324492447383747584e+18
4.324550210399175680e+18
4.324491313511190528e+18
4.324555256984468992e+18
4.324556429511841280e+18
4.324553779514750976e+18
4.324563503322865152e+18
4.324563365883912192e+18
4.324553126680705536e+18
4.324557666462423552e+18
4.324553470277105664e+18
4.324561819694630400e+18
4.324550240462659584e+18
4.324510868500554240e+18
4.324509631548118528e+18
4.324510348807513088e+18
4.324549793786019840e+18
4.324558594175388160e+18
4.324509425389692928e+18
4.324556081618245632e+18
4.324557833965970432e+18
4.324556562654575616e+18
4.324557906980809728e+18
4.324556390855873536e+18
4.324490905490545664e+18
4.324550721499051008e+18
4.324491382231785472e+18
4.324562850486803456e+18
4.324558594175395840e+18
4.324563507618056192e+18
4.324553886889390080e+18
4.324548629851164672e+18
4.324556528294825984e+18
4.324501934966708224e+18
4.324554196130219520e+18
4.324505611459009024e+18
4.324553508931671040e+18
4.324557971404928000e+18
4.324489492444886016e+18
4.324562373744765440e+18
4.324553710796285952e+18
4.324573330207009792e+18
4.324492103786349056e+18
4.324557456008833024e+18
4.324561961427906048e+18
4.324573845602120192e+18
4.324558177563361280e+18
4.324507535605923840e+18
4.324560071642304512e+18
4.324506569236271616e+18
4.324561613536224768e+18
4.324558555520482304e+18
4.324563164020666368e+18
4.324562884846544896e+18
4.324549484548404224e+18
4.324506637955752960e+18
4.324509356668377088e+18
4.324509562828635136e+18
4.324556597014316032e+18
4.324491042929503744e+18
4.324507359509119488e+18
4.324489595524125184e+18
4.324505435364881920e+18
4.324573467645978112e+18
4.324559002197094400e+18
4.324491691469456384e+18
4.324504546304983552e+18
4.325990879870985216e+18
4.326064302332611072e+18
4.326007849282101248e+18
4.326010361839706112e+18
4.326008227239233536e+18
4.326009468484969472e+18
4.326066501356021248e+18
4.325995380993333248e+18
4.325996922885293568e+18
4.326011903731373568e+18
4.325993834806471168e+18
4.326078119243601920e+18
4.325993624350288384e+18
4.326009120592490496e+18
4.326012732660299264e+18
4.326059595048260608e+18
4.326077221594342912e+18
4.326059698127503360e+18
4.326059496268327424e+18
4.326009258031437824e+18
4.326061282971688960e+18
4.326013969610865152e+18
4.326012423423651840e+18
4.326008536476920832e+18
4.326010258759049216e+18
4.326008124160044032e+18
4.326008364678226944e+18
4.326060282243130368e+18
4.325993353768741376e+18
4.325994311545111552e+18
4.326008953091133440e+18
4.326060866358677504e+18
4.326065887176648704e+18
4.326067910105480704e+18
4.326064684588986368e+18
4.326061519193704448e+18
4.326064340988420096e+18
4.325995582855435776e+18
4.325989535544428544e+18
4.326060419682023424e+18
4.326007230806796288e+18
4.325992460414200832e+18
4.326008678212128256e+18
4.325989947858276352e+18
4.326011113457292288e+18
4.326009910866498560e+18
4.326062996662613504e+18
4.326009262328771584e+18
4.326067261566246400e+18
4.326077054091675648e+18
4.326011152113294848e+18
4.325990325815382528e+18
4.326065784097494016e+18
4.326011495710675456e+18
4.326008575132903424e+18
4.326059977301583360e+18
4.326062790504157184e+18
4.325990222736173568e+18
4.326072823548035584e+18
4.325990428894602752e+18
4.326077530832072704e+18
4.326008918732928512e+18
4.326066913672988672e+18
4.325996716726837760e+18
4.326008472053686272e+18
4.326078114947619840e+18
4.326065711082024960e+18
4.326012109889743872e+18
4.325994517707873280e+18
4.326077019731936256e+18
4.325996957245027328e+18
4.326006891505699840e+18
4.325990050937467904e+18
4.326007127727561216e+18
4.325993766085608960e+18
4.326009395470415872e+18
4.326078114947605504e+18
4.325992048101250048e+18
4.325994384562272256e+18
4.326064203549480960e+18
4.326009842147000320e+18
4.325995445416505344e+18
4.326066501356024832e+18
4.326065814161254912e+18
4.326011079097553920e+18
4.326063718216969216e+18
4.326011010378064896e+18
4.326060561417152000e+18
4.326062103309341696e+18
4.325994453280380928e+18
4.326012389063917056e+18
4.326008124160036864e+18
4.326011972450852864e+18
4.326064817728668672e+18
4.325992219897838592e+18
4.326076946716402688e+18
4.325988955722215424e+18
4.326013175041681920e+18
4.326064680289806848e+18
4.325992490478952448e+18
4.326011461354076160e+18
4.326062004526181376e+18
4.326012453487175680e+18
4.326012114185989632e+18
4.325993761789266432e+18
4.326062588641729536e+18
4.326062313763822080e+18
4.325991081729671168e+18
4.325996927180398592e+18
4.326062141965127680e+18
4.326007436965242880e+18
4.325995273617808896e+18
4.326065951600117248e+18
4.325995724589427712e+18
4.326065165622189568e+18
4.326077393393099776e+18
4.326066741874249216e+18
4.325990708070266880e+18
4.326014377632636416e+18
4.326011495710679040e+18
4.326079459273416192e+18
4.326079527992028160e+18
4.326079386258065920e+18
4.326079351898290176e+18
4.326079424916622336e+18
4.326080279611342336e+18
4.326080249547419648e+18
