# # ids of objects in overdense bins for (63.27878967342999, 11.068991928955173)
# 
3.300943947664504832e+18
3.300956214091117568e+18
3.300942199613152256e+18
3.300944325621635072e+18
3.300955148939219968e+18
3.300960788232580608e+18
3.300949376503170560e+18
3.300958584913366528e+18
3.300960543418164224e+18
3.300957283539333120e+18
3.300980197188506624e+18
3.300956523328766976e+18
3.300959065949409280e+18
3.300960509058423808e+18
3.300961642929800192e+18
3.300961883447973376e+18
3.300954500400534528e+18
3.300955531192613376e+18
3.300955526896342528e+18
3.300958206955933184e+18
3.300956282810591232e+18
3.300942710713924608e+18
3.300954775277384192e+18
3.300955015795541504e+18
