# successful candidates for region at (186.56212975660506, 44.82211555809529) and radius 1.0
186.94186501450832 44.09942554243642
186.9501506433136 44.09341193391303
186.9501900933078 44.099397423922014
186.95022955411378 44.10538291390779
186.9502690257357 44.11136840387038
186.95030850817764 44.11735389380977
186.9503480014438 44.12333938372594
186.95843458255524 44.08739772346911
186.9584748677921 44.093383209570966
186.95851516406844 44.099368695648664
186.95855547138848 44.105354181702154
186.9585957897564 44.11133966773145
186.9586361191765 44.11732515373652
186.958676459653 44.123310639717396
186.95871681119013 44.12929612567404
186.95875717379218 44.13528161160644
186.96655246527823 44.0574409826478
186.96659354027034 44.06342646486188
186.96663462651213 44.069411947050774
186.96667572400798 44.075397429214505
186.96671683276213 44.08138291135305
186.96675795277895 44.08736839346642
186.96679908406273 44.09335387555459
186.9668402266178 44.09933935761755
186.96688138044846 44.1053248396553
186.96692254555907 44.11131032166784
186.96696372195393 44.11729580365512
186.96700490963738 44.12328128561715
186.96704610861374 44.12926676755392
186.9670873188874 44.135252249465445
186.9671285404626 44.14123773135168
186.97482969198106 44.05142558537695
186.9748716003821 44.057411063525315
186.97491352025986 44.0633965416475
186.9749554516187 44.06938201974347
186.97499739446306 44.07536749781325
186.9750393487973 44.08135297585678
186.97508131462584 44.08733845387408
186.97512329195308 44.09332393186516
186.97516528078341 44.09930940982996
186.97520728112133 44.1052948877685
186.97524929297114 44.111280365680756
186.97529131633732 44.117265843566756
186.97533335122426 44.12325132142643
186.9753753976364 44.12923679925982
186.97541745557817 44.13522227706687
186.97545952505394 44.14120775484761
186.9755016060682 44.14719323260201
186.98314797390248 44.05139506125692
186.9831907269544 44.05738053523117
186.98323349171432 44.06336600917817
186.9832762681867 44.0693514830979
186.98331905637605 44.075336956990334
186.98336185628685 44.081322430855494
186.9834046679236 44.08730790469334
186.9834474912908 44.09329337850388
186.98349032639294 44.09927885228709
186.98353317323452 44.10526432604298
186.98357603182 44.111249799771514
186.98361890215398 44.117235273472694
186.98366178424092 44.12322074714649
186.9837046780853 44.129206220792945
186.98374758369167 44.135191694411986
186.9837905010645 44.14117716800363
186.9838334302084 44.147162641567874
186.98387637112776 44.153148115104685
186.98391932382717 44.15913358861407
186.9914226613595 44.0453784583046
186.99146624712398 44.05136392804979
186.99150984482318 44.05734939776664
186.99155345446167 44.06333486745515
186.991597076044 44.06932033711529
186.99164070957477 44.07530580674707
186.99168435505857 44.08129127635047
186.99172801249995 44.087276745925465
186.99177168190351 44.093262215472066
186.99181536327384 44.09924768499026
186.9918590566155 44.10523315448002
186.99190276193315 44.11121862394135
186.99194647923133 44.11720409337423
186.99199020851464 44.12318956277864
186.99203394978767 44.12917503215459
186.99207770305503 44.13516050150206
186.99212146832136 44.14114597082103
186.9921652455912 44.14713144011151
186.99220903486918 44.153116909373466
186.99225283615996 44.15910237860689
186.9922966494681 44.16508784781178
186.99974008129675 44.045346720351276
186.99978451147365 44.05133218575688
186.9998289538165 44.05731765113304
186.9998734083299 44.063303116479744
186.99991787501855 44.06928858179698
186.9999623538871 44.07527404708473
187.00000684494023 44.08125951234301
187.00005134818258 44.087244977571764
187.00009586361887 44.093230442771016
187.00014039125372 44.099215907940746
187.00018493109184 44.105201373080924
187.00022948313796 44.111186838191564
187.00027404739663 44.11717230327264
187.00031862387266 44.12315776832415
187.00036321257068 44.12914323334607
187.0004078134954 44.13512869833839
187.0004524266515 44.14111416330111
187.00049705204367 44.147099628234216
187.00054168967662 44.15308509313768
187.00058633955504 44.15907055801153
187.00063100168364 44.16505602285569
187.00067567606715 44.171041487670195
187.008057492194 44.04531437339673
187.00810276677967 44.0512998343795
187.00814805376243 44.057285295331674
187.00819335314705 44.063270756253274
187.0082386649383 44.06925621714427
187.0082839891409 44.075241678004666
187.0083293257596 44.08122713883443
187.00837467479923 44.08721259963357
187.00842003626448 44.09319806040205
187.00846541016017 44.099183521139885
187.00851079649104 44.10516898184704
187.00855619526183 44.111154442523514
187.0086016064773 44.11713990316929
187.00864703014233 44.12312536378436
187.0086924662616 44.12911082436872
187.0087379148399 44.13509628492234
187.00878337588208 44.14108174544522
187.0088288493928 44.14706720593734
187.00887433537696 44.1530526663987
187.0089198338393 44.15903812682927
187.00896534478463 44.165023587229065
187.00901086821773 44.17100904759804
187.01637489387954 44.04528141744234
187.01642101287013 44.051266873919
187.01646714448904 44.057252330363916
187.01651328874107 44.063237786777094
187.01655944563112 44.06922324315855
187.016605615164 44.07520869950821
187.01665179734454 44.08119415582611
187.0166979921776 44.08717961211222
187.01674419966804 44.09316506836653
187.01679041982072 44.099150524589035
187.0168366526405 44.1051359807797
187.01688289813222 44.11112143693854
187.0169291563007 44.11710689306552
187.0169754271509 44.12309234916064
187.0170217106876 44.129077805223886
187.0170680069157 44.13506326125524
187.01711431584008 44.1410487172547
187.01716063746562 44.147034173222245
187.01720697179715 44.15301962915785
187.01725331883958 44.159005085061544
187.0172996785978 44.16499054093326
187.0173460510767 44.170975996773024
187.0246453356444 44.0392624005693
187.0246922861815 44.04524785248947
187.02473924957317 44.05123330437674
187.02478622582436 44.05721875623112
187.02483321493997 44.063204208052596
187.02488021692494 44.06918965984114
187.02492723178423 44.07517511159675
187.0249742595227 44.08116056331941
187.0250213001454 44.087146015009104
187.0250683536572 44.09313146666584
187.025115420063 44.09911691828957
187.0251624993678 44.105102369880306
187.02520959157656 44.111087821438026
187.02525669669419 44.11707327296271
187.02530381472567 44.12305872445437
187.02535094567594 44.12904417591296
187.02539808954995 44.13502962733849
187.0254452463527 44.141015078730945
187.02549241608907 44.14700053009029
187.0255395987641 44.15298598141655
187.02558679438278 44.158971432709684
187.02563400294997 44.16495688396969
187.02568122447076 44.170942335196536
187.03300966892812 44.04521367853952
187.03305747671695 44.05119912575416
187.0331052975965 44.05718457293471
187.03315313157174 44.06317002008117
187.03320097864776 44.069155467193504
187.03324883882948 44.07514091427169
187.03329671212202 44.081126361315754
187.03334459853033 44.08711180832565
187.0333924980595 44.09309725530136
187.03344041071452 44.09908270224291
187.03348833650045 44.10506814915025
187.03353627542228 44.11105359602338
187.0335842274851 44.117039042862274
187.03363219269391 44.12302448966693
187.0336801710538 44.129009936437356
187.0337281625698 44.13499538317348
187.03377616724688 44.14098082987535
187.03382418509023 44.14696627654292
187.0338722161048 44.15295172317619
187.0339202602957 44.15893716977512
187.03396831766796 44.16492261633974
187.03401638822666 44.17090806286999
187.03406447197685 44.1768935093659
187.04132704194757 44.04517889559391
187.04137569412958 44.05116433805267
187.04142435963348 44.05714978047611
187.0414730384644 44.06313522286424
187.0415217306274 44.06912066521703
187.0415704361276 44.07510610753447
187.04161915497016 44.08109154981655
187.04166788716012 44.08707699206325
187.04171663270267 44.09306243427456
187.0417653916029 44.09904787645047
187.0418141638659 44.10503331859097
187.04186294949682 44.11101876069603
187.04191174850078 44.11700420276564
187.04196056088293 44.122989644799794
187.0420093866484 44.128975086798484
187.04205822580232 44.134960528761674
187.0421070783498 44.14094597068937
187.04215594429604 44.146931412581544
187.04220482364613 44.1529168544382
187.04225371640524 44.1589022962593
187.0423026225785 44.164887738044854
187.0423515421711 44.17087317979483
187.04969390163924 44.05112894127372
187.04974341176344 44.05711437885677
187.04979293544594 44.06309981640325
187.0498424726919 44.06908525391319
187.0498920235065 44.07507069138652
187.04994158789495 44.081056128823256
187.04999116586254 44.08704156622338
187.05004075741437 44.093027003586876
187.05009036255566 44.09901244091373
187.0501399812917 44.10499787820392
187.0501896136276 44.11098331545744
187.05023925956866 44.116968752674275
187.05028891912005 44.122954189854404
187.050338592287 44.128939626997834
187.05038827907475 44.13492506410451
187.05043797948852 44.14091050117447
187.05048769353354 44.14689593820764
187.05053742121504 44.15288137520405
187.05058716253825 44.158866812163666
187.05063691750843 44.16485224908649
187.0506866861308 44.1708376859725
187.05801209907406 44.05109293541878
187.05806245381444 44.05707836807816
187.05811282234433 44.063063800699716
187.05816320466909 44.069049233283444
187.05821360079392 44.07503466582935
187.05826401072423 44.08102009833737
187.05831443446522 44.08700553080753
187.05836487202217 44.09299096323979
187.05841532340042 44.098976395634146
187.0584657886053 44.1049618279906
187.05851626764206 44.110947260309096
187.05856676051604 44.11693269258966
187.0586172672325 44.12291812483225
187.0586677877968 44.12890355703687
187.05871832221422 44.13488898920349
187.0587688704901 44.1408744213321
187.05881943262975 44.14685985342269
187.05887000863848 44.15284528547524
187.05892059852164 44.15883071748974
187.05897120228454 44.164816149466155
187.0590218199325 44.170801581404504
187.06633028626217 44.05105632048936
187.06638148561447 44.05704174814179
187.06643269898763 44.06302717575512
187.06648392638695 44.069012603329334
187.06653516781785 44.07499803086442
187.0665864232857 44.080983458360386
187.0666376927959 44.086968885817186
187.0666889763538 44.09295431323481
187.06674027396483 44.09893974061325
187.0667915856343 44.10492516795249
187.06684291136767 44.11091059525251
187.0668942511703 44.1168960225133
187.06694560504764 44.122881449734834
187.06699697300502 44.12886687691711
187.0670483550479 44.13485230406011
187.06709975118162 44.14083773116381
187.06715116141166 44.14682315822821
187.0672025857434 44.152808585253275
187.06725402418223 44.158794012238985
187.06730547673362 44.16477943918536
187.06735694340296 44.17076486609236
187.07464846303174 44.05101909648701
187.07470050699172 44.05700451904918
187.0747525652038 44.06298994157098
187.07480463767342 44.06897536405237
187.0748567244061 44.07496078649332
187.07490882540722 44.080946208893835
187.07496094068233 44.08693163125389
187.0750130702369 44.092917053573466
187.07506521407632 44.09890247585256
187.07511737220614 44.104887898091135
187.07516954463182 44.110873320289215
187.07522173135885 44.11685874244674
187.07527393239272 44.1228441645637
187.07532614773888 44.128829586640094
187.07537837740287 44.134815008675915
187.07543062139018 44.14080043067113
187.07548287970627 44.14678585262572
187.0755351523567 44.15277127453968
187.07558743934692 44.158756696413
187.07563974068245 44.16474211824564
187.08312533835647 44.06893751545409
187.08317827038653 44.07492293271756
187.0832312169166 44.08090834993928
187.08328417795227 44.0868937671192
187.08333715349906 44.09287918425733
187.08339014356255 44.09886460135364
187.08344314814835 44.10485001840812
187.08349616726198 44.110835435420746
187.08354920090903 44.11682085239152
187.08360224909504 44.12280626932041
187.08365531182565 44.1287916862074
187.0837083891064 44.13477710305247
187.08376148094288 44.14076251985561
187.08381458734064 44.14674793661682
187.08386770830538 44.15273335333604
187.08392084384258 44.1587187700133
187.091499805587 44.07488446953875
187.0915535976416 44.0808698814983
187.09160740443338 44.0868552934147
187.091661225968 44.09284070528797
187.09171506225118 44.09882611711808
187.09176891328846 44.104811528905
187.0918227790856 44.11079694064873
187.0918766596482 44.116782352349254
187.09193055498196 44.12276776400654
187.0919844650925 44.12875317562058
187.09203838998556 44.13473858719136
187.09982132983544 44.07484539695851
187.09987596741 44.0808308035725
187.0999306199534 44.086816210142004
187.09998528747138 44.092801616667
187.10003996996966 44.09878702314747
187.10009466745396 44.10477242958339
187.1001493799301 44.110757835974745
187.10020410740375 44.11674324232153
187.1002588498807 44.12272864862371
187.10031360736673 44.12871405488127
187.10830933783683 44.092761918396064
187.10836486654566 44.098747319443476
187.10858713361864 44.12268892317356
187.1086427384755 44.12867432399111
