# successful candidates for region at (79.72125350864842, 75.33490816985314) and radius 1.0
78.26477840086966 75.13078505839138
78.26417475168667 75.13708394730074
78.28980345415131 75.12463897485917
78.28921042566978 75.13093793017735
78.28861689432229 75.13723688390034
78.28802285946942 75.14353583602609
78.31944998296234 75.06809795752778
78.31887148499105 75.07439699029455
78.31829249832602 75.08069602153752
78.31771302234822 75.0869950512548
78.31713305643753 75.09329407944449
78.3165525999728 75.0995931061045
78.31539021289127 75.11219115482814
78.31480828102693 75.1184901768878
78.31422585611337 75.1247891974101
78.31364293752416 75.13108821639308
78.31305952463183 75.1373872338348
78.3124756168078 75.14368624973328
78.31189121342246 75.14998526408655
78.31130631384511 75.15628427689268
78.34718298569061 75.03045043478808
78.3437822521614 75.06824503476263
78.34321378810218 75.07454412962595
78.34264484381603 75.08084322301792
78.34207541869463 75.08714231493666
78.34150551212858 75.09344140538029
78.33922105919419 75.11863775236641
78.33864873622805 75.12493683540647
78.33807592813926 75.13123591696014
78.33750263431119 75.13753499702555
78.33692885412616 75.1438340756008
78.33635458696541 75.15013315268403
78.33577983220918 75.1564322282733
78.37201083354265 75.02429540644872
78.37145568964812 75.03059457221161
78.37090007814992 75.03689373656715
78.36867294429243 75.0620903798801
78.36811498589626 75.06838953717212
78.36755655633765 75.07468869304608
78.3669976550199 75.08098784750021
78.36643828134542 75.08728700053263
78.36587843471554 75.09358615214163
78.3653181145306 75.0998853023253
78.36475732018991 75.10618445108194
78.36419605109178 75.11248359840971
78.36363430663349 75.11878274430673
78.36307208621132 75.12508188877128
78.36250938922052 75.13138103180144
78.36194621505527 75.13768017339542
78.3613825631088 75.14397931355143
78.36081843277327 75.15027845226764
78.36025382343978 75.15657758954215
78.39572884650167 75.03073614123183
78.39518321949352 75.03703536520983
78.39354357740729 75.05593302898335
78.39299610775126 75.06223224751537
78.3924481759758 75.06853146468148
78.39189978149595 75.07483068048008
78.39135092372578 75.08112989490942
78.39080160207835 75.08742910796771
78.39025181596574 75.09372831965328
78.38970156479904 75.10002752996438
78.38915084798835 75.10632673889921
78.38859966494275 75.11262594645608
78.38804801507032 75.11892515263317
78.38749589777817 75.1252243574288
78.38694331247235 75.13152356084119
78.38639025855798 75.1378227628686
78.38583673543911 75.1441219635092
78.3852827425188 75.15042116276132
78.38472827919911 75.15672036062313
78.42053763926273 75.02457585794805
78.419466806165 75.03717442429571
78.41785716971269 75.05607226399083
78.41731971879584 75.06237154126218
78.41678181420792 75.06867081721724
78.41624345537466 75.0749700918544
78.41570464172081 75.08126936517193
78.41516537267016 75.08756863716819
78.41462564764552 75.0938679078415
78.41408546606874 75.10016717719017
78.41354482736067 75.1064664452125
78.41300373094117 75.11276571190687
78.41246217622917 75.11906497727155
78.41192016264256 75.12536424130482
78.4113776895983 75.13166350400508
78.41083475651229 75.13796276537055
78.41029136279948 75.14426202539954
78.40974750787386 75.1505612840904
78.44375083002292 75.03731091375313
78.44322473069408 75.04361025247285
78.4416437692435 75.06250826104854
78.44111589239964 75.06880759470728
78.44005880079126 75.08140625821542
78.43952958489672 75.08770558806161
78.43899992152033 75.09400491663372
78.43846981009466 75.10030424393013
78.43793925005139 75.10660356994919
78.43740824082113 75.11290289468938
78.43687678183363 75.119202218149
78.43634487251761 75.12550154032641
78.43581251230084 75.13180086121999
78.43527970061015 75.13810018082815
78.43474643687134 75.14439949914924
78.43421272050925 75.15069881618157
78.43367855094782 75.15699813192357
78.46855095313131 75.03114543715046
78.46803528292494 75.03744483351171
78.46751917814935 75.0437442286592
78.46700263825534 75.0500436225914
78.4664856626928 75.05634301530677
78.46596825091069 75.06264240680373
78.46545040235702 75.0689417970808
78.46493211647889 75.07524118613638
78.46441339272246 75.08154057396892
78.46389423053294 75.08783996057693
78.46337462935465 75.09413934595878
78.4628545886309 75.10043873011303
78.46233410780412 75.10673811303798
78.46024777228163 75.1319356324143
78.45972508254265 75.13823500916965
78.45920194933515 75.14453438468637
78.45867837209494 75.15083375896288
78.45815435025679 75.15713313199761
78.49232015672784 75.03757618350242
78.49181404703769 75.04387563399591
78.4913075106483 75.05017508332074
78.49080054702019 75.0564745314754
78.49029315561296 75.0627739784584
78.48978533588529 75.06907342426832
78.48927708729497 75.07537286890357
78.48876840929884 75.0816723123628
78.48825930135288 75.08797175464444
78.4877497629121 75.09427119574696
78.48723979343062 75.10057063566889
78.4867293923616 75.1068700744088
78.48621855915728 75.11316951196511
78.48570729326903 75.11946894833638
78.48519559414723 75.12576838352102
78.48417089399993 75.13836725032458
78.48365789187056 75.14466668194044
78.4831444542999 75.15096611236369
78.51610932920475 75.04400446841521
78.51561279684277 75.05030397204982
78.51511584567275 75.05660347456008
78.51461847516495 75.06290297594448
78.51412068478872 75.06920247620171
78.51362247401254 75.07550197533023
78.51312384230397 75.08180147332872
78.51262478912966 75.08810097019564
78.51212531395541 75.09440046592967
78.51162541624608 75.10069996052923
78.51112509546559 75.10699945399301
78.51062435107704 75.11329894631953
78.51012318254256 75.11959843750726
78.50962158932337 75.12589792755489
78.5091195708798 75.13219741646088
78.50811425615622 75.1447963908422
78.54040501649531 75.04413073185053
78.53991848867322 75.05043028871209
78.53943155047466 75.05672984449414
78.5389442013805 75.0630293991953
78.5384564408708 75.06932895281417
78.5379682684247 75.07562850534944
78.5374796835205 75.0819280567997
78.53699068563557 75.08822760716363
78.53650127424642 75.09452715643977
78.53601144882869 75.10082670462681
78.5355212088571 75.10712625172329
78.53503055380553 75.11342579772794
78.5345394831469 75.11972534263927
78.56374765324921 75.0568536412123
78.5632703260726 75.06315324814535
78.56279259593416 75.06945285404026
78.56231446232374 75.07575245889564
78.56183592473032 75.08205206271018
78.56135698264204 75.08835166548258
78.56087763554615 75.09465126721153
78.56039788292904 75.10095086789568
78.5599177242762 75.10725046753375
78.55943715907233 75.11355006612433
78.55895618680115 75.11984966366616
78.55847480694563 75.12614926015789
78.55751082240866 75.13874844998568
78.58853105657582 75.05067520557664
78.5880641458189 75.05697486465057
78.58712914178054 75.0695741798158
78.586661047501 75.07587383590457
78.58619255771443 75.08217349099577
78.58572367191968 75.08847314508817
78.58525438961475 75.09477279818046
78.58478471029682 75.10107245027135
78.58431463346214 75.10737210135964
78.58384415860621 75.11367175144403
78.58337328522362 75.11997140052321
78.58290201280808 75.12627104859594
78.61375055418331 75.03819438461478
78.61329442754331 75.04449409560824
78.61283791631278 75.0507938056525
78.61238102000543 75.05709351474631
78.61192373813412 75.06339322288855
78.61146607021095 75.06969293007795
78.6110080157471 75.07599263631334
78.61054957425301 75.08229234159356
78.61009074523827 75.0885920459173
78.6096315282116 75.09489174928336
78.60917192268094 75.10119145169061
78.60871192815337 75.10749115313776
78.60825154413516 75.1137908536236
78.60779077013171 75.12009055314692
78.60732960564762 75.1263902517065
78.6380377823366 75.03831031462283
78.63714514901541 75.05090983340855
78.63669826762967 75.05720959143818
78.63625100912547 75.06350934855746
78.63580337302557 75.0698091047653
78.63535535885187 75.07610886006044
78.63490696612553 75.08240861444185
78.63445819436681 75.08870836790827
78.63400904309525 75.09500812045854
78.63355951182953 75.10130787209152
78.63310960008754 75.1076076228061
78.6326593073863 75.11390737260103
78.6322086332421 75.1202071214752
78.63175757717035 75.12650686942743
78.66232537436491 75.03842367441689
78.66101588051177 75.0573230946662
78.66057864583718 75.0636228996775
78.66014104202382 75.06992270381765
78.65970306860433 75.07622250708569
78.65926472511053 75.08252230948037
78.6588260110735 75.08882211100065
78.65838692602348 75.09512191164545
78.65794746948991 75.10142171141365
78.65750764100147 75.10772151030407
78.65706744008604 75.11402130831566
78.65574459804434 75.13292069706621
78.64907959553823 75.22741752095976
78.68661332211856 75.03853446393843
78.68576070063878 75.05113417172308
78.68533385047108 75.05743402437169
78.68490664007824 75.06373387618976
78.68447906900434 75.07003372717622
78.68405113679272 75.07633357733006
78.68362284298595 75.08263342665018
78.6831941871258 75.0889332751355
78.68276516875328 75.09523312278507
78.68233578740862 75.10153296959773
78.68190604263127 75.10783281557242
78.68147593395992 75.11413266070818
78.68104546093244 75.12043250500378
78.68061462308594 75.12673234845829
78.68018341995678 75.13303219107058
78.71006900321818 75.05124248216572
78.70923498365693 75.06384227803693
78.70881744576505 75.07014217478351
78.70798131152888 75.08274196589359
78.70756271429042 75.08904186025508
78.70714376304095 75.09534175381953
78.70672445733149 75.10164164658593
78.70630479671227 75.10794153855325
78.7058847807328 75.11424142972045
78.7054644089418 75.12054132008662
78.7050436808872 75.12684120965059
78.7355960419983 75.03244838674924
78.73234012251575 75.08284792715438
78.73193158433331 75.08914786630302
78.73152270064199 75.0954478046925
78.73111347100357 75.10174774232173
78.73070389497907 75.10804767918992
78.7302939721288 75.11434761529601
78.72988370201232 75.120647550639
78.72947308418843 75.126947485218
78.75868662105367 75.0514513853419
78.75630078901975 75.08925129322427
78.75590197331124 75.09555127534873
78.75550282016923 75.10185125675004
78.75510332916555 75.10815123742721
78.75470349987131 75.11445121737943
78.75430333185689 75.12075119660565
78.75390282469195 75.12705117510501
78.75350197794542 75.1333511528766
78.74987900456422 75.1900509199174
78.74744823157471 75.2278507314832
78.74704189229523 75.23415069748327
78.7818345926967 75.0704520625428
78.78105873892325 75.08305211550947
78.78067032011431 75.08935214096518
78.78028157280282 75.09565216573462
78.77989249657216 75.10195218981694
78.77950309100491 75.10825221321127
78.77911335568301 75.11455223591675
78.77872329018768 75.12085225793246
78.77833289409945 75.12715227925754
78.77794216699807 75.13345229989118
78.77755110846265 75.13975231983238
78.77676799540241 75.15235235763421
78.77637594003218 75.15865237549299
78.7759835515371 75.16495239265589
78.77559082949261 75.171252409122
78.7748043830539 75.18385243996028
78.77441065780705 75.19015245433063
78.77401659730559 75.19645246800069
78.77164516992353 75.23425253526307
78.80655168748892 75.06425013767274
78.80617428654307 75.07055020659675
78.80579656681245 75.07685027487206
78.80541852789322 75.08315034249786
78.80504016938086 75.08945040947332
78.80466149087019 75.09575047579762
78.80428249195529 75.10205054146995
78.80390317222962 75.1083506064895
78.80352353128592 75.11465067085537
78.8031435687162 75.12095073456678
78.80276328411186 75.12725079762285
78.80238267706355 75.13355086002281
78.80200174716121 75.1398509217658
78.80162049399418 75.14615098285101
78.80123891715098 75.15245104327752
78.80085701621954 75.15875110304462
78.79970936476388 75.17765127838048
78.79932616334418 75.18395133550119
78.79894263576504 75.19025139195821
78.79779009190437 75.20915155733859
78.79740525551718 75.21545161113235
78.79702009088177 75.22175166425814
78.79663459757828 75.22805171671511
78.79624877518604 75.23435176850242
78.83051428914867 75.07064577463197
78.83014661312983 75.0769458832696
78.82977862640575 75.08324599129178
78.82941032858265 75.08954609869775
78.8290417192661 75.09584620548674
78.82830356457156 75.10844641721066
78.82793401840135 75.114746522144
78.82756415915325 75.12104662645723
78.82719398642946 75.12734673014951
78.82682349983155 75.13364683322011
78.82645269896037 75.13994693566823
78.82608158341607 75.14624703749303
78.8257101527982 75.15254713869379
78.82197842897567 75.21554811620142
78.82160350592028 75.22184821048457
78.8208526996012 75.23444839714885
78.8552119223946 75.06443861810502
78.85485459230733 75.07073876659899
78.85449696038121 75.07703891451143
78.85378078948226 75.08963920858876
78.85306340663092 75.1022395003312
78.85270425976191 75.10853964532495
78.85234480875002 75.11483978973273
78.851985053209 75.12113993355383
78.85162499275192 75.12744007678748
78.8512646269912 75.13374021943294
78.85090395553857 75.14004036148945
78.85054297800514 75.14634050295626
78.85018169400132 75.15264064383264
78.84873348546797 75.17784120141863
78.84655191191423 75.21564201995594
78.84618723083497 75.22194215428749
78.84582223855858 75.2282422880195
78.87780307405156 75.09602992354563
78.87675589405198 75.11493047357298
78.87640624259302 75.12123065580798
78.87605629477822 75.12753083748805
78.87570605023093 75.13383101861248
78.87535550857373 75.14013119918064
78.87500466942866 75.14643137919177
78.87465353241708 75.1527315586451
78.87430209715971 75.15903173754002
78.87395036327665 75.16533191587575
78.87324599811048 75.17793227086698
78.87289336606429 75.18423244752094
78.87254043386625 75.1905326236129
78.87041651598614 75.22833366832204
78.87006147195989 75.23463384045974
78.9015065256094 75.10871835354007
78.90116726602668 75.11501857361752
78.9008277190142 75.12131879317234
78.90048788420677 75.12761901220382
78.90014776123854 75.13391923071138
78.8998073497431 75.14021944869432
78.8994666493533 75.14651966615192
78.8991256597015 75.15281988308362
78.89878438041931 75.15912009948863
78.89844281113785 75.16542031536636
78.89810095148749 75.1717205307161
78.89775880109805 75.17802074553718
78.89741635959867 75.18432095982894
78.89707362661791 75.19062117359067
78.89673060178363 75.19692138682176
78.89535557644739 75.22212223442568
78.89501108674192 75.2284224449932
78.894666302937 75.23472265502588
78.89432122465605 75.24102286452317
78.92557891639295 75.11510408982039
78.92524947418087 75.12140434560094
78.92491975273532 75.12770460088885
78.92458975170132 75.13400485568356
78.92425947072331 75.14030510998435
78.92392890944512 75.1466053637907
78.92359806751 75.15290561710188
78.92326694456057 75.1592058699173
78.92293554023884 75.16550612223641
78.92260385418624 75.17180637405843
78.92227188604352 75.17810662538284
78.92193963545091 75.18440687620893
78.921607102048 75.19070712653611
78.91994018022079 75.2222083706658
78.94999083686908 75.11518702213708
78.9496714998008 75.12148731304919
78.94935189206109 75.12778760349842
78.94903201330585 75.1340878934842
78.94871186319045 75.14038818300598
78.94807074749748 75.15298876065506
78.9477497812277 75.15928904878116
78.9474285422132 75.16558933644087
78.94710703010641 75.17188962363362
78.94678524455914 75.17818991035877
78.94646318522257 75.18449019661573
78.97440301917274 75.11526737052439
78.97409378758114 75.1215676954738
78.97378429388071 75.12786801998921
78.97347453773826 75.13416834407003
78.97223288206435 75.15936963603656
78.97161047087039 75.17197027939798
78.97129886825651 75.17827060042129
78.99911432758984 75.10904477664235
78.99881545502114 75.11534513494041
78.99851632922855 75.12164549283291
78.99821694989028 75.12794585031926
78.99791731668402 75.13424620739899
78.99761742928693 75.1405465640716
78.9964153313135 75.16574798668006
79.02351691114156 75.10911992522483
79.02322813613087 75.11542031534469
79.02293911644911 75.1217207050859
79.02032687764049 75.17842419563767
79.04791973136997 75.10919249084985
79.04764105421806 75.11549291169801
79.04568368601988 75.15959584773645
79.04540311149626 75.16589626575099
79.04484124654768 75.17849710071084
79.07232278000119 75.10926247347957
79.07205420099834 75.1155629239626
79.07178539443159 75.12186337411806
79.07016775996043 75.15966606814928
79.06989735232173 75.16596651600028
79.06935584707786 75.1785674107092
79.0690847488859 75.18486785756627
79.06881341992192 75.19116830409119
79.06499041745501 75.2793745203249
79.09465205628084 75.15973369675599
79.09413135409112 75.17233464962251
79.09387067084008 75.17863512559569
79.09360976577494 75.1849356012616
79.09334863861267 75.19123607661989
79.11888649359298 75.16609923774217
79.11863620795707 75.1723997416802
79.11838570944292 75.1787002453348
79.11788407269314 75.19130125179254
79.1436212826232 75.15986117841085
79.14338137729816 75.16616170916522
79.14314126800862 75.17246223965911
79.17220835003882 75.04651097953595
79.1719820863424 75.05281153997015
79.17175563173625 75.05911210017086
79.16787645855527 75.16622158757882
79.16718607352095 75.18512325470451
79.16695555336952 75.19142380993397
79.19651189033563 75.04656780612298
79.19629564111561 75.05286839052062
79.19237172899298 75.16627887295155
79.1917119004525 75.18518061319473
79.22060937261162 75.05292266767967
