# successful candidates for region at (72.9150759865417, 9.788285974894169) and radius 1.0
72.77400836213302 9.581948017577682
72.78674256884918 9.607192672004679
72.78674016111495 9.613502588780444
73.35386874057598 9.594316956707514
73.41102371847937 9.461732414062562
73.41103292686871 9.468042253210498
73.41739336246516 9.461723211209096
73.4174026891151 9.468033048206092
73.41742135562808 9.480652722181775
73.42374412966159 9.449094221261152
73.42375356565317 9.455404056092267
73.42376300610385 9.461713890917126
73.42377245101413 9.468023725735733
73.42378190038445 9.474333560548082
73.42379135421533 9.480643395354171
73.43010398697061 9.442774955310009
73.43011353659614 9.449084787942002
73.43012309073615 9.455394620567594
73.43013264939107 9.461704453186774
73.43014221256144 9.468014285799542
73.4301517802477 9.474324118405896
73.43016135245034 9.480633951005833
73.43017092916986 9.486943783599346
73.4364636123094 9.436455576434547
73.43647327545746 9.442765406840296
73.43648294317533 9.449075237239486
73.43649261546348 9.45538506763211
73.43650229232242 9.461694898018163
73.43651197375262 9.468004728397647
73.43652165975455 9.474314558770553
73.43653135032872 9.480624389136885
73.43654104547562 9.486934219496634
73.44284256358478 9.442755741014787
73.44285234939473 9.449065569153726
73.4428621398308 9.455375397285938
73.44287193489346 9.46168522541142
73.44288173458324 9.467995053530167
73.4428915389006 9.47430488164218
73.44305892079677 9.581571958512729
73.4492118513482 9.442745957833605
73.44922175524995 9.449055783684848
73.44923166383369 9.455365609529206
73.44924157709983 9.46167543536667
73.44925149504893 9.467985261197233
73.45563129609269 9.474285174906843
73.45565139220743 9.486904821901371
73.46197071072855 9.455345681784577
73.46199101486785 9.467965324135514
73.4621336811265 9.556302819780527
73.46214390757419 9.562612640843538
73.46836077421226 9.467955179406994
73.47473053317414 9.467944917213536
73.4748765224006 9.556282346063643
73.47488698704166 9.562592162353024
73.47489745659742 9.568901978634777
73.47490793106839 9.575211794908904
73.47491841045513 9.581521611175399
73.47492889475814 9.587831427434256
73.48123736368643 9.549962118562071
73.48124794245366 9.556271932431216
73.48125852619098 9.562581746292565
73.48126911489896 9.568891560146112
73.4812797085781 9.575201373991858
73.48129030722892 9.581511187829795
73.48761936211147 9.55626140094965
73.48763006494481 9.562571212355488
73.48764077280471 9.568881023753349
73.48765148569171 9.57519083514323
73.48783437444276 9.682457627546656
73.49399078136959 9.556250751619077
73.49400160329864 9.562560560541927
73.49401243031019 9.568870369456624
73.49421910993267 9.68875673728135
73.49423003870932 9.695066546032155
73.49424097257999 9.701376354774727
73.50019870109394 9.461592887256131
73.50020956510794 9.4679026937931
73.50026396214177 9.499451726353685
73.50036220022356 9.55623998443964
73.50037314124805 9.562549790852025
73.50038408741096 9.568859597256075
73.50059304154485 9.688745917344127
73.50060409059279 9.69505572358066
73.50657932209094 9.467891844277029
73.50659030954785 9.474201648270324
73.50660130219133 9.48051145225515
73.50664532464225 9.505750668109748
73.50692234751676 9.663495764115854
73.50695580862899 9.6824251752774
73.50696697274236 9.688734978980735
73.50697814206133 9.695044782675476
73.50698931658644 9.701354586361614
73.5129824117008 9.48681028156225
73.51301579192865 9.505739685749742
73.51328453448554 9.657174916432522
73.51332961919266 9.68241412105711
73.513374788077 9.707653325541242
73.52575672525158 9.50571736814381
73.53238129249678 9.644521488240095
73.53239290490055 9.650831281557853
73.5389782326248 9.764395997020916
73.54512746953534 9.644498346523857
73.54534165623181 9.75807452784911
73.54535360817147 9.764384315607733
73.54536556566029 9.77069410335656
73.55146467484676 9.625557242653944
73.55150055739078 9.644486598316835
73.55151252942544 9.650796383517982
73.55152450705444 9.657106168709218
73.55171691044261 9.758062730417047
73.55172898326815 9.76437251543906
73.55174106169899 9.770682300451078
73.55789783427 9.6570942967485
73.55798267546065 9.701262773478378
73.55810435791028 9.764360596515049
73.55811655728282 9.770670378762714
73.5581287623174 9.776980161000179
73.56429561314023 9.669701865754037
73.56430784775642 9.676011645365303
73.56435684331579 9.701250763706982
73.56447973209332 9.764348558835858
73.56449205240725 9.770658338291627
73.56450437843934 9.776968117736992
73.5645167101902 9.78327789717195
73.57066917947546 9.669689751586834
73.57070626091873 9.688619081939901
73.57087999409697 9.776955955663695
73.57089244690117 9.783265732278803
73.57094231587985 9.808504838632995
73.57730593970734 9.802182769786315
