# successful candidates for region at (280.4029586136283, -51.31335262618538) and radius 1.0
279.27980301751245 -51.144556845658656
279.2801073144446 -51.1320582068472
279.28025938778967 -51.12580888701742
279.28056338435766 -51.11331024651047
279.28984121706776 -51.144652708567726
279.2899920310846 -51.138403373523694
279.2901427954521 -51.13215403820191
279.290293510194 -51.125904702602504
279.29044417533413 -51.119655366725624
279.2905947908961 -51.113406030571376
279.29074535690364 -51.10715669413993
279.29089587338046 -51.10090735743138
279.29987945816316 -51.14474771096248
279.3003276740769 -51.125999658097854
279.3004769810402 -51.1197503065978
279.3006262388722 -51.11350095482536
279.30077544759615 -51.1072516027807
279.30122277935493 -51.088503545014554
279.3103618790647 -51.12609375349701
279.310509827831 -51.11984438651522
279.31065772791266 -51.11359501926601
279.3108055793328 -51.10734565174947
279.3112488418568 -51.08859754759729
279.32039612478366 -51.12618698879358
279.3391677361766 -51.18261558085739
279.3393120373536 -51.17636617056077
279.3394562909816 -51.170116760010124
279.3396004970836 -51.16386734920561
279.3414708618636 -51.08262498569867
279.3417579009136 -51.070126156754405
279.3420447513077 -51.05762732680239
279.3493572853431 -51.17645694501074
279.3495001771131 -51.17020751950605
279.34964302180555 -51.16395809375226
279.3516379169384 -51.076466107109006
279.35178005816186 -51.070216677632864
279.3519221526664 -51.06396724790951
279.3520642004744 -51.057717817939086
279.35220620160806 -51.0514683877217
279.3594025727242 -51.17654685819989
279.3595441026168 -51.17029741788296
279.3596855858801 -51.164047977321644
279.3615206351848 -51.082805227838655
279.36166146797666 -51.07655578386825
279.36180225447254 -51.070306339655204
279.3619429946946 -51.06405689519966
279.36208368866494 -51.057807450501734
279.36222433640563 -51.051558005561525
279.36944789912167 -51.17663591012208
279.3695880671174 -51.17038645513473
279.3697281889324 -51.164136999907676
279.37140605665184 -51.0891435185278
279.3715455801243 -51.082894060195045
279.37168505772416 -51.076644601624196
279.37182448947345 -51.07039514281537
279.371963875394 -51.064145683768686
279.37210321550765 -51.057896224484246
279.3722425098362 -51.05164676496218
279.38115592360333 -51.10173045109002
279.38129418233865 -51.0954809787607
279.38143239560355 -51.08923150619764
279.38157056341964 -51.082982033400995
279.3817086858087 -51.07673256037084
279.38184676279246 -51.07048308710733
279.38198479439257 -51.064233613610554
279.38212278063065 -51.057984139880624
279.3896761116095 -51.17056194623865
279.39118501324486 -51.101817608121344
279.3913219154134 -51.095568121460175
279.3914587725574 -51.089318634569864
279.39159558469845 -51.08306914745051
279.391732351858 -51.07681966010222
279.3918690740575 -51.070570172525116
279.39200575131844 -51.064320684719306
279.40121414055295 -51.10190390556664
279.40134968613614 -51.095654404714914
279.4014851871408 -51.08940490363858
279.4016206435882 -51.08315540233772
279.4017560554997 -51.07690590081244
279.4018914228964 -51.07065639906284
279.4094948227422 -51.18323301705005
279.40989898342156 -51.16448448029777
279.4115116389809 -51.08949031339792
279.41164573971633 -51.08324079805674
279.4117797963613 -51.07699128249562
279.41954170103133 -51.18331777651338
279.4215381277051 -51.08957486384211
279.4216708727103 -51.08332533460182
279.4218035740707 -51.077075805146016
279.4316960421977 -51.08340901196721
279.4318273882554 -51.07715946875788
279.4350970600312 -50.92092082020167
279.454438978858 -50.95233277060792
279.45533236138306 -50.90858574474115
279.4645622919037 -50.94616400359357
279.4651936985559 -50.91491606183021
279.4745578879998 -50.94624395499577
279.4746829064801 -50.939994353938104
279.47580623170273 -50.88374793579349
279.47593084140595 -50.8774983328207
279.4841822564914 -50.965071891201426
279.48455351835327 -50.94632305028594
279.48467719119395 -50.94007343627148
279.48480082351017 -50.93382382206924
279.4849244153212 -50.927574207679264
279.4851714775047 -50.91507497833648
279.48578842546965 -50.88382690170061
279.4859116939316 -50.87757728581205
279.48603492206126 -50.87132766973659
279.4861581098779 -50.865078053474285
279.48628125740055 -50.858828437025245
279.48640436464837 -50.85257882038956
279.4941819603492 -50.96515016884839
279.4943044078992 -50.95890054256915
279.49442681530826 -50.9526509161059
279.49467150977983 -50.940151662627706
279.49479379688063 -50.93390203561293
279.4949160439167 -50.92765240841451
279.49503825090727 -50.92140278103249
279.4951604178713 -50.915153153467
279.4954046317959 -50.9026538977859
279.4957706529592 -50.883905012890295
279.4958925801633 -50.87765538422573
279.49601446747386 -50.871405755378284
279.4961363149098 -50.86515612634806
279.49625812249 -50.85890649713514
279.49637989023347 -50.85265686773961
279.50442385918427 -50.95272831183649
279.50502856862255 -50.92148011340123
279.5051493916758 -50.91523047317543
279.5053909190984 -50.90273119218572
279.50587349973455 -50.87773262805646
279.50599404620954 -50.87148298657676
279.50611455324844 -50.86523334491826
279.5062350208699 -50.85898370308107
279.50635544909267 -50.85273406106527
279.50647583793545 -50.84648441887096
279.50659618741696 -50.84023477649819
279.50671649755583 -50.83398513394706
279.51513839855045 -50.91530693745654
279.51525783854896 -50.90905728453501
279.5153772394386 -50.90280763143816
279.5158544522787 -50.87780901729908
279.5160928245276 -50.86530970917972
279.51645009060394 -50.846560745690326
279.51668807333925 -50.83406143582479
279.5168070063676 -50.8278117806305
279.51692590052767 -50.82156212526195
279.5245363749684 -50.946630870220574
279.5251274381275 -50.91538254630522
279.5252455346229 -50.909132881007345
279.52595330218463 -50.871634885623344
279.5260711283811 -50.86538521912732
279.52665968161716 -50.83413688408632
279.526777276843 -50.82788721656652
279.52689483363775 -50.82163754887638
279.53406400992395 -50.971704389972366
279.5352332630157 -50.90920762218213
279.53686379884533 -50.82171211914833
279.5440652254404 -50.97177839698133
279.55383755441295 -50.98435094708758
279.61745955082915 -50.772279776970294
279.62616893623033 -50.847343982540814
279.62627322076344 -50.84109419970137
279.6273141936778 -50.778596363952296
279.6274181040825 -50.772346579643326
279.62752198057206 -50.76609679520116
279.63624650076673 -50.84116026865927
279.6372741093057 -50.77866232511028
279.6373766856715 -50.77241253004005
279.6374792285575 -50.76616273484
279.6376842139538 -50.753663144050726
279.6459148886653 -50.85997489631535
279.64601656198477 -50.85372509227235
279.64723405291915 -50.7787274338485
279.6473352952324 -50.77247762815603
279.6558922424675 -50.860039289213
279.6559925760429 -50.85378947464361
279.6560928768076 -50.84753965995032
279.65719402415436 -50.778791690162585
279.65729393240156 -50.77254187398694
279.65739380803967 -50.76629205768813
279.6658696237018 -50.860102827870755
279.6672525968153 -50.77260526752847
279.66744964864483 -50.76010561412925
279.6757493460049 -50.86641534737021
279.67701677620596 -50.785167482109564
279.6774056730601 -50.76016813497663
280.2331511278358 -51.262324262203876
280.2331742197678 -51.256074076440186
280.24321616944025 -51.262338397396
280.24325960868754 -51.24983802119519
280.2433247137984 -51.2310874568509
280.25332191929664 -51.24985128857947
