# # ids of objects in overdense bins for (246.53248638227447, -21.688175433897136)
# 
6.051915310149145600e+18
6.051915374570885120e+18
6.051919708195663872e+18
6.051918947984788480e+18
6.051918093287513088e+18
6.051914068901918720e+18
6.051914309424269312e+18
6.051918574323853312e+18
6.051913931462962176e+18
6.051920945149193216e+18
6.051914549937280000e+18
6.051915615090032640e+18
6.051917333076001792e+18
6.051919227157704704e+18
6.051918123350001664e+18
6.051913832683143168e+18
6.051921769779937280e+18
6.051917028136047616e+18
6.051919325941925888e+18
6.051918127647678464e+18
6.051917745392859136e+18
6.051919188502980608e+18
6.051918986639518720e+18
6.051908502624008192e+18
6.051917199934460928e+18
6.051920154870670336e+18
6.051916581458465792e+18
6.051902661467587584e+18
6.051917165574723584e+18
6.051908743142203392e+18
6.051903142503967744e+18
6.051915138353388544e+18
6.051921250087455744e+18
6.051913141188925440e+18
6.051915443295790080e+18
6.051914794755787776e+18
6.051913145484667904e+18
6.051913656585008128e+18
6.051915030973477888e+18
6.051919398958022656e+18
6.051908502624025600e+18
6.051915546370529280e+18
6.051916233565406208e+18
6.051915374570884096e+18
6.051913725304512512e+18
6.051921013868793856e+18
6.051964410213017600e+18
6.051985296640209920e+18
6.051962481773512704e+18
6.051991416968985600e+18
6.051985777676526592e+18
6.051982582220821504e+18
6.051974816920015872e+18
6.051967227716931584e+18
6.051985812036292608e+18
6.051967635734261760e+18
6.051978287253377024e+18
6.051985708957159424e+18
6.051988148498651136e+18
6.051960699363091456e+18
6.051978459052075008e+18
6.051979867801493504e+18
6.051982032465017856e+18
6.051985197855554560e+18
6.051979833441763328e+18
6.051984751178939392e+18
6.051961730155486208e+18
6.051968975764287488e+18
6.051985507097442304e+18
6.051964994329980928e+18
6.051967949267479552e+18
6.051972549177236480e+18
6.051979008807994368e+18
6.051974816920019968e+18
6.051986434806147072e+18
6.051960969944821760e+18
6.051967777468766208e+18
6.051967399510945792e+18
6.051971724543363072e+18
6.051973721703601152e+18
6.051961077320732672e+18
6.051967567014827008e+18
6.051986636670109696e+18
6.051978081094844416e+18
6.051965578444865536e+18
6.051964474638267392e+18
6.051969353721345024e+18
6.051974679481141248e+18
6.051979524204045312e+18
6.051962348630106112e+18
6.051986602310361088e+18
6.051977634418288640e+18
6.051968395944507392e+18
6.051961554060533760e+18
6.051962176832366592e+18
6.051979592923553792e+18
6.051985919410791424e+18
6.051986464871412736e+18
6.051965539794363392e+18
6.051965849027970048e+18
6.051987048986966016e+18
6.051982547861050368e+18
6.051965681528585216e+18
6.051982719659806720e+18
6.051983028897448960e+18
6.051982135544250368e+18
6.051968735246001152e+18
6.051965200491743232e+18
6.051979592923539456e+18
6.051982582220825600e+18
6.051966536222745600e+18
6.051987255145422848e+18
6.051979111887221760e+18
6.051975199172875264e+18
6.051964715156504576e+18
6.051988045419412480e+18
6.051987293800344576e+18
6.051988011059688448e+18
6.051986537886102528e+18
6.051977737497537536e+18
6.051976053872893952e+18
6.051978252893628416e+18
6.051977943655989248e+18
6.051975847712307200e+18
6.051970384514221056e+18
6.051978154109848576e+18
6.051986091209976832e+18
6.051967949271091200e+18
6.051986052554478592e+18
6.051966982899482624e+18
6.051984682460702720e+18
6.051979696002800640e+18
6.051966265640738816e+18
6.051988801333716992e+18
6.051982822739014656e+18
6.051972381674178560e+18
6.051986086914238464e+18
6.051972686616073216e+18
6.051973687343861760e+18
6.051966987194890240e+18
6.051976058166170624e+18
6.051972759630936064e+18
6.051960802445169664e+18
6.051975057439583232e+18
6.051972068140762112e+18
6.051975164813000704e+18
6.051971969358097408e+18
6.051979322341336064e+18
6.051961622779882496e+18
6.051973412469529600e+18
6.051988904412944384e+18
6.051965917748221952e+18
6.051962138176023552e+18
6.051968460368029696e+18
6.051973820487543808e+18
6.051973171951562752e+18
6.051976539205915648e+18
6.051986018194783232e+18
6.051964852595510272e+18
6.051968980059669504e+18
6.051965711588962304e+18
6.051969353721329664e+18
6.051965711588978688e+18
6.051965539790286848e+18
6.051988079779529728e+18
6.051977947951449088e+18
6.051984957338095616e+18
6.051975023078496256e+18
6.051965745948741632e+18
6.051974065301013504e+18
6.051977844872239104e+18
6.051969117498630144e+18
6.051965647165937664e+18
6.052062193736104960e+18
6.052058379805388800e+18
6.052058895201181696e+18
6.052058865139506176e+18
6.052293645225605120e+18
6.052300925195355136e+18
6.052299310287523840e+18
6.052300895137496064e+18
6.052307247387329536e+18
6.052300826411738112e+18
6.052300856475874304e+18
6.052292850656395264e+18
6.052300929497300992e+18
6.052296943761161216e+18
6.052296320990243840e+18
6.052293782664573952e+18
6.052354251509442560e+18
6.052354148430219264e+18
6.052348242854156288e+18
6.052351438309693440e+18
6.052354221448651776e+18
6.052354423308554240e+18
6.052349338066886656e+18
6.052348071055460352e+18
6.052348174133991424e+18
6.052347998036985856e+18
6.052355351021499392e+18
6.052349342369475584e+18
