# # ids of objects in overdense bins for (27.34970940349165, -76.05357221955765)
# 
4.637737400259442688e+18
4.637738946447691776e+18
4.637765231647798272e+18
4.637771210242337792e+18
4.637773100027995136e+18
4.637769183017697280e+18
4.637769148658026496e+18
4.637739328701495296e+18
4.637735476114107392e+18
4.637751934428932096e+18
4.637735338675148800e+18
4.637773065668263936e+18
4.637772103595591680e+18
4.637771175882582016e+18
4.637768564542466048e+18
4.637766228080264192e+18
4.637736163308832768e+18
4.637750525679585280e+18
4.637752346745789440e+18
4.637766777835907072e+18
4.637739358764592128e+18
4.637738985103079424e+18
4.637766125001057280e+18
4.637729085204472832e+18
4.637751556471795712e+18
4.637766365519270912e+18
4.637738499771100160e+18
4.637738774649030656e+18
4.637769148658002944e+18
4.637771725638454272e+18
4.637768014786598912e+18
4.637751075435381760e+18
4.637749494887393280e+18
4.637725339992731648e+18
4.637767190152825856e+18
4.637734655777104896e+18
4.637729497521344512e+18
4.637725030755331072e+18
4.637737743856863232e+18
4.637751728270474240e+18
4.637766502957970432e+18
4.637735446051076096e+18
4.637734823279028224e+18
4.637725271271670784e+18
4.637729295657935872e+18
4.637767190152800256e+18
4.637770145090481152e+18
4.637729978555888640e+18
4.637723312768401408e+18
4.637733036572605440e+18
4.637749258665895936e+18
4.637766365519258624e+18
4.637734307882950656e+18
4.637734410962165760e+18
4.637767125729632256e+18
4.637768873780075520e+18
4.637733345810268160e+18
4.637736472546472960e+18
4.637734617120591872e+18
4.637749499184057344e+18
4.637749533543794688e+18
4.637768633261830144e+18
4.637733242731048960e+18
4.637723415847621632e+18
4.637767465030768640e+18
4.637733208371307520e+18
4.637736305044546560e+18
4.637769251737201664e+18
4.637752862141956096e+18
4.637739633642510336e+18
4.637767499390515200e+18
4.637767916002026496e+18
4.637724554014049280e+18
4.637730807486462976e+18
4.637736678704934912e+18
4.636959392703764480e+18
4.636912044984284160e+18
4.636963309714021376e+18
4.636977294128105472e+18
4.636964581024847872e+18
4.636963137915324416e+18
4.636962794317919232e+18
4.636961626086782976e+18
4.636961316849192960e+18
4.636936818356183040e+18
4.636963623246552064e+18
4.636963928189307904e+18
4.636961351208930304e+18
4.636958568070040576e+18
4.636913075776462848e+18
4.636957713373145088e+18
4.636959289624592384e+18
4.636982997847439360e+18
4.636965680536546304e+18
4.636959598865275904e+18
4.636962386297462784e+18
4.636959259559811072e+18
4.636978668517724160e+18
4.636968983367225344e+18
4.636912594740119552e+18
4.636911976264806400e+18
4.636975335622465536e+18
4.636959152185628672e+18
4.636912392878237696e+18
4.636912835258290176e+18
4.636973823795162112e+18
4.636935684484314112e+18
4.636936749636691968e+18
4.636960595294660608e+18
4.636973858154901504e+18
4.636912152358546432e+18
4.636977023546114048e+18
4.636982688607215616e+18
4.636912629099864064e+18
4.636983925557498880e+18
4.636984032932753408e+18
4.636960805749605376e+18
4.636935207744354304e+18
4.636962386297570304e+18
4.636983753758803968e+18
4.636909536723290112e+18
4.636970353460413440e+18
4.636976061472226304e+18
4.636935547048552448e+18
4.636960079898575872e+18
4.636909674162246656e+18
4.636962004043926528e+18
4.636982448089072640e+18
4.636974515283586048e+18
4.636963859469825024e+18
4.636984479608285184e+18
4.636963103555580928e+18
4.636959495783189504e+18
4.636959293920245760e+18
4.636988151805400064e+18
4.636977981322946560e+18
4.636978634157975552e+18
4.636960973251801088e+18
4.636965577457302528e+18
4.636984479608284160e+18
4.636972419341051904e+18
4.636962863037406208e+18
4.636961905260032000e+18
4.636960870172573696e+18
4.636975236839599104e+18
4.636937230673060864e+18
4.636975099400648704e+18
4.636979871108532224e+18
4.636982070131900416e+18
4.636912800898542592e+18
4.636911495228444672e+18
4.636911323429726208e+18
4.636964306146934784e+18
4.636965135075020800e+18
4.636912010624551936e+18
4.636909880320707584e+18
4.636961694806264832e+18
4.636960565231335424e+18
4.636962145779302400e+18
4.636909605442784256e+18
4.636936543478251520e+18
4.636964958981475328e+18
4.636976710012563456e+18
4.636965130780679168e+18
4.636983204002720768e+18
4.637018216576216064e+18
4.637018049072428032e+18
4.637018044777528320e+18
4.637005572192957440e+18
4.637018285295711232e+18
4.637392909522622464e+18
4.637392943882358784e+18
