# successful candidates for region at (286.58900224719224, -40.497858626123524) and radius 1.0
285.7699081274413 -40.35874751528186
285.769984746417 -40.3524463618346
285.77059694572614 -40.30203713076106
285.7781876527066 -40.35880573901674
285.7782634973539 -40.352504577622
285.778339321292 -40.34620341613204
285.7784151245284 -40.339902254546885
285.7784909070708 -40.33360109286658
285.77856666892677 -40.327299931091154
285.7786424101041 -40.32099876922065
285.77886950963955 -40.302095283039
285.778945168178 -40.295794120788536
285.77902080607566 -40.28949295844317
285.7790964233404 -40.28319179600294
285.7791720199795 -40.276890633467886
285.7792475960008 -40.27058947083804
285.78646719221274 -40.35886337126661
285.7865422625259 -40.352562202005124
285.78661731234115 -40.346261032650354
285.7866923416661 -40.33995986320232
285.7867673505083 -40.33365869366106
285.7868423388752 -40.32735752402662
285.7869173067744 -40.32105635429902
285.7869922542135 -40.314755184478315
285.78706718120003 -40.30845401456454
285.7871420877415 -40.30215284455771
285.78721697384543 -40.29585167445788
285.7872918395193 -40.289550504265065
285.78736668477075 -40.28324933397934
285.7874415096073 -40.27694816360069
285.7875163140363 -40.27064699312918
285.7948210417877 -40.35261923498176
285.7948953174744 -40.34631805784288
285.7949695728821 -40.34001688061264
285.7950438080182 -40.3337157032911
285.7951180228902 -40.32741452587828
285.79519221750564 -40.32111334837422
285.795266391872 -40.31481217077896
285.7953405459966 -40.30851099309253
285.7954146798871 -40.302209815314974
285.79548879355076 -40.29590863744632
285.7955628869951 -40.28960745948659
285.7956369602276 -40.28330628143584
285.7957110132557 -40.27700510329411
285.79578504608685 -40.270703925061405
285.79585905872835 -40.26440274673778
285.80309983499393 -40.352675676549715
285.8031733365463 -40.3463744917074
285.8032468180311 -40.34007330677566
285.8033202794555 -40.33377212175448
285.80339372082693 -40.327470936643934
285.8034671421529 -40.32116975144404
285.80354054344076 -40.31486856615482
285.8036139246978 -40.30856738077634
285.8036872859316 -40.302266195308604
285.8037606271493 -40.29596500975167
285.80383394835843 -40.28966382410555
285.8039072495663 -40.2833626383703
285.8039805307803 -40.27706145254594
285.8040537920078 -40.270760266632514
285.80412703325607 -40.26445908063005
285.8042002545326 -40.25815789453856
285.8042734558447 -40.25185670835813
285.8043466371996 -40.24555552208875
285.80441979860484 -40.239254335730486
285.8044929400676 -40.23295314928334
285.8113058947231 -40.359032719084226
285.81137864199934 -40.35273152670682
285.8114513694118 -40.346430334241795
285.8115240769679 -40.340129141689204
285.81159676467496 -40.33382794904906
285.81166943254027 -40.327526756321426
285.8117420805711 -40.321225563506296
285.81181470877476 -40.31492437060374
285.8118873171587 -40.30862317761378
285.8119599057301 -40.30232198453644
285.8120324744962 -40.29602079137177
285.81210502346454 -40.289719598119795
285.81217755264214 -40.283418404780534
285.8122500620364 -40.27711721135404
285.81232255165463 -40.27081601784035
285.81239502150413 -40.264514824239484
285.8124674715921 -40.25821363055147
285.81253990192585 -40.25191243677636
285.81261231251256 -40.24561124291419
285.8126847033597 -40.23931004896496
285.81275707447435 -40.233008854928734
285.8129740694964 -40.21410527229837
285.81304636175395 -40.20780407791446
285.81958548973927 -40.35908798537218
285.8196574626586 -40.3527867854509
285.81972941592556 -40.34648558544389
285.81980134954745 -40.34018438535114
285.8198732635316 -40.333883185172695
285.81994515788506 -40.32758198490861
285.82001703261517 -40.321280784558894
285.82008888772924 -40.3149795841236
285.8201607232344 -40.30867838360273
285.82023253913786 -40.30237718299636
285.82030433544685 -40.29607598230449
285.8203761121687 -40.289774781527164
285.8204478693105 -40.28347358066441
285.82051960687954 -40.27717237971627
285.8205913248829 -40.270871178682775
285.820663023328 -40.26456997756395
285.82073470222184 -40.25826877635984
285.8208063615717 -40.251967575070466
285.82087800138476 -40.24566637369586
285.82094962166826 -40.23936517223607
285.8210928036751 -40.226762769061004
285.8277938802646 -40.36544386746476
285.8278650982695 -40.3591426601643
285.82793629682635 -40.35284145277987
285.82800747594234 -40.346540245311544
285.8280786356245 -40.340239037759325
285.8281497758801 -40.33393783012325
285.8282208967163 -40.327636622403354
285.82829199814023 -40.32133541459967
285.828363080159 -40.31503420671224
285.8284341427799 -40.30873299874107
285.8285051860099 -40.30243179068622
285.82857620985635 -40.296130582547704
285.8286472143262 -40.28982937432556
285.82871819942676 -40.28352816601981
285.828789165165 -40.27722695763052
285.8288601115481 -40.270925749157676
285.8289310385832 -40.26462454060136
285.82900194627746 -40.258323331961556
285.829072834638 -40.25202212323832
285.82914370367183 -40.24572091443168
285.82921455338624 -40.23941970554168
285.8293561948847 -40.226817287511665
285.836074276743 -40.36549795814315
285.83614472016853 -40.359196743458455
285.8362151443574 -40.35289552869161
285.83628554931687 -40.34659431384268
285.83635593505386 -40.34029309891169
285.8364263015755 -40.33399188389863
285.8364966488889 -40.327690668803584
285.83656697700116 -40.32138945362656
285.83663728591927 -40.315088238367586
285.83670757565045 -40.3087870230267
285.83677784620164 -40.30248580760394
285.8368480975799 -40.296184592099316
285.8369183297924 -40.28988337651288
285.83698854284614 -40.28358216084467
285.8370587367482 -40.27728094509468
285.83712891150554 -40.27097972926299
285.83719906712537 -40.264678513349594
285.8372692036146 -40.25837729735453
285.8373393209803 -40.25207608127785
285.8374094192295 -40.245774865119564
285.8374794983693 -40.23947364887972
285.8375495584067 -40.23317243255833
285.8376195993487 -40.22687121615543
285.8379695178737 -40.1953651329195
285.83803944439074 -40.18906391602824
285.8443546864502 -40.36555145724076
285.8444940051064 -40.35294901318405
285.84456363590397 -40.34664779103523
285.8446332476903 -40.340346568806126
285.8447028404726 -40.33404534649677
285.8447724142579 -40.327744124107205
285.844841969053 -40.32144290163746
285.844911504865 -40.31514167908756
285.8449810217011 -40.30884045645754
285.84505051956796 -40.302539233747424
285.8451199984728 -40.29623801095726
285.8451894584225 -40.289936788087054
285.84525889942415 -40.28363556513687
285.84532832148454 -40.2773343421067
285.84539772461085 -40.2710331189966
285.8454671088099 -40.264731895806584
285.8455364740887 -40.25843067253671
285.84560582045424 -40.25212944918698
285.8456751479135 -40.245828225757435
285.8457444564734 -40.239527002248124
285.8458137461409 -40.23322577865904
285.8458830169229 -40.22692455499024
285.8460215018584 -40.21432210741361
285.8461599113354 -40.20171965951844
285.8462290877943 -40.19541843545149
285.8462982454094 -40.189117211304996
285.84643650413574 -40.17651476277353
285.8527728789281 -40.35300190625513
285.8528417355583 -40.3467006768871
285.8529105733887 -40.34039944744058
285.8529793924263 -40.3340982179156
285.853048192678 -40.32779698831217
285.8531169741507 -40.321495758630334
285.8531857368514 -40.315194528870116
285.8532544807869 -40.30889329903155
285.8533232059642 -40.30259206911466
285.85339191239024 -40.296290839119486
285.85346060007186 -40.28998960904605
285.85352926901595 -40.28368837889439
285.8535979192295 -40.27738714866452
285.8536665507193 -40.271085918356476
285.85373516349233 -40.26478468797031
285.85380375755545 -40.25848345750604
285.8538723329155 -40.252182226963676
285.85394088957946 -40.24588099634327
285.8540094275541 -40.239579765644834
285.8540779468464 -40.23327853486843
285.85414644746317 -40.22697730401405
285.8542149294113 -40.22067607308174
285.85428339269765 -40.214374842071535
285.85435183732903 -40.208073610983476
285.85442026331236 -40.201772379817555
285.8544886706545 -40.19547114857384
285.8545570593623 -40.18916991725234
285.85462542944265 -40.18286868585309
285.85469378090227 -40.17656745437612
285.85476211374805 -40.170266222821446
285.861051765677 -40.3530542079028
285.8611198481346 -40.34675297139631
285.8611879120038 -40.340451734813065
285.8612559572914 -40.33415049815311
285.8613239840043 -40.32784926141645
285.8613919921493 -40.321548024603146
285.8614599817333 -40.31524678771322
285.8615279527631 -40.308945550746685
285.86159590524557 -40.30264431370359
285.86166383918743 -40.296343076583966
285.86173175459567 -40.29004183938781
285.8617996514771 -40.28374060211519
285.8618675298384 -40.27743936476612
285.8619353896865 -40.27113812734062
285.86200323102827 -40.26483688983873
285.86207105387035 -40.258535652260484
285.86213885821974 -40.252234414605915
285.8622066440831 -40.24593317687503
285.8624098908254 -40.227029463224845
285.8625452963483 -40.214426987077076
285.8626129714386 -40.20812574888899
285.8626806280904 -40.20182451062479
285.8627482663105 -40.195523272284525
285.8628158861058 -40.189222033868226
285.86288348748303 -40.182920795375914
285.86939797348776 -40.346804674560815
285.8695325349228 -40.334202187207254
285.8695997880917 -40.327900943418044
285.8696670229038 -40.32159969955391
285.86973423936587 -40.31529845561487
285.8698014374847 -40.308997211600975
285.869868617267 -40.302695967512236
285.86993577871965 -40.29639472334869
285.87000292184933 -40.290093479110375
285.8700700466627 -40.283792234797296
285.8701371531667 -40.27749099040949
285.8702042413679 -40.27118974594701
285.8702713112731 -40.264888501409864
285.8703383628891 -40.25858725679807
285.87060638659483 -40.23338227760515
285.8708072126664 -40.214478542428196
285.87087411821034 -40.20817729722035
285.8709410055255 -40.201876051938136
285.8710078746185 -40.195574806581575
285.8710747254961 -40.18927356115069
285.871141558165 -40.18297231564551
285.8712083726319 -40.176671070066064
285.87780912517536 -40.33425328507609
285.87787560479507 -40.327952034314954
285.877942066269 -40.32165078348061
285.87800850960406 -40.31534953257307
285.87807493480676 -40.309048281592396
285.87814134188386 -40.30274703053859
285.87820773084206 -40.296445779411684
285.87834045442827 -40.283843276938704
285.8784067890697 -40.27754202559269
285.87847310561887 -40.271240774173684
285.8785394040824 -40.264939522681715
285.8791352775005 -40.20822825597562
285.8792013954738 -40.20192700375564
285.8792674954345 -40.195625751463
285.8793996413449 -40.18302324665989
285.8794656873077 -40.17672199414948
285.8795317152845 -40.170420741566524
285.886085727904 -40.33430379175763
285.88615143396936 -40.328002534105224
285.8862171221001 -40.32170127638128
285.88628279230295 -40.315400018585876
285.8864140789512 -40.302797502780706
285.88647969540983 -40.29649624477099
285.8865452939669 -40.290194986689905
285.88661087462907 -40.28389372853747
285.88667643740285 -40.2775924703137
285.8867419822949 -40.271291212018646
285.88687301846 -40.25868869521476
285.88720029640234 -40.22718240195927
285.8875924416418 -40.18937484770745
285.8876577368789 -40.18307358841713
285.88772301433266 -40.176772329055915
285.8944272754694 -40.328052442786905
285.894492190252 -40.321751178254026
285.8945570873176 -40.31544991365135
285.8946219666728 -40.309148648978876
285.8946868283242 -40.302847384236635
285.89475167227823 -40.29654611942468
285.89481649854145 -40.290244854543005
285.89488130712044 -40.28394358959165
285.8949460980216 -40.27764232457065
285.89501087125143 -40.27134105948
285.89507562681655 -40.265039794319776
285.89514036472343 -40.258738529089975
285.89520508497844 -40.25243726379062
285.8953344725593 -40.239834732983375
285.8953991398981 -40.23353346747554
285.895463789611 -40.22723220189827
285.8955284217046 -40.22093093625158
285.8957867740155 -40.195725872971245
285.90276727057955 -40.32180048909691
285.902831394503 -40.31549921776756
285.902895500927 -40.309197946370084
285.902959589858 -40.302896674904495
285.9030236613025 -40.29659540337082
285.9030877152669 -40.2902941317691
285.9031517517576 -40.28399286009934
285.90366341540386 -40.23358268429534
285.9037272949209 -40.2272814120145
285.91091560949445 -40.3344517646592
285.9111057137142 -40.315547930932624
285.91116904720207 -40.30924665289073
285.9112323634078 -40.302945374782354
285.9112956623378 -40.29664409660754
285.91135894399844 -40.29034281836629
285.9114222083961 -40.28404154005865
285.91186457634933 -40.239932590048085
285.911990812188 -40.22733003230608
285.9194426053531 -40.30929476853896
285.91950514882865 -40.30299348386837
285.91956767523936 -40.296692199132956
285.91963018459137 -40.29039091433272
285.91969267689115 -40.2840896294677
285.9277779459758 -40.3030410021607
285.9278396998624 -40.29673971094523
285.92790143690104 -40.29043841966655
285.936111736062 -40.29678663204254
285.93617270078255 -40.29048533436595
285.9363554951824 -40.27158144096648
285.9446845815388 -40.265326441852665
285.952774666543 -40.2842760815649
285.95283405419985 -40.27797477121702
285.9528934256589 -40.27167346081062
285.9529527809261 -40.26537215034576
285.95301212000743 -40.259070839822435
285.9611038078966 -40.27801990169434
285.96122099143287 -40.26541726852105
285.9612795592348 -40.25911595184898
