# successful candidates for region at (242.85214099768282, -12.31725759850387) and radius 1.0
242.45093177993996 -12.137805830345336
242.4573070813566 -12.137815022692038
242.46368238321173 -12.137824067802848
242.47004879107726 -12.144003314356972
242.47005768549838 -12.137832965677642
242.47642424219282 -12.144012066644917
242.47644173091592 -12.131671365983468
242.47646793917983 -12.113160314959716
242.48280829133768 -12.137850319718703
242.4828168856956 -12.131679967764475
242.49552567675906 -12.162548505231424
242.50190973671022 -12.15638631644105
243.12708300675257 -12.48967208250304
243.12707647899484 -12.483501709850232
243.13346686436591 -12.489665598461793
243.1334601850432 -12.48349522702404
243.139850721657 -12.489658965597071
243.13984389076947 -12.483488595402259
243.13983706243204 -12.477318225204925
243.14623457861853 -12.489652183908964
243.14622759616634 -12.483481814984978
243.14622061632087 -12.477311446058364
243.15263271126793 -12.501985988639861
243.15262557192355 -12.495815621020087
243.1526184352432 -12.489645253397562
243.15261130122653 -12.483474885772296
243.15260416987323 -12.47730451814428
243.15259704118284 -12.471134150513524
243.1590095798248 -12.495808540358762
243.15900229152365 -12.489638174062964
243.1589950059427 -12.4834678077643
243.15898772308174 -12.477297441462772
243.1589804429403 -12.471127075158384
243.1653935873744 -12.495801310846446
243.16538614745255 -12.48963094590526
243.1653787103076 -12.48346058096109
243.16537127593915 -12.477290216013934
243.16536384434684 -12.471119851063797
243.17177759456496 -12.495793932483233
243.17177000302271 -12.48962356892455
243.17815385822672 -12.489616043120932
243.2100052326074 -12.440213344199053
243.21637925071767 -12.434034584940559
