# successful candidates for region at (202.89410801091282, -41.721790854048926) and radius 1.0
202.83811845484618 -41.64747738177145
202.83812386539117 -41.641253736501056
202.9127655698737 -41.97111912527819
202.9127637501164 -41.96489547834924
202.91276193086134 -41.95867183142026
202.91275284211264 -41.92755359677451
202.92108329079554 -41.95244654174102
202.9210806611812 -41.94622289503865
202.9210754041288 -41.933775601633606
202.92939958797115 -41.939997006876034
202.92939614889227 -41.933773360482775
202.93772114298764 -41.9399941662526
202.93771689299376 -41.933770520251315
202.94618497155471 -42.11425280104568
202.94607309198267 -41.977332599617114
202.946068022687 -41.97110895409294
202.95439951539385 -41.97732855732041
202.95439363384003 -41.971104912354434
202.95438775390957 -41.9648812673879
202.95438187560185 -41.95865762242082
202.96272593767148 -41.97732391536431
202.96271924385996 -41.97110027103932
202.96271255189603 -41.964876626713625
202.96270586177894 -41.95865298238722
202.96269917350804 -41.952429338060114
202.97105235865897 -41.97731867374899
202.97104485259035 -41.971095030147815
202.97103734859346 -41.96487138654573
202.97102984666753 -41.95864774294277
202.97944540755958 -42.02710197479172
202.9794370708355 -42.02087833200592
202.97939542174151 -41.9897601180605
202.97938709882183 -41.983536475268124
202.97937877819984 -41.977312832474674
202.97937045987467 -41.97108918968009
202.9877691808488 -42.02087188484064
202.98776003260008 -42.01464824294474
202.98772346486388 -41.989753675347906
202.98771432923968 -41.98353003344539
202.98770519613754 -41.97730639154157
202.9876960655565 -41.971082749636416
202.99615114078577 -42.05198304202282
202.9961411649365 -42.045759401108725
202.99610128909725 -42.0208648374366
202.9960913270217 -42.01464119651464
202.99605150622503 -41.98974663281112
202.99604155789703 -41.98352299188132
202.99603161231548 -41.97729935094995
203.0044981134011 -42.05819902894589
203.0044873196174 -42.051975389091865
203.00443339542386 -42.02085718979411
203.00442261952222 -42.014633549929044
203.00441184659698 -42.00840991006214
203.00437954566831 -41.98973899045041
203.0128234963659 -42.05196713550768
203.01278868873365 -42.03329621935753
203.01275390994476 -42.01462530318825
203.0127423234191 -42.00840166446089
203.0127307400934 -42.002178025731425
203.02115967087389 -42.0519582812706
203.0211224190688 -42.03328736879255
203.02111000866188 -42.027063731295
203.0210976016835 -42.020840093795
203.02108519813237 -42.01461645629258
203.02107279800722 -42.00839281878771
203.02106040130676 -42.002169181280415
203.02940327020454 -42.00838337304295
203.02939006013025 -42.00215973684074
