# # ids of objects in overdense bins for (254.23006365512677, -4.018215801697649)
# 
4.365569106583035904e+18
4.365623085728770048e+18
4.365635283437035520e+18
4.365620989788281856e+18
4.365620474392043008e+18
4.365609749853728768e+18
4.365621917501049856e+18
4.365615694090071040e+18
4.365636142433589760e+18
4.365616484362925056e+18
4.365616759240838144e+18
4.365615384852379648e+18
4.365617416375274496e+18
4.365619237441385984e+18
4.365623051368508416e+18
4.365636103773878272e+18
4.365618752107043840e+18
4.365621230306613248e+18
4.365623876002854400e+18
4.365635386517045760e+18
4.365618996923251200e+18
4.365635901915283456e+18
4.365623463686154752e+18
4.365633050056806912e+18
4.365620886710499328e+18
4.365633462373741056e+18
4.365615320431139840e+18
4.365635661394358784e+18
4.365615694092448256e+18
4.365622776494634496e+18
4.365624047805394432e+18
4.365621539540106240e+18
4.365616832259703808e+18
4.365616484368392192e+18
4.365615457865769984e+18
4.365619958995976192e+18
4.365619851617310208e+18
4.365617274638244864e+18
4.365617450730726912e+18
4.365635141703599104e+18
4.365635523956000256e+18
4.365619130064314368e+18
4.365621436465004544e+18
4.365619267505358336e+18
4.365633496738075648e+18
4.365619026985034240e+18
4.365622535977885184e+18
4.365621367741359104e+18
4.365622566038283264e+18
4.365623532406238720e+18
4.365623154456782848e+18
4.365622329817974784e+18
