# successful candidates for region at (149.1055812174385, 30.31709675100789) and radius 1.0
149.83226368610346 30.73664879719944
149.83230879340277 30.742653656915813
149.83882444476808 30.730607270107555
149.83886995103924 30.736612125411654
149.8389154683527 30.742616980669816
149.83896099671153 30.748621835882055
149.84547621094464 30.736575121767743
149.84552213827044 30.74257997252738
149.84556807674105 30.748584823240247
149.8456140263596 30.754589673906324
149.85208246577437 30.736537786268464
149.85212880311062 30.74254263248923
149.8521751516912 30.74854747866238
149.85222151151925 30.754552324787912
149.8586887154831 30.73650011891457
149.85873546282798 30.742504960556126
149.85878222151666 30.748509802149226
149.8652949600256 30.736462119706825
