# # ids of objects in overdense bins for (101.2732153432831, -65.57350159163404)
# 
5.283554353909508096e+18
5.283556862171510784e+18
5.283555655281281024e+18
5.283556656012659712e+18
5.283556376835791872e+18
5.283559056895428608e+18
5.283556308116326400e+18
5.283555208604656640e+18
5.283555552202047488e+18
5.283539716661189632e+18
5.283560534364181504e+18
5.283553387538537472e+18
5.283555900098438144e+18
5.283557510707195904e+18
5.283564554453632000e+18
5.283555586561798144e+18
5.283553460557024256e+18
5.283557441987715072e+18
5.283552635922456576e+18
5.283556101957865472e+18
5.283555517844781056e+18
5.283557377566743552e+18
5.283554319549980672e+18
5.283555586565736448e+18
5.283564971068383232e+18
5.283552670282362880e+18
5.283564210860046336e+18
5.283563489301696512e+18
5.283562630308237312e+18
5.283557171408727040e+18
5.283563626740662272e+18
5.283563905917063168e+18
5.283564107777014784e+18
5.283556656011598848e+18
5.283564348295190528e+18
5.283563454941992960e+18
5.283564142136761344e+18
5.283552631624239104e+18
5.283552700343728128e+18
5.283556930889873408e+18
5.283725087447242752e+18
5.283720586321695744e+18
5.283724984370586624e+18
5.283724984370650112e+18
5.283725014431416320e+18
5.283723781777909760e+18
5.283724709490264064e+18
5.283724842632695808e+18
5.283720586324157440e+18
5.283742885791788032e+18
5.283765765081477120e+18
5.283748997528888320e+18
5.283769991329409024e+18
5.283790572812544000e+18
5.283790641532060672e+18
5.283750273135386624e+18
5.283769235415043072e+18
5.283813220175158272e+18
5.283769510292996096e+18
5.283789507660583936e+18
5.283790164794152960e+18
5.283765936880088064e+18
5.283759202371488768e+18
5.283765769376509952e+18
5.283745943808733184e+18
5.283752296063811584e+18
5.283761092156847104e+18
5.283769274073185280e+18
5.283757037707829248e+18
5.283757965420919808e+18
5.283746180030274560e+18
5.283813387678887936e+18
5.283762367765744640e+18
5.283749306766473216e+18
5.283769716451449856e+18
5.283736907199897600e+18
5.283767212485863424e+18
5.283789026624183296e+18
5.283769132335810560e+18
5.283750406278149120e+18
5.283762707064616960e+18
5.283760542400970752e+18
5.283753812191101952e+18
5.283760782919137280e+18
5.283754052706219008e+18
5.283753807892355072e+18
5.283742263020272640e+18
5.283748658228368384e+18
5.283751402710732800e+18
5.283757042004845568e+18
5.283742469178696704e+18
5.283767384284237824e+18
5.283741030365505536e+18
5.283741270883675136e+18
5.283747971032628224e+18
5.283813628200636416e+18
5.283747661797977088e+18
5.283744462043303936e+18
5.283748280270270464e+18
5.283744393323821056e+18
5.283769922609918976e+18
5.283765597581148160e+18
5.283764807304426496e+18
5.283746390487610368e+18
5.283769136634319872e+18
5.283749822162621440e+18
5.283755289659762688e+18
5.283761989806641152e+18
5.283747416980809728e+18
5.283744324604355584e+18
5.283756522311744512e+18
5.283744638139512832e+18
5.283758278953792512e+18
5.283761646211231744e+18
5.283751402710723584e+18
5.283741270886369280e+18
5.283743568690091008e+18
5.283769892546989056e+18
5.283760920358111232e+18
5.283751784964150272e+18
5.283765043526831104e+18
5.283758313313529856e+18
5.283749616004149248e+18
5.283744049726437376e+18
5.283765112246311936e+18
5.283744535061787648e+18
5.283744324604349440e+18
5.283744397622833152e+18
5.283744496403044352e+18
5.283765769376734208e+18
5.283755633257122816e+18
5.283752575237464064e+18
5.283763944015261696e+18
5.283790641532075008e+18
5.283753777828432896e+18
5.283738208571034624e+18
5.283762500906133504e+18
5.283750612436629504e+18
5.283762402125485056e+18
5.283758313315176448e+18
5.283750028321075200e+18
5.283761676276200448e+18
5.283746562284656640e+18
5.283737147717969920e+18
5.283769579012512768e+18
5.283748658228034560e+18
5.283758515176713216e+18
5.283743229389050880e+18
5.283750371918499840e+18
5.283746626706885632e+18
5.283743847864339456e+18
5.283757827981925376e+18
5.283753056276839424e+18
5.283749448504308736e+18
5.283769544652772352e+18
5.283751540149472256e+18
5.283766005599584256e+18
5.283746489267933184e+18
5.283748623867498496e+18
5.283741575825479680e+18
5.283748005395311616e+18
5.283761577489826816e+18
5.283813456398383104e+18
5.283762951881307136e+18
5.283760336242494464e+18
5.283737040339884032e+18
5.283748245912018944e+18
5.283753983986774016e+18
5.283747794937961472e+18
5.283761092156857344e+18
5.283790920708120576e+18
5.283741197868294144e+18
5.283755147922248704e+18
5.283741163508547584e+18
5.283790229215145984e+18
5.283744565126475776e+18
5.283748310334046208e+18
5.283765902520329216e+18
5.283746420548452352e+18
5.283768174558459904e+18
5.283763359899720704e+18
5.283765112246324224e+18
5.283752502222267392e+18
5.283741786279418880e+18
5.283752502222268416e+18
5.283738036772308992e+18
5.283750165760023552e+18
5.283741030365573120e+18
5.283736971620390912e+18
5.283742129878528000e+18
5.283747936673116160e+18
5.283744084086158336e+18
5.283757346945508352e+18
5.283756109994839040e+18
5.283749684723636224e+18
5.283744771280967680e+18
5.283757179442610176e+18
5.283755628958635008e+18
5.283756384875847680e+18
5.283741060429314048e+18
5.283790229215162368e+18
5.283755461455536128e+18
5.283756144354587648e+18
5.283769132335808512e+18
