# successful candidates for region at (96.69270772566892, -33.31493197048188) and radius 1.0
96.69172293791864 -33.34330653372867
96.72937086339284 -33.311954736463505
96.72936822728806 -33.30568545371815
96.74443360959278 -33.31821868736344
96.75199352320784 -33.36210031157996
96.75198925427782 -33.35583102994306
96.75198498643584 -33.3495617483058
96.75198071968161 -33.34329246666818
96.75197645401474 -33.33702318503016
96.75196792594183 -33.32448462175305
96.7519594022144 -33.31194605847446
96.75952737099921 -33.36209650671967
96.75952255958794 -33.35582722556779
96.75951774940299 -33.34955794441546
96.759512940444 -33.34328866326263
96.75950813271056 -33.33701938210935
96.7595033262023 -33.33075010095558
96.75949852091887 -33.32448081980135
96.75949371685984 -33.318211538646665
96.76708264731603 -33.3871693696661
96.76707728796119 -33.38090008905953
96.76706121809268 -33.3620922472363
96.76705586420043 -33.35582296662739
96.76705051167278 -33.3495536860179
96.7670451605093 -33.34328440540782
96.76703981070955 -33.33701512479716
96.76703446227313 -33.33074584418592
96.7670291151996 -33.3244765635741
96.77462456883336 -33.39343393315928
96.77459506440955 -33.36208753312995
96.77458916803663 -33.35581825312197
96.77458327316656 -33.34954897311326
96.77457737979888 -33.34327969310386
96.77457148793313 -33.33701041309374
96.77456559756884 -33.33074113308293
96.7821095982342 -33.343274526350875
96.78210316430275 -33.33700524699921
96.78964879351166 -33.34953818378329
96.78963483973985 -33.33699962651372
96.78962786552081 -33.33073034787746
96.78962089307899 -33.32446106924021
96.7971439714736 -33.31818571804759
96.80466596753101 -33.31190991424217
96.81980727517839 -33.368318976601394
96.8348862777835 -33.374572000092805
96.8875745489886 -33.349423738812675
96.89510728737339 -33.34941175382105
96.91025108239747 -33.38073271671262
96.91778652724685 -33.380719359700905
96.92533873270689 -33.386974803694294
96.92532196974325 -33.3807055478973
96.93285740980788 -33.38069128130218
96.94039284736196 -33.380676559915955
96.96315510780788 -33.430783635759056
