# successful candidates for region at (10.0147791038343, 81.15034016322217) and radius 1.0
8.711642629180718 80.51813003610239
8.71078660041297 80.52440706751113
8.708211695306579 80.54323814901174
8.707351113123037 80.54951517192262
8.749953833295185 80.5182697294105
8.74912295470268 80.5245468533646
8.746623700263095 80.54337821323823
8.788266139960442 80.51840525518031
8.787460413735602 80.52468246892137
8.78665361918117 80.53095968078601
8.785845754171445 80.53723689077049
8.78503681657508 80.54351409887097
8.784226804255065 80.54979130508383
8.777707757319416 80.60000888637585
8.827359054610156 80.51225931070584
8.8265795158306 80.51853661323288
8.825798944099624 80.52481391400225
8.825017337363207 80.53109121301061
8.824234693561872 80.53736851025431
8.823451010630677 80.54364580572992
8.822666286499198 80.54992309943387
8.821880519091504 80.55620039136268
8.865648343043413 80.51238641671029
8.864893927554135 80.51866380339509
8.86413851237698 80.52494118843377
8.863382095523994 80.53121857182306
8.86262467500195 80.53749595355968
8.86186624881233 80.54377333364037
8.86110681495131 80.55005071206173
8.860346371409735 80.5563280888206
8.85958491617311 80.56260546391351
8.855762393680509 80.59399231427302
8.854226231707079 80.60654704263858
8.903938631984643 80.5125093574124
8.903209341774067 80.51878682549916
8.90247908514442 80.5250642920478
8.901747860173844 80.531341757055
8.901015664935375 80.5376192205179
8.900282497496939 80.54389668243323
8.899548355921329 80.550174142798
8.898813238266184 80.55645160160917
8.898077142583983 80.56272905886354
8.897340066922016 80.56900651455804
8.89438192523991 80.594116321675
8.942229888137684 80.51262813265006
8.94152572512812 80.51890567938291
8.940820628973391 80.5251832246817
8.939407629800504 80.53773831096554
8.93869972305605 80.54401585194492
8.937990875713814 80.55029339147879
8.937281085898245 80.55657092956417
8.93657035172881 80.56284846619826
8.934432464216775 80.5816810673637
8.980522078201275 80.51274274226697
8.979843044248911 80.51902036488949
8.97916311043021 80.52529798617842
8.97780053603053 80.53785322474513
8.97711789185603 80.54413084201752
8.976434340628128 80.55040845794571
8.975749880538096 80.55668607252704
8.975064509772414 80.56296368575887
8.973691028935814 80.57551890816292
8.973002915213637 80.5817965173298
8.972313883513255 80.58807412513632
8.97093305882164 80.60062933665728
9.019468207110524 80.50657548912251
9.018815168869239 80.51285318611218
9.018161265764123 80.51913088186764
9.014878716958611 80.55051934204609
9.014219588412884 80.55679703034467
9.013559582874555 80.56307471739173
9.05773706572296 80.50668169676744
9.057109126830653 80.51295946404008
9.056480356296676 80.51923723017161
9.052690175744896 80.55690380286947
9.052055537190133 80.5631815609492
9.095403918770023 80.51306157591074
9.09480028246491 80.51933940966101
9.134277246667809 80.50688162201199
9.131961708272396 80.53199321451892
9.172548502488265 80.50697533934859
9.171442508159902 80.5195312616627
9.210292965236107 80.51334291386112
9.209764740901996 80.51962093392183
9.248087675710796 80.51970643686023
9.247583924782983 80.52598451277633
9.247079505737352 80.53226258795901
9.246574417244027 80.53854066240687
9.286889221796278 80.51350963988813
9.285932703092858 80.52606590018135
