# successful candidates for region at (42.09286987636164, 33.93271142260253) and radius 1.0
42.5329266378899 33.99102499823827
42.54046219258477 33.98471183940809
42.54049528580037 33.9909978482571
42.54806392883554 33.99097023530762
42.548097590207185 33.99725624059255
42.54813126021391 34.00354224585486
42.548198626143495 34.01611425631162
42.54823232207182 34.02240026150605
42.548333461743674 34.04125827695339
42.548400931458005 34.05383028713829
42.55563256691298 33.99094215939058
42.555666787949946 33.997228161073906
42.55570101776554 34.003514162733865
42.55573525636256 34.009800164370446
42.55576950374375 34.01608616598362
42.55590658116591 34.0412301722023
42.56316642816934 33.984627622460316
42.563235980650624 33.99719961852914
42.563270770273164 34.00348561652733
42.56330556882071 34.009771614501375
42.5633403762961 34.01605761245126
42.563375192702146 34.022343610376964
42.56358427884038 34.06005959742321
42.57062855701845 33.965740641200064
42.57066386114576 33.972026635601665
42.570699174327395 33.97831262997837
42.570734496566196 33.98459862433017
42.570769827865035 33.990884618657056
42.57080516822678 33.99717061295902
42.570840517654275 34.00345660723607
42.57087587615039 34.00974260148817
42.570911243718 34.016028595715326
42.570946620359955 34.02231458991753
42.57098200607914 34.02860058409477
42.57101740087842 34.03488657824704
42.571052804760654 34.04117257237433
42.57108821772872 34.047458566476635
42.5711236397855 34.05374456055394
42.57115907093386 34.06003055460623
42.57119451117667 34.066316548633516
42.571940862202275 34.198322417412676
42.57819494252529 33.9657111914963
42.57823080573823 33.97199718212132
42.57826667814885 33.978283172720644
42.57830255976007 33.984569163294275
42.5783384505748 33.990855153842205
42.57837435059593 33.99714114436441
42.57841025982639 34.00342713486089
42.578482105926895 34.01599911577666
42.57851804280276 34.022285106195916
42.57855398889959 34.02857109658941
42.57866188254503 34.04742906761526
42.578733857800266 34.06000104817021
42.57876985928413 34.06628703840896
42.58561572691862 33.940537331644485
42.58568850617128 33.95310930540801
42.58576132275287 33.96568127906566
42.58579774504938 33.971967265854765
42.585834176686966 33.978253252617364
42.58587061766857 33.984539239353474
42.58590706799714 33.99082522606306
42.585943527675646 33.99711121274612
42.585979996707024 34.00339719940265
42.586052962840235 34.01596917263608
42.58623554205558 34.04739910525469
42.58627208601645 34.053685091698625
42.58630863935684 34.05997107811596
42.586345202079706 34.06625706450666
42.59310600835661 33.92793500597281
42.59314293289074 33.93422098903036
42.5931798668914 33.94050697206064
42.59321681036155 33.94679295506365
42.59329072572229 33.959364920987845
42.593327697618875 33.965650903909
42.593364678996906 33.97193688680286
42.59340166985938 33.978222869669395
42.5934386702093 33.984508852508604
42.59347568004967 33.99079483532048
42.59351269938347 33.99708081810501
42.5935497282137 34.00336680086219
42.59358676654337 34.009652783592
42.593809196177666 34.04736867939575
42.59384630108749 34.05365466193376
42.5938834155208 34.05994064444434
42.5939205394806 34.06622662692746
42.600631553162856 33.92161821266501
42.600669026310534 33.92790419180104
42.6007065090648 33.93419017090898
42.60074400142868 33.94047614998884
42.6007815034052 33.9467621290406
42.60085653620834 33.95933408705979
42.600894067041004 33.965620066027185
42.60093160749847 33.97190604496645
42.60096915758375 33.97819202387756
42.60100671729989 33.984478002760525
42.60104428664995 33.990763981615316
42.60108186563694 33.99704996044194
42.60111945426394 34.003335939240365
42.601157052533964 34.009621918010595
42.6013828448286 34.04733779003933
42.601420510685266 34.05362376861191
42.601458186209385 34.05990974715622
42.601495871404 34.06619572567225
42.60807997232771 33.90272901457525
42.60811797431983 33.90901498978998
42.60815598605238 33.9153009649758
42.608194007528425 33.92158694013273
42.60823203875105 33.92787291526073
42.60827007972331 33.93415889035982
42.6083081304483 33.940444865429974
42.60834619092908 33.94673084047119
42.60838426116874 33.95301681548345
42.608422341170346 33.95930279046675
42.60846043093699 33.965588765421074
42.60849853047174 33.97187474034642
42.6085366397777 33.97816071524277
42.60857475885794 33.98444669011012
42.60861288771556 33.99073266494846
42.60865102635362 33.99701863975777
42.60868917477524 34.00330461453805
42.60880367877228 34.0221625387046
42.60903295133982 34.059878386252485
42.609071197767115 34.06616436074189
42.60910945401204 34.07245033520214
42.60914772007769 34.07873630963326
42.61552512810036 33.8838393783028
42.61560219798365 33.89641132075146
42.61564074773943 33.90269729193122
42.61567930737544 33.90898326308124
42.6157178768948 33.9152692342015
42.615756456300616 33.921555205292016
42.61579504559604 33.927841176352764
42.61583364478415 33.934127147383734
42.61587225386808 33.94041311838491
42.61591087285097 33.9466990893563
42.61594950173592 33.95298506029787
42.615988140526056 33.95927103120964
42.61602678922451 33.965557002091565
42.616065447834416 33.97184297294365
42.61610411635889 33.97812894376589
42.61614279480107 33.984414914558265
42.616220181451055 33.99698685605341
42.61637507390135 34.02213073868491
42.61641382185521 34.02841670926799
42.61645257975187 34.03470267982112
42.616568913130045 34.05356059130075
42.616607710829335 34.05984656173401
42.616646518487144 34.066132532137274
42.61668533610663 34.07241850251053
42.61672416369094 34.07870447285377
42.6230451485709 33.877521238746986
42.62308422577511 33.883807205895444
42.623123312992966 33.89009317301332
42.62316241022762 33.89637914010062
42.62320151748223 33.902665107157326
42.62324063475995 33.90895107418344
42.623279762063945 33.91523704117893
42.623318899397376 33.9215230081438
42.6233580467634 33.92780897507804
42.62339720416518 33.93409494198162
42.62343637160589 33.94038090885457
42.62347554908868 33.94666687569683
42.623514736616734 33.952952842508424
42.62355393419322 33.95923880928933
42.6235931418213 33.965524776039544
42.62363235950416 33.97181074275904
42.62367158724496 33.978096709447826
42.62371082504688 33.984382676105874
42.6237500729131 33.99066864273319
42.62390716508453 34.015812508934815
42.62394646331994 34.022098475408264
42.623985771638736 34.02838444185091
42.624025090044114 34.03467040826275
42.62406441853925 34.04095637464375
42.624143105811584 34.05352830731324
42.624182464595165 34.0598142736017
42.62422183348128 34.0661002398593
42.62426121247312 34.07238620608602
42.6243006015739 34.07867217228185
42.63064331770561 33.88377457153669
42.630682962134486 33.890060534474095
42.63072261672293 33.89634649738004
42.63076228147416 33.902632460254495
42.63080195639139 33.9089184230975
42.6308416414778 33.915204385908986
42.630881336736614 33.921490348688984
42.63092104217104 33.92777631143746
42.63096075778427 33.934062274154414
42.63100048357953 33.94034823683983
42.63104021956002 33.9466341994937
42.631079965728965 33.95292016211601
42.63111972208957 33.95920612470675
42.63115948864506 33.96549208726593
42.63119926539865 33.97177804979351
42.63123905235356 33.97806401228948
42.63127884951299 33.98434997475385
42.6313186568802 33.99063593718659
42.631358474458374 33.9969218995877
42.6314381402606 34.009493824294964
42.631477988491085 34.0157797866011
42.63151784694547 34.02206574887557
42.631557715626975 34.02835171111833
42.63159759453884 34.03463767332941
42.631637483684294 34.040923635508776
42.63167738306657 34.04720959765642
42.63171729268891 34.05349555977232
42.63175721255455 34.059781521856486
42.6318370830287 34.072353445929544
42.63816221247148 33.87745551649742
42.638202403809984 33.883741475227495
42.63824260544762 33.89002743392524
42.63828281738763 33.896313392590635
42.63832303963325 33.90259935122366
42.638363272187725 33.90888530982432
42.63840351505432 33.9151712683926
42.63844376823627 33.92145722692848
42.638484031736844 33.92774318543196
42.63852430555928 33.93402914390302
42.638564589706846 33.940315102341636
42.63860488418279 33.94660106074784
42.638645188990374 33.952887019121576
42.63868550413286 33.95917297746285
42.63872582961349 33.96545893577166
42.63876616543556 33.97174489404797
42.63880651160231 33.9780308522918
42.63884686811702 33.98431681050312
42.63888723498295 33.99060276868192
42.63892761220337 33.99688872682818
42.63896799978155 34.00317468494192
42.63912965373733 34.028318517071206
42.63917009315341 34.03460447502206
42.63921054294691 34.04089043294031
42.63925100312111 34.04717639082594
42.639291473679286 34.053462348678934
42.639331954624716 34.059748306499294
42.6393724459607 34.06603426428699
42.639412947690516 34.07232022204203
42.645679997640386 33.87113600807122
42.64572073560408 33.87742196253661
42.64576148400636 33.88370791696877
42.645802242850486 33.889993871367686
42.64584301213978 33.896279825733345
42.64588379187751 33.90256578006574
42.64592458206697 33.908851734364866
42.64596538271146 33.9151376886307
42.64600619381428 33.92142364286323
42.64604701537873 33.92770959706246
42.6460878474081 33.933995551228364
42.64612868990568 33.94028150536094
42.646169542874794 33.94656745946017
42.64621040631874 33.952853413526036
42.64625128024081 33.95913936755853
42.64629216464432 33.96542532155765
42.64633305953258 33.97171127552338
42.6463739649089 33.97799722945571
42.64641488077659 33.984283183354634
42.646455807138956 33.99056913722011
42.64649674399932 33.99685509105216
42.646537691361 34.00314104485076
42.646578649227294 34.0094269986159
42.64666059648707 34.02199890604576
42.64670158588717 34.02828485971044
42.64674258580519 34.034570813341624
42.64678359624444 34.04085676693929
42.64682461720826 34.04714272050342
42.64686564869997 34.05342867403401
42.6469066907229 34.05971462753105
42.64694774328039 34.06600058099452
42.65323795786663 33.87110199657716
42.6532792527491 33.877387946686376
42.65332055821283 33.88367389676146
42.653361874261165 33.88995984680238
42.65340320089743 33.89624579680912
42.653444538124965 33.9025317467817
42.653485885947106 33.90881769672007
42.6535272443672 33.91510364662425
42.65356861338857 33.9213895964942
42.653609993014584 33.92767554632994
42.653651383248565 33.933961496131424
42.65369278409387 33.94024744589866
42.65373419555384 33.94653339563164
42.65377561763183 33.95281934533035
42.65381705033118 33.959105294994764
42.65385849365525 33.965391244624875
42.65389994760739 33.97167719422069
42.65394141219095 33.97796314378217
42.653982887409306 33.984249093309316
42.6540243732658 33.99053504280213
42.654065869763784 33.99682099226057
42.65410737690663 34.00310694168464
42.654148894697705 34.00939289107434
42.65419042314036 34.01567884042964
42.65423196223798 34.02196478975054
42.654273511993914 34.02825073903701
42.65431507241153 34.03453668828907
42.65435664349421 34.04082263750668
42.65439822524532 34.04710858668983
42.65443981766824 34.05339453583852
42.65456465900158 34.07225238307768
42.65531572972734 34.18539945997837
42.66083776382469 33.87735346894769
42.660879626347544 33.88363941460652
42.66092149959774 33.88992536023027
42.660963383578654 33.89621130581893
42.66100527829366 33.90249725137247
42.661047183746135 33.908783196890894
42.66108909993949 33.915069142374186
42.66113102687709 33.92135508782233
42.66117296456232 33.927641033235325
42.661214912998574 33.933926978613144
42.661256872189256 33.940212923955784
42.66129884213774 33.94649886926324
42.66134082284742 33.95278481453547
42.661382814321705 33.9590707597725
42.661424816563986 33.96535670497429
42.66146682957766 33.97164265014084
42.66150885336612 33.97792859527214
42.66155088793278 33.98421454036817
42.66159293328105 33.990500485428925
42.66163498941431 33.99678643045438
42.661677056335975 34.00307237544454
42.66171913404947 34.00935832039938
42.661761222558184 34.0156442653189
42.661803321865534 34.02193021020306
42.66184543197494 34.028216155051894
42.66188755288981 34.03450209986535
42.66277459422768 34.1665069327571
42.66281695372975 34.17279287678944
42.66285932411626 34.179078820786124
42.66290170539065 34.18536476474716
42.668396268749 33.87731852932151
42.66843868832862 33.88360447050495
42.66848111877832 33.88989041165236
42.6685235601015 33.89617635276373
42.6685660123016 33.90246229383906
42.66860847538206 33.90874823487833
42.66865094934629 33.91503417588151
42.66869343419774 33.92132011684862
42.66873592993983 33.92760605777963
42.66877843657599 33.93389199867451
42.66882095410966 33.94017793953329
42.66886348254428 33.946463880355914
42.668906021883295 33.9527498211424
42.66894857213014 33.95903576189272
42.668991133288245 33.96532170260687
42.66903370536107 33.97160764328483
42.66907628835206 33.97789358392661
42.66911888226465 33.98417952453215
42.66916148710229 33.99046546510148
42.66920410286845 33.996751405634576
42.66924672956655 34.003037346131414
42.66928936720007 34.009323286592
42.66933201577246 34.0156092270163
42.669374675287166 34.02189516740433
42.6695881371166 34.0533248687997
42.67001588344157 34.1161842688617
42.67005871850479 34.12247020866742
42.67010156456935 34.12875614843664
42.67014442163871 34.135042088169364
42.67018728971637 34.141328027865534
42.67027305891054 34.15389990714827
42.67031596003404 34.160185846734805
42.67035887217978 34.16647178628475
42.67040179535129 34.17275772579811
42.67044472955206 34.17904366527488
42.67048767478557 34.185329604715015
42.67053063105533 34.191615544118534
42.67591180181553 33.870997191122996
42.67595476744018 33.87728312780884
42.675997744074174 33.88356906445772
42.67604073172097 33.88985500106962
42.676083730384036 33.896140937644525
42.67612674006684 33.90242687418244
42.67616976077287 33.908712810683326
42.676212792505595 33.9149987471472
42.676255835268485 33.92128468357402
42.67629888906502 33.9275706199638
42.67634195389868 33.933856556316506
42.676385029772945 33.94014249263214
42.676428116691305 33.94642842891068
42.676471214657234 33.95271436515211
42.67651432367422 33.959000301356426
42.67655744374575 33.965286237523614
42.676600574875316 33.971572173653655
42.67664371706641 33.97785810974654
42.67668687032251 33.98414404580226
42.676730034647136 33.9904299818208
42.67677321004376 33.996715917802135
42.676816396515896 34.00300185374628
42.676859594067025 34.009287789653186
42.67690280270066 34.01557372552287
42.676946022420296 34.02185966135531
42.677119012228985 34.047003404312335
42.6776390484948 34.122434629598295
42.67768245721384 34.12872056479557
42.67772587708221 34.135006499955374
42.677812750281014 34.147578370162485
42.677856203618525 34.153864305209765
42.67803012863851 34.179008045023465
42.6834697372825 33.87096133231756
42.68351325981641 33.87724726441066
42.68355679350233 33.88353319646582
42.6836003383438 33.88981912848304
42.68364389434432 33.89610506046231
42.6836874615074 33.9023909924036
42.68373103983657 33.90867692430693
42.683774629335346 33.91496285617226
42.68381823000724 33.92124878799958
42.683861841855794 33.92753471978887
42.683905464884525 33.933820651540145
42.68394909909694 33.94010658325336
42.68399274449659 33.946392514928526
42.684036401087 33.95267844656561
42.684080068871694 33.95896437816461
42.6841237478542 33.96525030972552
42.68416743803807 33.97153624124831
42.68421113942682 33.97782217273297
42.684254852024004 33.9841081041795
42.684298575833154 33.990394035587876
42.68434231085781 33.996679966958084
42.68438605710151 34.00296589829012
42.68442981456781 34.00925182958395
42.684473583260235 34.01553776083959
42.68451736318236 34.021823692057026
42.684692595238694 34.04696741654425
42.68521937207435 34.12239858632729
42.68526334344543 34.128684516892974
42.685307326110326 34.13497044742021
42.68535132007262 34.14125637790896
42.68539532533588 34.14754230835924
42.68543934190371 34.15382823877103
42.68548336977967 34.16011416914429
42.68592427127648 34.22297347075601
42.69115993856491 33.88978279389365
42.691204051900414 33.8960687212181
42.69124817654131 33.90235464850359
42.69129231249115 33.90864057575013
42.691336459753515 33.9149265029577
42.69138061833196 33.921212430126275
42.69142478823006 33.92749835725586
42.69146896945138 33.93378428434642
42.691513161999495 33.940070211397966
42.69155736587797 33.94635613841047
42.691601581090374 33.95264206538392
42.691645807640306 33.9589279923183
42.69169004553132 33.9652139192136
42.69173429476701 33.971499846069804
42.69177855535096 33.977785772886904
42.69182282728673 33.984071699664895
42.69186711057793 33.99035762640373
42.69191140522814 33.996643553103425
42.69195571124094 34.002929479763964
42.692000028619915 34.00921540638533
42.692044357368665 34.015501332967496
42.69208869749078 34.02178725951047
42.69213304898986 34.028073186014225
42.692177411869494 34.034359112478754
42.69222178613328 34.04064503890403
42.692266171784816 34.04693096529006
42.69231056882771 34.05321689163681
42.692354977265566 34.05950281794429
42.69239939710197 34.06578874421247
42.692443828340544 34.07207467044133
42.692488270984896 34.07836059663087
42.69253272503863 34.084646522781064
42.692621667388686 34.09721837496341
42.69284422318099 34.128648004729875
42.69288876863992 34.13493393056488
42.69293332554078 34.14121985636042
42.69297789388722 34.14750578211648
42.69302247368284 34.15379170783308
42.69306706493129 34.160077633510156
42.693111667636195 34.16636355914772
42.693468902144055 34.21665096282401
42.69351360812072 34.22293688810532
42.698630225296576 33.87717415196186
42.69867487307897 33.88346007465212
42.69871953230237 33.889745997302484
42.698764202970374 33.89603191991291
42.698808885086585 33.90231784248341
42.69885357865462 33.90860376501396
42.698898283678076 33.91488968750455
42.69894300016057 33.92117560995515
42.69898772810572 33.927461532365776
42.699032467517135 33.933747454736384
42.699077218398436 33.94003337706698
42.699121980753226 33.94631929935755
42.69916675458515 33.95260522160805
42.6992115398978 33.95889114381852
42.69925633669482 33.96517706598889
42.699301144979835 33.971462988119185
42.69934596475646 33.97774891020938
42.699390796028325 33.98403483225946
42.699435638799066 33.99032075426941
42.6994804930723 33.99660667623921
42.69952535885169 34.002892598168856
42.699570236140836 34.009178520058335
42.69961512494339 34.01546444190762
42.69966002526299 34.021750363716706
42.69970493710328 34.02803628548558
42.69974986046789 34.03432220721424
42.699794795360475 34.04060812890265
42.699839741784665 34.046894050550804
42.69988469974412 34.05317997215869
42.69992966924248 34.0594658937263
42.6999746502834 34.065751815253606
42.70001964287053 34.072037736740604
42.700064647007515 34.07832365818728
42.700109662698026 34.08460957959361
42.70019972875422 34.09718142228521
42.700244779127225 34.10346734357045
42.70037999966981 34.122325107183734
42.7005604558518 34.14746879143527
42.70060559887269 34.15375471239696
42.70065075349109 34.16004063331813
42.701012408390085 34.21032799922767
42.7010576675517 34.216613919783654
42.701102938347674 34.222899840299
42.701148220781675 34.22918576077368
42.706188698236836 33.87713690291331
42.706233903063705 33.88342282083237
42.7062791194743 33.889708738710546
42.70632434747228 33.8959946565478
42.70636958706128 33.902280574344104
42.706414838244974 33.90856649209945
42.70646010102699 33.91485240981385
42.70650537541101 33.92113832748725
42.70655066140068 33.92742424511967
42.70659595899966 33.93371016271107
42.70664126821161 33.939996080261444
42.706686589040196 33.94628199777079
42.70673192148908 33.95256791523909
42.70677726556194 33.95885383266629
42.706822621262425 33.96513975005245
42.70686798859422 33.9714256673975
42.706913367560986 33.97771158470143
42.7069587581664 33.983997501964254
42.70700416041414 33.99028341918593
42.707049574307874 33.99656933636646
42.70709499985129 34.00285525350582
42.70714043704807 34.009141170604
42.707185885901886 34.01542708766099
42.70723134641642 34.02171300467676
42.70727681859537 34.02799892165134
42.70732230244241 34.034284838584654
42.70736779796123 34.04057075547673
42.70741330515553 34.04685667232752
42.70745882402899 34.05314258913705
42.70750435458532 34.05942850590528
42.70754989682819 34.065714422632205
42.70759545076132 34.07200033931781
42.70764101638839 34.07828625596207
42.70768659371312 34.084572172565
42.707777783470334 34.0971440056467
42.707823395910225 34.103429922125464
42.70786902006259 34.10971583856283
42.707960303519556 34.12228767131327
42.70800596283159 34.12857358762633
42.70809731664131 34.14114542012802
42.708188717390016 34.15371725246373
42.7082344353758 34.160003168569304
42.70860060242786 34.21029049591734
42.708646426261055 34.21657641164855
42.708692261873736 34.2228623273381
42.70873810926966 34.229148242985964
42.71379292640355 33.88338510507211
42.71383869999879 33.889671018118925
42.71388448532418 33.8959569311238
42.71393028238342 33.90224284408672
42.71397609118021 33.90852875700768
42.714021911718234 33.91481466988665
42.71406774400122 33.92110058272363
42.714113588032845 33.92738649551859
42.71415944381683 33.933672408271526
42.71420531135687 33.93995832098243
42.71425119065668 33.94624423365126
42.71429708171998 33.952530146278036
42.714342984550456 33.958816058862716
42.71438889915184 33.9651019714053
42.714434825527846 33.97138788390578
42.71448076368218 33.97767379636412
42.714526713618575 33.98395970878033
42.71457267534075 33.99024562115438
42.7146186488524 33.99653153348624
42.71466463415728 34.00281744577594
42.71471063125911 34.00910335802341
42.7147566401616 34.0153892702287
42.7148026608685 34.02167518239173
42.71484869338353 34.02796109451252
42.71489473771042 34.03424700659107
42.714940793852904 34.04053291862732
42.71498686181472 34.0468188306213
42.71503294159961 34.05310474257296
42.7150790332113 34.05939065448232
42.71512513665355 34.065676566349346
42.71517125193009 34.07196247817401
42.71521737904466 34.07824838995633
42.71526351800101 34.08453430169626
42.71535583145406 34.09710612504893
42.71540200595825 34.10339203666165
42.71544819231923 34.109677948231926
42.71549439054074 34.11596385975975
42.71554060062655 34.12224977124512
42.715586822580406 34.128535682688
42.71563305640608 34.1348215940884
42.71567930210732 34.14110750544627
42.7157255596879 34.14739341676164
42.715771829151585 34.15367932803444
42.71628157861534 34.22282434922368
42.71632799097055 34.229110259984886
42.72139827379393 33.88963283552867
42.721444616444145 33.89591874364199
42.72149097097104 33.90220465171234
42.72153733737834 33.9084905597397
42.72158371566979 33.91477646772402
42.72163010584913 33.921062375665336
42.72167650792012 33.92734828356362
42.72172292188652 33.93363419141882
42.72176934775206 33.93992009923097
42.7218157855205 33.94620600700002
42.7218622351956 33.95249191472599
42.72190869678111 33.958777822408834
42.72195517028079 33.96506373004855
42.722001655698406 33.97134963764511
42.72204815303771 33.977635545198524
42.72209466230248 33.983921452708756
42.722141183496475 33.990207360175795
42.72218771662345 33.99649326759964
42.72223426168719 34.00277917498025
42.72228081869146 34.00906508231764
42.72232738764002 34.01535098961177
42.722373968536665 34.021636896862645
42.722420561385164 34.027922804070236
42.72246716618929 34.034208711234534
42.722513782952824 34.040494618355524
42.722560411679545 34.046780525433185
42.72260705237324 34.05306643246751
42.72265370503769 34.05935233945847
42.722700369676694 34.06563824640607
42.722747046294025 34.071924153310285
42.722793734893465 34.07821006017109
42.72284043547883 34.08449596698849
42.72288714805389 34.09078187376246
42.72293387262246 34.09706778049299
42.72298060918832 34.103353687180054
42.723027357755285 34.10963959382364
42.72307411832714 34.11592550042375
42.723120890907694 34.12221140698034
42.72316767550075 34.128497313493405
42.7232612807396 34.141069126388935
42.723308101393 34.147355032771365
42.72391786580072 34.22907181177153
42.72895784077782 33.88959419094087
42.72900474075025 33.89588009410345
42.729051652742164 33.90216599722203
42.72909857675735 33.90845190029657
42.7291455127996 33.91473780332704
42.72919246087269 33.92102370631347
42.72923942098043 33.92730960925581
42.72928639312661 33.93359551215404
42.729333377315015 33.93988141500817
42.72938037354945 33.94616731781817
42.72942738183373 33.952453220584026
42.72947440217165 33.958739123305726
42.72952143456699 33.965025025983245
42.729568479023584 33.971310928616575
42.72961553554523 33.977596831205716
42.72966260413574 33.98388273375062
42.72970968479891 33.9901686362513
42.72975677753857 33.99645453870772
42.72980388235853 34.002740441119876
42.729850999262595 34.00902634348776
42.7298981282546 34.01531224581134
42.72994526933835 34.02159814809061
42.729992422517675 34.02788405032555
42.73003958779639 34.03416995251615
42.73008676517833 34.0404558546624
42.73013395466731 34.04674175676426
42.730181156267165 34.05302765882175
42.730228369981724 34.05931356083482
42.730275595814824 34.06559946280348
42.73032283377029 34.071885364727706
42.73037008385196 34.07817126660749
42.73041734606367 34.0844571684428
42.730464620409265 34.09074307023363
42.73051190689258 34.09702897197995
42.73055920551745 34.10331487368178
42.730653839207285 34.11588667695183
42.73074852150952 34.12845848004365
42.73079588089992 34.13474438152267
42.73637510192803 33.87069738962824
42.73642252275612 33.87698328791606
42.73646995573502 33.88326918615884
42.73651740086855 33.88955508435659
42.73656485816055 33.89584098250928
42.73661232761484 33.90212688061688
42.73665980923526 33.908412778679406
42.73670730302565 33.91469867669682
42.736754808989836 33.92098457466913
42.736802327131656 33.927270472596284
42.73684985745496 33.93355637047829
42.73689739996358 33.93984226831513
42.73694495466137 33.94612816610679
42.73699252155216 33.952414063853254
42.73704010063981 33.958699961554494
42.73708769192817 33.964985859210515
42.737135295421076 33.97127175682128
42.73718291112239 33.97755765438679
42.73723053903597 33.98384355190702
42.73727817916566 33.99012944938196
42.737325831515335 33.99641534681159
42.73737349608884 34.00270124419589
42.737421172890045 34.00898714153486
42.7374688619228 34.01527303882848
42.73751656319098 34.021558936076715
42.73756427669846 34.02784483327957
42.73761200244909 34.03413073043702
42.73765974044675 34.04041662754905
42.737707490695314 34.046702524615654
42.73775525319865 34.05298842163681
42.73780302796064 34.05927431861249
42.73785081498515 34.065560215542696
42.73789861427608 34.07184611242741
42.737946425837286 34.078132009266604
42.73799424967267 34.08441790606027
42.7380420857861 34.090703802808385
42.738089934181474 34.09698969951095
42.73813779486267 34.10327559616793
42.7381856678336 34.10956149277934
42.73832936052361 34.12841918233982
42.7439329839495 33.87065783624949
42.743980961666296 33.876943729471414
42.74402895167658 33.88322962264725
42.744076953984234 33.889515515776964
42.74412496859311 33.89580140886056
42.7441729955071 33.90208730189802
42.744221034730074 33.90837319488932
42.744269086265916 33.91465908783446
42.744317150118505 33.920944980733395
42.74436522629173 33.92723087358614
42.74441331478947 33.933516766392664
42.74446141561562 33.939802659152946
42.74450952877405 33.946088551866985
42.74455765426867 33.95237444453476
42.74460579210337 33.95866033715625
42.74465394228203 33.96494622973144
42.74470210480855 33.971232122260325
42.74475027968685 33.977518014742856
42.7447984669208 33.98380390717906
42.74484666651432 33.9900897995689
42.7448948784713 33.996375691912355
42.74494310279565 34.00266158420942
42.74499133949128 34.00894747646007
42.74503958856209 34.0152333686643
42.745087850012006 34.02151926082208
42.74513612384492 34.02780515293341
42.745184410064766 34.034091044998256
42.74523270867544 34.04037693701662
42.74528101968087 34.04666282898847
42.74532934308498 34.0529487209138
42.745377678891685 34.05923461279258
42.745426027104905 34.06552050462481
42.745474387728564 34.07180639641047
42.74552276076659 34.07809228814955
42.745571146222915 34.08437817984201
42.74561954410148 34.09066407148786
42.74566795440619 34.09694996308707
42.745716377140994 34.103235854639635
42.74576481230983 34.109521746145525
42.751442336751595 33.86433193290995
42.751490858922146 33.87061782105398
42.75153939352494 33.87690370915086
42.751587940563915 33.88318959720056
42.751636500042956 33.88947548520309
42.75168507196601 33.89576137315842
42.751733656336974 33.90204726106653
42.75178225315978 33.90833314892741
42.75183086243837 33.91461903674104
42.751879484176655 33.920904924507404
42.75192811837856 33.92719081222649
42.75197676504801 33.93347669989827
42.75202542418896 33.93976258752275
42.75207409580533 33.94604847509988
42.75212277990104 33.95233436262968
42.75217147648006 33.95862025011212
42.75222018554631 33.96490613754716
42.75226890710372 33.971192024934815
42.75231764115627 33.97747791227507
42.75236638770786 33.983763799567875
42.75241514676246 33.990049686813244
42.75246391832402 33.99633557401115
42.75251270239649 34.00262146116158
42.75256149898381 34.00890734826452
42.75261030808994 34.015193235319934
42.75265912971884 34.02147912232783
42.752707963874464 34.02776500928819
42.75275681056078 34.03405089620098
42.75280566978173 34.0403367830662
42.75285454154129 34.04662266988381
42.75290342584342 34.052908556653826
42.752952322692096 34.05919444337622
42.75300123209127 34.06548033005096
42.75305015404492 34.07176621667804
42.75309908855703 34.07805210325746
42.753148035631554 34.08433798978918
42.75319699527248 34.09062387627318
42.75324596748378 34.09690976270947
42.75329495226944 34.103195649098005
42.75895058151273 33.85800557807272
42.75899964785299 33.86429146108187
42.75904872676417 33.870577344042815
42.759097818250225 33.87686322695551
42.759146922315125 33.88314910981995
42.759196038962834 33.88943499263612
42.7592451681973 33.89572087540399
42.759294310022504 33.90200675812357
42.75934346444241 33.908292640794826
42.75939263146098 33.91457852341773
42.759441811082205 33.92086440599229
42.75949100331004 33.92715028851847
42.759540208148465 33.933436170996266
42.759589425601455 33.939722053425655
42.759638655672994 33.94600793580662
42.75968789836707 33.95229381813914
42.759737153687645 33.958579700423215
42.759786421638715 33.96486558265881
42.75983570222427 33.97115146484591
42.75988499544829 33.977437346984516
42.75993430131477 33.98372322907459
42.7599836198277 33.99000911111612
42.76003295099107 33.996294993109096
42.76008229480888 34.00258087505351
42.760131651285135 34.00886675694932
42.76018102042382 34.01515263879653
42.76023040222894 34.02143852059511
42.7602797967045 34.02772440234505
42.7603292038545 34.03401028404633
42.76037862368296 34.04029616569894
42.760428056193874 34.04658204730286
42.760477501391264 34.05286792885807
42.760526959279126 34.05915381036454
42.76057642986148 34.065439691822284
42.760625913142356 34.07172557323126
42.76067540912575 34.07801145459147
42.76072491781569 34.08429733590289
42.760774439216206 34.09058321716549
42.76082397333131 34.09686909837925
42.760873520165035 34.10315497954419
42.7609230797214 34.10944086066027
42.766457718583155 33.851678771913036
42.76650732880918 33.85796464973038
42.76655695174471 33.86425052749842
42.76660658739375 33.87053640521714
42.7666562357603 33.876822282886515
42.766705896848364 33.88310816050653
42.76675557066195 33.88939403807717
42.76680525720507 33.89567991559843
42.76685495648173 33.90196579307028
42.766904668495954 33.908251670492696
42.766954393251744 33.91453754786568
42.767004130753115 33.9208234251892
42.767053881004095 33.92710930246323
42.76710364400871 33.933395179687786
42.76715341977096 33.939681056862824
42.76720320829489 33.94596693398834
42.76725300958452 33.952252811064305
42.767302823643874 33.958538688090705
42.76735265047698 33.964824565067524
42.767402490087875 33.97111044199475
42.76745234248059 33.977396318872366
42.76750220765916 33.98368219570036
42.76755208562762 33.989968072478696
42.76760197639001 33.996253949207365
42.76765187995038 34.00253982588635
42.76770179631275 34.00882570251564
42.76775172548119 34.01511157909521
42.767801667459736 34.02139745562506
42.76785162225243 34.02768333210514
42.76790158986332 34.033969208535474
42.767951570296475 34.040255084916005
42.76800156355594 34.04654096124672
42.76805156964577 34.05282683752765
42.76810158857002 34.05911271375873
42.768151620332745 34.065398589939946
42.76820166493802 34.07168446607129
42.7682517223899 34.07797034215275
42.76830179269245 34.084256218184294
42.76835187584973 34.090542094165926
42.76840197186583 34.09682797009762
42.768452080744794 34.10311384597936
42.77396374831308 33.8453515146061
42.77401390214104 33.85163738717472
42.774064068817005 33.857923259692946
42.77411424834501 33.86420913216075
42.7741644407291 33.87049500457811
42.77421464597334 33.876780876945034
42.77426486408176 33.883066749261474
42.77431509505842 33.88935262152743
42.77436533890738 33.89563849374287
42.77441559563269 33.9019243659078
42.77446586523841 33.90821023802219
42.774516147728605 33.91449611008602
42.774566443107325 33.92078198209928
42.774616751378645 33.92706785406194
42.77466707254662 33.933353725973994
42.77471740661533 33.93963959783542
42.774767753588826 33.94592546964619
42.7748181134712 33.952211341406304
42.7748684862665 33.95849721311575
42.77491887197882 33.96478308477449
42.77496927061224 33.971068956382496
42.77501968217082 33.9773548279398
42.77507010665865 33.98364069944633
42.77512054407982 33.98992657090211
42.775170994438405 33.99621244230709
42.77522145773849 34.002498313661285
42.77527193398417 34.00878418496465
42.77532242317953 34.015070056217176
42.77537292532866 34.02135592741884
42.77542344043565 34.02764179856963
42.77547396850461 34.03392766966955
42.77552450953962 34.04021354071854
42.77557506354479 34.04649941171661
42.77562563052423 34.052785282663734
42.775676210482025 34.059071153559906
42.77572680342228 34.06535702440509
42.77577740934912 34.071642895199275
42.77582802826663 34.07792876594245
42.77587866017894 34.08421463663459
42.77592930509015 34.09050050727569
42.78141798688881 33.83273793901252
42.78146867105266 33.839023806327035
42.78151936819882 33.84530967359006
42.78157007833139 33.851595540801576
42.78162080145445 33.857881407961564
42.781671537572095 33.864167275070024
42.781722286688414 33.87045314212691
42.781773048807494 33.87673900913223
42.781823823933436 33.88302487608593
42.78187461207034 33.889310742988044
42.781925413222304 33.895596609838506
42.78197622739343 33.901882476637326
42.78202705458781 33.90816834338448
42.78207789480956 33.914454210079946
42.78212874806279 33.9207400767237
42.78217961435159 33.92702594331575
42.78223049368009 33.93331180985604
42.78228138605239 33.9395976763446
42.78233229147261 33.94588354278137
42.782383209944875 33.952169409166345
42.78243414147329 33.95845527549951
42.78248508606197 33.96474114178084
42.78253604371505 33.97102700801034
42.78258701443665 33.977312874187966
42.782637998230896 33.98359874031372
42.78268899510191 33.98988460638756
42.782740005053824 33.99617047240948
42.78279102809077 34.002456338379474
42.78284206421688 34.00874220429751
42.7828931134363 34.015028070163574
42.78294417575315 34.02131393597765
42.78299525117158 34.027599801739704
42.78304633969573 34.03388566744975
42.78309744132974 34.04017153310774
42.78314855607775 34.04645739871368
42.78319968394391 34.052743264267534
42.78325082493238 34.059029129769286
42.7833019790473 34.06531499521892
42.78335314629282 34.07160086061642
42.78340432667309 34.07788672596177
42.78345552019229 34.084172591254955
42.78350672685455 34.09045845649594
42.78355794666405 34.096744321684724
42.788972487151966 33.832695647250894
42.789023727332705 33.83898150915148
42.789074980638176 33.84526737099946
42.78912624707249 33.85155323279478
42.78917752663979 33.85783909453745
42.7892288193442 33.86412495622743
42.789280125189876 33.87041081786471
42.78933144418094 33.87669667944928
42.789382776321546 33.88298254098112
42.78943412161581 33.889268402460196
42.78948548006792 33.8955542638865
42.78953685168197 33.90184012526003
42.789588236462144 33.90812598658074
42.78963963441259 33.914411847848626
42.78969104553744 33.92069770906367
42.78974246984085 33.92698357022586
42.789793907326995 33.933269431335155
42.789845358000015 33.93955529239155
42.78989682186409 33.945841153395044
42.78994829892335 33.952127014345585
42.78999978918199 33.958412875243184
42.79005129264415 33.96469873608782
42.79010280931401 33.97098459687945
42.79015433919573 33.97727045761807
42.7902058822935 33.98355631830367
42.79025743861147 33.98984217893622
42.79030900815383 33.99612803951571
42.79036059092474 34.002413900042114
42.7904121869284 34.00869976051543
42.79046379616898 34.014985620935605
42.79051541865066 34.021271481302655
42.790567054377625 34.02755734161655
42.79061870335406 34.033843201877275
42.79067036558417 34.0401290620848
42.79072204107212 34.046414922239116
42.79077372982212 34.052700782340196
42.79082543183835 34.05898664238804
42.79087714712502 34.06527250238261
42.79092887568632 34.0715583623239
42.79098061752645 34.077844222211894
42.79103237264961 34.084130082046556
42.79108414106001 34.090415941827885
42.79113592276185 34.096701801555845
42.79118771775935 34.10298766123043
42.791343182567836 34.12184523993376
42.79139503079004 34.12813109939465
42.79165447173626 34.15956039589672
42.79626819777988 33.80122361109003
42.796475196961026 33.82636703755267
42.79652697989283 33.832652894034034
42.796578776087586 33.838938750461644
42.79663058554945 33.845224606835465
42.79668240828263 33.85151046315553
42.79673424429127 33.85779631942175
42.79678609357957 33.86408217563415
42.796837956151705 33.87036803179271
42.79688983201186 33.87665388789739
42.79694172116421 33.8829397439482
42.796993623612956 33.88922559994509
42.79704553936228 33.89551145588807
42.797097468416375 33.9017973117771
42.79714941077943 33.90808316761217
42.79720136645565 33.91436902339327
42.79725333544922 33.92065487912037
42.79730531776435 33.926940734793455
42.79735731340522 33.933226590412495
42.79740932237606 33.93951244597749
42.797461344681054 33.94579830148842
42.79751338032442 33.95208415694524
42.79756542931035 33.95837001234798
42.797617491643074 33.96465586769657
42.7976695673268 33.970941722991014
42.79772165636573 33.97722757823131
42.7977737587641 33.9835134334174
42.797825874526104 33.98979928854929
42.79787800365598 33.99608514362697
42.797930146157945 34.002370998650406
42.797982302036225 34.00865685361958
42.79803447129503 34.01494270853448
42.79808665393862 34.021228563395084
42.79813884997119 34.02751441820136
42.79819105939699 34.033800272953314
42.798243282220255 34.0400861276509
42.79829551844522 34.04637198229415
42.79834776807611 34.05265783688298
42.798400031117176 34.0589436914174
42.79845230757266 34.06522954589739
42.7985045974468 34.071515400322944
42.79855690074385 34.07780125469402
42.79860921746804 34.084087109010625
42.79866154762364 34.09037296327272
42.79871389121489 34.09665881748029
42.79876624824604 34.10294467163332
42.79887100264508 34.11551637977568
42.79892340002149 34.12180223376497
42.798975810854834 34.12808808769964
42.79902823514938 34.134373941579675
42.79918558884288 34.15323150289178
42.80376763315862 33.79489457283724
42.80381990499585 33.801180424062004
42.80402912622927 33.82632382841268
42.8040814650298 33.83260967936315
42.80413381723564 33.83889553025871
42.804186182851 33.84518138109933
42.804238561880105 33.851467231884996
42.804290954327165 33.85775308261571
42.80434336019642 33.864038933291404
42.80439577949209 33.870324783912096
42.80444821221839 33.87661063447777
42.804500658379574 33.88289648498838
42.80455311797986 33.889182335443934
42.80460559102348 33.8954681858444
42.80465807751468 33.90175403618976
42.804710577457676 33.90803988647999
42.804763090856746 33.914325736715085
42.804815617716095 33.920611586895
42.80486815803998 33.926897437019754
42.80492071183266 33.9331832870893
42.80497327909836 33.93946913710362
42.80502585984134 33.94575498706271
42.80507845406585 33.95204083696653
42.80513106177615 33.95832668681508
42.805183682976484 33.96461253660834
42.805236317671124 33.970898386346285
42.805288965864314 33.97718423602888
42.80534162756033 33.98347008565613
42.80539430276342 33.98975593522801
42.805446991477865 33.99604178474449
42.805499693707915 34.00232763420557
42.80555240945785 34.008613483611214
42.80560513873194 34.014899332961406
42.805657881534465 34.02118518225613
42.80571063786969 34.027471031495374
42.80576340774189 34.0337568806791
42.80581619115535 34.040042729807304
42.805868988114355 34.046328578879965
42.805921798623174 34.052614427897055
42.805974622686115 34.058900276858566
42.80602746030744 34.06518612576446
42.80608031149145 34.07147197461476
42.80613317624244 34.0777578234094
42.8061860545647 34.084043672148375
42.80623894646251 34.090329520831666
42.80629185194019 34.09661536945927
42.806344771002024 34.10290121803116
42.80639770365232 34.1091870665473
42.80645064989538 34.11547291500767
42.8065036097355 34.12175876341229
42.806556583177006 34.128044611761105
42.80660957022418 34.134330460054095
42.806662570881365 34.140616308291264
42.81158304781495 33.826280157878934
42.81163594248127 33.83256600323948
42.81168885069524 33.83885184854392
42.81174177246113 33.84513769379225
42.81179470778321 33.851423538984456
42.81184765666574 33.85770938412052
42.81190061911298 33.86399522920041
42.811953595129225 33.870281074224124
42.81200658471873 33.87656691919164
42.81205958788577 33.882852764102914
42.81211260463463 33.88913860895796
42.81216563496958 33.89542445375673
42.81221867889492 33.901710298499225
42.81227173641491 33.90799614318541
42.81232480753384 33.91428198781528
42.812377892256 33.92056783238882
42.81243099058569 33.926853676905985
42.81248410252718 33.933139521366776
42.81253722808477 33.93942536577117
42.812590367262764 33.94571121011915
42.81264352006546 33.95199705441068
42.812696686497134 33.95828289864575
42.81274986656211 33.964568742824355
42.81280306026468 33.970854586946444
42.81285626760915 33.97714043101204
42.81290948859982 33.983426275021095
42.812962723241014 33.989712118973586
42.813015971537034 33.995997962869495
42.81306923349219 34.002283806708824
42.813122509110805 34.00856965049154
42.81317579839718 34.01485549421762
42.813229101355645 34.021141337887045
42.81328241799053 34.027427181499796
42.81333574830614 34.03371302505587
42.8133890923068 34.0399988685552
42.81344244999685 34.04628471199782
42.813495821380606 34.05257055538368
42.813549206462405 34.05885639871277
42.81360260524657 34.06514224198507
42.81365601773746 34.071428085200566
42.81370944393939 34.07771392835922
42.81376288385669 34.08399977146104
42.813816337493726 34.09028561450599
42.813869804854825 34.096571457494036
42.81392328594434 34.10285730042518
42.81397678076661 34.10914314329939
42.81403028932598 34.11542898611666
42.81408381162681 34.121714828876954
42.814137347673444 34.128000671580274
42.81419089747025 34.134286514226574
42.81424446102157 34.140572356815845
42.81429803833178 34.14685819934808
42.819083524793086 33.81995018618389
42.819136961636495 33.82623602595268
42.81919041216561 33.83252186566422
42.81924387638474 33.83880770531848
42.81929735429818 33.84509354491546
42.81935084591024 33.8513793844551
42.819404351225245 33.85766522393744
42.8194578702475 33.863951063362414
42.81951140298132 33.87023690273001
42.81956494943103 33.876522742040216
42.81961850960094 33.88280858129301
42.819672083495384 33.889094420488384
42.819725671118675 33.89538025962629
42.819779272475145 33.901666098706734
42.81983288756911 33.907951937729685
42.81988651640492 33.914237776695124
42.819940158986896 33.92052361560303
42.81999381531937 33.92680945445339
42.820047485406675 33.93309529324617
42.820101169253164 33.93938113198137
42.82015486686316 33.94566697065895
42.820208578241015 33.95195280927891
42.82026230339106 33.9582386478412
42.820316042317664 33.96452448634584
42.82036979502515 33.97081032479278
42.820423561517885 33.97709616318202
42.820477341800206 33.98338200151351
42.820531135876486 33.989667839787266
42.820584943751065 33.99595367800325
42.820638765428306 34.00223951616144
42.820692600912565 34.00852535426181
42.82074645020821 34.014811192304364
42.820800313319616 34.021097030289056
42.82085419025112 34.02738286821589
42.82090808100711 34.03366870608482
42.82096198559195 34.03995454389586
42.82101590401001 34.04624038164895
42.82106983626567 34.052526219344095
42.82112378236331 34.058812056981274
42.82117774230729 34.065097894560466
42.82123171610201 34.071383732081635
42.82128570375184 34.077669569544774
42.82133970526117 34.08395540694987
42.821393720634376 34.09024124429689
42.82144774987586 34.096527081585826
42.821501792990006 34.102812918816646
42.8215558499812 34.109098755989336
42.82160992085385 34.115384593103876
42.821664005612334 34.121670430160236
42.82171810426107 34.12795626715841
42.82177221680445 34.13424210409836
42.82182634324687 34.14052794098009
42.82188048359274 34.14681377780356
42.826582896314214 33.813619764452824
42.82663687505144 33.8199055985732
42.826690867612335 33.82619143263514
42.826744874001236 33.832477266638634
42.8267988942225 33.838763100583655
42.826852928280466 33.84504893447019
42.8269069761795 33.851334768298216
42.82696103792396 33.8576206020677
42.82701511351819 33.86390643577864
42.82706920296658 33.870192269431
42.827123306273464 33.87647810302477
42.827177423443224 33.88276393655993
42.82723155448022 33.88904977003646
42.82728569938882 33.89533560345433
42.827339858173396 33.901621436813535
42.82739403083832 33.907907270114045
42.827448217387975 33.91419310335583
42.82750241782672 33.92047893653889
42.82755663215896 33.9267647696632
42.82761086038904 33.933050602728734
42.82766510252138 33.93933643573547
42.827719358560344 33.945622268683394
42.82777362851033 33.95190810157247
42.8278279123757 33.95819393440269
42.82788221016089 33.964479767174055
42.82793652187026 33.97076559988652
42.827990847508204 33.977051432540044
42.828045187079134 33.98333726513466
42.82809954058744 33.9896230976703
42.828153908037535 33.99590893014697
42.8282082894338 34.002194762564635
42.82826268478067 34.008480594923284
42.82831709408253 34.01476642722289
42.82837151734379 34.021052259463445
42.82842595456888 34.02733809164491
42.828480405762186 34.03362392376727
42.828534870928145 34.03990975583053
42.82858935007117 34.04619558783462
42.828643843195664 34.05248141977957
42.82869835030608 34.05876725166532
42.82875287140681 34.06505308349188
42.82880740650229 34.071338915259226
42.82886195559696 34.0776247469673
42.82891651869524 34.08391057861613
42.828971095801556 34.09019641020567
42.829025686920346 34.096482241735906
42.82908029205605 34.10276807320681
42.82913491121311 34.10905390461837
42.829189544395945 34.115339735970565
42.82924419160902 34.12162556726336
42.82929885285677 34.127911398496764
42.82935352814364 34.13419722967073
42.83419021738556 33.81986054963153
42.834244765660884 33.826146377927586
42.83429932790652 33.832432206163986
42.834353904126864 33.83871803434071
42.83440849432632 33.84500386245771
42.834463098509275 33.85128969051501
42.83451771668014 33.857575518512554
42.83457234884332 33.86386134645035
42.834626995003205 33.87014717432835
42.83468165516421 33.87643300214655
42.83473632933077 33.88271882990492
42.83479101750726 33.88900465760345
42.83484571969811 33.895290485242114
42.83490043590773 33.901576312820886
42.834955166140546 33.90786214033976
42.83500991040098 33.91414796779869
42.83506466869344 33.92043379519769
42.83511944102236 33.926719622536694
42.835174227392166 33.93300544981573
42.83522902780728 33.93929127703474
42.83528384227214 33.94557710419373
42.83533867079118 33.95186293129265
42.835393513368814 33.95814875833152
42.8354483700095 33.96443458531027
42.83550324071767 33.97072041222893
42.83555812549776 33.97700623908743
42.83561302435422 33.983292065885784
42.83566793729148 33.98957789262396
42.83572286431401 33.99586371930194
42.835777805426225 34.00214954591969
42.83583276063261 34.00843537247721
42.835887729937596 34.01472119897448
42.835942713345645 34.02100702541145
42.835997710861214 34.02729285178812
42.83605272248876 34.03357867810446
42.83610774823274 34.03986450436047
42.836162788097624 34.04615033055611
42.836217842087876 34.05243615669136
42.83627291020796 34.05872198276621
42.836327992462344 34.06500780878062
42.8363830888555 34.07129363473459
42.83643819939191 34.07757946062809
42.83649332407603 34.08386528646109
42.836548462912354 34.090151112233585
42.836603615905354 34.09643693794555
42.83665878305951 34.10272276359695
42.83671396437932 34.10900858918779
42.83676915986925 34.11529441471802
42.8368243695338 34.12158024018764
42.83687959337745 34.12786606559662
42.836934831404704 34.13415189094494
42.83699008362005 34.14043771623259
42.841633386060614 33.807243394235314
42.841688461835375 33.81352921682815
42.84174355171388 33.81981503936015
42.841798655700565 33.82610086183128
42.84185377379986 33.832386684241534
42.84190890601622 33.83867250659088
42.84196405235407 33.8449583288793
42.842019212817874 33.85124415110678
42.842074387412055 33.8575299732733
42.842129576141076 33.86381579537883
42.84218477900939 33.870101617423344
42.84223999602145 33.876387439406834
42.842295227181694 33.882673261329266
42.84235047249459 33.888959083190635
42.842405731964604 33.89524490499091
42.842461005596185 33.90153072673007
42.8425162933938 33.907816548408086
42.84257159536191 33.91410237002496
42.84262691150499 33.920388191580656
42.84268224182751 33.92667401307515
42.842737586333925 33.932959834508424
42.84279294502873 33.939245655880455
42.84284831791638 33.94553147719123
42.84290370500137 33.95181729844072
42.84295910628816 33.9581031196289
42.84301452178124 33.96438894075576
42.84306995148511 33.970674761821286
42.843125395404236 33.97696058282543
42.8431808535431 33.983246403768185
42.84323632590621 33.98953222464953
42.84329181249805 33.99581804546945
42.843347313323115 34.0021038662279
42.8434028283859 34.0083896869249
42.84345835769089 34.01467550756039
42.84351390124261 34.02096132813436
42.84356945904554 34.02724714864681
42.843625031104196 34.033532969097685
42.84368061742309 34.039818789486986
42.84373621800671 34.046104609814684
42.84379183285958 34.052390430080756
42.843847461986215 34.05867625028519
42.84390310539112 34.06496207042795
42.84395876307883 34.071247890509035
42.844014435053836 34.07753371052839
42.84407012132068 34.08381953048604
42.84412582188387 34.09010535038192
42.844181536747946 34.09639117021604
42.84423726591743 34.10267698998835
42.84429300939684 34.108962809698866
42.84434876719073 34.11524862934753
42.84440453930361 34.12153444893435
42.84446032574002 34.127820268459274
42.844516126504516 34.134106087922305
42.84457194160162 34.1403919073234
42.849241232510366 33.81348325111107
42.84929687795487 33.81976906776033
42.84935253764981 33.82605488434751
42.84940821159966 33.832340700872564
42.84946389980891 33.838626517335484
42.84951960228206 33.84491233373624
42.849575319023586 33.851198150074815
42.84963105003798 33.857483966351204
42.84968679532974 33.86376978256535
42.84974255490336 33.87005559871726
42.84979832876333 33.8763414148069
42.84985411691416 33.88262723083425
42.84990991936034 33.888913046799296
42.84996573610639 33.89519886270201
42.85002156715681 33.90148467854237
42.85007741251609 33.90777049432036
42.85013327218877 33.91405631003594
42.85018914617934 33.92034212568912
42.85024503449232 33.92662794127985
42.850300937132225 33.932913756808134
42.85035685410357 33.939199572273914
42.85041278541089 33.94548538767721
42.85046873105868 33.95177120301796
42.8505246910515 33.95805701829618
42.850580665393856 33.96434283351183
42.85063665409027 33.97062864866488
42.85069265714529 33.97691446375533
42.85074867456343 33.983200278783144
42.850804706349244 33.9894860937483
42.85086075250725 33.995771908650774
42.850916813042005 34.00205772349056
42.85097288795804 34.00834353826763
42.851028977259894 34.01462935298195
42.85108508095213 34.020915167633504
42.851141199039276 34.02720098222227
42.851197331525896 34.03348679674822
42.85125347841653 34.03977261121136
42.851309639715744 34.046058425611655
42.85136581542808 34.05234423994906
42.8514220055581 34.05863005422358
42.85147821011037 34.064915868435186
42.851534429089455 34.07120168258383
42.85159066249991 34.07748749666956
42.851646910346304 34.08377331069227
42.8517031726332 34.09005912465199
42.85175944936518 34.09634493854868
42.85181574054682 34.10263075238234
42.85187204618268 34.108916566152914
42.851928366277335 34.1152023798604
42.85198470083538 34.121488193504774
42.852041049861384 34.127774007086025
42.85679399501962 33.81343682412588
42.85685019602698 33.81972263483339
42.856906411427026 33.82600844547757
42.8569626412243 33.832294256058375
42.85701888542331 33.83858006657581
42.857075144028606 33.84486587702982
42.85713141704471 33.85115168742042
42.857187704476175 33.857437497747554
42.85724400632752 33.863723308011224
42.857300322603294 33.8700091182114
42.857356653308045 33.87629492834805
42.85741299844631 33.88258073842118
42.85746935802263 33.88886654843073
42.85752573204156 33.895152358376706
42.85758212050765 33.901438168259084
42.85763852342545 33.90772397807784
42.857694940799526 33.91400978783293
42.857751372634425 33.920295597524365
42.85780781893471 33.9265814071521
42.85786427970494 33.932867216716126
42.857920754949674 33.93915302621642
42.857977244673485 33.94543883565294
42.85803374888094 33.9517246450257
42.8580902675766 33.95801045433465
42.85814680076505 33.96429626357977
42.85820334845085 33.97058207276104
42.85825991063859 33.976867881878455
42.858316487332836 33.98315369093198
42.858373078538165 33.98943949992157
42.85842968425917 33.995725308847256
42.858486304500445 34.00201111770897
42.858542939266556 34.00829692650671
42.85859958856209 34.01458273524044
42.85865625239166 34.02086854391015
42.858712930759836 34.027154352515815
42.85876962367123 34.03344016105741
42.85882633113043 34.03972596953492
42.85888305314204 34.046011777948316
42.85893978971065 34.05229758629759
42.85899654084088 34.05858339458269
42.85905330653732 34.06486920280363
42.859110086804584 34.07115501096035
42.85916688164728 34.07744081905285
42.859223691070035 34.083726627081106
42.85928051507745 34.09001243504509
42.859337353674135 34.0962982429448
42.859394206864714 34.102584050780195
42.85945107465381 34.10886985855125
42.86434674928162 33.813389935873886
42.86440350584867 33.81967574058062
42.86446027695066 33.82596154522276
42.86451706259218 33.832247349800284
42.86457386277778 33.838533154313154
42.864630677512054 33.844818958761365
42.86468750679956 33.85110476314488
42.86474435064491 33.85739056746368
42.86480120905267 33.86367637171776
42.864858082027425 33.86996217590707
42.86491496957377 33.8762479800316
42.86497187169628 33.88253378409134
42.86502878839955 33.88881958808627
42.865085719688174 33.89510539201633
42.86514266556676 33.901391195881544
42.865199626039896 33.90767699968185
42.86525660111218 33.91396280341725
42.86531359078822 33.920248607087714
42.86537059507261 33.92653441069322
42.86542761396997 33.93282021423374
42.8654846474849 33.93910601770927
42.86554169562201 33.94539182111977
42.865598758385914 33.951677624465226
42.865655835781226 33.957963427745604
42.865712927812574 33.96424923096089
42.865770034484555 33.97053503411107
42.8658271558018 33.97682083719611
42.86588429176895 33.983106640215986
42.86594144239061 33.98939244317068
42.8659986076714 33.995678246060166
42.86605578761598 34.00196404888443
42.86611298222895 34.00824985164345
42.86617019151496 34.014535654337195
42.86622741547864 34.020821456965635
42.866284654124634 34.027107259528755
42.86634190745759 34.03339306202655
42.86639917548213 34.03967886445898
42.86645645820292 34.045964666826016
42.86651375562459 34.05225046912765
42.86657106775179 34.05853627136385
42.86662839458918 34.06482207353459
42.86668573614141 34.07110787563985
42.86674309241314 34.07739367767963
42.866800463409014 34.08367947965387
42.8668578491337 34.08996528156257
42.86691524959187 34.09625108340572
42.866972664788165 34.10253688518325
42.86703009472727 34.10882268689519
42.872014134139135 33.825914183584416
42.87207147562169 33.832199982099596
42.872128831790675 33.83848578054885
42.87218620265072 33.844771578932175
42.87224358820644 33.85105737724953
42.87230098846247 33.85734317550091
42.872358403423426 33.86362897368627
42.872415833093946 33.86991477180561
42.87247327747866 33.876200569858895
42.872530736582206 33.8824863678461
42.87258821040922 33.888772165767215
42.872645698964334 33.89505796362221
42.87270320225219 33.90134376141105
42.872760720277434 33.907629559133724
42.87281825304471 33.91391535679021
42.87287580055867 33.92020115438049
42.87293336282395 33.92648695190453
42.87299093984521 33.93277274936231
42.873048531627106 33.93905854675381
42.87310613817429 33.94534434407901
42.87316375949141 33.95163014133788
42.87322139558315 33.957915938530405
42.87327904645415 33.96420173565655
42.873336712109094 33.970487532716305
42.873394392552626 33.97677332970963
42.87345208778942 33.983059126636526
42.873509797824155 33.98934492349696
42.8735675226615 33.9956307202909
42.87362526230614 34.00191651701832
42.87368301676273 34.008202313679206
42.873740786035974 34.01448811027355
42.87379857013053 34.02077390680131
42.8738563690511 34.027059703262466
42.87391418280236 34.03334549965699
42.8740298548157 34.04591709224608
42.87408771308718 34.05220288844058
42.87414558620811 34.05848868456838
42.8742034741832 34.064774480629424
42.87426137701713 34.07106027662371
42.87431929471462 34.077346072551215
42.87437722728036 34.083631868411906
42.87951010041462 33.819580568102914
42.87956798291088 33.82586636056387
42.87962588023123 33.832152152957654
42.87968379238037 33.83843794528424
42.87974171936295 33.8447237375436
42.87979966118363 33.85100952973572
42.8798576178471 33.85729532186056
42.87991558935802 33.86358111391811
42.87997357572107 33.86986690590834
42.88003157694092 33.87615269783123
42.880089593022255 33.88243848968677
42.88014762396976 33.88872428147492
42.880205669788104 33.89501007319566
42.88026373048199 33.901295864848954
42.88032180605609 33.9075816564348
42.88037989651511 33.91386744795318
42.88043800186372 33.920153239404044
42.88049612210664 33.92643903078738
42.88055425724855 33.93272482210317
42.88061240729416 33.939010613351385
42.88067057224815 33.945296404532016
42.88072875211524 33.95158219564502
42.88078694690013 33.95786798669038
42.880845156607535 33.96415377766807
42.88090338124215 33.97043956857809
42.8809616208087 33.97672535942038
42.881019875311885 33.983011150194926
42.88107814475644 33.989296940901724
42.88113642914706 33.99558273154074
42.88119472848849 34.00186852211195
42.88125304278543 34.008154312615325
42.88166166201572 34.05215484423775
42.88712182318431 33.82581807616247
42.88718027633921 33.83210386237582
42.88723874446523 33.83838964852066
42.887297227567075 33.844675434596994
42.887355725649456 33.85096122060477
42.8874142387171 33.857247006543986
42.88747276677471 33.86353279241462
42.887531309827004 33.86981857821663
42.88758986787872 33.87610436394999
42.88764844093457 33.88239014961471
42.88770702899928 33.88867593521073
42.88776563207758 33.894961720738046
42.88782425017421 33.901247506196626
42.88788288329389 33.90753329158644
42.88794153144136 33.91381907690748
42.888000194621355 33.92010486215971
42.88805887283862 33.926390647343126
42.88811756609789 33.93267643245767
42.888176274403904 33.93896221750336
42.88823499776143 33.94524800248013
42.888293736175186 33.95153378738799
42.88835248964995 33.957819572226896
42.888411258190445 33.964105356996825
42.88847004180145 33.97039114169776
42.888528840487716 33.97667692632969
42.88858765425399 33.98296271089256
42.888646483105056 33.98924849538637
42.888705327045656 33.99553427981109
42.888764186080564 34.0018200641667
42.89473466386402 33.832055110355434
42.89508903532996 33.86976978873182
42.895148150210225 33.876055568216536
42.895325585750854 33.89491290625073
42.8953847612469 33.9011986854554
42.89544395190885 33.90748446459
42.89550315774146 33.913770243654504
42.89556237874952 33.920056022648886
42.89562161493781 33.92634180157312
42.89568086631112 33.932627580427194
42.89574013287423 33.93891335921108
42.89579941463195 33.945199137924725
42.89585871158906 33.95148491656816
42.89591802375035 33.95777069514131
42.89597735112063 33.96405647364417
42.896036693704694 33.970342252076726
42.89609605150734 33.97662803043894
42.89615542453338 33.98291380873079
42.89621481278762 33.98919958695225
42.89627421627486 33.99548536510331
42.89633363499992 34.00177114318392
42.90348354911912 33.95772135543502
42.90360333686958 33.970292899716355
42.90366325378526 33.97657867174953
42.903723186067694 33.982864443710994
42.90378313372174 33.989150215600766
42.911230447239134 33.97652885026284
