# # ids of objects in overdense bins for (19.33227504257672, -76.5922413641227)
# 
4.637667237674721280e+18
4.637672872671761408e+18
4.637678580684122112e+18
4.637665558342200320e+18
4.637680225655958528e+18
4.637658785178779648e+18
4.637668955661729792e+18
4.637676377365132288e+18
4.637670330050923520e+18
4.637866146200823808e+18
4.637673804679405568e+18
4.637659678532066304e+18
4.637673800384739328e+18
4.637680569253391360e+18
4.637865046689171456e+18
4.637865012329432064e+18
4.637678335870400512e+18
4.637676450378919936e+18
4.637680741052016640e+18
4.637671326483374080e+18
4.637674178341708800e+18
4.637864874890475520e+18
4.637677923553470464e+18
4.637659575452824576e+18
4.637679229223483392e+18
4.637669715870275584e+18
4.637658166703477760e+18
4.637658063624263680e+18
4.637660846763283456e+18
4.637666138163011584e+18
4.637865665164453888e+18
4.637865459006024704e+18
4.637676381660818432e+18
4.637675075990761472e+18
4.637678610748104704e+18
4.637684967300038656e+18
4.637684142666223616e+18
4.637676312940024832e+18
4.637658067919286272e+18
4.637680191296195584e+18
4.637671635721086976e+18
4.637670811087255552e+18
4.637669230539661312e+18
4.637675213429718016e+18
4.637686238610362368e+18
4.637671498282114048e+18
4.637671777455880192e+18
4.637673078830164992e+18
4.637677751754773504e+18
4.637670055172999168e+18
4.637683695989623808e+18
4.637660743684029440e+18
4.637659923344782336e+18
4.637681123303022592e+18
4.637679778979307520e+18
4.637681978002707456e+18
4.637675724530068480e+18
4.637674728097601536e+18
4.637676961480751104e+18
4.637867215648211968e+18
4.637865699524197376e+18
4.637684967300047872e+18
4.637667379409226752e+18
4.637675415292426240e+18
4.637672907031524352e+18
4.637675209133925376e+18
4.637672288556112896e+18
4.637679710259810304e+18
4.637659541093081088e+18
4.637676343005350912e+18
4.637659438013862912e+18
4.637863539154499584e+18
4.637863367355807744e+18
4.637684142666237952e+18
4.637867039554024448e+18
4.637660365726838784e+18
4.637681050293761024e+18
4.637658755114042368e+18
4.637680672332508160e+18
4.637677236358692864e+18
4.637671223404180480e+18
4.637670570569109504e+18
4.637866592877409280e+18
4.637680637972883456e+18
4.637678301510674432e+18
4.637680333029660672e+18
4.637658853898264576e+18
4.637676239926249472e+18
4.637667478192817152e+18
4.637671051605443584e+18
4.637658338502190080e+18
4.637681874923468800e+18
4.637684864220794880e+18
4.637677824769864704e+18
4.637677309372704768e+18
4.637680264309580800e+18
4.637658991337218048e+18
4.637685379616872448e+18
4.637667409473439744e+18
4.637669986453508096e+18
4.637668680783772672e+18
4.637658892554027008e+18
4.637684932940296192e+18
4.637867417511179264e+18
4.637674006543213568e+18
4.637678026632721408e+18
4.637658235422966784e+18
4.637682119736049664e+18
4.637669883374299136e+18
4.637672151117131776e+18
4.637682081081911296e+18
4.637667134595493888e+18
4.637666756638324736e+18
4.637671257763924992e+18
4.637672803952266240e+18
4.637681978002696192e+18
4.637867245712481280e+18
4.637671296418543616e+18
4.637665382248662016e+18
4.637671704440579072e+18
4.637666447400614912e+18
4.637683391046378496e+18
4.637678202726926336e+18
4.637667512552561664e+18
4.637671876239175680e+18
4.637672769592524800e+18
4.637668680783787008e+18
4.637678267150914560e+18
4.637667409473441792e+18
4.637681565685833728e+18
4.637660335663037440e+18
4.637667443833192448e+18
4.637672632153576448e+18
4.637658132343733248e+18
4.637677339437941760e+18
4.637665244809929728e+18
4.637676450380273664e+18
4.637680294375445504e+18
4.637683077514274816e+18
4.637667207610707968e+18
4.637681256448145408e+18
4.637666623494072320e+18
4.637683249312975872e+18
4.637664523255282688e+18
4.637679813339062272e+18
4.637659609812569088e+18
4.637677854834014208e+18
4.637679194863748096e+18
4.637865665164457984e+18
4.637679504101425152e+18
4.637658682099537920e+18
4.637867073913765888e+18
4.637677030200245248e+18
4.637668959957186560e+18
4.637678129711947776e+18
4.637869479095486464e+18
4.637881642442904576e+18
4.637881642442895360e+18
4.637884391222081536e+18
4.637871815557787648e+18
4.637869994491554816e+18
4.637870509887662080e+18
4.637883497873390592e+18
4.637883188631178240e+18
4.637867520590409728e+18
4.637871643759091712e+18
4.637881745522122752e+18
4.637872330953753600e+18
4.637871403240914944e+18
4.637869620829990912e+18
4.637869891412332544e+18
4.637873361745939456e+18
4.637882845038812160e+18
4.637873224306984960e+18
4.637882849329252352e+18
4.637869513455202304e+18
4.637869891412324352e+18
4.637882196493062144e+18
4.637885288869515264e+18
4.637871613694806016e+18
4.637869272937033728e+18
4.637886525821327360e+18
4.637872090435577856e+18
4.637873464825176064e+18
4.637869238577285120e+18
4.637881818535323648e+18
4.637885181495977984e+18
4.637868413943545856e+18
4.637871952996773888e+18
4.637885735545422848e+18
4.637873396105690112e+18
4.637881608083154944e+18
4.637867829827987456e+18
4.637884013264991232e+18
4.637882398357191680e+18
4.637885456373906432e+18
4.637882638875357184e+18
4.637882913753320448e+18
4.637883807106516992e+18
4.637884356862328832e+18
4.637884356862324736e+18
4.637873189947236352e+18
4.637884322502617088e+18
4.637883429149389824e+18
4.637882501436389376e+18
4.637871403240909824e+18
4.637870819125334016e+18
4.637884253783134208e+18
4.637883463509109760e+18
4.637885903050576896e+18
4.637871918637022208e+18
4.637882501436389376e+18
4.637871128362974208e+18
4.637872743270644736e+18
4.637869650894187520e+18
4.637884116344135680e+18
4.637882535796137984e+18
4.637870578607153152e+18
4.637885868690819072e+18
4.637883394789627904e+18
4.636168946923471872e+18
4.636172211098625024e+18
4.636172314177846272e+18
4.636169805916950528e+18
4.636169153081906176e+18
4.636168843844249600e+18
4.636168435822823424e+18
4.636342532320825344e+18
4.636364213316923392e+18
4.636375998706643968e+18
4.636431906295646208e+18
4.636365106669404160e+18
4.636357586183061504e+18
4.636365106669404160e+18
4.636381255746638848e+18
4.636364969230453760e+18
4.636372184775611392e+18
4.636423793102841856e+18
4.636430257028562944e+18
4.636381187027163136e+18
4.636375139713116160e+18
4.636375418887064576e+18
4.636372631452047360e+18
4.636378644406526976e+18
4.636355966978812928e+18
4.636343941070098432e+18
4.636363045085827072e+18
4.636430699410365440e+18
4.636360983500709888e+18
4.636363732279781376e+18
4.636349095031233536e+18
4.636375899923403776e+18
4.636368783161308160e+18
4.636423591239503872e+18
4.636382630136307712e+18
4.636430871209061376e+18
4.636330854305320960e+18
4.636378816205789184e+18
4.636374628613091328e+18
4.636348270397243392e+18
4.636362289171581952e+18
4.636349610427296768e+18
4.636374422454657024e+18
4.636373524805287936e+18
4.636380779004954624e+18
4.636375070993624064e+18
4.636360399385135104e+18
4.636424037916848128e+18
4.636348480851083264e+18
4.636368817521039360e+18
4.636421078683307008e+18
4.636381668063549440e+18
4.636360536824089600e+18
4.636430252733768704e+18
4.636430630690890752e+18
4.636423591240245248e+18
4.636365518987000832e+18
4.636369504715812864e+18
4.636370947824914432e+18
4.636424858254798848e+18
4.636421078683303936e+18
4.636375483310576640e+18
4.636420700726098944e+18
4.636378717422180352e+18
4.636331335341642752e+18
4.636383218546386944e+18
4.636348270397240320e+18
4.636358337800844288e+18
4.636370672946975744e+18
4.636349026311737344e+18
4.636369195478163456e+18
4.636361979933923328e+18
4.636361945574183936e+18
4.636376204865087488e+18
4.636350160183178240e+18
4.636370879105418240e+18
4.636332464917485568e+18
4.636330128455179264e+18
4.636376651541493760e+18
4.636433894866072576e+18
4.636420666366369792e+18
4.636424549017108480e+18
4.636373353006551040e+18
4.636423758743113728e+18
4.636348613994836992e+18
4.636375655109215232e+18
4.636342326162330624e+18
4.636381363120558080e+18
4.636356035698056192e+18
4.636344868783088640e+18
4.636382561416818688e+18
4.636371119623659520e+18
4.636373494740574208e+18
4.636332121320061952e+18
4.636369543370658816e+18
4.636430939928554496e+18
4.636350022744196096e+18
4.636375861267654656e+18
4.636373494740574208e+18
4.636374628611282944e+18
4.636375208432623616e+18
4.636344868783093760e+18
4.636331434125284352e+18
4.636378575687042048e+18
4.636360197521788928e+18
4.636371673673787392e+18
4.636383252906133504e+18
4.636375139713115136e+18
4.636381049588168704e+18
4.636382496993374208e+18
4.636359128074754048e+18
4.636365484626585600e+18
4.636331644580600832e+18
4.636368370844416000e+18
4.636345555978125312e+18
4.636421873253404672e+18
4.636382423977823232e+18
4.636420700726122496e+18
4.636378610046796800e+18
4.636397129945538560e+18
4.636356241856729088e+18
4.636365037949944832e+18
4.636378025931151360e+18
4.636423380785910784e+18
4.636368100261662720e+18
4.636381255746654208e+18
4.636369985752207360e+18
4.636370672946974720e+18
4.636332018240868352e+18
4.636343563113019392e+18
4.636376204865101824e+18
4.636372597092298752e+18
4.636373357302024192e+18
4.636344903142817792e+18
4.636382698855753728e+18
4.636375929987141632e+18
4.636376204865107968e+18
4.636374005841667072e+18
4.636383729648409600e+18
4.636374628613289984e+18
4.636365209748644864e+18
4.636377510535084032e+18
4.636421491000208384e+18
4.636349679146801152e+18
4.636376754620739584e+18
4.636344765703853056e+18
4.636368508283373568e+18
4.636365587706480640e+18
4.636431661483451392e+18
4.636384111899569152e+18
4.636384691721092096e+18
4.636346586770018304e+18
4.636373700900391936e+18
4.636343253875320832e+18
4.636421491000215552e+18
4.636373490445539328e+18
4.636348098598529024e+18
4.636421525359952896e+18
4.636376582822283264e+18
4.636371463220981760e+18
4.636370569867779072e+18
4.636398263816983552e+18
4.636373627884494848e+18
4.636368989319706624e+18
4.636420872524838912e+18
4.636350228902660096e+18
4.636384245044502528e+18
4.636365214044975104e+18
4.636370741666463744e+18
4.636377991571457024e+18
4.636345663352528896e+18
4.636369882673727488e+18
4.636429977855821824e+18
4.636332224399301632e+18
4.636343533050007552e+18
4.636344662624902144e+18
4.636348064238783488e+18
4.636371875537914880e+18
4.636423449505409024e+18
4.636374589961986048e+18
4.636348304757204992e+18
4.636376484037722112e+18
4.636376243519553536e+18
4.636376479743051776e+18
4.636371978617129984e+18
4.636332224399297536e+18
4.636377411750636544e+18
4.636373357301629952e+18
4.636423483865160704e+18
4.636376445383284736e+18
4.636370501148290048e+18
4.636381496264855552e+18
4.636374796115680256e+18
4.636343700551902208e+18
4.636370638587237376e+18
4.636380774710896640e+18
4.636430974288310272e+18
4.636344456466466816e+18
4.636374177640387584e+18
4.636369023679442944e+18
4.636378472608391168e+18
4.636379194162896896e+18
4.636360296305901568e+18
4.636423453800354816e+18
4.636424033620982784e+18
4.636371398795890688e+18
4.636429702977892352e+18
4.636361022155465728e+18
4.636372356574119936e+18
4.636367855448296448e+18
4.636374658676734976e+18
4.636424961334037504e+18
4.636424789535297536e+18
4.636420636302021632e+18
4.636374697332766720e+18
4.636424342858660864e+18
4.636372700171534336e+18
