# successful candidates for region at (59.56429504596132, 15.490074111235117) and radius 1.0
59.20832065201371 15.817834269752014
59.67750707499702 15.701196700082418
59.67751728704897 15.719653758820645
59.68392790290606 15.695040976472018
59.68393149781633 15.701193328850984
59.68393509386331 15.707345681229404
59.683938691047146 15.713498033607255
59.69035970957063 15.7073421234055
59.70964229634998 15.719635033473983
59.709646668961845 15.725787383415497
59.72895696249073 15.768840347279465
59.73536804418094 15.750378438258492
59.73537319807749 15.75653078528673
59.735378353601426 15.762683132313834
59.735383510753024 15.76883547933979
59.735388669532554 15.774987826364606
59.735393829940264 15.781140173388284
59.741788665366805 15.7442210401417
59.74179401116817 15.750373386370033
59.741799358657794 15.756525732597137
59.741804707835925 15.762678078823013
59.74181005870287 15.768830425047659
59.74181541125888 15.774982771271086
59.741820765504244 15.781135117493273
59.74182612143922 15.787287463714232
59.74183147906412 15.793439809933966
59.74821997783167 15.75036814821781
59.7482366063285 15.76882518440315
59.74824215266084 15.774977529795626
59.754663153618196 15.768819757406332
59.754668893726716 15.77497210193831
59.761119388714185 15.799575862251881
59.76112533196592 15.80572820588627
59.76754076938946 15.79341771523584
59.76754690478767 15.799570057951746
59.7739364739131 15.762650016527884
59.7739427933543 15.76880235830282
59.77396176364814 15.787259383617338
59.773968091070564 15.793411725385416
59.77397442048913 15.799564067151776
59.773980751904155 15.80571640891642
59.78034980588283 15.750339163503043
59.780356314927445 15.756491504303039
59.78036282602736 15.76264384510122
59.78036933918288 15.768796185897582
59.78037585439439 15.77494852669212
59.7803823716622 15.78110086748484
59.780388890986636 15.787253208275732
59.78039541236806 15.793405549064804
59.7804019358068 15.799557889852055
59.78040846130319 15.805710230637482
59.78678917774717 15.762637487352208
59.78679588461684 15.768789827140449
59.78680259360363 15.774942166926754
59.7868093047079 15.781094506711133
59.78681601792996 15.787246846493577
59.78682273327019 15.793399186274092
59.78682945072891 15.799551526052673
59.79321552906082 15.762630943280941
59.793222429644445 15.768783282031519
59.79322933240634 15.774935620780047
59.79323623734686 15.781087959526536
59.793243144466345 15.78724029827098
59.79325005376518 15.793392637013374
59.7932569652437 15.799544975753726
59.79964897425395 15.768776550570886
59.799656070790746 15.77492888825209
59.799663169567324 15.781081225931132
59.79967027058405 15.787233563608018
59.799677373841284 15.793385901282743
59.80604638018947 15.744160286398513
59.80605366130099 15.75031262299196
59.806068230422696 15.762617296172028
59.80607551843363 15.768769632758639
59.80608280874513 15.774921969342973
59.80609010135756 15.781074305925028
59.806097396271305 15.787226642504802
59.81247214944101 15.744153186739213
59.81247962408247 15.750305522206727
59.812494580447456 15.762610193134572
59.812502062171745 15.768762528594886
59.81250954625773 15.774914864052803
59.812517032705806 15.781067199508316
59.812524521516366 15.787219534961421
59.81888258916105 15.731841232214972
59.818890252490135 15.737993566532083
59.81889791824009 15.74414590084666
59.81890558641131 15.750298235158716
59.8189132570042 15.756450569468251
59.81892093001913 15.762602903775253
59.81892860545654 15.76875523807973
59.81894396360031 15.781059906681095
59.825315827356654 15.737986095591252
59.82532368657502 15.744138428720968
59.82533154827575 15.750290761848026
59.82533941245928 15.756443094972427
59.8253551482763 15.768747761213268
59.82536301991062 15.774900094329706
59.83174140174751 15.73797843844692
59.83174945443407 15.744130770362233
59.8317575096641 15.750283102274762
59.83819172192875 15.756427587104573
59.84461787591969 15.75641955373276
59.88327102051366 15.817890652451505
59.88328066039621 15.824042973536915
