# # ids of objects in overdense bins for (45.701478043609576, 34.09304341884243)
# 
1.370265034692043520e+17
1.370296645651119360e+17
1.370308285003544320e+17
1.370359180374777600e+17
1.370324133440341760e+17
1.370276330446489600e+17
1.370309015155477760e+17
1.370326839262900480e+17
1.370296989248474880e+17
1.370322716094191360e+17
1.370322028906478080e+17
1.370297676443226880e+17
1.370327870062481920e+17
1.370265721886776320e+17
1.370358836777379840e+17
1.370358493180026880e+17
1.370356732235887360e+17
1.370298707237710080e+17
1.370299050832701440e+17
1.370285607575985920e+17
1.385572942376276480e+17
1.385096029200670720e+17
1.385565039636387840e+17
1.385089500850282240e+17
1.385576077697274880e+17
1.385086064876487680e+17
1.385577065544943360e+17
1.385093280421536000e+17
1.385092979786787840e+17
1.385577795695020800e+17
1.385084346929798400e+17
