# successful candidates for region at (219.85709229648486, -39.282716137777285) and radius 1.0
219.515236564753 -38.857252401105065
219.51526650117034 -38.85104306151134
219.5233539593471 -38.85106649926355
219.56368853890513 -38.87601269865852
219.6998404335124 -39.4972169017693
219.69985445740576 -39.49100751014386
219.69988249398654 -39.47858872688297
219.6999525201328 -39.44754176867237
219.6999805044969 -39.435122985364806
219.70805582012804 -39.47239000666133
219.70806910195023 -39.466180613600926
219.7161774518862 -39.491028292616484
219.71619001660795 -39.48481889821826
219.71625279003942 -39.45377192618692
219.71626533469856 -39.447562531772604
219.7162778760181 -39.44135313735563
219.724338952647 -39.49103783051928
219.72435078964946 -39.484828434850044
219.72436262349896 -39.478619039178426
219.72438628174376 -39.46620024782804
219.72442174549218 -39.447572060784644
219.7244335604478 -39.44136266509877
219.73248934333472 -39.49725619639495
219.73250045557705 -39.491046799532604
219.73251156485932 -39.48483740266816
219.73256706690543 -39.453790418314505
219.73257815844897 -39.4475810214375
219.73260033267889 -39.43516222767721
219.74064118912088 -39.50347399561831
219.74065157621555 -39.49726459763814
219.740661960543 -39.49105519965613
219.74067234210423 -39.484845801672286
219.74068272090022 -39.478636403686615
219.74069309693198 -39.47242700569912
219.74070347020043 -39.46621760770979
219.7407138407066 -39.46000820971862
219.74072420845144 -39.45379881172565
219.74073457343601 -39.44758941373083
219.7407449356612 -39.4413800157342
219.74075529512805 -39.435170617735736
219.74076565183753 -39.428961219735434
219.7407760057906 -39.42275182173333
219.74879449045548 -39.50969122796231
219.74880415201466 -39.50348182893963
219.74881381099968 -39.49727242991537
219.74882346741146 -39.49106303088953
219.74883312125093 -39.48485363186211
219.74884277251897 -39.478644232833105
219.74885242121655 -39.47243483380251
219.74886206734456 -39.46622543477034
219.74887171090387 -39.460016035736594
219.74888135189548 -39.453806636701245
219.74889099032023 -39.44759723766435
219.74890062617905 -39.44138783862585
219.7489102594729 -39.435178439585776
219.74891989020261 -39.42896904054413
219.74892951836918 -39.42275964150091
219.74893914397344 -39.416550242456104
219.75693136937076 -39.528326693175295
219.7569492477885 -39.515907893199795
219.75695818342422 -39.50969849321001
219.756967116679 -39.503489093218874
219.75697604755368 -39.49727969322638
219.75698497604907 -39.49107029323253
219.75699390216604 -39.48486089323734
219.75700282590546 -39.478651493240775
219.75701174726817 -39.472442093242876
219.75702066625502 -39.46623269324362
219.7570295828668 -39.46002329324301
219.7570384971044 -39.45381389324105
219.75704740896867 -39.44760449323774
219.75705631846043 -39.44139509323307
219.75706522558053 -39.43518569322707
219.75707413032984 -39.4289762932197
219.75708303270918 -39.422766893211005
219.7570919327194 -39.41655749320094
219.75710083036134 -39.41034809318955
219.76508082046385 -39.54075219374105
219.76508903635562 -39.534542792863036
219.76509725005738 -39.52833339198387
219.76510546157 -39.52212399110356
219.76512187803073 -39.50970518933951
219.76513008298045 -39.50349578845578
219.76513828574411 -39.497286387570895
219.76515468471635 -39.48486758579771
219.76516288092648 -39.4786581849094
219.76517107495366 -39.47244878401996
219.76517926679864 -39.46623938312936
219.76518745646223 -39.46002998223764
219.7651956439452 -39.45382058134476
219.76520382924832 -39.447611180450764
219.7652120123724 -39.44140177955562
219.7652201933181 -39.43519237865932
219.76522837208634 -39.428982977761905
219.7652365486778 -39.42277357686335
219.7652447230933 -39.41656417596365
219.7652528953336 -39.410354775062814
219.76526106539947 -39.40414537416084
219.77324816101594 -39.540758324838706
219.7732556476308 -39.534548923142964
219.77326313225004 -39.52833952144629
219.77327061487443 -39.522130119748674
219.77327809550468 -39.5159207180501
219.77329305078553 -39.5035019146501
219.77331546876843 -39.484873709542974
219.77332293744868 -39.478664307838706
219.77333040413973 -39.4724549061335
219.7733378688423 -39.466245504427334
219.77334533155712 -39.46003610272023
219.77335279228484 -39.45382670101217
219.77336025102622 -39.44761729930317
219.77336770778194 -39.441407897593216
219.77337516255272 -39.435198495882325
219.77338261533927 -39.42898909417049
219.7733900661423 -39.42277969245771
219.77339751496245 -39.41657029074398
219.7734049618005 -39.4103608890293
219.77341240665717 -39.40415148731369
219.77341984953307 -39.39794208559713
219.78134783036126 -39.602857910770204
219.78135460574583 -39.59664850834048
219.78141550294148 -39.54076388643808
219.78142226027884 -39.5345544840006
219.78142901581506 -39.52834508156235
219.78143576955068 -39.52213567912333
219.78144252148644 -39.51592627668353
219.78144927162293 -39.50971687424295
219.7814762541891 -39.48487926447293
219.78148299533888 -39.47866986202848
219.78148973469328 -39.472460459583274
219.78149647225285 -39.4662510571373
219.78150320801834 -39.46004165469054
219.7815099419903 -39.453832252243025
219.78151667416935 -39.447622849794726
219.78152340455622 -39.44141344734566
219.7815301331515 -39.435204044895826
219.78153685995582 -39.42899464244522
219.78154358496982 -39.42278523999384
219.78155030819417 -39.4165758375417
219.78155702962943 -39.4103664350888
219.7815637492763 -39.404157032635105
219.78157046713542 -39.39794763018065
219.78951643124074 -39.609072312634304
219.78952247701275 -39.60286290953781
219.78952852117166 -39.59665350644072
219.78953456371804 -39.590444103343
219.78957681643993 -39.54697828164166
219.7895828461067 -39.540768878539
219.78958887416613 -39.53455947543572
219.78959490061877 -39.528350072331826
219.78960092546515 -39.52214066922731
219.7896069487059 -39.515931266122195
219.78961297034158 -39.50972186301645
219.78961899037276 -39.5035124599101
219.78963102562386 -39.491093653695536
219.78963704084495 -39.48488425058734
219.78964305446382 -39.47867484747852
219.78964906648102 -39.4724654443691
219.78965507689716 -39.46625604125905
219.7896610857128 -39.46004663814839
219.78966709292848 -39.45383723503712
219.78967309854477 -39.447627831925246
219.7896791025623 -39.441418428812746
219.78968510498154 -39.435209025699635
219.78969110580314 -39.428999622585906
219.78969710502767 -39.42279021947157
219.78970310265564 -39.416580816356635
219.78970909868767 -39.410371413241066
219.78971509312427 -39.4041620101249
219.78972108596605 -39.397952607008115
219.7897270772136 -39.39174320389072
219.7897330668674 -39.385533800772706
219.7976864946546 -39.615286145421514
219.79769181042383 -39.60907674173412
219.79769712477457 -39.60286733804625
219.79770243770733 -39.5966579343579
219.7977077492227 -39.59044853066907
219.79775548915882 -39.534563897448145
219.79776078652745 -39.52835449375455
219.79776608248417 -39.52214509006047
219.79777137702948 -39.51593568636593
219.7977766701639 -39.509726282670904
219.79778196188795 -39.5035168789754
219.79778725220208 -39.49730747527943
219.7977978286027 -39.48488866788604
219.79780311469023 -39.47867926418864
219.7978083993698 -39.47246986049077
219.79781368264204 -39.46626045679242
219.7978189645074 -39.460051053093586
219.79782424496636 -39.4538416493943
219.79782952401948 -39.44763224569452
219.7978348016672 -39.441422841994275
219.79784007791 -39.435213438293566
219.79784535274845 -39.42900403459236
219.79785062618302 -39.42279463089069
219.7978558982142 -39.41658522718856
219.79786116884253 -39.41037582348595
219.79786643806844 -39.40416641978286
219.79787170589248 -39.3979570160793
219.79787697231512 -39.39174761237528
219.79788223733686 -39.38553820867077
219.79789276317973 -39.373119401260354
219.79791379807656 -39.34828178643386
219.80585802105503 -39.62149940890359
219.80586260643102 -39.61529000470119
219.80586719058329 -39.609080600498444
219.80587177351237 -39.60287119629533
219.80587635521863 -39.596661792091865
219.80588093570256 -39.59045238788804
219.80588551496453 -39.58424298368388
219.80589009300502 -39.578033579479346
219.80589466982445 -39.57182417527446
219.8059038198019 -39.55940536686363
219.80590839296076 -39.55319596265768
219.8059129649003 -39.54698655845138
219.80592210512322 -39.534567750037716
219.80592667340744 -39.52835834583034
219.80593124047408 -39.52214894162262
219.8059358063236 -39.51593953741454
219.8059403709564 -39.50973013320612
219.8059449343729 -39.50352072899735
219.80594949657353 -39.49731132478821
219.8059540575588 -39.49110192057872
219.80595861732908 -39.48489251636888
219.8059631758848 -39.47868311215869
219.80596773322645 -39.47247370794813
219.80597228935437 -39.466264303737226
219.80597684426905 -39.46005489952598
219.80598139797092 -39.45384549531437
219.8059859504604 -39.44763609110242
219.80599050173797 -39.441426686890104
219.80599505180396 -39.43521728267744
219.80599960065888 -39.429007878464425
219.80600414830312 -39.42279847425106
219.80600869473713 -39.41658907003734
219.80601323996135 -39.41037966582328
219.8060177839762 -39.40417026160886
219.80602232678208 -39.39796085739408
219.80602686837946 -39.391751453178955
219.80603140876877 -39.38554204896349
219.80603594795042 -39.379332644747656
219.80604048592485 -39.37312324053148
219.80604502269247 -39.36691383631495
219.80605409260903 -39.35449502788084
219.80605862575885 -39.348285623663266
219.80606315770356 -39.342076219445325
219.81403486548624 -39.62150269821074
219.81404642309184 -39.60287448428492
219.81405027357127 -39.596665079642484
219.81405412302342 -39.590455674999795
219.81405797144862 -39.58424627035684
219.8140618188473 -39.57803686571365
219.8140656652198 -39.57182746107021
219.8140695105665 -39.56561805642651
219.81407719818392 -39.55319924713836
219.8140810404554 -39.546989842493915
219.81408488170246 -39.540780437849214
219.81408872192557 -39.53457103320428
219.81409256112508 -39.528361628559075
219.81409639930132 -39.522152223913636
219.81410023645464 -39.51594281926793
219.81410407258545 -39.50973341462198
219.8141079076941 -39.503524009975784
219.81411174178098 -39.497314605329336
219.81411557484637 -39.49110520068264
219.81411940689074 -39.484895796035694
219.81412323791437 -39.47868639138849
219.81412706791767 -39.47247698674105
219.814130896901 -39.466267582093366
219.8141347248647 -39.46005817744541
219.81413855180912 -39.453848772797215
219.81414237773467 -39.447639368148785
219.8141462026417 -39.44142996350009
219.8141500265305 -39.43522055885115
219.81415384940158 -39.429011154201966
219.81415767125517 -39.42280174955252
219.8141614920917 -39.41659234490284
219.81416531191147 -39.41038294025291
219.8141691307149 -39.40417353560273
219.81417294850235 -39.397964130952296
219.8141767652741 -39.39175472630163
219.81418058103063 -39.385545321650696
219.81418439577223 -39.37933591699952
219.8141882094993 -39.37312651234811
219.81419583391116 -39.36070770304452
219.8141996445967 -39.35449829839235
219.8142034542691 -39.348288893739934
219.81420726292876 -39.34207948908728
219.81421107057602 -39.335870084434376
219.81421487721124 -39.32966067978123
219.82222731105102 -39.59045839200417
219.82223042863922 -39.58424898699855
219.82223354539585 -39.578039581992776
219.82223666132114 -39.57183017698683
219.82223977641542 -39.565620771980726
219.822242890679 -39.55941136697445
219.82224600411217 -39.553201961968014
219.82224911671523 -39.54699255696141
219.82225222848848 -39.54078315195464
219.8222553394322 -39.53457374694772
219.82225844954667 -39.52836434194062
219.82226466728912 -39.51594553192595
219.82226777491766 -39.50973612691836
219.8222708817182 -39.50352672191061
219.82227398769095 -39.49731731690269
219.82227709283623 -39.491107911894616
219.82228019715436 -39.484898506886374
219.82228330064564 -39.478689101877976
219.82228640331033 -39.47247969686941
219.82228950514872 -39.466270291860674
219.82229260616114 -39.46006088685177
219.8222957063479 -39.45385148184272
219.82229880570924 -39.4476420768335
219.82230190424545 -39.4414326718241
219.82230500195686 -39.43522326681456
219.82230809884373 -39.42901386180484
219.8223111949064 -39.42280445679497
219.82231429014513 -39.41659505178493
219.82231738456022 -39.41038564677473
219.82232047815194 -39.40417624176437
219.82232357092064 -39.397966836753845
219.82232666286654 -39.391757431743144
219.82232975399 -39.3855480267323
219.82233284429128 -39.37933862172128
219.82233593377066 -39.37312921671011
219.82233902242845 -39.36691981169877
219.82234211026497 -39.36071040668726
219.82234519728044 -39.35450100167561
219.82234828347518 -39.34829159666377
219.82235136884952 -39.342082191651784
219.8223544534037 -39.33587278663962
219.82235753713806 -39.32966338162731
219.83038616576312 -39.62771697065218
219.83039572423843 -39.60287934948518
219.83039811226337 -39.59666994419319
219.8304004996512 -39.59046053890109
219.83040288640214 -39.584251133608895
219.83040527251643 -39.57804172831662
219.8304076579943 -39.57183232302424
219.83041242704164 -39.55941351243919
219.83041481061161 -39.55320410714653
219.83041957584516 -39.54078529656089
219.83042195750923 -39.534575891267934
219.83042909869334 -39.51594767538849
219.8304338563116 -39.50352886480171
219.83043861139498 -39.49111005421455
219.83044098798666 -39.48490064892082
219.83044336394534 -39.478691243627
219.8304457392712 -39.47248183833308
219.83044811396448 -39.46627243303907
219.8304504880254 -39.46006302774496
219.8304528614542 -39.45385362245075
219.83045523425108 -39.447644217156444
219.83045760641627 -39.44143481186206
219.83045997795 -39.43522540656756
219.83046234885254 -39.42901600127298
219.83046471912405 -39.42280659597829
219.83046708876475 -39.41659719068351
219.8304694577749 -39.41038778538864
219.83047182615474 -39.404178380093676
219.83047419390445 -39.3979689747986
219.83047656102428 -39.39175956950344
219.83047892751443 -39.38555016420819
219.83048129337516 -39.37934075891284
219.83048365860665 -39.37313135361739
219.83048602320918 -39.36692194832185
219.83048838718292 -39.36071254302622
219.8304907505281 -39.354503137730475
219.83049311324498 -39.34829373243465
219.83049547533375 -39.34208432713873
219.83049783679465 -39.3358749218427
219.83050019762788 -39.32966551654659
219.83050255783368 -39.32345611125038
219.83856042546128 -39.64013735971007
219.83856871829735 -39.60909033219817
219.83857037553693 -39.60288092669565
219.83857203233433 -39.59667152119309
219.8385736886897 -39.590462115690464
219.8385753446032 -39.58425271018781
219.838577000075 -39.5780433046851
219.83857865510524 -39.57183389918235
219.83858030969412 -39.56562449367955
219.83858196384176 -39.5594150881767
219.83858857602308 -39.53457746616486
219.8385902279669 -39.52836806066179
219.83859353053384 -39.5159492496555
219.83859518115727 -39.50973984415228
219.83859683134088 -39.50353043864902
219.83859848108483 -39.49732103314571
219.83860013038927 -39.49111162764236
219.83860177925436 -39.484902222138956
219.83860342768023 -39.47869281663551
219.83860507566706 -39.47248341113202
219.83860672321507 -39.466274005628485
219.8386083703243 -39.4600646001249
219.83861001699498 -39.45385519462127
219.83861166322725 -39.44764578911759
219.83861330902124 -39.44143638361386
219.83861495437716 -39.43522697811009
219.8386165992951 -39.42901757260628
219.8386182437753 -39.422808167102424
219.83861988781783 -39.416598761598514
219.8386215314229 -39.410389356094555
219.83862317459062 -39.40417995059056
219.8386248173212 -39.39797054508652
219.83862645961474 -39.391761139582435
219.83862810147147 -39.38555173407829
219.83862974289144 -39.37934232857412
219.8386313838749 -39.37313292306988
219.83863302442197 -39.3669235175656
219.83863466453278 -39.36071411206129
219.83863630420754 -39.35450470655692
219.83863794344632 -39.3482953010525
219.83863958224936 -39.34208589554805
219.8386412206168 -39.33587649004354
219.83864285854875 -39.329667084539
219.8386444960454 -39.3234576790344
219.8386461331069 -39.31724827352976
219.84674410132303 -39.60909133928326
219.84674502713978 -39.60288193364627
219.8467459527095 -39.59667252800927
219.84674687803232 -39.59046312237224
219.84674780310826 -39.58425371673521
219.84674872793744 -39.57804431109817
219.84674965251997 -39.57183490546111
219.84675057685592 -39.56562549982402
219.84675150094537 -39.559416094186936
219.84675242478838 -39.55320668854983
219.8467533483851 -39.54699728291272
219.84675888479762 -39.509740849089695
219.8467598066726 -39.503531443452474
219.84676072830192 -39.49732203781523
219.8467616496857 -39.49111263217799
219.84676257082407 -39.48490322654072
219.84676349171704 -39.47869382090345
219.8467644123648 -39.47248441526615
219.84676533276732 -39.466275009628845
219.8467662529248 -39.46006560399153
219.84676717283722 -39.453856198354195
219.84676809250473 -39.447646792716846
219.84676901192745 -39.441437387079475
219.84676993110537 -39.4352279814421
219.84677085003867 -39.4290185758047
219.8467717687274 -39.42280917016729
219.84677268717164 -39.41659976452988
219.84677360537145 -39.41039035889243
219.84677452332699 -39.404180953254986
219.8467754410383 -39.39797154761752
219.84677635850548 -39.39176214198004
219.84677727572858 -39.38555273634254
219.84677819270775 -39.379343330705034
219.84677910944302 -39.37313392506751
219.8467800259345 -39.36692451942997
219.84678094218228 -39.36071511379242
219.84678185818646 -39.35450570815486
219.84678277394707 -39.34829630251728
219.84678368946427 -39.34208689687969
219.8467846047381 -39.33587749124207
219.84678551976867 -39.32966808560445
219.84678643455604 -39.32345867996682
219.85491851177073 -39.64013880450884
219.85491890102574 -39.627719993118234
219.85491909557533 -39.62151058742293
219.85491929007298 -39.61530118172762
219.85491948451877 -39.609091776032315
219.85491967891267 -39.602882370337014
219.85491987325463 -39.596672964641705
219.8549200675448 -39.590463558946404
219.85492026178315 -39.58425415325109
219.85492045596968 -39.578044747555786
219.8549206501044 -39.57183534186047
219.85492084418732 -39.56562593616516
219.85492103821852 -39.55941653046985
219.85492123219797 -39.553207124774545
219.85492181382608 -39.53457890768862
219.85492258860702 -39.509741284907356
219.85492278217325 -39.503531879212034
219.85492297568788 -39.49732247351672
219.85492316915094 -39.49111306782141
219.85492336256252 -39.48490366212609
219.85492355592254 -39.478694256430764
219.85492374923106 -39.47248485073545
219.85492394248814 -39.466275445040125
219.8549243288479 -39.45385663364948
219.85492452195058 -39.447647227954164
219.85492471500189 -39.44143782225884
219.8549249080018 -39.43522841656352
219.85492510095037 -39.4290190108682
219.85492529384757 -39.42280960517287
219.85492567948796 -39.41039079378222
219.85492587223123 -39.4041813880869
219.8549260649232 -39.397971982391574
219.8549262575639 -39.391762576696244
219.85492645015339 -39.38555317100092
219.85492664269162 -39.379343765305585
219.85492683517867 -39.37313435961026
219.8549270276145 -39.366924953914925
219.85492721999918 -39.3607155482196
219.8549274123327 -39.35450614252427
219.8549276046151 -39.348296736828935
219.85492779684637 -39.3420873311336
219.85492798902655 -39.33587792543826
219.85492818115566 -39.329668519742924
219.86309755504647 -39.64013867083259
219.86309701730022 -39.633929265155146
219.86309647969753 -39.62771985947769
219.86309594223835 -39.62151045380025
219.86309540492257 -39.615301048122774
219.86309486775022 -39.60909164244532
219.8630943307212 -39.602882236767854
219.86309379383547 -39.59667283109037
219.863093257093 -39.5904634254129
219.86309272049368 -39.58425401973542
219.8630921840375 -39.57804461405792
219.86309164772442 -39.57183520838043
219.86309111155433 -39.56562580270293
219.86309057552725 -39.55941639702543
219.86309003964314 -39.55320699134791
219.86308950390185 -39.54699758567042
219.86308843284775 -39.53457877431538
219.86308682733696 -39.515950557282785
219.86308629245187 -39.509741151605226
219.86308575770937 -39.503531745927695
219.8630852231093 -39.49732234025014
219.86308468865167 -39.491112934572584
219.86308415433638 -39.48490352889502
219.86308362016345 -39.47869412321745
219.86308308613278 -39.47248471753989
219.86308255224432 -39.46627531186232
219.86308201849803 -39.460065906184724
219.86308148489385 -39.45385650050714
219.86308095143175 -39.447647094829556
219.86308041811168 -39.441437689151954
219.86307988493357 -39.43522828347435
219.86307935189737 -39.42901887779675
219.86307881900302 -39.42280947211915
219.86307775363974 -39.41039066076391
219.86307722117073 -39.404181255086286
219.86307668884336 -39.39797184940866
219.8630761566576 -39.39176244373103
219.8630756246134 -39.38555303805338
219.86307509271072 -39.37934363237574
219.86307456094949 -39.37313422669809
219.86307402932968 -39.36692482102044
219.86307349785125 -39.36071541534279
219.8630729665141 -39.35450600966513
219.86307243531823 -39.348296603987464
219.86307190426356 -39.34208719830979
219.8630708425777 -39.329668386954424
219.87127405827056 -39.62771915527254
219.8712727888026 -39.621509749689146
219.87127151967348 -39.61530034410572
219.87127025088304 -39.609090938522264
219.87126898243116 -39.60288153293879
219.87126771431772 -39.59667212735529
219.87126644654262 -39.59046272177175
219.8712651791057 -39.584253316188196
219.87126391200687 -39.578043910604606
219.87126264524602 -39.571834505020995
219.871261378823 -39.56562509943735
219.87126011273767 -39.55941569385368
219.87125884698997 -39.55320628826999
219.87125758157973 -39.54699688268626
219.87125631650687 -39.54078747710251
219.87125505177124 -39.53457807151874
219.8712512595866 -39.51594985476724
219.8712499961987 -39.509740449183354
219.8712487331475 -39.503531043599445
219.87124747043276 -39.49732163801551
219.87124620805443 -39.491112232431526
219.8712449460124 -39.48490282684754
219.8712436843065 -39.47869342126352
219.87124242293666 -39.47248401567948
219.87124116190273 -39.466274610095404
219.87123990120463 -39.46006520451129
219.87123864084217 -39.453855798927165
219.8712373808153 -39.44764639334301
219.87123612112384 -39.44143698775883
219.87123486176773 -39.43522758217462
219.87123360274686 -39.42901817659038
219.871232344061 -39.42280877100612
219.87123108571015 -39.416599365421824
219.87122982769412 -39.41038995983751
219.87122857001285 -39.404180554253166
219.87122731266615 -39.39797114866879
219.87122605565395 -39.391761743084395
219.87122479897613 -39.385552337499966
219.87122354263258 -39.37934293191551
219.87122228662312 -39.37313352633103
219.8712210309477 -39.366924120746525
219.8712197756062 -39.360714715162
219.87121852059846 -39.354505309577426
219.87121726592437 -39.34829590399284
219.87121601158378 -39.342086498408236
219.87121475757667 -39.335877092823594
219.8794516366102 -39.627717880502786
219.87944963513362 -39.62150847508966
219.87944763419122 -39.61529906967645
219.8794456337828 -39.609089664263195
219.87944363390815 -39.602880258849865
219.87944163456712 -39.596670853436464
219.87943963575947 -39.59046144802299
219.87943763748507 -39.58425204260945
219.8794356397437 -39.57804263719584
219.87943364253513 -39.57183323178217
219.87943164585923 -39.56562382636843
219.8794296497158 -39.559414420954624
219.87942765410463 -39.553205015540755
219.87942565902551 -39.54699561012681
219.87942366447834 -39.540786204712795
219.8794216704628 -39.53457679929872
219.87941768402615 -39.52215798847037
219.87941569160458 -39.51594858305609
219.879413699714 -39.50973917764173
219.87941170835413 -39.50352977222732
219.87940971752485 -39.49732036681283
219.87940772722595 -39.491110961398284
219.8794057374572 -39.48490155598367
219.8794037482185 -39.47869215056898
219.87940175950956 -39.47248274515424
219.87939977133027 -39.466273339739416
219.8793977836804 -39.46006393432454
219.87939579655978 -39.453854528909574
219.8793938099682 -39.44764512349455
219.87939182390548 -39.44143571807947
219.87938983837148 -39.43522631266432
219.87938785336593 -39.42901690724909
219.8793858688887 -39.4228075018338
219.87938388493959 -39.416598096418454
219.8793819015184 -39.41038869100304
219.87937991862495 -39.40417928558753
219.87937793625906 -39.39796988017199
219.87937595442054 -39.39176047475636
219.87937397310918 -39.38555106934067
219.87937199232482 -39.37934166392491
219.87937001206726 -39.373132258509095
219.8793680323363 -39.3669228530932
219.8793660531318 -39.360713447677256
219.87936407445352 -39.35450404226122
219.8793620963013 -39.34829463684513
219.87936011867495 -39.342085231428975
219.8793581415743 -39.33587582601275
219.8793561649991 -39.32966642059647
219.8876319487969 -39.63392544033503
219.88762921458203 -39.62771603516849
219.88762648109696 -39.62150663000184
219.88762374834138 -39.61529722483506
219.8876210163151 -39.60908781966813
219.88761828501785 -39.6028784145011
219.88761555444935 -39.596669009333944
219.88761282460933 -39.59045960416666
219.8876100954976 -39.584250198999236
219.8876073671138 -39.5780407938317
219.8876046394577 -39.57183138866402
219.88760191252908 -39.565621983496236
219.88759918632763 -39.5594125783283
219.88759646085316 -39.55320317316026
219.88759373610532 -39.54699376799209
219.88759101208396 -39.54078436282379
219.88758828878872 -39.53457495765537
219.88758556621937 -39.52836555248681
219.88758284437566 -39.52215614731814
219.88758012325738 -39.515946742149346
219.88757740286417 -39.50973733698042
219.88757468319585 -39.50352793181136
219.88757196425215 -39.49731852664218
219.8875692460328 -39.49110912147288
219.88756652853755 -39.48489971630345
219.88756381176609 -39.478690311133896
219.88756109571824 -39.47248090596421
219.88755838039373 -39.46627150079441
219.88755566579223 -39.46006209562448
219.8875529519136 -39.45385269045442
219.88755023875746 -39.447643285284244
219.88754752632363 -39.44143388011395
219.88754210362185 -39.42901506977295
219.88753939335336 -39.42280566460228
219.88753668380613 -39.416596259431465
219.88753397497993 -39.41038685426053
219.887520441655 -39.37933982840401
219.88751773714947 -39.373130423232325
219.88751503336317 -39.36692101806053
219.88751233029578 -39.3607116128886
219.88750962794714 -39.35450220771655
219.88750692631692 -39.348292802544364
219.88750422540494 -39.342083397372065
219.88750152521087 -39.33587399219964
219.88749882573447 -39.32966458702709
219.89581372581424 -39.64013242895707
219.89581025847005 -39.6339230241135
219.89580679205142 -39.62771361926973
219.89580332655802 -39.62150421442575
219.89579986198956 -39.615294809581556
219.89579639834565 -39.60908540473718
219.89579293562596 -39.602875999892596
219.8957894738302 -39.5966665950478
219.89578601295804 -39.59045719020281
219.8957825530091 -39.58424778535762
219.8957790939831 -39.57803838051222
219.89577563587966 -39.57182897566662
219.8957721786985 -39.565619570820814
219.8957687224393 -39.5594101659748
219.89576526710167 -39.55320076112859
219.89576181268535 -39.54699135628219
219.89575835918995 -39.54078195143557
219.8957549066152 -39.53457254658876
219.89575145496073 -39.528363141741735
219.8957480042262 -39.52215373689452
219.89574455441132 -39.51594433204709
219.89574110551575 -39.50973492719947
219.89573765753917 -39.50352552235165
219.89573421048124 -39.497316117503615
219.89573076434164 -39.49110671265539
219.89572731912003 -39.48489730780695
219.89572387481613 -39.47868790295832
219.89572043142954 -39.47247849810949
219.89571698895995 -39.46626909326045
219.8957135474071 -39.460059688411214
219.89571010677057 -39.453850283561785
219.8956929173222 -39.42280325931158
219.89568948217706 -39.41659385446093
219.89566889049078 -39.37933742535284
219.89566546173745 -39.37312802050079
219.89566203389595 -39.366918615648544
219.89565860696595 -39.360709210796095
219.8956551809471 -39.354499805943455
219.8956517558391 -39.34829040109061
219.89564833164167 -39.342080996237556
219.8956449083544 -39.335871591384304
219.895641485977 -39.32966218653086
219.904005373209 -39.65875765502753
219.90400117010023 -39.652548250583926
219.90399696811374 -39.646338846140026
219.90399276724912 -39.64012944169585
219.90398856750596 -39.63392003725134
219.90398436888387 -39.627710632806554
219.90398017138244 -39.62150122836147
219.9039759750013 -39.61529182391608
219.90397177973998 -39.6090824194704
219.90396758559817 -39.6028730150244
219.90396339257535 -39.59666361057813
219.90395920067127 -39.590454206131554
219.90395500988544 -39.584244801684676
219.9039508202175 -39.578035397237514
219.90394663166697 -39.57182599279003
219.90394244423354 -39.56561658834226
219.9039382579168 -39.5594071838942
219.9039340727163 -39.55319777944584
219.90392988863172 -39.54698837499718
219.90392570566257 -39.54077897054821
219.90392152380852 -39.53456956609896
219.90391734306917 -39.528360161649424
219.9039131634441 -39.52215075719956
219.90390898493288 -39.51594135274943
219.9039048075352 -39.50973194829898
219.9039006312506 -39.503522543848256
219.9038964560787 -39.49731313939722
219.90389228201911 -39.4911037349459
219.9038881090714 -39.48489433049427
219.90388393723524 -39.478684926042355
219.90387976651016 -39.47247552159014
219.90387559689583 -39.46626611713763
219.90387142839182 -39.460056712684825
219.90384227991964 -39.41659088150693
219.903838120284 -39.410381477051764
219.90380488300997 -39.36070624139986
219.90380073332122 -39.35449683694204
219.9037965847357 -39.34828743248394
219.903792437253 -39.34207802802555
219.9037882908728 -39.33586862356685
219.90378414559467 -39.32965921910787
219.91218661224153 -39.65875409562291
219.91218167614718 -39.65254469165497
219.91217674137079 -39.64633528768662
219.91217180791193 -39.64012588371788
219.91216687577008 -39.6339164797487
219.9121619449448 -39.627707075779114
219.91215701543567 -39.621497671809124
219.91215208724213 -39.61528826783872
219.91214716036376 -39.6090788638679
219.91214223480006 -39.602869459896674
219.9121373105506 -39.596660055925035
219.9121323876149 -39.59045065195299
219.91212746599246 -39.584241247980536
219.91212254568285 -39.57803184400766
219.91211762668556 -39.57182244003439
219.91211270900016 -39.56561303606069
219.9121077926262 -39.55940363208659
219.91210287756311 -39.55319422811209
219.91209796381057 -39.54698482413717
219.912093051368 -39.54077542016184
219.912088140235 -39.534566016186105
219.91208323041107 -39.52835661220997
219.91207832189573 -39.52214720823341
219.9120734146885 -39.515937804256446
219.912068508789 -39.50972840027907
219.9120636041967 -39.503518996301295
219.91205870091113 -39.4973095923231
219.91205379893185 -39.491100188344504
219.91204889825838 -39.484890784365504
219.91204399889025 -39.47868138038609
219.91203910082703 -39.472471976406275
219.91203420406822 -39.46626257242605
219.91202930861334 -39.460053168445405
219.91202441446197 -39.45384376446437
219.91201463006786 -39.44142495650105
219.91200973982419 -39.43521555251879
219.91200485088214 -39.42900614853613
219.9119999632413 -39.42279674455305
219.91199507690115 -39.41658734056956
219.91198530812113 -39.40416853260138
219.91197554453842 -39.39174972463157
219.9119511582957 -39.36070270469996
219.9119462849373 -39.35449330071241
219.9119414128745 -39.34828389672448
219.91193654210696 -39.34207449273613
219.91193167263407 -39.33586508874738
219.92037352096006 -39.66495936868826
219.9203678503662 -39.658749965272825
219.92036218128663 -39.652540561856846
219.92035651372072 -39.646331158440326
219.92035084766795 -39.64012175502327
219.9203451831278 -39.63391235160567
219.92033952009973 -39.627702948187526
219.92033385858318 -39.62149354476883
219.92032819857764 -39.615284141349605
219.92032254008254 -39.60907473792982
219.92031688309737 -39.60286533450951
219.92031122762157 -39.59665593108865
219.92030557365462 -39.590446527667254
219.92029992119595 -39.58423712424531
219.92029427024505 -39.57802772082283
219.92028862080136 -39.5718183173998
219.92028297286436 -39.56560891397624
219.9202773264335 -39.55939951055213
219.92027168150827 -39.55319010712749
219.9202660380881 -39.5469807037023
219.9202603961725 -39.54077130027658
219.92025475576085 -39.53456189685033
219.9202491168527 -39.52835249342352
219.92024347944746 -39.52214308999616
219.92023784354464 -39.51593368656828
219.92023220914365 -39.50972428313986
219.92022657624398 -39.503514879710906
219.9202209448451 -39.4973054762814
219.92021531494652 -39.491096072851356
219.92020968654762 -39.48488666942079
219.9202040596479 -39.478677265989674
219.92019843424683 -39.47246786255803
219.9201928103439 -39.46625845912583
219.92018718793855 -39.460049055693105
219.92018156703026 -39.45383965225984
219.9201759476185 -39.44763024882603
219.9201647132824 -39.43521144195683
219.92015909835698 -39.42900203852142
219.92854908744826 -39.65874526397744
219.9285426853838 -39.652535861189726
219.9285362850288 -39.64632645840131
219.92852988638256 -39.640117055612215
219.92852348944453 -39.633907652822415
219.92851709421404 -39.627698250031926
219.92851070069057 -39.621488847240755
219.92850430887344 -39.61527944444889
219.92849791876205 -39.609070041656324
219.92849153035579 -39.60286063886306
219.9284851436541 -39.59665123606913
219.92847875865627 -39.59044183327449
219.9284723753618 -39.58423243047917
219.92846599377 -39.57802302768315
219.92845961388034 -39.57181362488644
219.92845323569216 -39.56560422208905
219.92844685920483 -39.559394819290965
219.92844048441782 -39.55318541649219
219.92843411133046 -39.54697601369273
219.92842773994218 -39.540766610892575
219.92842137025235 -39.53455720809174
219.92841500226038 -39.5283478052902
219.9284022713676 -39.515928999685094
219.92839590846557 -39.50971959688151
219.92838954725897 -39.50351019407722
219.92838318774722 -39.49730079127226
219.92837682992968 -39.491091388466614
219.92837047380578 -39.484881985660266
219.9283641193749 -39.47867258285324
219.92835776663645 -39.47246318004554
219.9283514155898 -39.46625377723714
219.92834506623436 -39.46004437442806
219.92833871856956 -39.45383497161829
219.92833237259478 -39.44762556880785
219.9283260283094 -39.441416165996706
219.92831968571284 -39.435206763184894
219.92831334480448 -39.428997360372385
219.92830700558375 -39.4227879575592
219.936723188304 -39.65253058965376
219.93671605516033 -39.64632118756973
219.93670892392112 -39.640111785484855
219.93670179458564 -39.63390238339912
219.9366946671533 -39.627692981312514
219.93668754162331 -39.621483579225064
219.93668041799503 -39.61527417713674
219.9366732962678 -39.60906477504756
219.93666617644098 -39.60285537295752
219.93665905851378 -39.596645970866625
219.9366519424856 -39.59043656877487
219.93664482835578 -39.58422716668226
219.9366377161236 -39.5780177645888
219.93663060578842 -39.57180836249447
219.9366234973495 -39.5655989603993
219.93661639080622 -39.55938955830325
219.93660928615787 -39.553180156206366
219.9366021834038 -39.546970754108614
219.93659508254333 -39.54076135201
219.93658798357578 -39.53455194991055
219.93658088650045 -39.528342547810226
219.93657379131673 -39.52213314570906
219.93656669802388 -39.51592374360703
219.93655960662127 -39.509714341504164
219.9365525171082 -39.503504939400436
219.93654542948403 -39.497295537295855
219.93653834374805 -39.491086135190415
219.9365312598996 -39.48487673308413
219.93652417793803 -39.47866733097699
219.9365170978626 -39.47245792886899
219.9365100196727 -39.46624852676015
219.9365029433677 -39.46003912465045
219.93649586894685 -39.4538297225399
219.93648879640952 -39.447620320428506
219.936481725755 -39.441410918316244
219.93647465698263 -39.435201516203165
219.94491155794506 -39.65873414855146
219.94489582398066 -39.64631534594581
219.94486438124687 -39.62147774072194
219.94485652580804 -39.61526833941336
219.9448486724655 -39.60905893810374
219.94484082121858 -39.60284953679307
219.94483297206648 -39.59664013548136
219.94482512500846 -39.590430734168606
219.94481728004382 -39.58422133285481
219.94480943717173 -39.578011931539976
219.94480159639156 -39.57180253022408
219.94479375770243 -39.56559312890716
219.94478592110366 -39.5593837275892
219.94477808659454 -39.553174326270195
219.94477025417427 -39.546964924950146
219.94476242384212 -39.54075552362906
219.94475459559737 -39.534546122306935
219.94474676943926 -39.52833672098377
219.94473894536702 -39.52212731965957
219.94473112337994 -39.515917918334324
219.94472330347725 -39.509708517008036
219.94471548565824 -39.503499115680725
219.94470766992214 -39.49728971435236
219.94469985626824 -39.49108031302297
219.94469204469576 -39.48487091169254
219.944684235204 -39.47866151036107
219.94467642779216 -39.472452109028566
219.94466862245955 -39.466242707695024
219.94466081920544 -39.46003330636046
219.94465301802904 -39.453823905024855
219.94463742190652 -39.44140510235054
219.94451295130642 -39.3420546808074
219.94450518946704 -39.3358452794522
219.94449742969067 -39.32963587809598
219.95305840080277 -39.63389013263316
219.9530498089682 -39.627680732183016
219.95304121942686 -39.62147133173161
219.95303263217798 -39.615261931278965
219.95302404722074 -39.60905253082506
219.95301546455428 -39.60284313036993
219.95300688417785 -39.596633729913535
219.9529983060906 -39.59042432945589
219.95298973029165 -39.584214928997014
219.95298115678028 -39.57800552853687
219.95297258555564 -39.571796128075505
219.95296401661693 -39.56558672761288
219.9529554499633 -39.559377327149015
219.95294688559392 -39.553167926683905
219.95293832350805 -39.546958526217544
219.95292976370482 -39.540749125749954
219.95292120618342 -39.53453972528113
219.95291265094303 -39.52833032481104
219.95290409798287 -39.52212092433971
219.95289554730212 -39.515911523867146
219.95288699889997 -39.509702123393346
219.95287845277556 -39.50349272291831
219.95286990892814 -39.497283322442016
219.95286136735686 -39.49107392196449
219.95285282806094 -39.48486452148573
219.95284429103953 -39.47865512100574
219.95283575629185 -39.47244572052449
219.95282722381714 -39.46623632004202
219.95281869361446 -39.46002691955831
219.95280164002227 -39.44760811858717
219.96123670160958 -39.633883151290966
219.9612273775748 -39.62767375177338
219.9612180560287 -39.621464352254314
219.96120873697043 -39.615254952733785
219.96119942039908 -39.60904555321179
219.96119010631378 -39.60283615368831
219.96118079471364 -39.59662675416338
219.96117148559773 -39.590417354636976
219.9611621789652 -39.58420795510909
219.96115287481513 -39.577998555579754
219.96114357314673 -39.57178915604895
219.96113427395898 -39.56557975651667
219.9611249772511 -39.55937035698294
219.96111568302214 -39.55316095744773
219.96110639127124 -39.54695155791106
219.96109710199755 -39.54074215837292
219.96108781520016 -39.53453275883333
219.96107853087815 -39.52832335929227
219.9610692490307 -39.522113959749746
219.9610599696569 -39.51590456020576
219.96105069275586 -39.509695160660314
219.96104141832674 -39.503485761113424
219.96103214636858 -39.49727636156505
219.96102287688058 -39.491066962015225
219.96101360986182 -39.48485756246394
219.96100434531144 -39.47864816291119
219.96099508322854 -39.472438763357
219.96098582361225 -39.46622936380133
219.9609765664617 -39.460019964244225
219.96089336292036 -39.404135368164724
219.96943512122718 -39.646294396322084
219.96942505962176 -39.6400849978167
219.9694150007024 -39.63387559930962
219.96940494446812 -39.62766620080081
219.96939489091798 -39.62145680229031
219.96938484005102 -39.61524740377808
219.96937479186627 -39.609038005264146
219.96936474636274 -39.6028286067485
219.96935470353955 -39.59661920823116
219.9693446633957 -39.5904098097121
219.96933462593023 -39.58420041119135
219.9693245911422 -39.57799101266885
219.96931455903064 -39.57178161414468
219.9693045295946 -39.5655722156188
219.96929450283315 -39.55936281709121
219.9692844787453 -39.55315341856191
219.96927445733007 -39.54694402003093
219.9692644385866 -39.540734621498224
219.96925442251387 -39.534525222963815
219.96924440911096 -39.52831582442772
219.96923439837687 -39.52210642588992
219.9692243903107 -39.51589702735042
219.96921438491148 -39.50968762880921
219.96920438217828 -39.503478230266296
219.96919438211012 -39.4972688317217
219.96918438470604 -39.4910594331754
219.96917438996513 -39.484850034627414
219.96916439788643 -39.478640636077714
219.969154408469 -39.47243123752633
219.96914442171186 -39.46622183897324
219.9691344376141 -39.46001244041847
219.9776256805334 -39.65249566894894
219.97761488345554 -39.64628627153106
219.97760408926027 -39.64007687411121
219.97759329794667 -39.633867476689396
219.97758250951364 -39.62765807926561
219.97757172396015 -39.62144868183986
219.97756094128522 -39.615239284412134
219.97755016148778 -39.60902988698244
219.97753938456685 -39.60282048955077
219.97752861052135 -39.59661109211715
219.97751783935027 -39.59040169468155
219.97750707105263 -39.58419229724399
219.9774963056273 -39.57798289980447
219.97748554307339 -39.57177350236298
219.97747478338977 -39.56556410491954
219.97746402657546 -39.55935470747412
219.97745327262945 -39.55314531002675
219.97744252155067 -39.54693591257742
219.97743177333814 -39.54072651512612
219.97742102799083 -39.53451711767288
219.9774102855077 -39.52830772021766
219.97739954588775 -39.522098322760506
219.97738880912993 -39.515888925301375
219.97737807523328 -39.5096795278403
219.9773673441967 -39.50347013037726
219.97735661601922 -39.49726073291226
219.97733516823752 -39.48484193797642
219.97732444863124 -39.478632540505565
219.97731373188 -39.47242314303277
219.97730301798273 -39.466213745558015
219.9772923069385 -39.460004348081306
219.9772815987462 -39.45379495060265
219.98581770650367 -39.658696368458344
219.9858061735617 -39.65248697220478
219.9857946436991 -39.64627757594898
219.98578311691486 -39.64006817969092
219.98577159320774 -39.63385878343061
219.98576007257677 -39.627649387168056
219.98574855502073 -39.62143999090326
219.98573704053865 -39.61523059463623
219.98572552912933 -39.60902119836693
219.98571402079176 -39.60281180209542
219.98570251552474 -39.596602405821635
219.98569101332725 -39.590393009545636
219.98567951419818 -39.58418361326737
219.98566801813644 -39.57797421698688
219.9856565251409 -39.57176482070415
219.9856450352105 -39.56555542441918
219.98563354834417 -39.55934602813196
219.98562206454073 -39.55313663184253
219.98561058379917 -39.54692723555085
219.98559910611837 -39.54071783925694
219.98558763149725 -39.53450844296079
219.9855761599347 -39.528299046662404
219.9855646914297 -39.522089650361785
219.98555322598102 -39.51588025405895
219.9855417635877 -39.50967085775387
219.98553030424856 -39.503461461446555
219.98551884796262 -39.49725206513703
219.9855073947287 -39.49104266882526
219.9854959445457 -39.48483327251127
219.98548449741267 -39.47862387619505
219.98547305332835 -39.4724144798766
219.98546161229177 -39.46620508355594
219.9854501743018 -39.45999568723305
219.9854387393574 -39.45378629090793
219.99398666446967 -39.652477704593586
219.9939498863511 -39.63384951953357
219.993937633523 -39.62764012450849
219.9939253839653 -39.62143072948086
219.99391313767688 -39.615221334450695
219.99390089465652 -39.60901193941799
219.99388865490312 -39.60280254438274
219.99387641841545 -39.596593149344955
219.99386418519242 -39.590383754304646
219.99385195523277 -39.58417435926181
219.99383972853542 -39.57796496421642
219.99382750509912 -39.571755569168495
219.9938152849228 -39.565546174118055
219.99380306800523 -39.55933677906507
219.9937908543453 -39.55312738400957
219.99377864394177 -39.546917988951535
219.99376643679355 -39.54070859389096
219.99375423289948 -39.534499198827874
219.99374203225838 -39.528289803762256
219.99372983486904 -39.522080408694116
219.99371764073038 -39.515871013623446
219.99370544984123 -39.50966161855025
219.99369326220042 -39.50345222347454
219.99368107780677 -39.4972428283963
219.99366889665916 -39.491033433315536
219.9936567187564 -39.484824038232276
219.99364454409738 -39.47861464314648
219.99363237268088 -39.47240524805816
219.9936202045058 -39.46619585296734
219.99360803957097 -39.45998645787399
219.99359587787524 -39.45377706277813
219.99358371941744 -39.44756766767976
219.99357156419646 -39.441358272578874
220.0021671531226 -39.6524678661157
220.0021281772421 -39.63383968499863
220.0021151922178 -39.62763029128723
220.0021022106593 -39.621420897572975
220.00208923256545 -39.615211503855875
220.002076257935 -39.60900211013591
220.00206328676666 -39.60279271641311
220.00205031905924 -39.59658332268746
220.0020373548115 -39.590373928958954
220.00202439402221 -39.5841645352276
220.0020114366901 -39.57795514149341
220.001998482814 -39.57174574775637
220.00198553239264 -39.565536354016494
220.00197258542474 -39.55932696027377
220.00195964190917 -39.5531175665282
220.0019467018446 -39.5469081727798
220.00193376522986 -39.54069877902856
220.00192083206372 -39.53448938527447
220.00190790234493 -39.52827999151755
220.00189497607226 -39.522070597757796
220.00188205324451 -39.5158612039952
220.0018691338604 -39.50965181022979
220.00185621791877 -39.50344241646154
220.00184330541836 -39.49723302269044
220.00183039635792 -39.491023628916516
220.00181749073627 -39.484814235139766
220.00180458855215 -39.47860484136019
220.00179168980435 -39.47239544757778
220.00177879449168 -39.466186053792555
220.00176590261287 -39.45997666000449
220.00175301416672 -39.453767266213625
220.001740129152 -39.44755787241991
220.0017272475675 -39.44134847862338
220.01029274852658 -39.62761988750464
220.01027903496828 -39.62141049517997
220.01026532506998 -39.615201102852126
220.01025161883032 -39.60899171052108
220.01023791624803 -39.60278231818686
220.01022421732182 -39.59657292584948
220.01021052205036 -39.590363533508906
220.01019683043236 -39.58415414116516
220.0101831424665 -39.57794474881823
220.0101694581515 -39.57173535646814
220.010155777486 -39.565525964114855
220.01014210046876 -39.559316571758416
220.0101284270985 -39.5531071793988
220.01011475737383 -39.54689778703602
220.0101010912935 -39.54068839467007
220.01008742885625 -39.53447900230095
220.01007377006076 -39.52826960992867
220.01006011490566 -39.52206021755322
220.01004646338976 -39.515850825174596
220.0100328155117 -39.50964143279282
220.01001917127016 -39.503432040407894
220.0100055306639 -39.49722264801979
220.00999189369162 -39.49101325562853
220.00997826035197 -39.48480386323411
220.00996463064376 -39.47859447083654
220.0099510045656 -39.47238507843581
220.00993738211625 -39.46617568603193
220.00992376329444 -39.459966293624916
220.00991014809878 -39.45375690121472
220.00989653652806 -39.447547508801385
220.009882928581 -39.4413381163849
220.00986932425627 -39.43512872396526
220.00985572355262 -39.42891933154248
220.00984212646873 -39.42270993911656
220.01847030231485 -39.627608913161126
220.01845585675775 -39.621399522302234
220.01844141505597 -39.615190131439824
220.01842697720815 -39.60898074057388
220.01841254321292 -39.60277134970441
220.01839811306894 -39.596561958831415
220.01838368677474 -39.59035256795489
220.018369264329 -39.584143177074836
220.0183548457304 -39.57793378619125
220.0183404309775 -39.57172439530416
220.01832602006894 -39.565515004413534
220.01831161300336 -39.5593056135194
220.01829720977938 -39.553096222621754
220.01828281039562 -39.54688683172058
220.01826841485075 -39.54067744081589
220.01825402314336 -39.53446804990769
220.01823963527212 -39.528258658995966
220.01822525123563 -39.52204926808073
220.01821087103255 -39.51583987716199
220.01819649466148 -39.50963048623974
220.0181821221211 -39.503421095313996
220.01816775341 -39.497211704384746
220.01815338852685 -39.491002313451965
220.01813902747028 -39.4847929225157
220.0181246702389 -39.47858353157593
220.0181103168314 -39.47237414063265
220.0180959672464 -39.46616474968587
220.0180816214825 -39.459955358735606
220.0180672795384 -39.453745967781835
220.0180529414127 -39.44753657682456
220.01803860710405 -39.441327185863805
220.0180242766111 -39.435117794899554
220.0180099499325 -39.42890840393181
220.0266630350551 -39.63380675757005
220.02664785344808 -39.62759736825707
220.0266326758932 -39.621387978940184
220.02661750238903 -39.61517858961939
220.02660233293412 -39.6089692002947
220.026587167527 -39.60275981096613
220.02657200616628 -39.59655042163365
220.02655684885042 -39.59034103229728
220.02654169557806 -39.584131642957026
220.02652654634775 -39.57792225361289
220.026511401158 -39.57171286426485
220.0264962600074 -39.56550347491293
220.02648112289452 -39.55929408555712
220.02646598981792 -39.55308469619743
220.02645086077615 -39.54687530683387
220.02643573576773 -39.5406659174664
220.0264206147913 -39.53445652809507
220.0264054978454 -39.52824713871986
220.02639038492853 -39.52203774934077
220.02637527603935 -39.5158283599578
220.02636017117635 -39.50961897057097
220.02634507033815 -39.503409581180264
220.02632997352327 -39.49720019178568
220.0263148807303 -39.49099080238722
220.02629979195783 -39.48478141298491
220.02628470720438 -39.478572023578735
220.02626962646858 -39.47236263416867
220.02625454974896 -39.46615324475477
220.02623947704407 -39.459943855336995
220.0262244083525 -39.45373446591535
220.0262093436729 -39.44752507648986
220.02619428300372 -39.44131568706051
220.02617922634357 -39.435106297627286
220.0261641736911 -39.42889690819023
220.02614912504478 -39.422687518749306
220.02613408040327 -39.41647812930454
220.03480949224019 -39.62137586509421
220.03479358693474 -39.615166477391234
220.03477768587382 -39.60895708968398
220.03476178905595 -39.602747701972454
220.03474589647956 -39.59653831425664
220.0347300081432 -39.59032892653654
220.0347141240453 -39.58411953881218
220.0346982441844 -39.57791015108355
220.03468236855895 -39.57170076335063
220.03466649716745 -39.565491375613455
220.03465063000837 -39.559281987872005
220.03463476708023 -39.55307260012629
220.03461890838153 -39.5468632123763
220.03460305391073 -39.54065382462205
220.03458720366632 -39.53444443686354
220.03457135764685 -39.52823504910077
220.03455551585074 -39.52202566133373
220.03453967827656 -39.51581627356244
220.03452384492275 -39.509606885786894
220.03450801578782 -39.5033974980071
220.03449219087028 -39.49718811022303
220.03447637016862 -39.49097872243473
220.03446055368133 -39.48476933464217
220.03444474140693 -39.47855994684537
220.0344289333439 -39.47235055904432
220.03441312949076 -39.46614117123902
220.034397329846 -39.45993178342948
220.0343815344081 -39.45372239561569
220.0343657431756 -39.447513007797674
220.03434995614703 -39.44130361997541
220.03433417332084 -39.435094232148906
220.03431839469553 -39.428884844318176
220.03430262026964 -39.42267545648321
220.0342868500417 -39.416466068644006
220.03425532217352 -39.40404729295291
220.04298630566421 -39.62136318076478
220.04296966855867 -39.61515379475581
220.0429530358929 -39.608944408742154
220.04293640766545 -39.60273502272383
220.04291978387462 -39.596525636700804
220.04290316451886 -39.59031625067311
220.0428865495966 -39.58410686464073
220.04286993910628 -39.57789747860368
220.04285333304625 -39.57168809256196
220.042836731415 -39.56547870651556
220.04282013421093 -39.55926932046448
220.04280354143242 -39.55305993440874
220.04278695307795 -39.54685054834833
220.0427703691459 -39.54064116228326
220.04275378963473 -39.53443177621354
220.04273721454285 -39.52822239013913
220.04272064386865 -39.52201300406008
220.04270407761064 -39.515803617976346
220.04268751576717 -39.509594231887974
220.04267095833666 -39.503384845794955
220.04265440531762 -39.49717545969726
220.0426378567084 -39.490966073594926
220.04262131250746 -39.48475668748793
220.04260477271325 -39.4785473013763
220.04258823732417 -39.47233791526002
220.04257170633866 -39.46612852913909
220.04255517975517 -39.45991914301352
220.04253865757212 -39.45370975688331
220.04252213978793 -39.447500370748465
220.0425056264011 -39.441290984608976
220.04248911740996 -39.435081598464855
220.04247261281301 -39.42887221231609
220.04245611260873 -39.42266282616269
220.0424396167955 -39.416453440004666
220.04242312537173 -39.410244053842014
220.0424066383359 -39.40403466767473
220.0423901556865 -39.397825281502826
220.051180489572 -39.62755931018604
220.05116311603078 -39.621349925952366
220.05114574712633 -39.61514054171359
220.051128382857 -39.608931157469705
220.05111102322115 -39.602721773220715
220.05109366821708 -39.59651238896662
220.05107631784318 -39.59030300470744
220.0510589720978 -39.58409362044314
220.05104163097926 -39.577884236173766
220.0510242944859 -39.57167485189928
220.0510069626161 -39.56546546761971
220.05098963536824 -39.55925608333505
220.05097231274058 -39.55304669904529
220.05095499473157 -39.54683731475045
220.05093768133952 -39.540627930450526
220.05092037256279 -39.53441854614552
220.0509030683997 -39.52820916183541
220.05088576884864 -39.52199977752024
220.050868473908 -39.51579039319999
220.05085118357604 -39.509581008874676
220.05083389785125 -39.50337162454427
220.05081661673185 -39.497162240208816
220.05079934021634 -39.490952855868265
220.05078206830296 -39.484743471522656
220.05076480099015 -39.47853408717198
220.05074753827623 -39.47232470281624
220.05073028015957 -39.466115318455444
220.05071302663853 -39.459905934089576
220.05069577771152 -39.45369654971866
220.05067853337687 -39.44748716534268
220.05066129363294 -39.44127778096165
220.05064405847813 -39.43506839657556
220.05062682791072 -39.42885901218442
220.0506096019292 -39.42264962778824
220.0505923805319 -39.416440243387
220.05057516371713 -39.41023085898072
220.05055795148334 -39.4040214745694
220.0505407438288 -39.39781209015304
220.0593580287396 -39.62754548304429
220.0593399232054 -39.621336100657444
220.05932182250336 -39.615126718265046
220.0593037266317 -39.6089173358671
220.05928563558874 -39.602707953463614
220.05926754937275 -39.59649857105458
220.05924946798197 -39.59028918864002
220.0592313914147 -39.584079806219904
220.05921331966923 -39.57787042379427
220.05919525274382 -39.57166104136309
220.05917719063677 -39.565451658926385
220.05915913334636 -39.55924227648415
220.05914108087086 -39.55303289403639
220.05912303320858 -39.546823511583106
220.05910499035775 -39.54061412912429
220.0590869523167 -39.53440474665997
220.0590689190837 -39.52819536419012
220.05905089065706 -39.52198598171475
220.05903286703503 -39.515776599233874
220.05901484821595 -39.509567216747485
220.058996834198 -39.503357834255574
220.05897882497962 -39.49714845175817
220.05896082055904 -39.49093906925525
220.05894282093448 -39.48472968674682
220.05892482610432 -39.478520304232894
220.05890683606683 -39.47231092171347
220.0588888508203 -39.46610153918856
220.05887087036302 -39.459892156658135
220.05885289469327 -39.45368277412222
220.0588349238094 -39.44747339158082
220.05881695770967 -39.441264009033915
220.0587989963924 -39.43505462648154
220.05878103985586 -39.42884524392367
220.05876308809835 -39.42263586136031
220.0587451411182 -39.416426478791486
220.05872719891372 -39.41021709621717
220.05870926148316 -39.40400771363737
220.05869132882484 -39.39779833105211
220.06753556457946 -39.62753108534436
220.06751672705363 -39.62132170488052
220.06749789455532 -39.615112324410696
220.06747906708267 -39.60890294393486
220.06746024463393 -39.60269356345302
220.0674414272073 -39.59648418296519
220.067422614801 -39.590274802471356
220.06740380741317 -39.58406542197153
220.0673850050421 -39.57785604146571
220.06736620768595 -39.5716466609539
220.067347415343 -39.56543728043611
220.06732862801135 -39.55922789991233
220.0673098456893 -39.553018519382555
220.06729106837506 -39.54680913884681
220.06727229606682 -39.54059975830509
220.0672535287628 -39.5343903777574
220.0672347664612 -39.528180997203734
220.0672160091603 -39.52197161664408
220.06719725685824 -39.51576223607847
220.06717850955323 -39.50955285550688
220.0671597672436 -39.50334347492934
220.06714102992748 -39.49713409434583
220.06712229760313 -39.490924713756364
220.06710357026876 -39.48471533316094
220.06708484792256 -39.47850595255955
220.06706613056278 -39.47229657195221
220.0670474181877 -39.46608719133892
220.06702871079548 -39.45987781071969
220.06701000838436 -39.453668430094496
220.06699131095257 -39.447459049463376
220.06697261849837 -39.441249668826295
220.06695393101992 -39.43504028818328
220.0669352485155 -39.42883090753431
220.06691657098338 -39.42262152687944
220.0668978984217 -39.41641214621861
220.06687923082876 -39.41020276555186
220.0668605682028 -39.40399338487917
220.066841910542 -39.39778400420056
220.07567396314775 -39.61509736015107
220.0756544040755 -39.60888798167351
220.07563485022237 -39.602678603189474
220.07561530158648 -39.596469224698964
220.075595758166 -39.59025984620199
220.07557621995906 -39.58405046769853
220.07555668696375 -39.57784108918861
220.07553715917828 -39.57163171067223
220.07551763660072 -39.565422332149396
220.07549811922928 -39.55921295362009
220.0754786070621 -39.55300357508433
220.07545910009725 -39.54679419654211
220.07543959833296 -39.54058481799345
220.07542010176732 -39.534375439438335
220.07540061039853 -39.52816606087678
220.0753811242247 -39.52195668230876
220.07536164324398 -39.51574730373432
220.07534216745452 -39.50953792515343
220.0753226968545 -39.5033285465661
220.075303231442 -39.49711916797234
220.07528377121528 -39.49090978937215
220.07526431617242 -39.48470041076553
220.0752448663116 -39.47849103215246
220.07522542163093 -39.472281653532995
220.07520598212864 -39.46607227490708
220.07518654780284 -39.45986289627476
220.0751671186517 -39.45365351763602
220.07514769467338 -39.44744413899086
220.07512827586604 -39.4412347603393
220.07510886222784 -39.43502538168131
220.07508945375693 -39.42881600301692
220.07507005045147 -39.422606624346116
220.07505065230967 -39.41639724566892
220.07503125932968 -39.410187866985304
220.07501187150962 -39.40397848829531
220.0749924888477 -39.397769109598904
220.08385002814623 -39.615081825486705
220.08382973747584 -39.60887244908359
220.08380945221975 -39.602663072673515
220.08378917237607 -39.59645369625646
220.08376889794286 -39.59024431983245
220.08374862891816 -39.58403494340148
220.0837283653001 -39.577825566963526
220.0837081070867 -39.57161619051864
220.08368785427604 -39.56540681406678
220.08366760686621 -39.559197437608
220.08364736485527 -39.55298806114225
220.0836271282413 -39.54677868466955
220.08360689702238 -39.54056930818991
220.08358667119657 -39.534359931703335
220.083566450762 -39.52815055520982
220.08354623571668 -39.52194117870935
220.0835260260587 -39.51573180220198
220.08350582178622 -39.509522425687656
220.08348562289723 -39.503313049166394
220.08346542938983 -39.49710367263824
220.08344524126215 -39.490894296103136
220.08342505851223 -39.48468491956112
220.08340488113816 -39.47847554301218
220.08338470913804 -39.472266166456336
220.08336454250997 -39.46605678989358
220.083344381252 -39.4598474133239
220.08332422536228 -39.45363803674733
220.08330407483885 -39.447428660163844
220.0832839296798 -39.44121928357345
220.08326378988323 -39.43500990697617
220.08324365544726 -39.42880053037199
220.08322352636995 -39.422591153760905
220.08320340264942 -39.416381777142924
220.08318328428373 -39.41017240051808
220.08316317127102 -39.403963023886334
220.08314306360938 -39.39775364724769
220.08312296129688 -39.39154427060218
220.09200506714927 -39.6088563461657
220.09198405049173 -39.60264697190571
220.09196303944177 -39.59643759763826
220.0919420339973 -39.590228223363326
220.0919210341564 -39.584018849080906
220.09190003991702 -39.57780947479103
220.09187905127717 -39.57160010049368
220.0918580682349 -39.56539072618887
220.09183709078815 -39.5591813518766
220.091816118935 -39.55297197755687
220.09179515267337 -39.54676260322969
220.0917741920013 -39.54055322889504
220.09175323691682 -39.53434385455295
220.0917322874179 -39.528134480203406
220.0917113435026 -39.52192510584642
220.0916904051689 -39.515715731482
220.09166947241482 -39.509506357110126
220.09164854523834 -39.503296982730824
220.09162762363752 -39.49708760834408
220.09160670761037 -39.490878233949914
220.09158579715486 -39.484668859548314
220.09156489226905 -39.47845948513929
220.09154399295096 -39.47225011072283
220.09152309919855 -39.466040736298964
220.09150221100995 -39.45983136186769
220.09148132838305 -39.45362198742899
220.09146045131598 -39.44741261298288
220.09143957980672 -39.441203238529354
220.09141871385324 -39.43499386406843
220.09139785345366 -39.4287844896001
220.09137699860594 -39.42257511512437
220.09135614930815 -39.41636574064125
220.0913353055583 -39.410156366150716
220.0913144673544 -39.40394699165281
220.0912936346945 -39.39773761714749
220.09127280757662 -39.39152824263479
220.1001803929615 -39.608839672920396
220.10015864490404 -39.60263030088667
220.1001369026493 -39.596420928844935
220.10011516619514 -39.5902115567952
220.10009343553955 -39.58400218473744
220.10007171068042 -39.57779281267172
220.1000499916157 -39.571583440597976
220.1000282783433 -39.565374068516235
220.1000065708612 -39.559164696426514
220.09998486916732 -39.5529553243288
220.09996317325957 -39.54674595222311
220.09994148313592 -39.54053658010944
220.09991979879428 -39.53432720798777
220.09989812023264 -39.52811783585815
220.09987644744885 -39.52190846372055
220.09985478044092 -39.51569909157497
220.09983311920678 -39.509489719421445
220.09981146374437 -39.50328034725994
220.09978981405166 -39.49707097509048
220.09976817012654 -39.49086160291306
220.099746531967 -39.484652230727676
220.099724899571 -39.47844285853435
220.0997032729364 -39.47223348633308
220.09968165206126 -39.46602411412387
220.09966003694348 -39.4598147419067
220.09963842758103 -39.4536053696816
220.09961682397181 -39.44739599744856
220.09959522611382 -39.44118662520758
220.09957363400503 -39.43497725295868
220.09955204764336 -39.42876788070185
220.09953046702677 -39.42255850843709
220.09950889215324 -39.41634913616441
220.0994873230207 -39.41013976388381
220.09946575962712 -39.4039303915953
220.0994442019705 -39.39772101929888
220.09942265004875 -39.39151164699454
220.10837820023383 -39.6150317990711
220.1083557147781 -39.60882242934833
220.1083332353223 -39.602613059617006
220.1083107618644 -39.59640368987713
220.10828829440214 -39.59019432012868
220.10826583293345 -39.5839849503717
220.10824337745618 -39.577775580606165
220.10822092796815 -39.57156621083211
220.10819848446727 -39.56535684104949
220.1081760469514 -39.55914747125834
220.10815361541842 -39.55293810145865
220.10813118986616 -39.54672873165045
220.1081087702925 -39.540519361833695
220.10808635669528 -39.53430999200843
220.10806394907243 -39.52810062217465
220.1080415474218 -39.52189125233234
220.10801915174125 -39.51568188248153
220.10799676202865 -39.509472512622196
220.10797437828188 -39.503263142754356
220.10795200049884 -39.49705377287802
220.10792962867737 -39.49084440299317
220.1079072628154 -39.484635033099835
220.1078849029107 -39.47842566319798
220.10786254896126 -39.472216293287666
220.10784020096494 -39.46600692336884
220.10781785891956 -39.459797553441526
220.10779552282307 -39.453588183505744
220.10777319267333 -39.447378813561485
220.10775086846823 -39.441169443608736
220.10772855020565 -39.434960073647524
220.10770623788346 -39.42875070367783
220.1076839314996 -39.42254133369968
220.10766163105188 -39.41633196371306
220.10763933653826 -39.410122593717986
220.1076170479566 -39.40391322371444
220.1075947653048 -39.39770385370245
220.10757248858076 -39.39149448368202
220.1165542495123 -39.61501398279375
220.11653103246468 -39.6088046154501
220.11650782161226 -39.60259524809733
220.11648461695282 -39.596385880735426
220.11646141848414 -39.590176513364426
220.116438226204 -39.5839671459843
220.1164150401102 -39.57775777859506
220.11639186020057 -39.57154841119671
220.1163686864728 -39.56533904378926
220.11634551892482 -39.55912967637271
220.11632235755437 -39.55292030894705
220.11629920235922 -39.5467109415123
220.1162760533372 -39.54050157406847
220.11625291048608 -39.53429220661555
220.1162297738037 -39.528082839153534
220.11620664328782 -39.52187347168244
220.11618351893628 -39.51566410420227
220.11616040074688 -39.50945473671304
220.1161372887174 -39.503245369214724
220.11611418284565 -39.49703600170734
220.11609108312948 -39.4908266341909
220.11606798956666 -39.484617266665396
220.116044902155 -39.47840789913082
220.1160218208923 -39.47219853158722
220.1159987457764 -39.46598916403455
220.11597567680514 -39.459779796472844
220.11595261397625 -39.45357042890208
220.11592955728761 -39.44736106132229
220.11590650673702 -39.441151693733445
220.11588346232227 -39.434942326135584
220.11586042404122 -39.428732958528684
220.11583739189166 -39.42252359091275
220.11581436587142 -39.416314223287806
220.11579134597835 -39.41010485565385
220.11576833221025 -39.40389548801086
220.1247302945247 -39.61499559611476
220.12470634588692 -39.60878623122639
220.12468240363955 -39.60257686632832
220.12465846778028 -39.59636750142055
220.12463453830688 -39.590158136503064
220.124610615217 -39.58394877157589
220.1245866985084 -39.57773940663901
220.1245627881788 -39.571530041692455
220.12453888422593 -39.56532067673619
220.1245149866475 -39.559111311770266
220.1244910954413 -39.55290194679465
220.12446721060496 -39.54669258180937
220.12444333213625 -39.540483216814394
220.12441946003293 -39.53427385180976
220.1243955942927 -39.52806448679546
220.12437173491332 -39.521855121771495
220.12434788189248 -39.515645756737875
220.12432403522794 -39.50943639169461
220.12430019491745 -39.50322702664168
220.12427636095873 -39.4970176615791
220.12425253334953 -39.490808296506884
220.12422871208756 -39.48459893142502
220.12420489717059 -39.47838956633352
220.12418108859634 -39.4721802012324
220.1241572863626 -39.465970836121635
220.12413349046705 -39.45976147100125
220.12410970090747 -39.45355210587123
220.1240859176816 -39.44734274073161
220.1240621407872 -39.44113337558235
220.124038370222 -39.434924010423515
220.12401460598377 -39.42871464525504
220.12399084807024 -39.42250528007697
220.12396709647913 -39.41629591488931
220.12394335120825 -39.410086549692046
220.12391961225538 -39.403877184485175
220.13288165491045 -39.60876727667785
220.13285698126987 -39.60255791431064
220.13283231421255 -39.59634855193311
220.13280765373614 -39.590139189545276
220.13278299983827 -39.583929827147145
220.13275835251667 -39.57772046473871
220.13273371176888 -39.57151110232
220.1327090775926 -39.565301739891
220.13268444998553 -39.559092377451705
220.1326598289453 -39.552883015002124
220.13263521446953 -39.546673652542275
220.13261060655594 -39.54046429007216
220.13258600520214 -39.53425492759176
220.13256141040583 -39.528045565101095
220.13253682216464 -39.52183620260018
220.13251224047627 -39.515626840089
220.13248766533835 -39.509417477567574
220.1324630967486 -39.50320811503588
220.13243853470462 -39.496998752493965
220.13241397920413 -39.490789389941796
220.13238943024479 -39.48458002737938
220.13236488782425 -39.47837066480675
220.1323403519402 -39.47216130222387
220.1323158225903 -39.46595193963076
220.13229129977228 -39.45974257702744
220.13226678348374 -39.45353321441389
220.1322422737224 -39.44732385179013
220.1322177704859 -39.44111448915616
220.13219327377197 -39.43490512651198
220.1321687835783 -39.42869576385758
220.1410315543689 -39.60253839204499
220.14100615611534 -39.596329032273836
220.14098076463776 -39.590119672491774
220.14095537993376 -39.58391031269878
220.14093000200086 -39.57770095289488
220.14090463083673 -39.571491593080054
220.14087926643887 -39.56528223325432
220.14085390880493 -39.559072873417705
220.14082855793248 -39.552863513570166
220.1408032138191 -39.54665415371174
220.14077787646238 -39.54044479384243
220.14075254585995 -39.53423543396223
220.14072722200936 -39.52802607407115
220.14070190490818 -39.52181671416919
220.14067659455407 -39.51560735425635
220.1406512909446 -39.50939799433264
220.14062599407734 -39.503188634398064
220.14060070394993 -39.49697927445262
220.14057542055997 -39.490769914496326
220.14055014390502 -39.48456055452917
220.1405248739827 -39.47835119455117
220.14049961079064 -39.47214183456232
220.14047435432644 -39.46593247456263
220.1404491045877 -39.459723114552105
220.14042386157197 -39.453513754530725
220.14039862527693 -39.44730439449853
220.1403733957002 -39.44109503445552
220.14034817283934 -39.43488567440167
220.14032295669196 -39.42867631433701
220.1402977472557 -39.42246695426154
220.1491799933544 -39.59630894244344
220.14915387087754 -39.590099585343246
220.1491277553692 -39.583890228231496
220.14910164682695 -39.57768087110819
220.14907554524828 -39.57147151397333
220.14904945063074 -39.56526215682693
220.1490233629718 -39.55905279966899
220.148997282269 -39.5528434424995
220.14897120851987 -39.546634085318495
220.1489451417219 -39.54042472812597
220.14891908187263 -39.5342153709219
220.1488930289696 -39.52800601370632
220.14886698301032 -39.52179665647922
220.14884094399233 -39.51558729924062
220.14881491191312 -39.509377941990515
220.14878888677026 -39.503168584728904
220.14876286856128 -39.49695922745579
220.14873685728367 -39.49074987017119
220.14871085293498 -39.48454051287511
220.14868485551276 -39.478331155567524
220.14865886501454 -39.47212179824847
220.14863288143783 -39.46591244091795
220.1486069047802 -39.45970308357594
220.14858093503918 -39.453493726222476
220.1485549722123 -39.44728436885754
220.14852901629712 -39.44107501148115
220.14850306729116 -39.4348656540933
220.148477125192 -39.428656296694015
220.1484511899971 -39.42244693928327
220.1573269723212 -39.59007892810047
220.1573001260105 -39.583869573746036
220.1572732868608 -39.5776602193794
220.15724645486955 -39.57145086500056
220.15721963003418 -39.565241510609525
220.15719281235215 -39.55903215620628
220.15716600182094 -39.55282280179086
220.15713919843793 -39.54661344736325
220.15711240220065 -39.54040409292346
220.15708561310652 -39.534194738471484
220.15705883115294 -39.52798538400735
220.15703205633747 -39.52177602953103
220.15700528865747 -39.51556667504257
220.15697852811047 -39.50935732054194
220.1569517746939 -39.503147966029154
220.15692502840523 -39.496938611504206
220.15689828924187 -39.49072925696713
220.15687155720136 -39.48451990241791
220.1568448322811 -39.47831054785655
220.15681811447863 -39.47210119328306
220.15679140379137 -39.465891838697445
220.15676470021677 -39.4596824840997
220.15673800375234 -39.45347312948984
220.1567113143955 -39.44726377486787
220.1566846321438 -39.44105442023379
220.15665795699462 -39.43484506558761
220.1566312889455 -39.42863571092933
220.15660462799391 -39.42242635625896
220.1654449219683 -39.57763899770927
220.16541735956642 -39.57142964616251
220.16538980451523 -39.565220294602874
220.1653622568121 -39.559010943030366
220.16533471645442 -39.552801591445
220.16530718343955 -39.54659223984678
220.16527965776487 -39.54038288823569
220.1652521394278 -39.53417353661177
220.16522462842568 -39.527964184975
220.16519712475596 -39.521754833325375
220.16516962841595 -39.51554548166293
220.1651421394031 -39.509336129987645
220.16511465771478 -39.50312677829955
220.16508718334836 -39.49691742659863
220.16505971630127 -39.490708074884886
220.16503225657087 -39.48449872315834
220.1650048041546 -39.47828937141899
220.16497735904977 -39.47208001966683
220.16494992125388 -39.465870667901875
220.1649224907643 -39.45966131612414
220.16489506757839 -39.4534519643336
220.16486765169356 -39.4472426125303
220.16481284181683 -39.43482390888535
220.16478544781975 -39.42861455704372
220.17358825920488 -39.57140785745995
220.17353169621768 -39.558989160142005
220.17350342603552 -39.5527798114627
220.1734751633908 -39.546570462769836
220.1734469082808 -39.540361114063444
220.1734186607028 -39.5341517653435
220.17339042065416 -39.52794241661002
220.17336218813222 -39.52173306786302
220.1733339631342 -39.51552371910249
220.17330574565753 -39.50931437032845
220.17327753569944 -39.50310502154088
220.1732493332573 -39.49689567273981
220.17322113832847 -39.490686323925246
220.1731929509102 -39.48447697509719
220.17316477099988 -39.478267626255615
220.17313659859477 -39.47205827740056
220.17308027628962 -39.45963957965001
220.17305212638428 -39.45343023075453
220.1729958490546 -39.44101153292315
220.18167213043043 -39.55275746184474
220.18161415361465 -39.54033877040749
220.18158517679782 -39.53412942466749
220.18155620770472 -39.52792007891325
220.1815272463326 -39.521710733144765
220.18149829267864 -39.51550138736206
220.18146934674022 -39.50929204156512
220.18144040851445 -39.50308269575396
220.1814114779987 -39.4968733499286
220.18138255519014 -39.490664004089
220.18132473268375 -39.47824531236722
220.18129583298042 -39.472035966485045
220.18126694097336 -39.46582662058867
220.18123805665977 -39.45961727467814
220.18120918003703 -39.45340792875339
220.18109375039901 -39.428570544912795
220.18972198944365 -39.52789717188548
220.18969229922348 -39.521687829171434
220.18966261691577 -39.515478486442426
220.18957361743907 -39.49685045816574
220.20620940061758 -39.55889633148042
220.21441074052777 -39.56508103303395
220.2143788127423 -39.55887170004226
