# successful candidates for region at (135.7317731427757, -6.725410738947018) and radius 1.0
135.28432200351446 -6.898796214860637
135.28432780456797 -6.892603303492714
135.29025694648155 -6.917380368351236
135.29026268113674 -6.911187455282533
135.29026841220298 -6.9049945422106305
135.29027413968052 -6.89880162913553
135.2902798635697 -6.892608716057233
135.29621497191093 -6.911192800429412
135.29622062571593 -6.904999885669868
135.29622627598064 -6.89880697090721
135.29623192270535 -6.892614056141443
135.2962375658903 -6.8864211413725664
135.30210569029458 -6.979320153493926
135.30215051223252 -6.929776822281862
135.30216726281762 -6.911198073027207
135.3021728393613 -6.905005156602929
135.302178412413 -6.898812240175621
135.30218398197312 -6.892619323745286
135.30218954804184 -6.886426407311928
135.30219511061944 -6.880233490875546
135.30805329377714 -6.985518289638853
135.30805883440232 -6.979325371608216
135.3080643715808 -6.973132453574614
135.30809752228572 -6.935974945310818
135.30810303534466 -6.929782027256505
135.30810854495903 -6.923589109199241
135.30811405112905 -6.9173961911390265
135.30811955385505 -6.911203273075863
135.30812505313722 -6.905010355009755
135.30813054897587 -6.8988174369407
135.30813604137126 -6.892624518868703
135.3081415303236 -6.886431600793767
135.30814701583324 -6.8802386827158895
135.31400104967628 -6.991716356219476
135.31400651585756 -6.985523436571811
135.3140119786403 -6.979330516921261
135.3140174380248 -6.9731375972678284
135.31402289401123 -6.966944677611515
135.314044683982 -6.942172998957482
135.31405012298225 -6.9359800792867885
135.31405555858603 -6.929787159613224
135.31406099079365 -6.92359423993679
135.31406641960533 -6.917401320257488
135.31407184502132 -6.911208400575321
135.3140772670419 -6.905015480890289
135.31408268566736 -6.898822561202393
135.31408810089786 -6.892629641511639
135.3140935127338 -6.886436721818024
135.3140989211753 -6.880243802121553
135.31411512613624 -6.86166504301501
135.3199543497762 -6.991721431925286
135.3199597380665 -6.985528510680547
135.3199651230067 -6.979335589433005
135.31997050459702 -6.973142668182662
135.31997588283775 -6.966949746929519
135.31999736230978 -6.942178061888985
135.32000272380634 -6.9359851406218676
135.32000808195485 -6.929792219351961
135.3200134367556 -6.923599298079268
135.32001878820878 -6.917406376803788
135.32002948107353 -6.905020534244476
135.32003482248564 -6.898827612960644
135.32004016055123 -6.892634691674035
135.32009335720474 -6.8307054786554
135.32590233630182 -6.997919357600066
135.32590765000293 -6.991726434783898
135.32591296040215 -6.985533511965005
135.32591826749965 -6.9793405891433915
135.3259235712957 -6.973147666319057
135.32592887179058 -6.966954743492002
135.32593416898453 -6.96076182066223
135.32594475347068 -6.948375974994541
135.3259500407634 -6.942183052156627
135.32595532475617 -6.935990129315999
135.32596060544932 -6.929797206472664
135.32596588284306 -6.923604283626619
135.32597115693764 -6.917411360777869
135.3259764277333 -6.911218437926413
135.32598695942897 -6.898832592215395
135.3259922203295 -6.892639669355835
135.33185047557794 -7.004117213527564
135.3318557145932 -6.997924289162732
135.33186095035467 -6.991731364795254
135.3318661828626 -6.985538440425131
135.33187141211732 -6.979345516052364
135.331876638119 -6.973152591676957
135.33188186086792 -6.9669596672989105
135.33188708036434 -6.960766742918225
135.33189229660852 -6.954573818534902
135.33189750960065 -6.948380894148943
135.33190271934106 -6.942187969760351
135.33190792582994 -6.935995045369127
135.33191312906754 -6.929802120975274
135.3319183290542 -6.923609196578789
135.33192352579005 -6.917416272179676
135.3319287192754 -6.911223347777939
135.33194428023086 -6.892644574556983
135.33780909300782 -6.997929147855166
135.3378142508295 -6.991736221959301
135.3378194054461 -6.985543296060869
135.3378245568579 -6.979350370159873
135.33782970506508 -6.973157444256311
135.33783485006794 -6.9669645183501885
135.3378399918667 -6.960771592441506
135.33784513046163 -6.9545786665302645
135.33785026585295 -6.948385740616463
135.33785539804092 -6.942192814700109
135.33786052702578 -6.9359998887811996
135.33786565280778 -6.929806962859736
135.3378707753872 -6.923614036935721
135.3378758947642 -6.917421111009157
135.3378810109391 -6.911228185080043
135.34374721295612 -7.016512715866355
135.34375738850514 -7.004126861076156
135.34376247154384 -6.997933933677316
135.34376755142566 -6.991741006275984
135.34377262815082 -6.985548078872166
135.34377770171955 -6.979355151465858
135.34378277213213 -6.973162224057062
135.3437878393888 -6.966969296645783
135.3437929034898 -6.96077636923202
135.34379796443537 -6.954583441815775
135.34380302222576 -6.9483905143970475
135.3438080768612 -6.942197586975842
135.3438131283419 -6.936004659552158
135.3438181766682 -6.929811732125998
135.34382322184024 -6.923618804697364
135.3438282638583 -6.917425877266255
135.34383330272266 -6.911232949832674
135.34970082572235 -7.016517433266247
135.34971084514922 -7.004131575510585
135.34971585019946 -6.997938646629127
135.34972085214125 -6.991745717745254
135.34972585097483 -6.985552788858969
135.34973084670045 -6.979359859970271
135.34973583931833 -6.973166931079161
135.34974082882871 -6.9669740021856414
135.3497458152318 -6.960781073289715
135.34975079852794 -6.954588144391382
135.34975577871725 -6.948395215490644
135.34976075580005 -6.9422022865875
135.34976572977652 -6.9360093576819555
135.34977070064696 -6.92981642877401
135.34977566841152 -6.9236234998636625
135.34978063307057 -6.91743057095092
135.34978559462422 -6.911237642035779
135.35565443860668 -7.016522077726975
135.35565937178916 -7.010329147390509
135.3556741529745 -6.991750356367056
135.3556790739164 -6.985557426021225
135.35568399179877 -6.979364495673057
135.35568890662182 -6.973171565322552
135.35569381838576 -6.9669786349697125
135.35569872709092 -6.960785704614539
135.35570363273746 -6.954592774257033
135.3557085353256 -6.948399843897196
135.35571343485563 -6.94220691353503
135.35571833132775 -6.936013983170536
135.35572322474223 -6.929821052803716
135.35572811509925 -6.923628122434569
135.35573300239912 -6.917435192063098
135.35573788664203 -6.9112422616893046
135.36160319349807 -7.022719581019599
135.36161290670418 -7.010333717475103
135.36162745392355 -6.991754922141339
135.36163229697368 -6.985561990358886
135.36163713701265 -6.979369058574167
135.36164197404077 -6.973176126787186
135.36164680805823 -6.966983194997943
135.3616516390653 -6.96079026320644
135.36165646706212 -6.9545973314126766
135.361661292049 -6.948404399616657
135.36166611402618 -6.942211467818381
135.36167093299386 -6.9360185360178495
135.36167574895225 -6.929825604215066
135.36168056190164 -6.9236326724100286
135.36168537184219 -6.91743974060274
135.36169017877418 -6.911246808793201
135.36169498269786 -6.905053876981414
135.3675855201448 -6.985566481871897
135.36759028234033 -6.979373548673549
135.3675950415734 -6.973180615473012
135.36759979784424 -6.966987682270284
135.36760455115308 -6.960794749065368
135.36760930150012 -6.954601815858264
135.36761404888563 -6.948408882648977
135.36761879330982 -6.942215949437503
135.36762353477295 -6.936023016223846
135.3676282732752 -6.929830083008009
135.36763300881677 -6.923637149789991
135.36763774139794 -6.917444216569794
135.36764247101897 -6.9112512833474185
135.3735434277799 -6.979377965971155
135.37354810921784 -6.9731850313799795
135.37355278774194 -6.966992096786685
135.37355746335248 -6.9607991621912735
135.37356213604963 -6.954606227593745
135.3735668058337 -6.948413292994103
135.3735714727048 -6.942220358392345
135.37357613666322 -6.936027423788477
135.37358079770917 -6.929834489182498
135.3735854558429 -6.9236415545744086
135.3735901110646 -6.917448619964211
135.3735947633745 -6.911255685351905
135.3794919668213 -6.985575246423781
135.37950117697227 -6.973189374508041
135.37950577774956 -6.966996438547097
135.37951037566168 -6.960803502584106
135.37951497070884 -6.954610566619069
135.3795195628913 -6.948417630651987
135.37952415220923 -6.942224694682862
135.37952873866288 -6.936031758711692
135.37953332225246 -6.929838822738482
135.3795379029782 -6.923645886763231
135.38544971898753 -6.979386582160842
135.38545424483488 -6.973193644857148
135.3854587678652 -6.967000707551475
135.38546328807885 -6.960807770243822
135.3854678054759 -6.95461483293419
135.3854723200567 -6.948421895622585
135.38547683182134 -6.942228958309001
135.3854813407701 -6.936036020993445
135.38548584690324 -6.929843083675914
135.3854903502209 -6.9236501463564135
135.3914073128038 -6.973197842427254
135.39141175808712 -6.967004903799768
135.39141620060215 -6.960811965170369
135.391420640349 -6.954619026539061
135.391425077328 -6.948426087905843
135.3914295115393 -6.942233149270719
135.39143394298307 -6.936040210633687
135.3914383716596 -6.929847271994747
135.39736911322976 -6.960816087363705
135.39737347532633 -6.954623147433634
135.39737783470343 -6.948430207501722
135.39738219136123 -6.942237267567966
135.39738654529995 -6.936044327632371
135.40332202595988 -6.960820136823782
135.40332631040604 -6.954627195617865
135.4033305921812 -6.948434254410171
135.4033348712854 -6.9422413132007
135.40927493879065 -6.960824113550555
135.40927914558634 -6.954631171091709
135.41523610743624 -6.948442130164609
135.42119291165292 -6.942253014111371
135.44499989723673 -6.94846054751768
135.4509526554673 -6.948464012925164
135.45689824484188 -6.960853308960725
135.45690183043055 -6.954660357303407
135.46285115849656 -6.960856631085887
135.46285466643394 -6.954663678381883
135.46880407223367 -6.9608598804773445
135.46880750251972 -6.954666926749569
135.47475363132637 -6.967056011862602
135.47475698605135 -6.960863057135059
