# successful candidates for region at (158.51922326570377, -28.328644259783715) and radius 1.0
158.55979249627055 -28.72472806200534
158.5668501720187 -28.724725791900116
158.56684737529753 -28.718560024153895
158.573911059396 -28.730888925892852
158.5950764167595 -28.718547312133357
158.59506751115794 -28.706215779817256
158.60214828628756 -28.737040522883106
158.6021434149553 -28.730874757237626
158.6021385448379 -28.724708991591577
158.60213367593502 -28.718543225944966
158.60212880824633 -28.71237746029779
158.60212394177148 -28.706211694650058
158.60211907651018 -28.700045929001764
158.60211421246206 -28.693880163352894
158.60920678850687 -28.737036071752858
158.60920150253207 -28.730870306663718
158.60919621787554 -28.724704541573903
158.60919093453688 -28.718538776483435
158.60918565251575 -28.7123730113923
158.60918037181176 -28.706207246300504
158.60917509242466 -28.70004148120805
158.609169814354 -28.693875716114928
158.60916453759947 -28.68770995102115
158.61626529010303 -28.737031257213324
158.6162595894859 -28.730865492725943
158.61625389029044 -28.724699728237788
158.61624819251622 -28.718533963748865
158.6162424961629 -28.71236819925917
158.6162368012301 -28.706202434768706
158.6162311077174 -28.70003667027747
158.61622541562443 -28.69387090578546
158.6162197249508 -28.687705141292685
158.61621403569617 -28.681539376799144
158.62332379102713 -28.737026079264627
158.6233176757679 -28.73086031542443
158.62331156203376 -28.724694551583337
158.62330544982427 -28.71852878774137
158.623299339139 -28.71236302389851
158.62329322997755 -28.70619726005477
158.62328712233952 -28.700031496210126
158.62328101622452 -28.69386573236461
158.62327491163208 -28.687699968518206
158.62326880856185 -28.681534204670914
158.63038229123026 -28.73702053790686
158.63037576132925 -28.730854774759273
158.63036270641217 -28.71852324846105
158.63035618139523 -28.71235748531042
158.63034965800543 -28.706191722158785
158.63034313624235 -28.70002595900614
158.63033661610555 -28.69386019585248
158.63033009759457 -28.687694432697803
158.63032358070896 -28.681528669542132
158.63744079066353 -28.737014633140163
158.63741302288278 -28.712351583495035
158.63740608526493 -28.7061858210809
158.63739914937707 -28.700020058665615
158.63739221521874 -28.693854296249192
158.6373852827895 -28.687688533831622
158.63737835208886 -28.68152277141291
158.63737142311635 -28.67535700899306
158.64449928927812 -28.737008364964662
158.64446251170722 -28.706179556821237
158.6444551616949 -28.700013795188696
158.6444478135154 -28.69384803355488
158.64444046716818 -28.687682271919776
158.64443312265277 -28.68151651028339
158.64442577996869 -28.675350748645723
158.65161225812446 -28.780162058921025
158.65159668524672 -28.767830537345198
158.65158890172086 -28.761664776555122
158.65158112013629 -28.755499015763625
158.65157334049246 -28.749333254970683
158.65155001320048 -28.730835972583247
158.65154224131453 -28.724670211784566
158.65153447136674 -28.718504450984458
158.65152670335658 -28.712338690182907
158.65151893728353 -28.706172929379935
158.65151117314707 -28.70000716857552
158.6515034109467 -28.69384140776968
158.65149565068182 -28.68767564696241
158.65148789235204 -28.681509886153705
158.65867366033643 -28.780155057803885
158.658657256832 -28.767823537978686
158.65864905814811 -28.76165777806369
158.6586408615091 -28.755492018147105
158.65863266691437 -28.74932625822893
158.65859990896732 -28.724663218540304
158.6585917245858 -28.718497458614173
158.6585835422452 -28.71233169868644
158.65857536194508 -28.706165938757135
158.6585590074639 -28.693834418893744
158.65855083328177 -28.687668658959666
158.65854266113786 -28.681502899023997
158.6657609289036 -28.79864496992241
158.66575230431147 -28.79247921093677
158.66574368187062 -28.786313451949358
158.6657350615805 -28.780147692960195
158.66572644344052 -28.77398193396926
158.66571782745007 -28.767816174976577
158.66570921360858 -28.76165041598212
158.6657006019155 -28.755484656985914
158.6656919923702 -28.749318897987948
158.66568338497214 -28.74315313898823
158.66567477972072 -28.736987379986747
158.66566617661536 -28.73082162098351
158.6656575756555 -28.724655861978516
158.66564897684052 -28.71849010297176
158.66564038016992 -28.712324343963246
158.66563178564303 -28.706158584952995
158.66562319325936 -28.699992825940985
158.66561460301827 -28.693827066927213
158.67285975947783 -28.82330027050797
158.67285071018435 -28.817134512496946
158.67282357584588 -28.798637238452248
158.6728145355784 -28.792471480433473
158.67280549756586 -28.786305722412767
158.67279646180768 -28.78013996439012
158.67278742830328 -28.773974206365544
158.67277839705199 -28.76780844833903
158.67276936805325 -28.761642690310588
158.67276034130646 -28.755476932280203
158.672751316811 -28.749311174247893
158.67274229456623 -28.743145416213657
158.67273327457158 -28.736979658177486
158.67272425682643 -28.73081390013938
158.67271524133017 -28.724648142099348
158.67270622808218 -28.71848238405739
158.6726972170819 -28.712316626013497
158.67268820832868 -28.70615086796768
158.6726792018219 -28.699985109919933
158.6799335368357 -28.829457928119574
158.67992406909036 -28.823292171123775
158.6798862217211 -28.798629143119385
158.67987676577857 -28.79246338611298
158.67985786096892 -28.78013187209384
158.67984841210048 -28.773966115081087
158.6798389655888 -28.767800358066225
158.67982952143322 -28.76163460104924
158.67982007963312 -28.755468844030148
158.67981064018787 -28.749303087008943
158.6798012030968 -28.74313732998562
158.6797917683593 -28.736971572960183
158.67978233597475 -28.730805815932637
158.67977290594246 -28.724640058902985
158.67976347826186 -28.71847430187122
158.6797540529323 -28.71230854483734
158.68694886648007 -28.798620683923996
158.686938994863 -28.792454927975477
158.68692912570828 -28.78628917202465
158.6869192590152 -28.78012341607151
158.68690939478319 -28.77395766011608
158.6868995330115 -28.76779190415833
158.68688967369948 -28.76162614819828
158.68687981684653 -28.755460392235925
158.68686996245185 -28.749294636271262
158.68686011051494 -28.7431288803043
158.686850261035 -28.736963124335034
158.68684041401147 -28.73079736836347
158.68683056944363 -28.7246316123896
158.68682072733083 -28.718465856413438
158.68681088767238 -28.71230010043497
158.6940629850444 -28.829440635054326
158.69404238735046 -28.817109125386633
158.69403209235705 -28.810943370549026
158.6940217999317 -28.80477761570891
158.69401151007378 -28.798611860866277
158.6940012227826 -28.792446106021142
158.69399093805742 -28.7862803511735
158.69398065589758 -28.78011459632335
158.6939703763024 -28.7739488414707
158.69396009927112 -28.76778308661554
158.69394982480313 -28.761617331757883
158.6939395528977 -28.755451576897713
158.69392928355413 -28.749285822035052
158.69391901677173 -28.743120067169883
158.69390875254985 -28.736954312302217
158.69389849088773 -28.730788557432053
158.69388823178474 -28.724622802559388
158.69387797524013 -28.718457047684225
158.6938677212533 -28.712291292806565
158.70112770734843 -28.829431442386955
158.7011169910242 -28.823265688704275
158.7011062773733 -28.817099935018884
158.70109556639497 -28.810934181330783
158.7010848580885 -28.80476842763996
158.7010741524532 -28.798602673946423
158.70106344948834 -28.792436920250175
158.70105274919317 -28.786271166551206
158.701042051567 -28.780105412849533
158.70103135660906 -28.773939659145142
158.7010206643187 -28.767773905438045
158.70100997469518 -28.761608151728243
158.70099928773774 -28.755442398015724
158.7009886034457 -28.7492766443005
158.7009779218183 -28.743110890582567
158.7009672428549 -28.736945136861927
158.70095656655465 -28.730779383138582
158.70094589291696 -28.724613629412534
158.70093522194105 -28.71844787568378
158.70819242838675 -28.829421885629994
158.70818129587045 -28.823256133142785
158.7081701661313 -28.817090380652647
158.70814791498142 -28.804758875663573
158.70810344597442 -28.780095865650267
158.70809233565424 -28.773930113139624
158.70808122810524 -28.767764360626053
158.70807012332665 -28.761598608109562
158.7080590213177 -28.75543285559014
158.7080479220776 -28.749267103067805
158.70803682560575 -28.74310135054255
158.70802573190124 -28.736935598014366
158.70801464096337 -28.73076984548326
158.70800355279147 -28.724604092949242
158.7079924673847 -28.718438340412302
158.7152571481101 -28.82941196478368
158.71524559940227 -28.82324621353748
158.71523405357541 -28.81708046228812
158.71522251062873 -28.810914711035615
158.71516483907087 -28.78008595472576
158.71515331338895 -28.77392020345434
158.7151417905818 -28.76775445217977
158.71513027064861 -28.761588700902053
158.71511875358863 -28.755422949621195
158.71510723940105 -28.749257198337183
158.71509572808512 -28.743091447050034
158.71508421964006 -28.736925695759737
158.71507271406506 -28.730759944466303
158.7150612113594 -28.72459419316972
158.71504971152228 -28.718428441870003
158.722166555367 -28.74924693010886
158.72215462920755 -28.74308118010525
158.72214270602242 -28.73691543009827
158.7221307858108 -28.73074968008792
158.72211886857193 -28.7245839300742
158.72210695430496 -28.71841818005711
158.7220950430091 -28.712252430036642
158.72208313468354 -28.70608668001281
158.72207122932753 -28.69992092998562
158.72921352892416 -28.74307054970842
158.72920119099948 -28.736904801030192
158.72918885615178 -28.730739052348344
158.7291765243802 -28.72457330366289
158.7291641956839 -28.718407554973822
158.72915187006203 -28.712241806281153
158.72913954751385 -28.706076057584877
158.72912722803844 -28.69991030888499
158.72911491163504 -28.6937445601815
158.73623417873532 -28.724562313936037
158.73622143561025 -28.718396566620402
158.73620869566298 -28.712230819300927
158.73618322529842 -28.699899324650403
158.73617049487947 -28.69373357731936
158.7361577676349 -28.687567829984467
158.74327867403522 -28.718385214997088
158.74326551976304 -28.71221946909619
158.74325236877118 -28.706053723191182
158.74322607662472 -28.693722231368845
158.7432129354684 -28.687556485451523
158.7503494828909 -28.724539244536672
158.75033591090997 -28.718373500104125
158.7503223423135 -28.712207755667205
158.75030877710068 -28.706042011225914
158.75739314618568 -28.71836142194176
