# # ids of objects in overdense bins for (11.481391437832233, -76.21535306034846)
# 
4.684358857940917248e+18
4.684367482235241472e+18
4.684369921776683008e+18
4.684370059215636480e+18
4.684362603152317440e+18
4.684374766499876864e+18
4.684282995935124480e+18
4.684367211653529600e+18
4.684234991084631040e+18
4.684283923647733760e+18
4.684282549257256960e+18
4.684372739275232256e+18
4.684231731203907584e+18
4.684366932479431680e+18
4.684368238149409792e+18
4.684374148024589312e+18
4.684367757113169920e+18
4.684373602563318784e+18
4.684369818697446400e+18
4.684367864488551424e+18
4.684376347049296896e+18
4.684407270813320192e+18
4.684374324117825536e+18
4.684231658189973504e+18
4.684369990496165888e+18
4.684356658917572608e+18
4.684288557916043264e+18
4.684374148024593408e+18
4.684407412546012160e+18
4.684359132818841600e+18
4.684368272509151232e+18
4.684374319823287296e+18
4.684370750705039360e+18
4.684356693277317120e+18
4.684367898848285696e+18
4.684373873146668032e+18
4.684287011727631360e+18
4.684370196654600192e+18
4.684354322455373824e+18
4.684370402813014016e+18
4.684356246600691712e+18
4.684234479984243712e+18
4.684367001198915584e+18
4.684370093575372800e+18
4.684234750570602496e+18
4.684234067667629056e+18
4.684375007018056704e+18
4.684370608971448320e+18
4.684370162294864896e+18
4.684235403401459712e+18
4.684234789220923392e+18
4.684374354183028736e+18
4.684283266522122240e+18
4.684370746410417152e+18
4.684366726320982016e+18
4.684230597333811200e+18
4.684358445624038400e+18
4.684374697780447232e+18
4.684230489958796288e+18
4.684406995935406080e+18
4.684369307597800448e+18
4.684367276076796928e+18
4.684375625494775808e+18
4.684358411264294912e+18
4.684288562211586048e+18
4.684371811562360832e+18
4.684234166450852864e+18
4.684368341228641280e+18
4.684287183526325248e+18
4.684230666053283840e+18
4.684376003451899904e+18
4.684407099014623232e+18
4.684376621927215104e+18
4.684283266517093376e+18
4.684231555110739968e+18
4.684371506620994560e+18
4.684368890984503296e+18
4.684374044945358848e+18
4.684406549258811392e+18
4.684407202093840384e+18
4.684373529549285376e+18
4.684375694214256640e+18
4.684300171507622912e+18
4.684406549258812416e+18
4.684368925344243712e+18
4.684369616835209216e+18
4.684235407697175552e+18
4.684300377666056192e+18
4.684358445624047616e+18
4.684375213177905152e+18
4.684283270811876352e+18
4.684371953297281024e+18
4.684373495189548032e+18
4.684366898119682048e+18
4.684362534432826368e+18
4.684283339531353088e+18
4.684376278329812992e+18
4.684369445036518400e+18
4.684407137668782080e+18
4.684358067666930688e+18
4.684363599591102464e+18
4.684357208673380352e+18
4.684374835219356672e+18
4.684369715618238464e+18
4.684371914641593344e+18
4.684233994652122112e+18
4.684288660995272704e+18
4.684288832793972736e+18
4.684288489196553216e+18
4.684376347049298944e+18
4.684407167734095872e+18
4.684354837851493376e+18
4.684367589610648576e+18
4.684362534432829440e+18
4.684375797293479936e+18
4.684367589610648576e+18
4.684300721263266816e+18
4.684373976225859584e+18
4.684376484488249344e+18
4.684367860192363520e+18
4.684366760680702976e+18
4.684357964587686912e+18
4.684363702663987200e+18
4.684370196654612480e+18
4.684283953711836160e+18
4.684363702663994368e+18
4.684234784926191616e+18
4.684407580050982912e+18
4.684372155161185280e+18
4.684371571044177920e+18
4.684373151592110080e+18
4.684283094718374912e+18
4.684356491415363584e+18
4.684375144458425344e+18
4.684357006810400768e+18
4.684283232157329408e+18
4.684283025998520320e+18
4.684407580050979840e+18
4.684230180721137664e+18
4.684235781358624768e+18
4.684373190247886848e+18
4.684283403956025344e+18
4.684374972659734528e+18
4.684287320965410816e+18
4.684371815857464320e+18
4.684283300876810240e+18
4.684375316257118208e+18
4.684235643919654912e+18
4.684357105594234880e+18
4.684367413515743232e+18
4.684373843083011072e+18
4.684407270813321216e+18
4.684284056791053312e+18
4.684376828085657600e+18
4.684287217886198784e+18
4.684394493284408320e+18
4.684300652543977472e+18
4.684283919352098816e+18
4.684369337661090816e+18
4.684371163022616576e+18
4.684406549258814464e+18
4.684283197797584896e+18
4.684374903938851840e+18
4.684283266517070848e+18
4.684374560341078016e+18
4.684362259554909184e+18
4.684407270813321216e+18
4.684371193087062016e+18
4.684358342544812032e+18
4.684352711842934784e+18
4.684287011727764480e+18
4.684301236659534848e+18
4.684236163611676672e+18
4.684370505892254720e+18
4.684407270813324288e+18
4.684230249440624640e+18
4.684366382723566592e+18
4.684355903003088896e+18
4.684236090596278272e+18
4.684235888731965440e+18
4.684235403401462784e+18
4.684282888559941632e+18
4.684370574611731456e+18
4.684230352519859200e+18
4.684366520162516992e+18
4.684368719185775616e+18
4.684371536684432384e+18
4.684231250168843264e+18
4.684300686903727104e+18
4.684287217886199808e+18
4.684357002514989056e+18
4.684230356815646720e+18
4.684284026727276544e+18
4.684231142793549824e+18
4.684282613682026496e+18
4.684234097731359744e+18
4.684236159315760128e+18
4.684230627397783552e+18
4.684235300322252800e+18
4.684373770067419136e+18
4.684284400387656704e+18
4.684366520162523136e+18
4.684368719185778688e+18
4.684235300322253824e+18
4.684355387607008256e+18
4.684287458404380672e+18
4.684231112729894912e+18
4.684363702663983104e+18
4.684282785480717312e+18
4.684287497058941952e+18
4.684370952568873984e+18
4.684282510602795008e+18
4.684282819840457728e+18
4.684282476243054592e+18
4.684368100710590464e+18
4.684366554522266624e+18
4.684357586630549504e+18
4.684300961781642240e+18
4.684366829400177664e+18
4.684358552999682048e+18
4.684373941866117120e+18
4.684282613682023424e+18
4.684231520750992384e+18
4.684282510602792960e+18
4.684283580050678784e+18
4.684234033307652096e+18
4.684357449191575552e+18
4.684358995379900416e+18
4.684282785480714240e+18
4.684371296167721984e+18
4.684230936635409408e+18
4.684373632628441088e+18
4.684284056791055360e+18
4.684376110824818688e+18
4.684374117959519232e+18
4.684355318887728128e+18
4.684370265374098432e+18
4.684283678833924096e+18
4.684371094303001600e+18
4.684363496505532416e+18
4.684376003451893760e+18
4.684372979793418240e+18
4.684283305171192832e+18
4.684376862445391872e+18
4.684235987517051904e+18
4.684367761408630784e+18
4.684376862445392896e+18
4.684282957279415296e+18
4.684282957279415296e+18
4.684370574611734528e+18
4.684375114392529920e+18
4.684375423630876672e+18
4.684375075737544704e+18
4.684284022431315968e+18
4.684363221627594752e+18
4.684375178818166784e+18
4.684235476416962560e+18
4.684283163437855744e+18
4.684369715617934336e+18
4.684375144457022464e+18
4.684284056791056384e+18
4.684359270257819648e+18
4.684363565225010176e+18
4.684375144458427392e+18
4.684284507763276800e+18
4.684287458404392960e+18
4.684284056791055360e+18
4.684375110097286144e+18
4.684370231014355968e+18
4.684355421966951424e+18
4.684372567476220928e+18
4.684355559405904896e+18
4.684372361319616512e+18
4.684355254463048704e+18
4.684236021876798464e+18
4.684374560341474304e+18
4.684283232157327360e+18
4.684355426261739520e+18
4.684234716206715904e+18
4.684283300876807168e+18
4.684371880281850880e+18
4.684367928911857664e+18
4.684231280232806400e+18
4.684283919352097792e+18
4.684367791472905216e+18
4.684283163437853696e+18
4.684369749977990144e+18
4.684282858496110592e+18
4.684407068949148672e+18
4.684300485040030720e+18
4.684359235904338944e+18
4.684375625495067648e+18
4.684438508110587904e+18
4.684430910313342976e+18
4.684426447842424832e+18
4.684446204691117056e+18
4.684415723307964416e+18
4.684421255225899008e+18
4.684431082112034816e+18
4.684422732696094720e+18
4.684433899611123712e+18
4.684428921742155776e+18
4.684535466996610048e+18
4.684453072343273472e+18
4.684436579669318656e+18
4.684445414417960960e+18
4.684409882153451520e+18
4.684442661344591872e+18
4.684519695876472832e+18
4.684419124922118144e+18
4.684420774189635584e+18
4.684416307423570944e+18
4.684415968122254336e+18
4.684536635227841536e+18
4.684444658503719936e+18
4.684444482410688512e+18
4.684439057864981504e+18
4.684470183493199872e+18
4.684434586804453376e+18
4.684425790712822784e+18
4.684444658503720960e+18
4.684522066698317824e+18
4.684517977889324032e+18
4.684427199462160384e+18
4.684425721991962624e+18
4.684470187789481984e+18
4.684435484452948992e+18
4.684432284701990912e+18
4.684425515833524224e+18
4.684424931719424000e+18
4.684443898295139328e+18
4.684443902589477888e+18
4.684415517149532160e+18
4.684423419890870272e+18
4.684465373129664512e+18
4.684425859432295424e+18
4.684426997596822528e+18
4.684452075910853632e+18
4.684420533671461888e+18
4.684427714858232832e+18
4.684420774189630464e+18
4.684442214667960320e+18
4.684432078543551488e+18
4.684443696431049728e+18
4.684522139715491840e+18
4.684441321314736128e+18
4.684437404302577664e+18
4.684446273411416064e+18
4.684443799510267904e+18
4.684441630552410112e+18
4.684436682752394240e+18
4.684523273586855936e+18
4.684535604435584000e+18
4.684431803665656832e+18
4.684536635227834368e+18
4.684417372575399936e+18
4.684439672047190016e+18
4.684432353421468672e+18
4.684439122291380224e+18
4.684434037050098688e+18
4.684445135245726720e+18
4.684444448050960384e+18
4.684441493113458688e+18
4.684426134310208512e+18
4.684433972623710208e+18
4.684540827116862464e+18
4.684443730790792192e+18
4.684446307771150336e+18
4.684465304410182656e+18
4.684437473022055424e+18
4.684423660409047040e+18
4.684433865251385344e+18
4.684443967014634496e+18
4.684434831617742848e+18
4.684540036842873856e+18
4.684519592797202432e+18
4.684434964761590784e+18
4.684419296720832512e+18
4.684427646138738688e+18
4.684409710354746368e+18
4.684432044183802880e+18
4.684471012422224896e+18
4.684424656841501696e+18
4.684428818663745536e+18
4.684423213732424704e+18
4.684438847413452800e+18
4.684410436203509760e+18
4.684410053952132096e+18
4.684519249199817728e+18
4.684430016960134144e+18
4.684519459655819264e+18
4.684425687632224256e+18
4.684439706406943744e+18
4.684426443547854848e+18
4.684421152146702336e+18
4.684433899611123712e+18
4.684442283387444224e+18
4.684445272684694528e+18
4.684434277566796800e+18
4.684410019592394752e+18
4.684419880836382720e+18
4.684443627710568448e+18
4.684414933033961472e+18
4.684442626984839168e+18
4.684439328449823744e+18
4.684426443546474496e+18
4.684445551856908288e+18
4.684524063858568192e+18
4.684465201330956288e+18
4.684434041343185920e+18
4.684446612714556416e+18
4.684518836882826240e+18
4.684519386638768128e+18
4.684415448430034944e+18
4.684410573643326464e+18
4.684517909169889280e+18
4.684522547734797312e+18
4.684439019212180480e+18
4.684444757288621056e+18
4.684540075496518656e+18
4.684445070820572160e+18
4.684540139922091008e+18
4.684442352106917888e+18
4.684425412754308096e+18
4.684416479222299648e+18
4.684417754827586560e+18
4.684411325262472192e+18
4.684424931719424000e+18
4.684410431909274624e+18
4.684425859432219648e+18
4.684443863935404032e+18
4.684414761235280896e+18
4.684431597507213312e+18
4.684425412754302976e+18
4.684418235863922688e+18
4.684411325262473216e+18
4.684446166037961728e+18
4.684428470772536320e+18
4.684433074975970304e+18
4.684432353421464576e+18
4.684425245250678784e+18
4.684442661344585728e+18
4.684410603707968512e+18
4.684421427024618496e+18
4.684442523905630208e+18
4.684446887592468480e+18
4.684433074975971328e+18
4.684446818872991744e+18
4.684427474340089856e+18
4.684523544167313408e+18
4.684446887592469504e+18
4.684432490860420096e+18
4.684439053571893248e+18
4.684435892474547200e+18
4.684445307044441088e+18
4.684442558265372672e+18
4.684470114773691392e+18
4.684417028978011136e+18
4.684536600868205568e+18
4.684422079859650560e+18
4.684433487292860416e+18
4.684425348329760768e+18
4.684443387192806400e+18
4.684536360349870080e+18
4.684435858114809856e+18
4.684411187823522816e+18
4.684413799162551296e+18
4.684522685173775360e+18
4.684445307044442112e+18
4.684535329557619712e+18
4.684447093750901760e+18
4.684429437138768896e+18
4.684417750532515840e+18
4.684436029913498624e+18
4.684430467930779648e+18
4.684442592625113088e+18
4.684439259730358272e+18
4.684470668825060352e+18
4.684446956311949312e+18
4.684410706787187712e+18
4.684429261046541312e+18
4.684435136560302080e+18
4.684415590165133312e+18
4.684438542470322176e+18
4.684417578733869056e+18
4.684447093750902784e+18
4.684410706787187712e+18
4.684425618912743424e+18
4.684426757080069120e+18
4.684536708242159616e+18
4.684428264614083584e+18
4.684446956311950336e+18
4.684518016546827264e+18
4.684439191010879488e+18
4.684435892474550272e+18
4.684423763488275456e+18
4.684431425708067840e+18
4.684444795942671360e+18
4.684435553173362688e+18
4.684523784685522944e+18
4.684446166037968896e+18
4.684522925691972608e+18
4.684430910313344000e+18
4.684442180308213760e+18
4.684430910313344000e+18
4.684440874638113792e+18
4.684429054892877824e+18
4.684437266865536000e+18
4.684540006777041920e+18
4.684413696083330048e+18
4.684447162470382592e+18
4.684447059391167488e+18
4.684447059391167488e+18
4.684421740556881920e+18
4.684419021842904064e+18
4.684418510742892544e+18
4.684422118514007040e+18
4.684432873113494528e+18
4.684446990671691776e+18
4.684410397549531136e+18
4.684447128110646272e+18
4.684416719741333504e+18
4.684429673363441664e+18
4.684418476383152128e+18
4.684443932659598336e+18
4.684445375763905536e+18
4.684421117786944512e+18
4.684445620576631808e+18
4.684431185191255040e+18
4.684440015644606464e+18
4.684429673363439616e+18
4.684428780010166272e+18
4.684422973214268416e+18
4.684428402053044224e+18
4.684469702456791040e+18
4.684437026347369472e+18
4.684441291247952896e+18
4.684425795007392768e+18
4.684447265549603840e+18
4.684435926834291712e+18
4.684437232505800704e+18
4.684540792757124096e+18
4.684442111588731904e+18
4.684411600140390400e+18
4.684421706197574656e+18
4.684441841003765760e+18
4.684437954060317696e+18
4.684446269117127680e+18
4.684423797848008704e+18
4.684436682748542976e+18
4.684517947825583104e+18
4.684428745650422784e+18
4.684440775851886592e+18
4.684535776234379264e+18
4.684422977507893248e+18
4.684436132992728064e+18
4.684439259730366464e+18
4.684411943737780224e+18
4.684428230254348288e+18
4.684524025203745792e+18
4.684415345350880256e+18
4.684445650641839104e+18
4.684439122291379200e+18
4.684436682748538880e+18
4.684428608211442688e+18
4.684442833143291904e+18
4.684436614029063168e+18
4.684442833143291904e+18
4.684445547562625024e+18
4.684445719361316864e+18
4.684445616282106880e+18
4.684444104453316608e+18
4.684425417050279936e+18
4.684422698336318464e+18
4.684518562004997120e+18
4.684428264614096896e+18
4.684434380646930432e+18
4.684523445383129088e+18
4.684523479743881216e+18
4.684418437727331328e+18
4.684432082839526400e+18
4.684522444655542272e+18
4.684421083426827264e+18
4.684429471497956352e+18
4.684417479950910464e+18
4.684429471497956352e+18
4.684464892093290496e+18
4.684420980347971584e+18
4.684436201712205824e+18
4.684444448050959360e+18
4.684436785827759104e+18
4.684536429069361152e+18
4.684409714650040320e+18
4.684409817728221184e+18
4.684442833143297024e+18
4.684419056202636288e+18
4.684445685001578496e+18
4.684446269117134848e+18
4.684445070820571136e+18
4.684417750533505024e+18
4.684535265134140416e+18
4.684411943737782272e+18
4.684445581922367488e+18
4.684523166210058240e+18
4.684424897359673344e+18
4.684524025203746816e+18
4.684428264614093824e+18
4.684433521652603904e+18
4.684422118515408896e+18
4.684453106703024128e+18
4.684418815684465664e+18
4.684435553173104640e+18
4.684420980347979776e+18
4.684536394709626880e+18
4.684420503607697408e+18
4.684441905430298624e+18
4.684437988420056064e+18
4.684425481475167232e+18
4.684429157967293440e+18
4.684423419890866176e+18
4.684523269289336832e+18
4.684410947305361408e+18
4.684435037777020928e+18
4.684453141062757376e+18
4.684439504541569024e+18
4.684518905602350080e+18
4.684443795215912960e+18
4.684411600140391424e+18
4.684435480158568448e+18
4.684522307216596992e+18
4.684524093923283968e+18
4.684422359033573376e+18
4.684431150831514624e+18
4.684535570075828224e+18
4.684429673363439616e+18
4.684422393393310720e+18
4.684409160598903808e+18
4.684439195304484864e+18
4.684408920080735232e+18
4.684419747693454336e+18
4.684424175805177856e+18
4.684441149520792576e+18
4.684435274000135168e+18
4.684429123607585792e+18
4.684439848138956800e+18
4.684418540806565888e+18
4.684535368212338688e+18
4.684444624143984640e+18
4.684428539492032512e+18
4.684443593351839744e+18
4.684470424011326464e+18
4.684421255225901056e+18
4.684439362813947904e+18
4.684523376666070016e+18
4.684442764423810048e+18
4.684419709037724672e+18
4.684413799162557440e+18
4.684539693244704768e+18
4.684425962511518720e+18
4.684420808549379072e+18
4.684426512267332608e+18
4.684466163403671552e+18
4.684446685727452160e+18
4.684445135245729792e+18
4.684443146675244032e+18
4.684440466615651328e+18
4.684410019592391680e+18
4.684438297657737216e+18
4.684522169777582080e+18
4.684428608211437568e+18
4.684522066698305536e+18
4.684517703011405824e+18
4.684409675995008000e+18
4.684442283387445248e+18
4.684440535335127040e+18
4.684434930401850368e+18
4.684443730791086080e+18
4.684429982600390656e+18
4.684422595255752704e+18
4.684424313244086272e+18
4.684535849250990080e+18
4.684447098045128704e+18
4.684440775853297664e+18
4.684432765738338304e+18
4.684441321314744320e+18
4.684418579462603776e+18
4.684536566516714496e+18
4.684415207911890944e+18
4.684465270050446336e+18
4.684442386466663424e+18
4.684429295406282752e+18
4.684411050384556032e+18
4.684439568968044544e+18
4.684426031235891200e+18
4.684438198872921088e+18
4.684536394709656576e+18
4.684424794280456192e+18
4.684465235690706944e+18
4.684535363925870592e+18
4.684536399004484608e+18
4.684441355674487808e+18
4.684424828640188416e+18
4.684441630552408064e+18
4.684535673155090432e+18
4.684439568968041472e+18
4.684424347603822592e+18
4.684427925311156224e+18
4.684433281134412800e+18
4.684429162260242432e+18
4.684424210164849664e+18
4.684440019939058688e+18
4.684434827322644480e+18
4.684434964761597952e+18
4.684443348539295744e+18
4.684540002483133440e+18
4.684433315494156288e+18
4.684435862409332736e+18
4.684440226097487872e+18
4.684445719361323008e+18
4.684535707514894336e+18
4.684417544374114304e+18
4.684427749217986560e+18
4.684423969646715904e+18
4.684440019939060736e+18
4.684522994411504640e+18
4.684445719361324032e+18
4.684426718425772032e+18
4.684435072135351296e+18
4.684423110653201408e+18
4.684425996871266304e+18
4.684446994965355520e+18
4.684425137877871616e+18
4.684440359242040320e+18
4.684539761964962816e+18
4.684434827322644480e+18
4.684437129426564096e+18
4.684429776441952256e+18
4.684445581922371584e+18
4.684535844953831424e+18
4.684439023506651136e+18
4.684445616282110976e+18
4.684439568968046592e+18
4.684414417637851136e+18
4.684429570284198912e+18
4.684444001374308352e+18
4.684446101611304960e+18
4.684435686316109824e+18
4.684437271159996416e+18
4.684452866184732672e+18
4.684466129043929088e+18
4.684435755035582464e+18
4.684469565017810944e+18
4.684465201330960384e+18
4.684425309675073536e+18
4.684424381963575296e+18
4.684519146120564736e+18
4.684432662659129344e+18
4.684424656841495552e+18
4.684470424011312128e+18
4.684535913673350144e+18
4.684423832207759360e+18
4.684465373129674752e+18
4.684420911628480512e+18
4.684469668097064960e+18
4.684440874638123008e+18
4.684432868818952192e+18
4.684440634119963648e+18
4.684424519402522624e+18
4.684423973941187584e+18
4.684518875538081792e+18
4.684428990462553088e+18
4.684417887972464640e+18
4.684440153083580416e+18
4.684428848729655296e+18
4.684518046608831488e+18
4.684424588122013696e+18
4.684445547562629120e+18
4.684436888908580864e+18
4.684428470772534272e+18
4.684429364125772800e+18
4.684435686317000704e+18
4.684445856800286720e+18
4.684432800098087936e+18
4.684433384213639168e+18
4.684415963825795072e+18
4.684446097318460416e+18
4.684441012077079552e+18
4.684429398485514240e+18
4.684426271749180416e+18
4.684430497995558912e+18
4.684429501564724224e+18
4.684440050004370432e+18
4.684424622481748992e+18
4.684443176740560896e+18
4.684428298973851648e+18
4.684435686316113920e+18
4.684418746964959232e+18
4.684470698889253888e+18
4.684429054888097792e+18
4.684445891160028160e+18
4.684424759920701440e+18
4.684453312861474816e+18
4.684536875746179072e+18
4.684418197208785920e+18
4.684446062958720000e+18
4.684446750153487360e+18
4.684431807960218624e+18
4.684446097318458368e+18
4.684466060324443136e+18
4.684519798955718656e+18
4.684466129043919872e+18
4.684430635434509312e+18
4.684441115156295680e+18
4.684429570284206080e+18
4.684426306108931072e+18
4.684429089247834112e+18
4.684426340468669440e+18
4.684419090562518016e+18
4.684470870687997952e+18
4.684422354737563648e+18
4.684426580986826752e+18
4.684420052635092992e+18
4.684426099950500864e+18
4.684431288269545472e+18
4.684441497406308352e+18
4.684419434159803392e+18
4.684424072725932032e+18
4.684421083427216384e+18
4.684436304791401472e+18
4.684414142759965696e+18
4.684429329766035456e+18
4.684436274726671360e+18
4.684419090562390016e+18
4.684419090562385920e+18
4.684427508699768832e+18
4.684441252595253248e+18
4.684424381963579392e+18
4.684429437139888128e+18
4.684435686316111872e+18
4.684419434159802368e+18
4.684417991051684864e+18
4.684441321314733056e+18
4.684435445797938176e+18
4.684409302331949056e+18
4.684423110653202432e+18
4.684445994239237120e+18
4.684426310403696640e+18
4.684425107812853760e+18
4.684420293153274880e+18
4.684440599760227328e+18
4.684428505132291072e+18
4.684428715585136640e+18
4.684469736816555008e+18
4.684441286954996736e+18
4.684536463429174272e+18
4.684429742082215936e+18
4.684432971898177536e+18
4.684418265928265728e+18
4.684429398485517312e+18
4.684421152146698240e+18
4.684436820188919808e+18
4.684429192327053312e+18
4.684409607275537408e+18
4.684430738513739776e+18
4.684433693452682240e+18
4.684452075910750208e+18
4.684419124922134528e+18
4.684419331080565760e+18
4.684429570284211200e+18
4.684439740766683136e+18
4.684429261046548480e+18
4.684424077018969088e+18
4.684431425708506112e+18
4.684440290522550272e+18
4.684518252776140800e+18
4.684421461384345600e+18
4.684415895106680832e+18
4.684430223117631488e+18
4.684428681225402368e+18
4.684424622481741824e+18
4.684470183493191680e+18
4.684438297657725952e+18
4.684438778693967872e+18
4.684518802523098112e+18
4.684431494427980800e+18
4.684466094684187648e+18
4.684431288269550592e+18
4.684441149516047360e+18
4.684470114773704704e+18
4.684443245460055040e+18
4.684451972831528960e+18
4.684518836882835456e+18
4.684437266869805056e+18
4.684433938264535040e+18
4.684429295406280704e+18
4.684442386466665472e+18
4.684421976781845504e+18
4.684431700586418176e+18
4.684442970582124544e+18
4.684421152146697216e+18
4.684432593939646464e+18
4.684428711290665984e+18
4.684416376143060992e+18
4.684445238324948992e+18
4.684432422140954624e+18
4.684425176530594816e+18
4.684438469456455680e+18
4.684443108021101568e+18
4.684429295406282752e+18
4.684517874810127360e+18
4.684411054679867392e+18
4.684446681438673920e+18
4.684411050384556032e+18
4.684443726496429056e+18
4.684414348918367232e+18
4.684422595255752704e+18
4.684436927561777152e+18
4.684443589057476608e+18
4.684442420826402816e+18
4.684435926834294784e+18
4.684446376490875904e+18
4.684441836710818816e+18
4.684438125859039232e+18
4.684409675995005952e+18
4.684431631866937344e+18
4.684422251658364928e+18
4.684421942422102016e+18
4.684444826008086528e+18
4.684434930401849344e+18
4.684440359242036224e+18
4.684628959846390784e+18
4.684597280165984256e+18
4.684641638589888512e+18
4.684671462841829376e+18
4.684641501150935040e+18
4.684602949522948096e+18
4.684604255193067520e+18
4.684641672949625856e+18
4.684670298905162752e+18
4.684666553693584384e+18
4.684617896008376320e+18
4.684693968470466560e+18
4.684599135591905280e+18
4.684619579635557376e+18
4.684636828226612224e+18
4.684649747488340992e+18
4.684676135764895744e+18
4.684601953090500608e+18
4.684665041867163648e+18
4.684598757634782208e+18
4.684693762313167872e+18
4.684674452139110400e+18
4.684610577384779776e+18
4.684641329352241152e+18
4.684595940136188928e+18
4.684647758918530048e+18
4.684645628612329472e+18
4.684676822959747072e+18
4.684635355052976128e+18
4.684678953263671296e+18
4.684646174075500544e+18
4.684695037916781568e+18
4.684604255193068544e+18
4.684659127694291968e+18
4.684604839308621824e+18
4.684620095031633920e+18
4.684646448953358336e+18
4.684610959639007232e+18
4.684630372891254784e+18
4.684635041520265216e+18
4.684639783164292096e+18
4.684616354115465216e+18
4.684627074356371456e+18
4.684674181555106816e+18
4.684678339084512256e+18
4.684670745581764608e+18
4.684617861648640000e+18
4.684604083394378752e+18
4.684611440675347456e+18
4.684621813019761664e+18
4.684662224366334976e+18
4.684648373098946560e+18
4.684634113807306752e+18
4.684648166940494848e+18
4.684606900892721152e+18
4.684598001720489984e+18
4.684671398416791552e+18
4.684662086929664000e+18
4.684611024061430784e+18
4.684626279785598976e+18
4.684627379298442240e+18
4.684627276219225088e+18
4.684660708242282496e+18
4.684606351136915456e+18
4.684601197176355840e+18
4.684622087897681920e+18
4.684596455532308480e+18
4.684608378361527296e+18
4.684645177643218944e+18
4.684644696606772224e+18
4.684645761758563328e+18
4.684617380612304896e+18
4.684622775092449280e+18
4.684601540773584896e+18
4.684594600106387456e+18
4.684607695463866368e+18
4.684604804948877312e+18
4.684630024998294528e+18
4.684610547322149888e+18
4.684596455532309504e+18
4.684596769066921984e+18
4.684617762867300352e+18
4.684617930368118784e+18
4.684677269636354048e+18
4.684598551476347904e+18
4.684671050524902400e+18
4.684611578112070656e+18
4.684659643090363392e+18
4.684618308325293056e+18
4.684678648321768448e+18
4.684684931859207168e+18
4.684631777345049600e+18
4.684661292357896192e+18
4.684661812051761152e+18
4.684662323150071808e+18
4.684596008855662592e+18
4.684611784272723968e+18
4.684664384734371840e+18
4.684659127694296064e+18
4.684670397689899008e+18
4.684619888873256960e+18
4.684612157931935744e+18
4.684670157171705856e+18
4.684627379298438144e+18
4.684659814889054208e+18
4.684644387369075712e+18
4.684627413658176512e+18
4.684634874016628736e+18
4.684637240543501312e+18
4.684630815281465344e+18
4.684649610049361920e+18
4.684592366723393536e+18
4.684629475242477568e+18
4.684628788046300160e+18
4.684671325402832896e+18
4.684671325402833920e+18
4.684629475242477568e+18
4.684601128456875008e+18
4.684694518227537920e+18
4.684661532876088320e+18
4.684621160183578624e+18
4.684604323912548352e+18
4.684694346428846080e+18
4.684596008855659520e+18
4.684611749912988672e+18
4.684666137081108480e+18
4.684637755939618816e+18
4.684642703741846528e+18
4.684634766642331648e+18
4.684597628057932800e+18
4.684596455532308480e+18
4.684624630517937152e+18
4.684626314145333248e+18
4.684597696779805696e+18
4.684670397689901056e+18
4.684626314145333248e+18
4.684595115502458880e+18
4.684659677450099712e+18
4.684676032685673472e+18
4.684628856765776896e+18
4.684695789537879040e+18
4.684605427718953984e+18
4.684671119244391424e+18
4.684611028356630528e+18
4.684659368212467712e+18
4.684674074181906432e+18
4.684694518227532800e+18
4.684598383974572032e+18
4.684647071722279936e+18
4.684624424359493632e+18
4.684670466409375744e+18
4.684622126554036224e+18
4.684664728331754496e+18
4.684598379677650944e+18
4.684629921919075328e+18
4.684611642536720384e+18
4.684620438629057536e+18
4.684693624873041920e+18
4.684617861648632832e+18
4.684673524426085376e+18
4.684622946891011072e+18
4.684629440882738176e+18
4.684614911006818304e+18
4.684604014674891776e+18
4.684642428863901696e+18
4.684618170886327296e+18
4.684630957004554240e+18
4.684622023474805760e+18
4.684648304379450368e+18
4.684667614549859328e+18
4.684601884371014656e+18
4.684672596713148416e+18
4.684602056169708544e+18
4.684648858428239872e+18
4.684648132580758528e+18
4.684678575306490880e+18
4.684607003971930112e+18
4.684617311892819968e+18
4.684676930334344192e+18
4.684650228524751872e+18
4.684607072691406848e+18
4.684617419269864448e+18
4.684607347569331200e+18
4.684658921535852544e+18
4.684670432049631232e+18
4.684638928463281152e+18
4.684644048064866304e+18
4.684644082424604672e+18
4.684650915719567360e+18
4.684619820153768960e+18
4.684617621130512384e+18
4.684659608730619904e+18
4.684606973909366784e+18
4.684608137843343360e+18
4.684666072657002496e+18
4.684605526502555648e+18
4.684607729821331456e+18
4.684636587708430336e+18
4.684627276219233280e+18
4.684647587120163840e+18
4.684638443143391232e+18
4.684592366723634176e+18
4.684644730966518784e+18
4.684632292739823616e+18
4.684643562735315968e+18
4.684606286714601472e+18
4.684603877235933184e+18
4.684623771523356672e+18
4.684659540011141120e+18
4.684615284669077504e+18
4.684596184951515136e+18
4.684628822405181440e+18
4.684659505651402752e+18
4.684643562735313920e+18
4.684623393566228480e+18
4.684645658679353344e+18
4.684658955895588864e+18
4.684644460381730816e+18
4.684627173149156352e+18
4.684627448017924096e+18
4.684631644199316480e+18
4.684693659232776192e+18
4.684619579635555328e+18
4.684693659232776192e+18
4.684677269636339712e+18
4.684693831032665088e+18
4.684597074007539712e+18
4.684645177643235328e+18
4.684602605925517312e+18
4.684676135764890624e+18
4.684646139715740672e+18
4.684636656427908096e+18
4.684636725147385856e+18
4.684627413658185728e+18
4.684664487813580800e+18
4.684636725147378688e+18
4.684593500594726912e+18
4.684594874984285184e+18
4.684643326510364672e+18
4.684620133689005056e+18
4.684601128456867840e+18
4.684646998709254144e+18
4.684630059358039040e+18
4.684684966218960896e+18
4.684627241859491840e+18
4.684673352627390464e+18
4.684617277533084672e+18
4.684664144216176640e+18
4.684671119244397568e+18
4.684629990638563328e+18
4.684603228697919488e+18
4.684671982532375552e+18
4.684695347154251776e+18
4.684670088452224000e+18
4.684596562906184704e+18
4.684647037362180096e+18
4.684637652860378112e+18
4.684617277533070336e+18
4.684619579635540992e+18
4.684592298003904512e+18
4.684672321835217920e+18
4.684627722894399488e+18
4.684648029501491200e+18
4.684605359001443328e+18
4.684634697922867200e+18
4.684644318649594880e+18
4.684629715768166400e+18
4.684678781464944640e+18
4.684673112109199360e+18
4.684646998709252096e+18
4.684671394122331136e+18
4.684672424914413568e+18
4.684599861443317760e+18
4.684663766259052544e+18
4.684608275282327552e+18
4.684605943117222912e+18
4.684666961714917376e+18
4.684596970928320512e+18
4.684600582997821440e+18
4.684606694734325760e+18
4.684678678385730560e+18
4.684599586563012608e+18
4.684615215949620224e+18
4.684623531006269440e+18
4.684629647040911360e+18
4.684662323150090240e+18
4.684672016891723776e+18
4.684633632770906112e+18
4.684642635022356480e+18
4.684644112491115520e+18
4.684662048272133120e+18
4.684623771523356672e+18
4.684626589023232000e+18
4.684648063861246976e+18
4.684663731899312128e+18
4.684660673882535936e+18
4.684623840242834432e+18
4.684623840242834432e+18
4.684650709561071616e+18
4.684675452866149376e+18
4.684600922298431488e+18
4.684663560100622336e+18
4.684633804569596928e+18
4.684661537173846016e+18
4.684608000404388864e+18
4.684667309607947264e+18
4.684594978063483904e+18
4.684629200364310528e+18
4.684662774122490880e+18
4.684678540946749440e+18
4.684643631454817280e+18
4.684598929433502720e+18
4.684625145912903680e+18
4.684617483691307008e+18
4.684673593145574400e+18
4.684598414037378048e+18
4.684672944605044736e+18
4.684619648355007488e+18
4.684619407836837888e+18
4.684662151351397376e+18
4.684603842876187648e+18
4.684602365407340544e+18
4.684637000025324544e+18
4.684606694734321664e+18
4.684665278087441408e+18
4.684636553348667392e+18
4.684624767955780608e+18
4.684626623382972416e+18
4.684664728331772928e+18
4.684694556880269312e+18
4.684619648355008512e+18
4.684601712572312576e+18
4.684611642536716288e+18
4.684637000025316352e+18
4.684599032512671744e+18
4.684595665258308608e+18
4.684627619815178240e+18
4.684618346982536192e+18
4.684595046782967808e+18
4.684601712572313600e+18
4.684675006189332480e+18
4.684608653239463936e+18
4.684627005634167808e+18
4.684595699618046976e+18
4.684650434683213824e+18
4.684641024409852928e+18
4.684631742985292800e+18
4.684608034764125184e+18
4.684643700174299136e+18
4.684598895073765376e+18
4.684643837613250560e+18
4.684663491381139456e+18
4.684662636685465600e+18
4.684619996250163200e+18
4.684598310958163968e+18
4.684601643852829696e+18
4.684594840624539648e+18
4.684625248993428480e+18
4.684627619815179264e+18
4.684669920947868672e+18
4.684663834978572288e+18
4.684694415148288000e+18
4.684617071374632960e+18
4.684670810006727680e+18
4.684694105910100992e+18
4.684634285605929984e+18
4.684593779769842688e+18
4.684673077748422656e+18
4.684672291772147712e+18
4.684694827465146368e+18
4.684597108367266816e+18
4.684670225891170304e+18
4.684619339117364224e+18
4.684613845857005568e+18
4.684627929052837888e+18
4.684694930544412672e+18
4.684672459274162176e+18
4.684598895073755136e+18
4.684642772461310976e+18
4.684618828016632832e+18
4.684673322562164736e+18
4.684614975431410688e+18
4.684695102343103488e+18
4.684619476556319744e+18
4.684617002655139840e+18
4.684660334580947968e+18
4.684614906711933952e+18
4.684619510916057088e+18
4.684625936188209152e+18
4.684626107986903040e+18
4.684601059737374720e+18
4.684626657742714880e+18
4.684617174453831680e+18
4.684594943703748608e+18
4.684671703358808064e+18
4.684694380788596736e+18
4.684638065177257984e+18
4.684628478808849408e+18
4.684695136702840832e+18
4.684612329742155776e+18
4.684666171440586752e+18
4.684642875540533248e+18
4.684605874397745152e+18
4.684693865391224832e+18
4.684609202995265536e+18
4.684614494395016192e+18
4.684650194165031936e+18
4.684669882293770240e+18
4.684606183635389440e+18
4.684670466409389056e+18
4.684607416288821248e+18
4.684617758569388032e+18
4.684593985928271872e+18
4.684619407836829696e+18
4.684695239782059008e+18
4.684602399767068672e+18
4.684605217265770496e+18
4.684612742048417792e+18
4.684673902383224832e+18
4.684678648323622912e+18
4.684596352453068800e+18
4.684601712572301312e+18
4.684595012423230464e+18
4.684669916653524992e+18
4.684623531006275584e+18
4.684627108715810816e+18
4.684606076258982912e+18
4.684624802315517952e+18
4.684621198839025664e+18
4.684648716696279040e+18
4.684667992507056128e+18
4.684594428307671040e+18
4.684597726842602496e+18
4.684677273934012416e+18
4.684668164305752064e+18
4.684625936188207104e+18
4.684609894484663296e+18
4.684626107986898944e+18
4.684650984438540288e+18
4.684648854135228416e+18
4.684642635022361600e+18
4.684637549781139456e+18
4.684618003385159680e+18
4.684661601595573248e+18
4.684620266830306304e+18
4.684606149275649024e+18
4.684671668999063552e+18
4.684605560862279680e+18
4.684664212935641088e+18
4.684615800065142784e+18
4.684592194924684288e+18
4.684605148546287616e+18
4.684615460764527616e+18
4.684625974844453888e+18
4.684617758569388032e+18
4.684616555978545152e+18
4.684694518227562496e+18
4.684600991017896960e+18
4.684616349820068864e+18
4.684674520858609664e+18
4.684609924549874688e+18
4.684626623382973440e+18
4.684646517672851456e+18
4.684625248993431552e+18
4.684628964141689856e+18
4.684610783543236608e+18
4.684673700519480320e+18
4.684676032685666304e+18
4.684665522903484416e+18
4.684634148167033856e+18
4.684673009028564992e+18
4.684613742775715840e+18
4.684615044150893568e+18
4.684601059737379840e+18
4.684661399734893568e+18
4.684678373445835776e+18
4.684625317712909312e+18
4.684624458718126080e+18
4.684638168256509952e+18
4.684676960398716928e+18
4.684603842876181504e+18
4.684596696050501632e+18
4.684613772839676928e+18
4.684607862965424128e+18
4.684595596538820608e+18
4.684676926038977536e+18
4.684668885860263936e+18
4.684650847000069120e+18
4.684613257443601408e+18
4.684640848314796032e+18
4.684597078302537728e+18
4.684672012596492288e+18
4.684619412132471808e+18
4.684634801002062848e+18
4.684670775646981120e+18
4.684674937470061568e+18
4.684642841180796928e+18
4.684623668444142592e+18
4.684636965665574912e+18
4.684633632770908160e+18
4.684645933557300224e+18
4.684665071929131008e+18
4.684670328970408960e+18
4.684646792550365184e+18
4.684628307010151424e+18
4.684598104799720448e+18
4.684678575306501120e+18
4.684605977476962304e+18
4.684672150035444736e+18
4.684610096348407808e+18
4.684661464156599296e+18
4.684612673328933888e+18
4.684601025377630208e+18
4.684642119625134080e+18
4.684670947445700608e+18
4.684621817313667072e+18
4.684615937503194112e+18
4.684603602358005760e+18
4.684669126378455040e+18
4.684628100850388992e+18
4.684627825972498432e+18
4.684616315460365312e+18
4.684662907265527808e+18
4.684623393566233600e+18
4.684621645515843584e+18
4.684648888494994432e+18
4.684615907439161344e+18
4.684677647593481216e+18
4.684626382864816128e+18
4.684594771905048576e+18
4.684641574165655552e+18
4.684644284289873920e+18
4.684671462841612288e+18
4.684673494360454144e+18
4.684597589403646976e+18
4.684674520858604544e+18
4.684694277709357056e+18
4.684671668999074816e+18
4.684601235830880256e+18
4.684617483691533312e+18
4.684622156616035328e+18
4.684601029672008704e+18
4.684623290488073216e+18
4.684646998709253120e+18
4.684632876856628224e+18
4.684641604230171648e+18
4.684622706372962304e+18
4.684642016545916928e+18
4.684633357892981760e+18
4.684612810767885312e+18
4.684672012607698944e+18
4.684665076224979968e+18
4.684611715550979072e+18
4.684678540946746368e+18
4.684627276219231232e+18
4.684647239227460608e+18
4.684645456816081920e+18
4.684694999262663680e+18
4.684648510537781248e+18
4.684645766053727232e+18
4.684660884338836480e+18
4.684642566302861312e+18
4.684615422108055552e+18
4.684666824275979264e+18
4.684610272444247040e+18
4.684663942355549184e+18
4.684673524426073088e+18
4.684643597095076864e+18
4.684663594460374016e+18
4.684647720263794688e+18
4.684643081698935808e+18
4.684624871034990592e+18
4.684671840809006080e+18
4.684671638934610944e+18
4.684625317712891904e+18
4.684638722307316736e+18
4.684663079064215552e+18
4.684641260632752128e+18
4.684620060671850496e+18
4.684638825386530816e+18
4.684694346428830720e+18
4.684633804569609216e+18
4.684647449678434304e+18
4.684604087688718336e+18
4.684642463223627776e+18
4.684612845127629824e+18
4.684676655458722816e+18
4.684660472021970944e+18
4.684677647593485312e+18
4.684642360144412672e+18
4.684662872905787392e+18
4.684610130708149248e+18
4.684649644409105408e+18
4.684664419094103040e+18
4.684650301539141632e+18
4.684613193019830272e+18
4.684665518605837312e+18
4.684630677833367552e+18
4.684594050350539776e+18
4.684595356020646912e+18
4.684666858635715584e+18
4.684608481440769024e+18
4.684627825972497408e+18
4.684605526503424000e+18
4.684660987418045440e+18
4.684678407803467776e+18
4.684604392632036352e+18
4.684676719880548352e+18
4.684624252559704064e+18
4.684595493459600384e+18
4.684624218199965696e+18
4.684650232819667968e+18
4.684602434126824448e+18
4.684638374414548992e+18
4.684636656427907072e+18
4.684624012041534464e+18
4.684648068154724352e+18
4.684668267384984576e+18
4.684676685520800768e+18
4.684637755939615744e+18
4.684600097664690176e+18
4.684607214427535360e+18
4.684609997564231680e+18
4.684671737718560768e+18
4.684678270364238848e+18
4.684612883782255616e+18
4.684670878726214656e+18
4.684620236768326656e+18
4.684643390936340480e+18
4.684634629203368960e+18
4.684604328206882816e+18
4.684625764389501952e+18
4.684649953646795776e+18
4.684643287857371136e+18
4.684649781848103936e+18
4.684630780912600064e+18
4.684600097664684032e+18
4.684670913085952000e+18
4.684642153985986560e+18
4.684642531943108608e+18
4.684676582441567232e+18
4.684647995141755904e+18
4.684636450269433856e+18
4.684675139333886976e+18
4.684610066285819904e+18
4.684604701869676544e+18
4.684621989114789888e+18
4.684668233025248256e+18
4.684628100851694592e+18
4.684603945955415040e+18
4.684662872905783296e+18
4.684619991952362496e+18
4.684595493459596288e+18
4.684648647976790016e+18
4.684661983850454016e+18
4.684624527437606912e+18
4.684648579264377856e+18
4.684633430908045312e+18
4.684684798714792960e+18
4.684646414592483328e+18
4.684597520684162048e+18
4.684591576449372160e+18
4.684632979935867904e+18
4.684633224749627392e+18
4.684606557295345664e+18
4.684634251246186496e+18
4.684625592590809088e+18
4.684625042834993152e+18
4.684659368212466688e+18
4.684624493077867520e+18
4.684630609113907200e+18
4.684626215360180224e+18
4.684616452899312640e+18
4.684629475242478592e+18
4.684604358272294912e+18
4.684664144216182784e+18
4.684659131992185856e+18
4.684662838546042880e+18
4.684663770556849152e+18
4.684635801729561600e+18
4.684614631834011648e+18
4.684665862203235328e+18
4.684630746552856576e+18
4.684661876473449472e+18
4.684605767021320192e+18
4.684607386223991808e+18
4.684694861824915456e+18
4.684626279785595904e+18
4.684599547908810752e+18
4.684624493077866496e+18
4.684693831032682496e+18
4.684649953646800896e+18
4.684624115120744448e+18
4.684673009028934656e+18
4.684628788046299136e+18
4.684678747105187840e+18
4.684668683999547392e+18
4.684671295337808896e+18
4.684647651544327168e+18
4.684623908962313216e+18
4.684615387748306944e+18
4.684633808862310400e+18
4.684624286920748032e+18
4.684636931305859072e+18
4.684646620750921728e+18
4.684635698650347520e+18
4.684644868405518336e+18
4.684675070614406144e+18
4.684646620750920704e+18
4.684632773777418240e+18
4.684673524426089472e+18
4.684694797397894144e+18
4.684667648909609984e+18
4.684631502467119104e+18
4.684607141410903040e+18
4.684623359207565312e+18
4.684624286920747008e+18
4.684645143283481600e+18
4.684611818632463360e+18
4.684669195097933824e+18
4.684645074563955712e+18
4.684642669382090752e+18
4.684618755003039744e+18
4.684598448397132800e+18
4.684592401083138048e+18
4.684604152113858560e+18
4.684604323912551424e+18
4.684695239782046720e+18
4.684648171233146880e+18
4.684645280721072128e+18
4.684627379298440192e+18
4.684631502467116032e+18
4.684647273587212288e+18
4.684613566681230336e+18
4.684636450269440000e+18
4.684636622068160512e+18
4.684612707688666112e+18
4.684649713128633344e+18
4.684618170886318080e+18
4.684627619815171072e+18
4.684633701490368512e+18
4.684694312069092352e+18
4.684604736229407744e+18
4.684659441229826048e+18
4.684614597474265088e+18
4.684625493805701120e+18
4.684648205593690112e+18
4.684630269811733504e+18
4.684631639906097152e+18
4.684693904044709888e+18
4.684594015990790144e+18
4.684631742985281536e+18
4.684659406870087680e+18
4.684643841906721792e+18
4.684603022537341952e+18
4.684618651923818496e+18
4.684645521239263232e+18
4.684660880040981504e+18
4.684620305487924224e+18
4.684647720263776256e+18
4.684644146850886656e+18
4.684642360144425984e+18
4.684623118689854464e+18
4.684613605338850304e+18
4.684630849632084992e+18
4.684618755003033600e+18
4.684638722307320832e+18
4.684637652860370944e+18
4.684693594807079936e+18
4.684618686283554816e+18
4.684676994758484992e+18
4.684631128802938880e+18
4.684669229458732032e+18
4.684632052221649920e+18
4.684647307946964992e+18
4.684649919287064576e+18
4.684637068744266752e+18
4.684643287857378304e+18
4.684646174075480064e+18
4.684613875918876672e+18
4.684648922854754304e+18
4.684611681193513984e+18
4.684631261948908544e+18
4.684630506034666496e+18
4.684671329696823296e+18
4.684618651922704384e+18
4.684601609493080064e+18
4.684668267386044416e+18
4.684600028945203200e+18
4.684622465853714432e+18
4.684638649292854272e+18
4.684685378535858176e+18
4.684637382275073024e+18
4.684641672949626880e+18
4.684669538696364032e+18
4.684634938441062400e+18
4.684662529308535808e+18
4.684600956658137088e+18
4.684635041520253952e+18
4.684614494395033600e+18
4.684613566681234432e+18
4.684671948174536704e+18
4.684632846789657600e+18
4.684643528375603200e+18
4.684660708242286592e+18
4.684599788427011072e+18
4.684678266068811776e+18
4.684609580952452096e+18
4.684619923232880640e+18
4.684629131645079552e+18
4.684602468486561792e+18
4.684648544897552384e+18
4.684667167873395712e+18
4.684618651923819520e+18
4.684643940692509696e+18
4.684623397862382592e+18
4.684602227968434176e+18
4.684611642536728576e+18
4.684631472400125952e+18
4.684694174630090752e+18
4.684679468659735552e+18
4.684675070614151168e+18
4.684598998153006080e+18
4.684694247642303488e+18
4.684628959846389760e+18
4.684667270952427520e+18
4.684647651544351744e+18
4.684634839654435840e+18
4.684641642882881536e+18
4.684634526124144640e+18
4.684635797434563584e+18
4.684646895630002176e+18
4.684611676896445440e+18
4.684613330458673152e+18
4.684618308325277696e+18
4.684672150035460096e+18
4.684645624318483456e+18
4.684641157552445440e+18
4.684647170507956224e+18
4.684612707688656896e+18
4.684601575133333504e+18
4.684678781464965120e+18
4.684635934873519104e+18
4.684696068710648832e+18
4.684638821091590144e+18
4.684645967917056000e+18
4.684672081315982336e+18
4.684600269463324672e+18
4.684629715760660480e+18
4.684633186094242816e+18
4.684694621306785792e+18
4.684599857146463232e+18
4.684616143661634560e+18
4.684667786348582912e+18
4.684611852992198656e+18
4.684693796671752192e+18
4.684666343239588864e+18
4.684637274903267328e+18
4.684646002276806656e+18
4.684619820153749504e+18
4.684665930922727424e+18
4.684631090150215680e+18
4.684670569488537600e+18
4.684644494743394304e+18
4.684643975052254208e+18
4.684667270952424448e+18
4.684642944260026368e+18
4.684642153985972224e+18
4.684671222323652608e+18
4.684647857702775808e+18
4.684637103104569344e+18
4.684659608730505216e+18
4.684595222876396544e+18
4.684667511470626816e+18
4.684634010727549952e+18
4.684642841180803072e+18
4.684693968470472704e+18
4.684634530419264512e+18
4.684621744300278784e+18
4.684676754240292864e+18
4.684643803253561344e+18
4.684678712745477120e+18
4.684612162229841920e+18
4.684635659995566080e+18
4.684669813574292480e+18
4.684591821262806016e+18
4.684621572501578752e+18
4.684637309263005696e+18
4.684675074908297216e+18
4.684663422661646336e+18
4.684632979935594496e+18
4.684609752751131648e+18
4.684638340055207936e+18
4.684660158486467584e+18
4.684602571565801472e+18
4.684669573056106496e+18
4.684672253115715584e+18
4.684677926766856192e+18
4.684643940692513792e+18
4.684646345872993280e+18
4.684648617911972864e+18
4.684612574546704384e+18
4.684693899750980608e+18
4.684648583552357376e+18
4.684673971102716928e+18
4.684667236592688128e+18
4.684670981805446144e+18
4.684619029879671808e+18
4.684645972212149248e+18
4.684609615312177152e+18
4.684612398450999296e+18
4.684635350757888000e+18
4.684694586947043328e+18
4.684647995141745664e+18
4.684614460035288064e+18
4.684646625047276544e+18
4.684669092019772416e+18
4.684660433364389888e+18
4.684663422661647360e+18
4.684630368595689472e+18
4.684619854513490944e+18
4.684623122983702528e+18
4.684631227589181440e+18
4.684608859397931008e+18
4.684665759124031488e+18
4.684677338355851264e+18
4.684614116437090304e+18
4.684613704120179712e+18
4.684669783508603904e+18
4.684659097630171136e+18
4.684624188135648256e+18
4.684603086961922048e+18
4.684632911216361472e+18
4.684665866500860928e+18
4.684694728680880128e+18
4.684637481061757952e+18
4.684626455880857600e+18
4.684637790299330560e+18
4.684669607415846912e+18
4.684602983882686464e+18
4.684632743712882688e+18
4.684604530070667264e+18
4.684620850945954816e+18
4.684619236038106112e+18
4.684613429242263552e+18
4.684614876649259008e+18
4.684669710495056896e+18
4.684694586947057664e+18
4.684611917414668288e+18
4.684672978966682624e+18
4.684617689851140096e+18
4.684600166384096256e+18
4.684613467897617408e+18
4.684647479745569792e+18
4.684677029117924352e+18
4.684678712745482240e+18
4.684623221768584192e+18
4.684667408391416832e+18
4.684694041486111744e+18
4.684620885305696256e+18
4.684663873633780736e+18
4.684620030607619072e+18
4.684637377982495744e+18
4.684646728126391296e+18
4.684636965665258496e+18
4.684644353009377280e+18
4.684631674265832448e+18
4.684694140270342144e+18
4.684614631833997312e+18
4.684600509981527040e+18
4.684608550160260096e+18
4.684629647041171456e+18
4.684600372542573568e+18
4.684619996249020416e+18
4.684612089213359104e+18
4.684614219516291072e+18
4.684667717629118464e+18
4.684633293466888192e+18
4.684665041864884224e+18
4.684671222323643392e+18
4.684630506034670592e+18
4.684630677833363456e+18
4.684695312796411904e+18
4.684662774122234880e+18
4.684629853199592448e+18
4.684634118100162560e+18
4.684614082077338624e+18
4.684645693037967360e+18
4.684637687220135936e+18
4.684631227589177344e+18
4.684676238844166144e+18
4.684674830096272384e+18
4.684629406522993664e+18
4.684628616249011200e+18
4.684633186094018560e+18
4.684599376110089216e+18
4.684674108541667328e+18
4.684675139333901312e+18
4.684645731693984768e+18
4.684675139333901312e+18
4.684631055790481408e+18
4.684629818839851008e+18
4.684592199219928064e+18
4.684678334788298752e+18
4.684668855795676160e+18
4.684645246361340928e+18
4.684670603848285184e+18
4.684608309642061824e+18
4.684665484246073344e+18
4.684650228524744704e+18
4.684619132958878720e+18
4.684612261012024320e+18
4.684643498308536320e+18
4.684631227589174272e+18
4.684677750672746496e+18
4.684650778280568832e+18
4.684621400701757440e+18
4.684633426612431872e+18
4.684662975984873472e+18
4.684661086199443456e+18
4.684635870446574592e+18
4.684602640285264896e+18
4.684618480123998208e+18
4.684695033622408192e+18
4.684648927147148288e+18
4.684637343622753280e+18
4.684669366897700864e+18
4.684646895630021632e+18
4.684609649671676928e+18
4.684637755939612672e+18
4.684665381166837760e+18
4.684646826910544896e+18
4.684693869687431168e+18
4.684647788983268352e+18
4.684638649292836864e+18
4.684635144599524352e+18
4.684633911941732352e+18
4.684635423772447744e+18
4.684633911941733376e+18
4.684623015610624000e+18
4.684665243727885312e+18
4.684674349059864576e+18
4.684693934110726144e+18
4.684634869721569280e+18
4.684618896736268288e+18
4.684641398071707648e+18
4.684674628234260480e+18
4.684665552965543936e+18
4.684635866154029056e+18
4.684641294992492544e+18
4.684645903490222080e+18
4.684667923787572224e+18
4.684620816586203136e+18
4.684616212381118464e+18
4.684669027596694528e+18
4.684633568344146944e+18
4.684669504336627712e+18
4.684670054092471296e+18
4.684647651544338432e+18
4.684650232820054016e+18
4.684669165033317376e+18
4.684634667858205696e+18
4.684667958147310592e+18
4.684622912531421184e+18
4.684665484246075392e+18
4.684644937124955136e+18
4.684674486498836480e+18
4.684694277709322240e+18
4.684619304757425152e+18
4.684612192291681280e+18
4.684662804186687488e+18
4.684660021047371776e+18
4.684693732248474624e+18
4.684619854513484800e+18
4.684609615312180224e+18
4.684649816207854592e+18
4.684600475621761024e+18
4.684635595571140608e+18
4.684646345872998400e+18
4.684638000750594048e+18
4.684678712745129984e+18
4.684659578668793856e+18
4.684646556327700480e+18
4.684660295925433344e+18
4.684635595571141632e+18
4.684643940692518912e+18
4.684674589578084352e+18
4.684666102721356800e+18
4.684601987450251264e+18
4.684635488196886528e+18
4.684644902765272064e+18
4.684645074563963904e+18
4.684676582441562112e+18
4.684623118689864704e+18
4.684668782781032448e+18
4.684632224020348928e+18
4.684693968470476800e+18
4.684638271335759872e+18
4.684644009412026368e+18
4.684620855243737088e+18
4.684647788983294976e+18
4.684644627887316992e+18
4.684631846064540672e+18
4.684645800411016192e+18
4.684694243349580800e+18
4.684641466791189504e+18
4.684609237355022336e+18
4.684678266068815872e+18
4.684613708418059264e+18
4.684630059358048256e+18
4.684629612681427968e+18
4.684620683445044224e+18
4.684637481061758976e+18
4.684635900513763328e+18
4.684660192846204928e+18
4.684622637653491712e+18
4.684591889982282752e+18
4.684645555598994432e+18
4.684641638589879296e+18
4.684674349059862528e+18
4.684672704088779776e+18
4.684661739034465280e+18
4.684645212001595392e+18
4.684598865010907136e+18
4.684647342306693120e+18
4.684666583757770752e+18
4.684643597095065600e+18
4.684630299876214784e+18
4.684601437694383104e+18
4.684658577939355648e+18
4.684617380612312064e+18
4.684670539422848000e+18
4.684664178575890432e+18
4.684641260632756224e+18
4.684671157900371968e+18
4.684647411026072576e+18
4.684622775092446208e+18
4.684660673882544128e+18
4.684620885305691136e+18
4.684673696224827392e+18
4.684604598790149120e+18
4.684644834045799424e+18
4.684634869721575424e+18
4.684622397134212096e+18
4.684642463223615488e+18
4.684646139715759104e+18
4.684694105910639616e+18
4.684671428482094080e+18
4.684634388685189120e+18
4.684658646658831360e+18
4.684665381166843904e+18
4.684662563668284416e+18
4.684613120004623360e+18
4.684612123572197376e+18
4.684650816933391360e+18
4.684646311513248768e+18
4.684632636338435072e+18
4.684665969580071936e+18
4.684630712193093632e+18
4.684627551097158656e+18
4.684660536443620352e+18
4.684641707309373440e+18
4.684641466791192576e+18
4.684644490448316416e+18
4.684632636338438144e+18
4.684611230219819008e+18
4.684662391869591552e+18
4.684613601040949248e+18
4.684646552032619520e+18
4.684606557295348736e+18
4.684641501150929920e+18
4.684603705437203456e+18
4.684660811321515008e+18
4.684623153049597952e+18
4.684602331047575552e+18
4.684643494015853568e+18
4.684612059150629888e+18
4.684633186094253056e+18
4.684678545242037248e+18
4.684634629203361792e+18
4.684664762691526656e+18
4.684662911563507712e+18
4.684648510537802752e+18
4.684671462841819136e+18
4.684599376110076928e+18
4.684598895073750016e+18
4.684674177261151232e+18
4.684635316398127104e+18
4.684614326891536384e+18
4.684632498899482624e+18
4.684626795188965376e+18
4.684676548081800192e+18
4.684666759854052352e+18
4.684599547908819968e+18
4.684672635366885376e+18
4.684669092019781632e+18
4.684663938057708544e+18
4.684637347915334656e+18
4.684647758918531072e+18
4.684596455532315648e+18
4.684630643473607680e+18
4.684674456435245056e+18
4.684626314145333248e+18
4.684636656427918336e+18
4.684633804569321472e+18
4.684611402018510848e+18
4.684599754067273728e+18
4.684669332537953280e+18
4.684649683062029312e+18
4.684650022366295040e+18
4.684632430179999744e+18
4.684694380788620288e+18
4.684697992853552128e+18
4.684697988559929344e+18
4.684697992856350720e+18
4.684697988559938560e+18
