# # ids of objects in overdense bins for (72.44721842839472, 10.93705546222949)
# 
3.294906735474841088e+18
3.294902337428257280e+18
3.294890105363595776e+18
3.294884126766847488e+18
3.294906529318377472e+18
3.294905468461544448e+18
3.294907628828042752e+18
3.294903956633057280e+18
3.294904227213946368e+18
3.294889044506606592e+18
3.294883370852592640e+18
3.294889246367853568e+18
3.294889315087344640e+18
3.294903058982802432e+18
3.294905498524272640e+18
3.294907663187788800e+18
3.294889315087342592e+18
3.294902582243234304e+18
3.294892304384667648e+18
3.294904570811295744e+18
3.294892583558134784e+18
3.294906911570268160e+18
3.294905674619673088e+18
3.294904089777000960e+18
3.294902921543818752e+18
3.294902990263314944e+18
3.294890242800317440e+18
3.294889796123717632e+18
3.294903024623053824e+18
3.294908247303382528e+18
3.294900619441367552e+18
3.294890552037964800e+18
3.294902616601750016e+18
3.294907834986501120e+18
3.294907457029377536e+18
3.294905429808328704e+18
3.294883267773361152e+18
3.294903677458096128e+18
3.294903162062027776e+18
3.294902749745130496e+18
3.294908320318232064e+18
3.294892201305437184e+18
3.294907083367652352e+18
3.294904639530787328e+18
3.295657220880026112e+18
3.295659802157982720e+18
