# successful candidates for region at (315.4232138316504, 17.886032083195627) and radius 1.0
315.7646923111422 18.33445919344776
315.77124741651096 18.309551608832976
315.77792725957755 18.346883556561504
315.7779399364727 18.353107530748858
315.77795261707223 18.359331504930264
315.7843392910688 18.253511837920183
315.78444224794373 18.303303617716917
315.7844551345003 18.309527590163817
315.78446802482523 18.315751562604557
315.78448091891937 18.321975535039133
315.78449381678325 18.328199507467538
315.78453253300114 18.346871424715765
315.7845583626752 18.35931936951705
315.7909279433845 18.247275538780368
315.7909410310101 18.253499509469727
315.7909541224667 18.25972348015272
315.7909672177547 18.26594745082934
315.79098031687494 18.272171421499582
315.7909934198282 18.27839539216345
315.79100652661515 18.284619362820944
315.7910196372365 18.290843333472058
315.79103275169297 18.297067304116787
315.7910458699852 18.303291274755132
315.79105899211413 18.30951524538709
315.79107211808036 18.315739216012666
315.7910852478846 18.321963186631848
315.79109838152755 18.328187157244635
315.79111151901 18.33441112785103
315.79112466033257 18.34063509845103
315.79113780549613 18.346859069044633
315.79115095450135 18.353083039631834
315.79116410734883 18.359307010212632
315.7911772640395 18.365530980787025
315.7975294474338 18.247262988843556
315.79754277001206 18.253486957687183
315.79755609648987 18.259710926524203
315.797569426868 18.26593489535463
315.7975827611471 18.272158864178436
315.797596099328 18.278382832995653
315.79760944141145 18.28460680180625
315.79762278739815 18.290830770610242
315.79764949108414 18.303278708198384
315.79766284878497 18.30950267698253
315.79767621039196 18.31572664576005
315.7976895759059 18.321950614530955
315.7977029453275 18.328174583295237
315.7977163186575 18.33439855205289
315.7977296958966 18.34062252080392
315.7977430770455 18.346846489548312
315.7977564621051 18.35307045828608
315.79776985107605 18.359294427017204
315.7977832439591 18.36551839574169
315.8041173969648 18.241026248635816
315.8041309505275 18.247250215607693
315.8041445080578 18.25347418257274
315.8041580695564 18.25969814953095
315.8041716350242 18.265922116482333
315.80418520446176 18.272146083426865
315.80419877786994 18.278370050364558
315.80422593660103 18.290817984219412
315.80425311122343 18.303265918046872
315.8042667044957 18.309489884950327
315.8042803017431 18.315713851846922
315.8042939029663 18.32193781873666
315.8043075081661 18.328161785619542
315.80432111734325 18.33438575249556
315.8043347304984 18.340609719364714
315.80434834763236 18.346833686227
315.804361968746 18.353057653082423
315.80437559383984 18.359281619930968
315.80438922291484 18.36550558677265
315.80440285597166 18.371729553607455
315.8107048797928 18.234789288944512
315.8107186642028 18.241013254012284
315.81073245264844 18.24723721907299
315.81074624513036 18.253461184126618
315.8107600416495 18.259685149173173
315.81077384220646 18.265909114212654
315.81078764680205 18.272133079245055
315.81080145543706 18.278357044270376
315.8108152681122 18.284581009288612
315.8108290848283 18.290804974299764
315.810842905586 18.297028939303825
315.8108567303862 18.303252904300802
315.81087055922956 18.309476869290688
315.8108843921169 18.31570083427347
315.810898229049 18.32192479924916
315.8109120700265 18.328148764217747
315.81092591505035 18.334372729179236
315.81093976412114 18.340596694133623
315.81095361723976 18.346820659080905
315.8109674744068 18.353044624021074
315.81098133562324 18.35926858895413
315.81099520088975 18.365492553880074
315.81730591122806 18.23477607299895
315.8173199304518 18.24100003612295
315.81733395377984 18.247223999239633
315.81736201275214 18.259671925451066
315.81737604839793 18.2658958885458
315.8173900881511 18.272119851633214
315.8174041320125 18.278343814713306
315.81741817998284 18.28456777778607
315.81743223206297 18.290791740851507
315.8174462882536 18.297015703909604
315.8174603485555 18.303239666960376
315.81747441296955 18.309463630003812
315.8174884814964 18.315687593039907
315.81750255413687 18.32191155606866
315.81751663089176 18.32813551909007
315.81753071176183 18.334359482104137
315.8175447967478 18.340583445110855
315.81755888585053 18.346807408110216
315.8175729790708 18.353031371102237
315.8175870764093 18.359255334086892
315.8176011778669 18.365479297064198
315.8176152834443 18.371703260034135
315.81762939314234 18.37792722299672
315.82387844609985 18.222314711503163
315.82389269179305 18.228538672665668
315.8239069416578 18.23476263382062
315.8239211956948 18.240986594968017
315.8239354539049 18.247210556107856
315.8239497162889 18.253434517240127
315.82396398284754 18.259658478364837
315.8239782535817 18.265882439481985
315.82400680757934 18.27833036169356
315.82402109084444 18.284554322787987
315.82403537828816 18.290778283874843
315.82404966991123 18.297002244954115
315.8240639657145 18.303226206025805
315.8240782656987 18.309450167089917
315.82409256986466 18.31567412814644
315.82410687821306 18.321898089195372
315.82412119074485 18.32812205023671
315.82413550746077 18.33434601127046
315.8241498283615 18.34056997229661
315.82416415344795 18.346793933315166
315.82417848272087 18.35301789432612
315.824192816181 18.359241855329465
315.82420715382926 18.365465816325205
315.8242214956663 18.371689777313343
315.83049348645636 18.228525012263972
315.8305079710652 18.23474897140974
315.8305224599151 18.2409729305477
315.8305369530068 18.247196889677852
315.83055145034103 18.253420848800182
315.83056595191886 18.259644807914707
315.8305804577408 18.26586876702141
315.830638523487 18.290764603369993
315.8306530505421 18.296988562437562
315.8306675818462 18.303212521497304
315.8306821174001 18.30943648054921
315.83069665720467 18.315660439593277
315.83071120126067 18.321884398629503
315.8307257495689 18.32810835765789
315.8307403021301 18.33433231667842
315.83075485894517 18.340556275691107
315.83076942001486 18.34678023469595
315.83078398533996 18.35300419369293
315.83079855492133 18.359228152682057
315.83081312875976 18.365452111663327
315.83082770685604 18.371676070636735
315.837094280081 18.228511128662767
315.83710899943344 18.23473508576652
315.8371237230957 18.24095904286221
315.8371384510685 18.247182999949835
315.8371531833527 18.253406957029394
315.8371679199491 18.259630914100885
315.83718266085856 18.265854871164297
315.83719740608177 18.272078828219637
315.8372121556196 18.27830278526689
315.8372564301291 18.29697465636017
315.83727119693367 18.303198613375088
315.8372859680569 18.309422570381912
315.8373007434996 18.315646527380647
315.83731552326265 18.321870484371278
315.83733030734686 18.328094441353812
315.837345095753 18.334318398328247
315.83735988848184 18.34054235529457
315.83737468553437 18.34676631225279
315.83738948691126 18.3529902692029
315.8374042926133 18.359214226144893
315.84368012293197 18.22227306682504
315.84369507265 18.22849702186227
315.84371002674567 18.234720976891186
315.8437249852198 18.240944931911777
315.84373994807333 18.247168886924037
315.84375491530693 18.253392841927983
315.8437698869215 18.25961679692359
315.8437848629179 18.265840751910865
315.8437998432969 18.272064706889804
315.84381482805935 18.278288661860405
315.8438298172061 18.284512616822663
315.8438448107379 18.29073657177658
315.84385980865557 18.29696052672215
315.84387481096 18.303184481659372
315.84388981765204 18.30940843658824
315.8439048287325 18.315632391508753
315.8439198442021 18.321856346420915
315.84393486406185 18.32808030132471
315.8439498883124 18.334304256220143
315.8439649169547 18.34052821110721
315.8439799499895 18.346752165985908
315.84399498741766 18.35297612085624
315.85025032430656 18.209810833047484
315.8502806797547 18.22225873893288
315.85029586414663 18.22848269186271
315.85031105298503 18.23470664478395
315.85032624627064 18.24093059769661
315.8503414440043 18.247154550600683
315.85035664618687 18.25337850349616
315.8503718528192 18.25960245638305
315.8503870639021 18.26582640926134
315.85040227943637 18.27205036213103
315.8504174994229 18.278274314992114
315.8504327238625 18.2844982678446
315.8504479527561 18.29072222068847
315.8504631861044 18.296946173523736
315.8504784239083 18.303170126350388
315.8504936661687 18.30939407916842
315.8505089128863 18.315618031977834
315.8505241640621 18.32184198477863
315.8505394196969 18.3280659375708
315.85055467979134 18.334289890354338
315.85056994434655 18.340513843129248
315.8505852133632 18.346737795895528
315.8506004868422 18.35296174865317
315.85688123548863 18.222244187874708
315.85689665455413 18.228468138664304
315.8569120781347 18.23469208944505
315.8569275062313 18.24091604021695
315.85694293884467 18.24713999097999
315.8569583759757 18.253363941734168
315.85697381762526 18.25958789247949
315.8569892637941 18.265811843215943
315.8570047144832 18.272035793943527
315.8570201696934 18.278259744662247
315.85703562942547 18.28448369537209
315.85705109368035 18.29070764607306
315.8570665624587 18.29693159676515
315.85708203576166 18.30315554744836
315.85709751358985 18.30937949812268
315.85711299594425 18.315603448788114
315.8571284828257 18.32182739944466
315.857143974235 18.32805135009231
315.857159470173 18.33427530073107
315.8571749706406 18.34049925136092
315.8571904756386 18.346723201981877
315.8634974438555 18.22845336226729
315.8635131021779 18.234677310874712
315.86352876508494 18.240901259473013
315.8635444325775 18.247125208062187
315.86356010465653 18.25334915664223
315.8635757813228 18.259573105213136
315.86359146257723 18.265797053774907
315.86360714842067 18.272021002327545
315.863622838854 18.278244950871034
315.863638533878 18.284468899405375
315.8636542334936 18.290692847930572
315.8636699377017 18.296916796446617
315.8636856465031 18.30314074495351
315.8637013598987 18.309364693451244
315.8637170778893 18.31558864193982
315.8637328004759 18.321812590419228
315.8637485276592 18.32803653888947
315.86376425944025 18.334260487350548
315.87005058075505 18.209766523411716
315.870082343623 18.22221441626123
315.8700982320341 18.2284383626719
315.87011412509764 18.234662309073176
315.87013002281464 18.240886255465046
315.87014592518597 18.247110201847516
315.8701618322125 18.253334148220574
315.870177743895 18.259558094584225
315.87019366023446 18.265782040938472
315.87020958123173 18.272005987283293
315.87022550688766 18.278229933618704
315.87024143720316 18.284453879944685
315.8702573721791 18.290677826261245
315.87027331181633 18.296901772568383
315.8702892561157 18.30312571886608
315.8703052050781 18.309349665154347
315.87032115870454 18.31557361143318
315.8703371169958 18.32179755770257
315.87035307995274 18.328021503962525
315.8703690475762 18.334245450213025
315.8766990190728 18.22842313987837
315.8767151468772 18.23464708404066
315.8767312794037 18.240871028193272
315.87674741665325 18.2470949723362
315.8767635586267 18.253318916469443
315.876779705325 18.259542860593
315.876795856749 18.265766804706857
315.8768120128996 18.271990748811024
315.8768281737777 18.27821469290549
315.87684433938415 18.28443863699026
315.8768605097198 18.29066258106532
315.8768766847857 18.296886525130667
315.87689286458254 18.303110469186308
315.8769090491114 18.309334413232236
315.8769252383731 18.315558357268447
315.8769414323685 18.321782301294935
315.87695763109843 18.3280062453117
315.8769738345639 18.33423018931873
315.88334890696245 18.247079519528498
315.8833652838824 18.253303461389077
315.88338166559595 18.25952740323969
315.8833980521039 18.26575134508033
315.88341444340733 18.27197528691098
315.88343083950707 18.27819922873165
315.88344724040394 18.284423170542336
315.8834636460989 18.29064711234303
315.88348005659293 18.29687105413373
315.8834964718868 18.303094995914435
315.8835128919815 18.30931893768514
315.8835293168779 18.31554287944585
315.88354574657694 18.321766821196544
315.88356218107947 18.327990762937233
315.88357862038646 18.33421470466791
315.88988399723837 18.222168085101753
315.8899503960967 18.24706384342464
315.88996700796264 18.253287782979722
315.88998362469084 18.259511722524547
315.8900002462824 18.265735662059104
315.8900168727381 18.271959601583397
315.8900667812995 18.29063142009463
315.8900834272211 18.29685535957781
315.89010007801147 18.303079299050708
315.89011673367145 18.30930323851332
315.8901333942021 18.315527177965635
315.8901500596043 18.32175111740766
315.89016672987884 18.32797505683939
315.8901834050268 18.33419899626081
315.8964845460866 18.222152195052423
315.89653504215806 18.240824006797585
315.89655188403924 18.24704794402488
315.8966024392675 18.265719755643453
315.896619300875 18.27194369282853
315.8966361674164 18.278167630003036
315.8966699153046 18.290615504320353
315.8966867966533 18.29683944146315
315.90318753928545 18.259479691009755
315.90323882956255 18.278151495448768
315.9032559363277 18.28437543024005
315.90327304809733 18.290599365020466
315.9032901648726 18.296823299790006
315.90970293658205 18.22834367794714
315.9097202380824 18.234567610422122
315.9097375446485 18.240791542885965
315.90977217298206 18.25323940778021
315.909858832534 18.284359069820624
315.90987617966084 18.290583002195213
315.90989353186205 18.296806934558628
315.91632125266705 18.234551046008974
315.91633879403946 18.240774976036565
315.9163563405474 18.246998906052713
315.91637389219187 18.2532228360574
315.9229400421718 18.240758185925127
315.92295782355427 18.246982113471883
315.922975610142 18.25320604100688
