# successful candidates for region at (246.14247226491105, -81.53634251964903) and radius 1.0
246.1224700274511 -81.19997554870854
246.16360206052087 -81.21870782401238
246.1635871599274 -81.21246371266542
246.1635722804956 -81.2062196013179
246.20486447862967 -81.2311915146339
246.20482041698347 -81.22494740651315
246.2047324815517 -81.21245919025621
246.2046886074993 -81.20621508212001
246.24617025311625 -81.23742661114578
246.24609696871164 -81.23118250944756
246.2460237886065 -81.224938407735
246.28743179801057 -81.23741312325262
246.2873293538707 -81.23116903115931
246.2863128804174 -81.16872810869575
246.32895696654262 -81.24988331755343
246.32882498718058 -81.2436392383452
246.3286931959198 -81.2373951590906
246.37043807042892 -81.25610490823497
246.37027661851647 -81.24986084512175
246.36995440500732 -81.23737271868715
246.36979364242754 -81.23112865536618
246.41197778238444 -81.26232197772502
246.41178677430617 -81.25607793395835
246.41121538343768 -81.23734580207683
246.41102546233185 -81.23110175792317
246.40951577582283 -81.18114940124747
246.45029924994128 -81.17487418558262
246.49126992544547 -81.1748385704818
246.4910251882819 -81.16859457259669
246.52871488825426 -81.09362689114083
246.65478901744422 -81.16840780103666
246.65157433541137 -81.11221299384896
246.64840005088288 -81.05601815903245
246.6470020262677 -81.03104266815903
246.6926408152141 -81.11839939224151
246.69072840306197 -81.08718024595512
246.68845111976788 -81.04971725740397
246.68807342479118 -81.04347342461072
246.6876962560763 -81.03722959142883
246.68731961252433 -81.03098575785899
246.7337640892685 -81.1245812904098
246.7333515741685 -81.11833750588389
246.73252828159252 -81.10584993545356
246.73211750167863 -81.09960614955118
246.73170729772804 -81.09336236319196
246.7312976685303 -81.08711857637674
246.72925810170722 -81.05589963549538
246.72885189579736 -81.0496558459647
246.7284462562618 -81.04341205598472
246.7276366715827 -81.03092447468067
246.77671668094683 -81.15573362307572
246.77450268204024 -81.12451494158873
246.77406175004373 -81.11827120370764
246.7736214375807 -81.11202746530124
246.77318174334647 -81.10578372637057
246.77274266604013 -81.09953998691688
246.77230420436425 -81.09329624694115
246.77186635702506 -81.08705250644448
246.77142912273257 -81.08080876542805
246.76968629035298 -81.05583379618596
246.7688185191645 -81.04334630847433
246.76838554037724 -81.03710256384954
246.76752139010878 -81.02461507306765
246.76709021611498 -81.01837132691261
246.76665964121216 -81.01212758024961
246.81524065025934 -81.12444417394232
246.8147713026825 -81.1182004858118
246.8143026145541 -81.11195679708611
246.81383458448545 -81.10571310776643
246.81336721109176 -81.09946941785412
246.81290049299213 -81.09322572735024
246.81243442880947 -81.08698203625626
246.81196901717067 -81.08073834457329
246.81150425670623 -81.07449465230256
246.81057668384256 -81.0620072660028
246.80872929238052 -81.03703248640454
246.8082690521154 -81.03078879005396
246.80780945220667 -81.02454509312548
246.80735049131894 -81.01830139562017
246.8068921681205 -81.01205769753929
246.85797602390642 -81.14934352195056
246.85747544990215 -81.14309988936822
246.85647641627997 -81.1306126221796
246.8559779536875 -81.12436898757612
246.85548019193138 -81.11812535230177
246.85498312953467 -81.11188171635796
246.85448676502472 -81.10563807974614
246.85349612379497 -81.09315080452389
246.8530018441503 -81.08690716591634
246.85250825654273 -81.08066352664635
246.85201535952004 -81.07441988671529
246.85054079750037 -81.05568896296954
246.8500506483764 -81.049445320408
246.84956118263696 -81.04320167719241
246.84907239885402 -81.036958033324
246.84858429560356 -81.03071438880411
246.84809687146537 -81.02447074363411
246.8476101250234 -81.01822709781544
246.84712405486536 -81.01198345134937
246.89829752667026 -81.14302011603681
246.89776912503748 -81.13677653897767
246.8972414673675 -81.13053296116571
246.8967145520904 -81.12428938260247
246.8961883776407 -81.11804580328965
246.89566294245734 -81.11180222322868
246.89513824498354 -81.10555864242124
246.8940910569598 -81.0930714785732
246.89200546541528 -81.06809714198793
246.89148588868585 -81.06185355599871
246.89044890994472 -81.04936638181975
246.88993150490137 -81.04312279363305
246.88941482072875 -81.03687920471687
246.88889885592155 -81.0306356150728
246.88838360897873 -81.02439202470227
246.88786907840327 -81.01814843360684
246.9391188534448 -81.14293591487542
246.93856192047542 -81.13669239713282
246.9380057716247 -81.13044887855388
246.93745040523794 -81.12420535914032
246.93689581966524 -81.11796183889405
246.93634201326128 -81.11171831781664
246.93578898438534 -81.10547479591001
246.93413454658796 -81.0867442252316
246.93248704791824 -81.06801364715214
246.93193941618398 -81.06177011948904
246.93139254901658 -81.05552659101036
246.98052567839508 -81.1490907403924
246.97993938974454 -81.1428472860104
246.9793539271079 -81.1366038307022
246.97876928874092 -81.13036037446979
246.97818547290444 -81.12411691731515
246.97760247786397 -81.11787345924014
246.97702030189004 -81.1116300002468
246.97643894325793 -81.10538654033702
246.97585840024794 -81.09914307951269
246.97527867114493 -81.09289961777581
246.9746997542388 -81.08665615512814
246.97412164782418 -81.08041269157182
246.9735443502003 -81.07416922710857
246.97296785967143 -81.06792576174044
246.9723921745463 -81.0616822954692
246.9718172931386 -81.05543882829679
246.9712432137665 -81.04919536022513
247.02137395188714 -81.14899761831201
247.02075909509296 -81.14275422957454
247.02014510454376 -81.13651083981848
247.01953197841038 -81.13026744904589
247.01891971486899 -81.124024057259
247.0183083121007 -81.11778066445983
247.0176977682918 -81.11153727065067
247.01587127256104 -81.09280708318391
247.01526414655453 -81.08656368535569
247.0146578705149 -81.08032028652792
247.0140524426588 -81.07407688670276
247.01344786120782 -81.06783348588229
247.0128441243885 -81.06159008406858
247.01224123043224 -81.0553466812638
247.0116391775756 -81.04910327746992
247.01103796405982 -81.04285987268898
247.062221352111 -81.14890006567862
247.0615779290185 -81.1426567457075
247.06093541239684 -81.13641342462087
247.060293800332 -81.13017010242113
247.0596530909155 -81.12392677911049
247.05901328224405 -81.11768345469147
247.05646301713142 -81.09271014597746
247.0558276838236 -81.08646681605109
247.05519323995316 -81.08022348503016
247.05455968365402 -81.07398015291697
247.05392701306513 -81.06773681971383
247.05329522633073 -81.061493485423
247.05266432160028 -81.05525015004685
247.05203429702829 -81.04900681358754
247.10306783851476 -81.14879808263883
247.10239585105484 -81.14255483455547
247.10172481028624 -81.13631158525534
247.10105471421002 -81.13006833474105
247.10038556083313 -81.12382508301506
247.09971734816781 -81.11758183008004
247.09838373704966 -81.10509532059302
247.09506603364594 -81.07387902589406
247.09440527578607 -81.0676357633776
247.09374544099845 -81.06139249967471
247.09308652735027 -81.05514923478789
247.0924285329144 -81.04890596871971
247.0917714557689 -81.04266270147251
247.09046004568842 -81.03017616345105
247.14391337055184 -81.14869166934568
247.1425132578365 -81.13620532187429
247.14111708441646 -81.12371896912447
247.14042046975126 -81.11747579077705
247.13557145309974 -81.0737735057834
247.13488260991875 -81.06753031702256
247.1341947290221 -81.06128712697239
247.1335078083951 -81.05504393563545
247.1328218460288 -81.04880074301451
247.1321368399197 -81.0425575491122
247.18257365667972 -81.12985153683023
247.18184762146566 -81.1236084375971
247.18112260687926 -81.11736533694058
247.1775127683145 -81.08614981241173
247.17679383254938 -81.07990670327753
247.17607590248622 -81.0736635927407
247.17535897601653 -81.06742048080424
247.1746430510377 -81.06117736747112
247.17392812545313 -81.05493425274418
247.17321419717192 -81.04869113662639
247.17250126410912 -81.04244801912063
247.1703684154677 -81.0237186583045
247.16965944254406 -81.01747553527588
247.22408714044633 -81.13597952370888
247.22333160470794 -81.12973650692366
247.22182371944243 -81.11725046873538
247.21732539280117 -81.07979231746064
247.2165793422817 -81.07354928692834
247.21583433463854 -81.06730625488463
247.21434743924826 -81.05482018627544
247.2136055471497 -81.04857714971631
247.21212486331336 -81.03609107210465
247.2106482989177 -81.02360498852269
247.2099115561426 -81.01736194450056
247.2091758367985 -81.01111889899526
247.26487249478436 -81.13585998926263
247.26408848356616 -81.12961705661014
247.25863115493826 -81.08591648179507
247.25785590174027 -81.07967353597051
247.25708173296863 -81.07343058851501
247.25553663961742 -81.06094468872485
247.2547657105103 -81.05470173639691
247.25399585677414 -81.04845878245162
247.253227076161 -81.04221582689236
247.25245936642898 -81.03597286972254
247.25092715067237 -81.02348695056452
247.2501626401953 -81.01724398858302
247.24939919169424 -81.01100102500432
247.29918872828807 -81.08579321853797
247.29838531977225 -81.07955035898283
247.29758303503553 -81.07330749767607
247.29678187172215 -81.06706463462136
247.29598182748293 -81.06082176982234
247.29518289997532 -81.0545789032827
247.29438508686317 -81.04833603500612
247.29358838581697 -81.04209316499615
247.2927927945136 -81.03585029325644
247.2912049318754 -81.0233645446023
247.33974516876637 -81.08566555688954
247.33891360730934 -81.07942278667954
247.33808320897748 -81.07318001459306
247.33725397133264 -81.06693724063389
247.33642589194352 -81.06069446480605
247.3355989683856 -81.05445168711343
247.33477319824112 -81.04820890755995
247.33394857909894 -81.04196612614946
247.38896425122616 -81.14796016368055
247.3880923744504 -81.14171750618294
247.38722172573648 -81.13547484663681
247.3863523024923 -81.1292321850465
247.38461712208027 -81.11674685575073
247.38202347809627 -81.09801884658319
247.38116135363921 -81.09177617281803
247.38030043670872 -81.08553349703865
247.3794407247702 -81.07929081924931
247.3785822152961 -81.0730481394542
247.37772490576583 -81.06680545765748
247.376868793666 -81.06056277386337
247.4307036614378 -81.15406530192202
247.4289015452927 -81.14158018280916
247.427104502076 -81.1290950549569
247.42263394804954 -81.09788219733247
247.4190800144999 -81.0729118724542
247.4181946356129 -81.06666928588639
247.4173104933239 -81.06042669718815
247.47343318141802 -81.16640826250818
247.47250027384382 -81.16016580882788
247.47063840607797 -81.14768089445109
247.46416302562542 -81.10398362097797
247.46324316088544 -81.09774114411465
247.46232458536736 -81.09149866495981
247.46140729636343 -81.08525618351828
247.46049129117347 -81.07901369979479
247.45593042845172 -81.04780124711577
247.4550220698616 -81.04155874980086
247.45411497639387 -81.03531625023727
247.4532091454078 -81.02907374842971
247.5114735252503 -81.14753461686576
247.51051601914375 -81.1412922592611
247.509559861581 -81.13504989918577
247.50765158070993 -81.12256517164371
247.50479920258576 -81.10383806192998
247.50385107679426 -81.09759568713919
247.5029042797902 -81.09135330991383
247.50195880878272 -81.08511093025909
247.50101466098883 -81.07886854818005
247.50007183363348 -81.0726261636817
247.49913032394912 -81.06638377676923
247.498190129176 -81.06014138744767
247.49725124656226 -81.05389899572198
247.4963136733635 -81.0476566015973
247.495377406843 -81.04141420507857
247.49444244427173 -81.03517180617087
247.4935087829282 -81.02892940487911
247.49257642009854 -81.02268700120825
247.4916453530763 -81.01644459516325
247.4907155791627 -81.01020218674923
247.5572584363714 -81.17859512845244
247.55230728494655 -81.14738391092384
247.5513212413589 -81.14114165951835
247.55033658645976 -81.13489940549267
247.54445765597424 -81.09744582662182
247.54348264029176 -81.09120355440837
247.5415367024747 -81.07871900225744
247.5405657746168 -81.07247672233085
247.53959620365703 -81.06623443984397
247.5386279867537 -81.05999215480222
247.537661121073 -81.05374986721093
247.53669560378893 -81.04750757707542
247.5357314320836 -81.04126528440099
247.53476860314674 -81.03502298919301
247.533807114176 -81.02878069145669
247.5328469623768 -81.0225383911973
247.59823407376658 -81.17843944548116
247.5941556546576 -81.15347091616107
247.59313964469675 -81.1472287768515
247.59212506658474 -81.14098663476186
247.59111191729772 -81.13474448989808
247.5860674979956 -81.1035337241713
247.58506285863137 -81.09729156278502
247.58405962716154 -81.09104939866526
247.58305780062946 -81.08480723181765
247.58205737608668 -81.07856506224806
247.58105835059314 -81.07232288996212
247.58006072121688 -81.06608071496557
247.57906448503422 -81.05983853726406
247.57806963912947 -81.05359635686325
247.57707618059527 -81.0473541737688
247.5760841065322 -81.04111198798628
247.57509341404906 -81.03486979952145
247.57410410026256 -81.02862760837976
247.57311616229742 -81.02238541456684
247.5721295972865 -81.01614321808829
247.63501514569487 -81.15331124160053
247.632927454445 -81.14082718522383
247.6298069269888 -81.12210107868101
247.62876967464152 -81.11585903733074
247.62773387889965 -81.10961699307265
247.62669953669797 -81.10337494591292
247.62566664497982 -81.0971328958576
247.62463520069718 -81.09089084291294
247.62360520081046 -81.0846487870848
247.62257664228858 -81.07840672837929
247.62154952210904 -81.07216466680256
247.62052383725768 -81.0659226023605
247.6194995847288 -81.05968053505916
247.6184767615251 -81.05343846490449
247.61745536465753 -81.04719639190253
247.61643539114553 -81.04095431605914
247.61541683801673 -81.03471223738038
247.61439970230703 -81.02847015587207
247.61338398106054 -81.0222280715401
247.6123696713298 -81.01598598439043
247.67587315273508 -81.15314713626182
247.67265823569483 -81.13442139393815
247.67052249242806 -81.12193755026871
247.66945687169635 -81.11569562381746
247.6683927473525 -81.10945369429713
247.6673301162478 -81.10321176171422
247.6662689752422 -81.09696982607515
247.66520932120466 -81.09072788738638
247.6641511510126 -81.08448594565424
247.66309446155248 -81.07824400088518
247.66203924971924 -81.0720020530855
247.66098551241663 -81.06576010226173
247.659933246557 -81.05951814841997
247.6588824490613 -81.0532761915667
247.65783311685905 -81.04703423170814
247.6567852468884 -81.04079226885057
247.65573883609588 -81.03455030300034
247.65469388143666 -81.02830833416361
247.6536503798743 -81.0220663623466
247.6526083283808 -81.0158243875556
247.71672963524856 -81.15297860039146
247.7134291426973 -81.13425321405624
247.71233207470144 -81.12801141209157
247.71123654935906 -81.12176960687853
247.71014256341954 -81.11552779842393
247.70905011364155 -81.10928598673479
247.70795919679273 -81.10304417181767
247.70686980964976 -81.09680235367951
247.7057819489985 -81.090560532327
247.70469561163367 -81.08431870776693
247.70361079435895 -81.07807688000605
247.70252749398702 -81.07183504905105
247.70144570733947 -81.0655932149086
247.70036543124672 -81.05935137758546
247.69928666254805 -81.05310953708819
247.69820939809154 -81.04686769342348
247.69713363473397 -81.040625846598
247.69605936934104 -81.03438399661825
247.69498659878712 -81.02814214349085
247.6939153199551 -81.02190028722237
247.69284552973673 -81.01565842781936
247.756454275134 -81.14656396401342
247.75532559019877 -81.1403222903433
247.7541984945463 -81.13408061323972
247.75307298482338 -81.12783893270988
247.75194905768606 -81.12159724876103
247.75082670979978 -81.11535556140032
247.74970593783945 -81.10911387063497
247.74858673848925 -81.10287217647222
247.74746910844263 -81.09663047891907
247.74635304440224 -81.0903887779827
247.74523854308012 -81.0841470736703
247.74412560119745 -81.07790536598884
247.7430142154845 -81.07166365494543
247.74190438268067 -81.06542194054713
247.74079609953463 -81.05918022280099
247.73968936280392 -81.0529385017139
247.73858416925518 -81.04669677729305
247.73748051566412 -81.0404550495452
247.73637839881533 -81.03421331847737
247.73527781550246 -81.02797158409655
247.7341787625279 -81.02172984640964
247.7984378646228 -81.15262823807535
247.79727902840492 -81.1463866929135
247.79612182500856 -81.14014514413475
247.79496625098633 -81.13390359174674
247.79381230290042 -81.12766203575707
247.79265997732278 -81.12142047617334
247.791509270835 -81.11517891300309
247.79036018002822 -81.10893734625391
247.7892127015031 -81.10269577593334
247.78806683186988 -81.09645420204886
247.78692256774835 -81.09021262460797
247.78577990576767 -81.08397104361816
247.7846388425664 -81.07772945908691
247.78349937479263 -81.07148787102152
247.7823614991037 -81.06524627942947
247.78122521216625 -81.0590046843182
247.78009051065638 -81.05276308569508
247.77895739125924 -81.04652148356735
247.77782585066942 -81.04027987794238
247.77669588559058 -81.0340382688275
247.77556749273552 -81.02779665622995
247.77444066882634 -81.02155504015705
247.84166934636573 -81.16492923468444
247.84047859837756 -81.158687825327
247.83928953047098 -81.15244641215591
247.83810213909413 -81.14620499517943
247.8369164207049 -81.13996357440548
247.8357323717713 -81.13372214984216
247.8345499887712 -81.1274807214973
247.83336926819237 -81.12123928937908
247.83219020653252 -81.11499785349534
247.83101280029905 -81.10875641385401
247.82983704600923 -81.10251497046308
247.82866294019018 -81.09627352333035
247.82749047937864 -81.09003207246371
247.82631966012104 -81.08379061787097
247.82515047897343 -81.07754915956001
247.82398293250165 -81.0713076975386
247.82281701728098 -81.06506623181453
247.82165272989624 -81.0588247623955
247.82049006694197 -81.05258328928927
247.81932902502194 -81.04634181250361
247.8181696007496 -81.04010033204618
247.81701179074759 -81.03385884792452
247.81585559164824 -81.02761736014648
247.81470100009298 -81.02137586871956
247.8135480127327 -81.0151343736514
247.81239662622755 -81.00889287494958
247.8862450490845 -81.1834665250959
247.8850204857855 -81.17722525946073
247.88379765386722 -81.17098398980072
247.8825765496616 -81.16474271612455
247.8813571695109 -81.15850143844067
247.88013950976787 -81.15226015675754
247.8789235667954 -81.14601887108365
247.87770933696666 -81.1397775814274
247.8764968166651 -81.13353628779726
247.87528600228418 -81.12729499020146
247.87407689022768 -81.12105368864854
247.87286947690927 -81.11481238314677
247.8716637587529 -81.1085710737045
247.87045973219244 -81.10232976033
247.8692573936717 -81.0960884430315
247.86805673964452 -81.08984712181727
247.86685776657467 -81.08360579669558
247.86566047093572 -81.07736446767457
247.8644648492113 -81.0711231347624
247.8632708978946 -81.0648817979673
247.86207861348876 -81.05864045729734
247.86088799250666 -81.05239911276065
247.8596990314708 -81.04615776436535
247.85851172691352 -81.03991641211941
247.85732607537662 -81.03367505603097
247.85614207341163 -81.027433696108
247.85495971757973 -81.02119233235851
247.85377900445152 -81.0149509647905
247.8525999306071 -81.00870959341191
247.92723664624592 -81.18327516554854
247.92598333299452 -81.17703403528503
247.92473179169585 -81.17079290080552
247.9234820185962 -81.1645517621189
247.9222340099524 -81.15831061923403
247.9209877620319 -81.1520694721599
247.9197432711126 -81.14582832090527
247.91850053348284 -81.1395871654791
247.91725954544148 -81.13334600589002
247.91602030329784 -81.12710484214698
247.9147828033715 -81.12086367425862
247.91354704199233 -81.1146225022337
247.9123130155007 -81.10838132608097
247.9110807202471 -81.10214014580916
247.90985015259224 -81.0958989614268
247.90862130890704 -81.08965777294269
247.90739418557257 -81.08341658036525
247.9061687789801 -81.07717538370322
247.90494508553084 -81.07093418296513
247.90372310163616 -81.06469297815948
247.9025028237174 -81.05845176929486
247.90128424820594 -81.0522105563797
247.90006737154297 -81.04596933942244
247.8988521901797 -81.03972811843164
247.8976387005772 -81.03348689341567
247.89642689920635 -81.02724566438285
247.89521678254775 -81.0210044313417
247.89400834709207 -81.01476319430044
247.89280158933934 -81.00852195326749
247.96694439765776 -81.17683836968824
247.96566415075515 -81.17059737352285
247.96438571252725 -81.16435637295504
247.96310907914554 -81.15811536799409
247.96183424679208 -81.15187435864942
247.96056121165992 -81.14563334493018
247.9592899699526 -81.13939232684567
247.9580205178846 -81.1331513044051
247.95675285168076 -81.12691027761763
247.95548696757675 -81.12066924649248
247.95422286181872 -81.11442821103878
247.95296053066338 -81.10818717126563
247.95169997037783 -81.10194612718207
247.95044117723984 -81.0957050787973
247.94918414753735 -81.0894640261202
247.94792887756893 -81.08322296915986
247.9466753636433 -81.0769819079253
247.94542360207961 -81.07074084242541
247.9441735892072 -81.0644997726692
247.94292532136578 -81.05825869866548
247.9416787949051 -81.05201762042324
247.94043400618528 -81.04577653795134
247.93919095157636 -81.03953545125849
247.9379496274586 -81.03329436035368
247.93671003022237 -81.02705326524556
247.93547215626793 -81.02081216594297
247.93423600200563 -81.01457106245466
248.00790363897136 -81.17663826296587
248.00659469032743 -81.1703974082476
248.00528759082306 -81.16415654892722
248.00398233654423 -81.1579156850145
248.0026789235879 -81.15167481651903
248.0013773480621 -81.14543394345066
248.0000776060858 -81.13919306581897
247.99877969378886 -81.13295218363359
247.99748360731203 -81.12671129690413
247.9961893428069 -81.12047040564023
247.9948968964359 -81.1142295098514
247.99360626437215 -81.10798860954715
247.9923174427996 -81.10174770473695
247.9910304279128 -81.09550679543041
247.98974521591694 -81.08926588163688
247.988461803028 -81.08302496336569
247.98718018547234 -81.07678404062649
247.98590035948692 -81.07054311342839
247.98462232131928 -81.06430218178089
247.98334606722736 -81.05806124569321
247.9820715934795 -81.05182030517469
247.98079889635454 -81.04557936023463
247.9795279721416 -81.03933841088215
247.97825881714016 -81.03309745712659
247.9769914276599 -81.02685649897714
247.9757258000209 -81.02061553644285
247.97446193055342 -81.01437456953293
248.05020055618286 -81.18267442074226
248.04886101614244 -81.17643371541999
248.047523369706 -81.17019300528132
248.04618761286275 -81.16395229033643
248.04485374161342 -81.15771157059542
248.04352175196973 -81.15147084606848
248.0421916399548 -81.14523011676576
248.04086340160302 -81.13898938269733
248.0395370329597 -81.13274864387324
248.03821253008147 -81.1265079003036
248.036889889036 -81.12026715199826
248.03556910590194 -81.11402639896737
248.03425017676898 -81.10778564122072
248.0329330977377 -81.10154487876834
248.03161786491978 -81.09530411162018
248.03030447443757 -81.08906333978588
248.02899292242444 -81.08282256327556
248.02768320502446 -81.07658178209878
248.02637531839258 -81.07034099626553
248.02506925869432 -81.06410020578542
248.02376502210603 -81.05785941066824
248.0224626048147 -81.05161861092371
248.02116200301788 -81.04537780656143
248.01986321292378 -81.03913699759111
248.0185662307511 -81.03289618402233
248.0172710527291 -81.02665536586477
248.0159776750975 -81.02041454312788
248.09118476271522 -81.18246528476145
248.08981648838935 -81.17622472735952
248.08845014819534 -81.16998416493215
248.08708573803688 -81.16374359749005
248.08572325382917 -81.15750302504377
248.08436269149902 -81.15126244760384
248.08300404698463 -81.14502186518101
248.08164731623575 -81.13878127778572
248.0802924952133 -81.13254068542835
248.0789395798898 -81.12630008811949
248.07758856624898 -81.1200594858696
248.07623945028578 -81.113818878689
248.0748922280065 -81.1075782665882
248.07354689542845 -81.10133764957736
248.07220344858035 -81.09509702766702
248.07086188350186 -81.08885640086727
248.06952219624372 -81.08261576918856
248.06818438286783 -81.076375132641
248.06684843944691 -81.07013449123481
248.0655143620648 -81.06389384498026
248.06418214681622 -81.05765319388736
248.06285178980673 -81.05141253796631
248.06152328715277 -81.04517187722726
248.06019663498162 -81.03893121168015
248.0588718294313 -81.03269054133516
248.05754886665054 -81.02644986620217
248.05622774279877 -81.02020918629123
248.13216701942054 -81.18225170544612
248.13077001494193 -81.17601129909998
248.12937498511138 -81.16977088751501
248.12798192574706 -81.16353047070234
248.1265908326789 -81.15729004867302
248.12520170174855 -81.15104962143815
248.1238145288095 -81.14480918900867
248.12242930972684 -81.1385687513956
248.12104604037722 -81.13232830860981
248.11966471664897 -81.12608786066227
248.11828533444194 -81.11984740756385
248.1169078896675 -81.11360694932542
248.11553237824845 -81.1073664859578
248.11415879611909 -81.1011260174717
248.11278713922502 -81.09488554387796
248.11141740352326 -81.08864506518735
248.11004958498214 -81.08240458141047
248.10868367958113 -81.07616409255803
248.1073196833111 -81.06992359864068
248.105957592174 -81.06368309966903
248.10459740218303 -81.05744259565365
248.10323910936242 -81.05120208660514
248.10188270974743 -81.04496157253394
248.10052819938454 -81.03872105345063
248.09917557433104 -81.03248052936563
248.0978248306552 -81.02624000028932
248.09647596443637 -81.01999946623222
248.1731472854541 -81.18203368311903
248.17172155504178 -81.17579343096348
248.17029783978182 -81.16955317335135
248.16887613540686 -81.16331291029414
248.16745643766163 -81.15707264180352
248.16603874230273 -81.15083236789084
248.16462304509892 -81.14459208856755
248.16320934183062 -81.13835180384515
248.16179762829032 -81.13211151373507
248.16038790028222 -81.12587121824863
248.15898015362234 -81.11963091739712
248.15757438413846 -81.11339061119196
248.15617058766998 -81.1071502996443
248.15476876006804 -81.10090998276542
248.15336889719546 -81.09466966056657
248.1519709949265 -81.08842933305883
248.150575049147 -81.08218900025346
248.14918105575433 -81.07594866216151
248.14778901065733 -81.06970831879401
248.14639890977622 -81.06346797016211
248.1450107490426 -81.05722761627686
248.14362452439948 -81.05098725714912
248.14224023180105 -81.04474689278989
248.14085786721282 -81.03850652321016
248.13947742661153 -81.03226614842079
248.13809890598512 -81.02602576843265
248.13672230133258 -81.01978538325655
248.13534760866415 -81.01354499290329
248.13397482400103 -81.00730459738374
248.21412551998327 -81.18181121810979
248.20976832644158 -81.163090916593
248.20832002828823 -81.15685080476183
248.2068737727577 -81.1506106872879
248.20542955553404 -81.144370564183
248.20398737231318 -81.13813043545915
248.2025472188033 -81.13189030112821
248.20110909072454 -81.12565016120193
248.19967298380922 -81.1194100156921
248.19823889380154 -81.11316986461057
248.19680681645758 -81.10692970796902
248.19537674754537 -81.10068954577916
248.1939486828448 -81.09444937805263
248.1925226181476 -81.08820920480109
248.19109854925716 -81.08196902603606
248.18967647198875 -81.07572884176929
248.1882563821692 -81.06948865201204
248.186838275637 -81.0632484567761
248.18542214824228 -81.05700825607272
248.1840079958468 -81.05076804991343
248.18259581432372 -81.04452783830963
248.18118559955772 -81.03828762127272
248.179777347445 -81.03204739881394
248.17837105389307 -81.02580717094467
248.17696671482085 -81.01956693767622
248.17556432615856 -81.01332669901981
248.17416388384777 -81.00708645498663
248.25065845828877 -81.16286448993291
248.24918156408168 -81.15662453788151
248.24770675272174 -81.1503845799621
248.24623401980813 -81.14414461618708
248.24476336095242 -81.13790464656888
248.24329477177858 -81.13166467111974
248.2418282479228 -81.12542468985204
248.24036378503357 -81.11918470277799
248.23890137877152 -81.11294470990987
248.2374410248096 -81.10670471125988
248.2359827188327 -81.10046470684011
248.2345264565379 -81.09422469666272
248.23307223363435 -81.08798468073985
248.23162004584307 -81.08174465908353
248.23016988889722 -81.0755046317058
248.22872175854167 -81.06926459861863
248.22727565053333 -81.0630245598339
248.22583156064087 -81.05678451536377
248.2243894846447 -81.05054446521986
248.2229494183371 -81.04430440941422
248.221511357522 -81.03806434795861
248.22007529801496 -81.03182428086481
248.21864123564325 -81.02558420814458
248.2157790856725 -81.01310404587174
248.2143509897857 -81.00686395634254
248.29456384922193 -81.1751131906147
248.29305410377614 -81.1688734136964
248.29154649039825 -81.16263363065471
248.29004100457732 -81.15639384150249
248.28853764181528 -81.1501540462528
248.28703639762665 -81.14391424491834
248.28553726753864 -81.13767443751213
248.284040247091 -81.13143462404692
248.28254533183596 -81.12519480453547
248.2810525173383 -81.11895497899054
248.2795617991752 -81.11271514742486
248.27807317293633 -81.1064753098511
248.2765866342237 -81.10023546628187
248.2751021786515 -81.09399561672983
248.27361980184628 -81.0877557612074
248.2721394994469 -81.0815158997273
248.2706612671043 -81.07527603230197
248.26918510048154 -81.06903615894377
248.2677109952539 -81.0627962796652
248.26623894710863 -81.05655639447868
248.26476895174505 -81.05031650339652
248.26330100487436 -81.04407660643103
248.2618351022198 -81.03783670359459
248.25744961696293 -81.01911695998152
248.33243238223253 -81.16239833910572
248.33089830932306 -81.1561587159715
248.32936639967147 -81.14991908650583
248.3278366487077 -81.14367945072203
248.3263090518745 -81.13743980863347
248.3247836046276 -81.13120016025347
248.32326030243527 -81.12496050559525
248.32173914077867 -81.11872084467205
248.32022011515164 -81.11248117749716
248.31870322106047 -81.10624150408361
248.31718845402418 -81.10000182444465
248.31567580957443 -81.09376213859322
248.31416528325514 -81.0875224465425
248.3126568706229 -81.0812827483054
248.3111505672466 -81.07504304389496
248.3096463687076 -81.06880333332411
248.30814427059943 -81.06256361660573
248.30664426852806 -81.05632389375268
248.30514635811159 -81.05008416477781
248.30365053498045 -81.04384442969398
248.30215679477712 -81.03760468851384
248.30066513315617 -81.03136494125015
248.29917554578435 -81.02512518791558
248.37175343787953 -81.1559191616418
248.37019298593603 -81.14967970107381
248.3686347327818 -81.14344023394986
248.36707867377532 -81.1372007602839
248.36552480428816 -81.13096128008961
248.36397311970475 -81.1247217933809
248.36242361542267 -81.11848230017138
248.36087628685232 -81.11224280047477
248.35933112941686 -81.1060032943048
248.35778813855248 -81.09976378167495
248.35624730970792 -81.09352426259896
248.35317211993765 -81.08104520516227
248.35163774997307 -81.07480566682865
248.35010552395073 -81.06856612210271
248.34857543738266 -81.06232657099783
248.34704748579352 -81.05608701352742
248.34552166472025 -81.04984744970474
248.34399796971243 -81.04360787954306
248.3424763963319 -81.03736830305571
248.34095694015286 -81.03112872025575
248.4126063498206 -81.15567517887324
248.4110173602679 -81.14943589031576
248.4094306095928 -81.14319659496029
248.40784609306945 -81.13695729282095
248.4062638059853 -81.13071798391235
248.40468374364116 -81.12447866824854
248.40310590135087 -81.1182393458438
248.40153027444157 -81.1120000167124
248.39995685825335 -81.10576068086844
248.39838564813937 -81.09952133832608
248.39681663946592 -81.09328198909931
248.39524982761222 -81.08704263320227
248.39212277594507 -81.0745639014531
248.3890044564289 -81.06208514319019
248.3874485598118 -81.05584575415077
248.3858948325591 -81.04960635852443
248.3843432701396 -81.0433669563249
248.38279386803438 -81.03712754756603
248.45183948233915 -81.14918765459755
248.45022423889745 -81.14294853411818
248.44861126959816 -81.13670940660903
248.44700056964479 -81.13047027208498
248.44539213425423 -81.1242311305608
248.44378595865695 -81.1179919820513
248.4421820380967 -81.1117528265711
248.44058036783045 -81.10551366413499
248.43898094312877 -81.0992744947575
248.43738375927512 -81.0930353184532
248.43578881156643 -81.08679613523671
248.48937416321644 -81.13645710201865
248.48609825156717 -81.12397918068694
248.4844637474478 -81.11774020916224
248.48283153800813 -81.1115012304186
248.48120161842212 -81.10526224447122
248.4795739838775 -81.09902325133531
248.47794862957528 -81.09278425102588
248.53013473379266 -81.13620037942731
248.52513922784385 -81.11748402755154
248.52182057031547 -81.10500642225064
248.52016473075585 -81.09876760843217
248.5708929412092 -81.1359392392188
