# successful candidates for region at (271.78350367479004, 20.23631943394977) and radius 1.0
271.370094568906 19.668217685907702
271.3767841446643 19.661950070292836
271.3834573703586 19.661965235067612
271.3834415468963 19.668248270595857
271.3834257189862 19.674531306115536
271.39014615246185 19.655697111354392
271.3901305973162 19.661980148973214
271.3901150377979 19.66826318658376
271.3900994739059 19.67454622418603
271.39684968644974 19.643145692987943
271.3968191167915 19.655711772343572
271.4034620233085 19.668292265845984
271.86392209124716 19.643548515918894
271.863928449396 19.656114707769465
271.86400502649064 19.80690900986808
271.87059456235335 19.6435453681673
271.87059800471735 19.64982846365325
271.87060144804923 19.656111559138793
271.87060489234915 19.662394654623938
271.8706083376172 19.66867775010867
271.87061178385386 19.674960845593002
271.8772226411808 19.56814482947053
271.87725962410946 19.630975779620094
271.87727444642746 19.656108159666783
271.877278154612 19.662391254677278
271.87728186383896 19.668674349687304
271.87728557410856 19.67495744469686
271.8838998666947 19.580707375301508
271.8839434735571 19.64982141485211
271.8839474445097 19.656104509353476
271.8839514165787 19.662387603854302
271.88395538976437 19.668670698354596
271.8839593640668 19.674953792854346
271.8839633394864 19.681236887353553
271.88396731602325 19.68751998185222
271.8839712936776 19.693803076350353
271.88405508296995 19.82574806068592
271.89061620751204 19.64981751424219
271.89062044227484 19.65610060819894
271.8906246782283 19.66238370215508
271.8906289153724 19.668666796110603
271.8906331537076 19.674949890065513
271.89063739323416 19.681232984019807
271.89064163395216 19.687516077973484
271.89064587586194 19.693799171926557
271.89065860874433 19.712648453782062
271.890726698906 19.813177956917794
271.8907309647021 19.81946105085853
271.8907394998852 19.832027238738142
271.89075231164077 19.850876520552916
271.8907565846218 19.85715961448994
271.89727994777627 19.637247176069824
271.89728444382047 19.64353026944832
271.8972889411289 19.64981336282613
271.8972934397018 19.65609645620324
271.89729793953944 19.662379549579665
271.897302440642 19.668662642955393
271.8973069430098 19.67494573633043
271.8973114466432 19.681228829704775
271.89731595154217 19.68751192307843
271.8973339838011 19.71264429656609
271.8973384950328 19.718927389936272
271.8974017854597 19.806890697045773
271.8974108472674 19.819456883764552
271.8974335240413 19.850872350549285
271.90391887314655 19.593261125706974
271.9039521536367 19.637242775076743
271.90395691334254 19.643525867840754
271.9039616743867 19.649808960603988
271.9039664367695 19.656092053366446
271.9039712004912 19.662375146128134
271.9039759655521 19.668658238889037
271.90398073195234 19.674941331649173
271.9039854996923 19.681224424408526
271.90399026877225 19.687507517167102
271.9040045840547 19.706356795438175
271.9040093584973 19.712639888193646
271.9040141342812 19.71892298094833
271.9040189114067 19.725206073702243
271.90408113624994 19.80688627943214
271.90408593218683 19.813169372175125
271.9040907294694 19.81945246491733
271.90409552809797 19.825735557658753
271.9041099320625 19.844584835878326
271.9041147360779 19.850867928616616
271.9041195414406 19.857151021354124
271.90412434815096 19.863434114090843
271.91061933716225 19.6309550312323
271.9106243591173 19.637238123347682
271.9106293824846 19.643521215462194
271.91063440726435 19.649804307575845
271.91063943345694 19.656087399688634
271.91064446106253 19.66237049180056
271.9106494900815 19.668653583911613
271.9106595523605 19.681219768131136
271.9106645856212 19.687502860239597
271.9106847328118 19.71263522866479
271.91068977314774 19.718918320768925
271.91069481489967 19.725201412872188
271.9106998580678 19.73148450497459
271.9107049026525 19.737767597076118
271.91079087759783 19.844580162669118
271.9107959477291 19.850863254754984
271.9108010192824 19.85714634683998
271.9108060922581 19.863429438924097
271.91728599459856 19.624667038019826
271.9172912786548 19.63095012945175
271.91729656419704 19.637233220882713
271.91730185122566 19.643516312312727
271.91730713974084 19.649799403741778
271.917312429743 19.656082495169873
271.91731772123234 19.662365586597012
271.9173230142092 19.66864867802319
271.91732830867386 19.674931769448413
271.9173548033253 19.70634722656015
271.91736010672327 19.71263031797962
271.91736541161123 19.718913409398127
271.91737071798934 19.725196500815674
271.9173760258582 19.731479592232265
271.9173813352177 19.737762683647887
271.9173866460685 19.74404577506255
271.9173919584107 19.750328866476256
271.91739727224467 19.756611957888996
271.91740258757073 19.762895049300777
271.91741322270025 19.775461232121447
271.91742918659276 19.794310506345226
271.9174345108776 19.800593597751224
271.91743983665674 19.806876689156258
271.9174451639303 19.813159780560326
271.9174504926987 19.819442871963435
271.9174771589737 19.850858328964474
271.9174824967175 19.857141420361778
271.9239521261471 19.618378795544118
271.92395767215646 19.624661886257776
271.92396321972564 19.630944976970376
271.92396876885493 19.637228067681928
271.9239743195446 19.64351115839242
271.92397987179504 19.649794249101866
271.9239854256066 19.656077339810253
271.92399098097945 19.662360430517584
271.9239965379141 19.668643521223856
271.92400209641073 19.674926611929077
271.9240076564697 19.681209702633243
271.92403548021076 19.712625156138202
271.92404104965044 19.718908246836023
271.92404662065474 19.725191337532785
271.9240521932238 19.73147442822848
271.92405776735814 19.73775751892313
271.92406334305804 19.744040609616707
271.9240689203237 19.75032370030923
271.92408007955396 19.76288988169109
271.9240856615191 19.769172972380435
271.92410800505405 19.79430533512718
271.924113594858 19.800588425811213
271.92411918623066 19.80687151649418
271.92412477917236 19.81315460717608
271.92413037368345 19.819437697856923
271.92413596976417 19.8257207885367
271.9241583697904 19.850853151245158
271.9241639737244 19.85713624191961
271.9306235398239 19.618373393870545
271.93063516035375 19.63093957378828
271.9306409730698 19.63722266374541
271.93064678742047 19.643505753701383
271.9306526034059 19.6497888436562
271.9306584210267 19.656071933609855
271.9306758837035 19.674921203463885
271.9306817078685 19.681204293412907
271.9307050209004 19.706336653197415
271.9307108532531 19.712619743140632
271.9307166872443 19.7189028330827
271.9307225228744 19.7251859230236
271.9307283601438 19.731469012963338
271.93073419905267 19.73775210290192
271.93074003960146 19.74403519283933
271.9307458817905 19.75031828277558
271.93075757109045 19.7628844626446
271.9307634182021 19.769167552577358
271.93076926695534 19.77545064250895
271.9307751173505 19.781733732439385
271.93078682306776 19.794299912296747
271.93079267839056 19.800583002223682
271.9307985353566 19.806866092149452
271.9308043939662 19.81314918207405
271.93081025421975 19.81943227199748
271.9308161161175 19.825715361919748
271.93083958015774 19.85084772159713
271.93084545028177 19.857130811513553
271.93729495303734 19.61836774156634
271.93730102592366 19.624650830736567
271.937307100518 19.63093391990554
271.93731317682074 19.637217009073247
271.93731925483206 19.64350009823969
271.93732533455244 19.649783187404864
271.9373314159822 19.65606627656878
271.9373435839712 19.668632454892805
271.93734967053115 19.674915544052926
271.93735575880186 19.68119863321177
271.93736184878367 19.68748172236935
271.937367940477 19.693764811525664
271.93737403388207 19.700047900680715
271.93738012899934 19.706330989834495
271.9373862258291 19.712614078987006
271.9373923243716 19.718897168138245
271.9373984246274 19.72518025728822
271.9374045265968 19.73146334643692
271.93742284278966 19.75031261387541
271.9374289516167 19.756595703019023
271.93743506215907 19.762878792161374
271.9374411744171 19.76916188130245
271.93744728839107 19.77544497044225
271.9374534040814 19.781728059580782
271.9374656406125 19.794294237854018
271.937471761454 19.800577326988734
271.9374778840132 19.806860416122166
271.93748400829054 19.813143505254327
271.93752692636826 19.857125129143704
271.9375330644031 19.86340821826565
271.9375392041591 19.86969130738632
271.9439727020909 19.624644926977602
271.9439790401975 19.630928015322258
271.9439853800866 19.637211103665532
271.9439917217585 19.64349419200743
271.9439980652135 19.64977728034796
271.94404251935777 19.693758898693055
271.9440488770911 19.700041987022555
271.94405523661095 19.70632507535067
271.94406159791754 19.712608163677405
271.94406796101134 19.718891252002756
271.9440743258926 19.725174340326728
271.9440806925617 19.73145742864932
271.94408706101916 19.737740516970526
271.9440934312652 19.74402360529035
271.94409980330016 19.750306693608792
271.9441061771245 19.756589781925847
271.94411255273855 19.762872870241523
271.9441189301427 19.769155958555807
271.9441253093372 19.77543904686871
271.94413169032254 19.781722135180225
271.94421480626164 19.86340228310362
271.9442212123567 19.869685371395686
271.9506509793712 19.630921860038526
271.9506575828464 19.63720494752237
271.9506641881786 19.643488035004726
271.95071047752936 19.687469647339352
271.95071709773055 19.693752734809745
271.950723719792 19.70003582227864
271.95073034371416 19.706318909746035
271.9507369694974 19.712601997211937
271.9507435971421 19.71888508467633
271.95075022664867 19.725168172139234
271.95075685801737 19.731451259600643
271.9507634912488 19.737734347060538
271.95077012634306 19.74401743451894
271.9507767633008 19.750300521975845
271.95078340212217 19.75658360943124
271.9507900428077 19.762866696885137
271.9507966853577 19.76914978433753
271.95080332977255 19.77543287178842
271.95080997605277 19.78171595923781
271.9508965476064 19.863396095942818
271.95090322004023 19.869679183371105
271.95731605288734 19.624632367463434
271.95732291801795 19.63091545405446
271.95732978507914 19.637198540643865
271.9573366540714 19.64348162723166
271.9573779085989 19.681180146724497
271.95738479111947 19.687463233300978
271.95739167557423 19.69374631987584
271.95739856196354 19.70002940644908
271.95740545028787 19.7063124930207
271.95741234054753 19.7125955795907
271.9574192327429 19.718878666159082
271.9574261268745 19.725161752725842
271.9574330229426 19.73144483929098
271.9574399209477 19.737727925854497
271.9574468208901 19.744011012416387
271.9574537227702 19.75029409897666
271.95746062658844 19.756577185535303
271.9574675323452 19.762860272092325
271.9574744400409 19.76914335864772
271.95748134967596 19.775426445201493
271.95748826125066 19.781709531753638
271.9574951747655 19.787992618304163
271.9575020902209 19.794275704853053
271.95757828841613 19.86338965678334
271.9575852271884 19.869672743312673
271.96398772747455 19.62462571170844
271.9639948561167 19.630908797370154
271.9640019867637 19.63719188303012
271.96401625407356 19.64975805434483
271.9640448127682 19.67489039695336
271.9640519574599 19.68117348260113
271.96406625286767 19.69373965389144
271.9640734035846 19.700022739533974
271.9640805563108 19.706305825174766
271.96408771104666 19.71258891081381
271.96409486779254 19.718871996451103
271.96410202654897 19.72515508208665
271.96410918731624 19.73143816772045
271.96411635009474 19.7377212533525
271.964123514885 19.7440043389828
271.9641306816873 19.75028742461135
271.96413785050225 19.75657051023815
271.96414502133 19.762853595863195
271.9641521941712 19.769136681486494
271.9641593690261 19.775419767108037
271.9641665458951 19.781702852727822
271.9641737247788 19.787985938345862
271.96418090567744 19.794269023962148
271.96418808859147 19.800552109576675
271.9641952735213 19.806835195189446
271.964231228422 19.838250623226955
271.96425282557857 19.85709988002836
271.96426002866923 19.863382965625313
271.9642672337799 19.8696660512205
271.9706667936466 19.630901889985722
271.97068158419086 19.643468059374896
271.9707111902391 19.668600398130778
271.97071859695365 19.674883482815066
271.97072600575 19.681166567497474
271.9707408295898 19.693732736856663
271.9707482446341 19.700015821533444
271.970755661762 19.706298906208346
271.9707630809737 19.71258199088137
271.9707705022699 19.718865075552515
271.97077792565085 19.725148160221778
271.970785351117 19.731431244889162
271.9707927786688 19.737714329554667
271.9708002083066 19.74399741421829
271.970807640031 19.75028049888003
271.97081507384223 19.756563583539887
271.9708225097408 19.76284666819786
271.9708299477272 19.769129752853953
271.97083738780174 19.775412837508156
271.9708448299649 19.781695922160477
271.9708522742171 19.78797900681091
271.9708597205588 19.79426209145946
271.97086716899037 19.80054517610612
271.9708746195123 19.806828260750894
271.97088207212494 19.813111345393782
271.9709044425117 19.831960599311103
271.97091190349164 19.838243683946438
271.97093429899047 19.857092937841067
271.9709417683445 19.86337602246883
271.97094923979313 19.869659107094694
271.9709567133369 19.875942191718664
271.97734638840427 19.63717781559736
271.9773770412135 19.662310150361584
271.97738470980266 19.668593234047616
271.9774000534481 19.681159401413645
271.97740772850534 19.687442485093644
271.97741540571946 19.693725568771633
271.97742308509095 19.700008652447604
271.97743076662016 19.70629173612156
271.97743845030766 19.712574819793506
271.9774461361538 19.71885790346343
271.977453824159 19.72514098713134
271.9774615143238 19.731424070797235
271.9774692066486 19.73770715446111
271.9774769011338 19.743990238122972
271.9774845977799 19.75027332178281
271.9774922965873 19.756556405440634
271.9774999975564 19.762839489096432
271.97750770068774 19.769122572750213
271.97751540598165 19.77540565640198
271.97752311343874 19.78168874005171
271.9775308230592 19.787971823699426
271.97753853484375 19.794254907345117
271.9775462487926 19.800537990988786
271.9775539649063 19.806821074630427
271.97756940363 19.81938724190764
271.977600307075 19.844519576437744
271.97760803835496 19.850802660065195
271.97761577180336 19.85708574369062
271.9776235074205 19.863368827314016
271.977631245207 19.86965191093538
271.9776389851632 19.875934994554708
271.98405029620875 19.662302736403593
271.98406616352827 19.674868901703196
271.98408203976874 19.68743506699419
271.9840899812355 19.69371814963646
271.9840979249338 19.700001232276566
271.9841058708642 19.70628431491452
271.9841138190272 19.712567397550323
271.98412176942304 19.718850480183967
271.9841297220524 19.725133562815458
271.98413767691557 19.731416645444785
271.98414563401303 19.737699728071956
271.98415359334535 19.743982810696966
271.98416155491293 19.750265893319817
271.98416951871616 19.756548975940504
271.98417748475555 19.762832058559034
271.98418545303156 19.769115141175405
271.98419342354464 19.775398223789608
271.98420139629525 19.78168130640165
271.98420937128384 19.78796438901152
271.98421734851087 19.794247471619236
271.9842253279768 19.800530554224785
271.98423330968205 19.806813636828164
271.9842732518147 19.838229049812547
271.9842812469658 19.844512132402915
271.98428924435933 19.850795214991113
271.9842972439959 19.85707829757714
271.99067441992605 19.624596582038407
271.9907645561168 19.69371047945127
271.99077276414175 19.699993561020467
271.99078097447307 19.706276642587365
271.9907891871112 19.712559724151966
271.9907974020565 19.718842805714257
271.9908056193096 19.725125887274253
271.9908138388709 19.73140896883194
271.99082206074087 19.737692050387327
271.99083028492004 19.7439751319404
271.9908385114088 19.75025821349117
271.99084674020764 19.75654129503964
271.99085497131705 19.762824376585794
271.9908632047375 19.769107458129643
271.99087144046945 19.775390539671182
271.9908796785134 19.781673621210413
271.99088791886976 19.787956702747334
271.99090440652174 19.80052286581424
271.990937409596 19.825655191920287
271.9909456661527 19.831938273441015
271.99095392502574 19.838221354959426
271.99096218621537 19.844504436475514
271.9909704497223 19.850787517989286
271.9909787155468 19.857070599500744
271.9909869836894 19.863353681009883
271.9973883462001 19.656004075385322
271.9974137275673 19.674853316811767
271.9974306603712 19.6874194777505
271.99743913034234 19.693702558216184
271.9974476026937 19.699985638679426
271.9974560774255 19.70626871914021
271.9974645545385 19.712551799598543
271.9974730340331 19.718834880054427
271.9974815159097 19.725117960507855
271.99749000016885 19.731401040958822
271.99749848681097 19.73768412140734
271.99750697583664 19.743967201853398
271.9975154672464 19.750250282297007
271.99752396104054 19.756533362738146
271.9975324572197 19.76281644317684
271.9975409557843 19.769099523613065
271.9975494567348 19.775382604046833
271.9975579600718 19.78166568447814
271.99756646579567 19.787948764906982
271.997574973907 19.794231845333364
271.99758348440616 19.800514925757284
271.9976260727376 19.8319303278399
271.9976345975744 19.838213408249022
271.9976431248025 19.844496488655675
271.99765165442244 19.850779569059856
272.0040613353513 19.65599590994331
272.0040875085832 19.67484514794905
272.004104969668 19.68741130660652
272.00411370389094 19.693694385931355
272.00412244056827 19.699977465253575
272.0041311797005 19.706260544573194
272.00413992128813 19.712543623890202
272.0041486653315 19.718826703204602
272.00415741183133 19.725109782516395
272.0041661607881 19.731392861825572
272.00417491220213 19.737675941132142
272.0041836660741 19.743959020436105
272.00419242240446 19.75024209973745
272.00420118119365 19.756525179036178
272.00420994244223 19.762808258332296
272.0042187061507 19.7690913376258
272.00422747231954 19.77537441691668
272.00423624094924 19.781657496204954
272.0042450120404 19.787940575490605
272.0042537855934 19.794223654773635
272.0042625616088 19.800506734054053
272.0042713400871 19.806789813331843
272.0042801210288 19.81307289260701
272.00428890443436 19.819355971879563
272.0042976903044 19.82563905114949
272.0043064786393 19.831922130416793
272.0043152694396 19.838205209681476
272.00432406270585 19.844488288943527
272.010779278267 19.687402884447977
272.0107882767415 19.693685962596902
272.01079727774453 19.699969040743063
272.0108062812768 19.706252118886454
272.0108152873387 19.712535197027073
272.0108242959307 19.718818275164928
272.01083330705353 19.72510135330002
272.01084232070747 19.73138443143233
272.01085133689315 19.73766750956187
272.0108603556111 19.743950587688644
272.01086937686176 19.75023366581264
272.0108784006457 19.756516743933865
272.01088742696345 19.762799822052312
272.0108964558155 19.769082900167984
272.01090548720236 19.775365978280877
272.01091452112456 19.781649056391
272.01092355758254 19.787932134498337
272.010932596577 19.794215212602893
272.0109416381083 19.800498290704674
272.01095068217705 19.806781368803673
272.0109597287837 19.813064446899887
272.0109687779288 19.819347524993326
272.0109778296129 19.82563060308397
272.0109868838364 19.831913681171834
272.01099594059997 19.83819675925691
272.011004999904 19.84447983733921
272.0174443260238 19.6811111343341
272.0174535861471 19.687394211275
272.0174628488728 19.693677288212978
272.0174721142014 19.699960365148016
272.01748138213327 19.70624344208013
272.0174906526692 19.7125265190093
272.0174999258096 19.718809595935546
272.01750920155496 19.725092672858853
272.0175184799059 19.73137574977922
272.01752776086295 19.737658826696666
272.0175463305972 19.75022498052272
272.01755561937557 19.75650805743134
272.0175649107622 19.76279113433702
272.0175742047575 19.769074211239758
272.017583501362 19.77535728813956
272.0175928005764 19.781640365036413
272.01760210240104 19.787923441930317
272.01761140683664 19.79420651882128
272.0176207138835 19.800489595709305
272.0176300235424 19.806772672594374
272.01763933581367 19.813055749476494
272.017648650698 19.81933882635567
272.0176579681958 19.82562190323189
272.0176672883077 19.83190498010517
272.0176766110341 19.838188056975486
272.0176859363757 19.844471133842855
272.017695264333 19.850754210707272
272.02411836898733 19.681102211392666
272.02412789328724 19.687385287087743
272.0241374202638 19.693668362779714
272.0241469499175 19.699951438468588
272.0241564822488 19.706234514154364
272.02416601725844 19.71251758983703
272.02417555494685 19.718800665516596
272.0241850953146 19.72508374119306
272.02419463836213 19.731366816866416
272.0242041840901 19.737649892536663
272.02421373249905 19.743932968203808
272.02423283736204 19.756499119528762
272.02424239381713 19.762782195186574
272.0242519529554 19.769065270841274
272.0242615147774 19.775348346492866
272.0242710792836 19.781631422141338
272.02428064647455 19.7879144977867
272.0242902163509 19.79419757342895
272.0242997889131 19.800480649068074
272.02430936416175 19.806763724704087
272.0243189420974 19.81304680033698
272.02432852272057 19.81932987596675
272.02433810603185 19.825612951593403
272.02434769203177 19.831896027216935
272.0243572807208 19.838179102837344
272.02436687209956 19.844462178454627
272.0243764661687 19.85074525406879
272.0307337380687 19.64339459091823
272.03077284248775 19.66852688863392
272.03078262546404 19.67480996305467
272.0307924111901 19.681093037472145
272.0308021996663 19.68737611188635
272.0308119908934 19.69365918629728
272.03082178487193 19.699942260704933
272.03083158160234 19.70622533510931
272.0308413810854 19.712508409510413
272.03085118332143 19.718791483908234
272.03086098831113 19.725074558302783
272.030870796055 19.731357632694042
272.0308806065537 19.737640707082026
272.03089041980763 19.743923781466727
272.03090023581757 19.75020685584814
272.0309100545839 19.756489930226273
272.0309198761072 19.76277300460112
272.03092970038807 19.769056078972678
272.0309395274271 19.77533915334095
272.0309493572248 19.781622227705935
272.0309591897818 19.787905302067628
272.0309690250986 19.794188376426035
272.0309788631758 19.800471450781146
272.0309887040139 19.806754525132963
272.0309985476136 19.813037599481486
272.0310083939753 19.81932067382672
272.0310182430997 19.82560374816865
272.0310280949873 19.83188682250729
272.03103794963863 19.838169896842626
272.03104780705434 19.844452971174668
272.03105766723496 19.850736045503403
272.03742627024104 19.655951320145007
272.0374363115988 19.6622343932571
272.03744635577925 19.668517466365746
272.0374564027831 19.67480053947094
272.0374664526109 19.68108361257268
272.03747650526316 19.687366685670973
272.0374865607405 19.69364975876581
272.03749661904345 19.699932831857197
272.03750668017267 19.70621590494512
272.03751674412877 19.712498978029597
272.03752681091214 19.71878205111061
272.0375368805235 19.725065124188166
272.0375469529634 19.73134819726226
272.0375570282324 19.737631270332898
272.0375671063311 19.74391434340007
272.03757718726007 19.750197416463784
272.03758727101985 19.756480489524034
272.03759735761105 19.762763562580815
272.03760744703425 19.76904663563413
272.03761753929 19.775329708683977
272.0376276343789 19.781612781730352
272.03763773230156 19.787895854773264
272.0376478330585 19.794178927812702
272.0376579366503 19.800462000848672
272.03769837937807 19.825594292957792
272.037708497153 19.831877365976382
272.0377186177663 19.838160438991498
272.0377287412186 19.844443512003128
272.0377489966423 19.857009658015947
272.0377591286148 19.863292731017136
272.04406835656465 19.63709243436134
272.04407865311384 19.643375506134106
272.04409925489836 19.65594164966874
272.0441095601349 19.66222472143062
272.04411986826847 19.66850779318886
272.0441301792995 19.674790864943464
272.0441404932287 19.681073936694442
272.04415081005664 19.687357008441776
272.0441611297839 19.693640080185478
272.044171452411 19.69992315192554
272.04418177793866 19.706206223661965
272.0441921063674 19.712489295394743
272.04420243769783 19.718772367123886
272.0442127719305 19.725055438849385
272.0442231090661 19.73133851057124
272.0442334491051 19.73762158228945
272.0442437920481 19.74390465400401
272.04425413789585 19.75018772571493
272.04426448664873 19.756470797422196
272.0442748383075 19.76275386912581
272.0442851928726 19.769036940825778
272.04429555034477 19.77532001252209
272.0443059107246 19.781603084214748
272.0443162740125 19.787886155903756
272.0443266402093 19.79416922758911
272.04438889850763 19.83186765762438
272.0443992850826 19.83815072928411
272.04440967457106 19.844433800940173
272.0444200669736 19.850716872592567
272.04444086052365 19.863283015886363
272.0444512616723 19.869566087527755
272.05074054920874 19.637082517201172
272.05075110941397 19.64336558758926
272.0507616725885 19.649648657973525
272.05077223873303 19.655931728353977
272.05078280784807 19.66221479873061
272.05079337993425 19.66849786910342
272.0508039549922 19.674780939472413
272.0508145330225 19.681064009837577
272.0508251140257 19.68734708019892
272.0508356980025 19.693630150556437
272.0508462849534 19.69991322091013
272.0508568748792 19.70619629125999
272.0508674677803 19.712479361606018
272.0508780636573 19.71876243194822
272.05088866251106 19.72504550228659
272.0508992643419 19.731328572621127
272.0509098691506 19.737611642951826
272.0509204769376 19.7438947132787
272.0509310877037 19.75017778360173
272.0509417014494 19.756460853920917
272.05095231817535 19.762743924236275
272.0509629378821 19.76902699454779
272.05097356057036 19.77531006485546
272.0509841862406 19.78159313515929
272.0509948148935 19.787876205459277
272.0510054465297 19.794159275755415
272.05101608114984 19.800442346047713
272.05107995156595 19.838140767720628
272.0510906070903 19.84442383798596
272.0511012656034 19.85070690824744
272.0511119271059 19.856989978505062
272.0511225915983 19.86327304875882
272.05113325908144 19.86955611900872
272.0511439295557 19.87583918925476
272.05741274101 19.637072349307708
272.057423564871 19.643355418276105
272.05743439177536 19.6496384872405
272.0574560547171 19.662204625157248
272.05746689075556 19.6684876941096
272.05747772984006 19.67477076305794
272.057488571971 19.681053832002267
272.05749941714924 19.68733690094257
272.0575102653752 19.693619969878853
272.05752111664964 19.699903038811122
272.05753197097306 19.706186107739363
272.0575428283462 19.712469176663586
272.0575536887696 19.718752245583783
272.05756455224383 19.72503531449996
272.05757541876966 19.7313183834121
272.0575862883476 19.737601452320217
272.0575971609784 19.743884521224302
272.0576080366625 19.75016759012436
272.0576189154006 19.756450659020384
272.05762979719333 19.762733727912376
272.0576406820414 19.769016796800333
272.0576842519986 19.794149072311793
272.0576951521322 19.80043214117956
272.0577060553249 19.806715210043283
272.05779339106556 19.856979760807395
272.0578043218174 19.86326282963468
272.0578152556346 19.86954589845791
272.0578261925176 19.875828967277087
272.0640627662654 19.62449579564108
272.0640738475484 19.630778863163204
272.06408493194766 19.63706193068112
272.06409601946393 19.643344998194827
272.0641071100978 19.649628065704327
272.0641182038499 19.65591113320962
272.0641293007209 19.6621942007107
272.0641404007113 19.66847726820757
272.0641515038219 19.674760335700228
272.06416261005336 19.68104340318867
272.0641737194061 19.687326470672897
272.06418483188094 19.693609538152906
272.06419594747837 19.699892605628694
272.0642070661992 19.706175673100265
272.064218188044 19.712458740567616
272.0642293130133 19.718741808030742
272.0642404411078 19.725024875489645
272.0642515723282 19.731307942944323
272.0642627066751 19.737591010394777
272.0642738441491 19.743874077840996
272.06428498475094 19.75015714528299
272.06429612848115 19.756440212720754
272.06431842532925 19.769006347583584
272.0643295784485 19.775289415008647
272.06437422224144 19.80042168466652
272.07074577402034 19.630768195293165
272.07075712200054 19.63705126132158
272.0707684731717 19.64333432734559
272.0707798275347 19.649617393365183
272.07079118509006 19.65590045938037
272.0708025458384 19.66218352539114
272.0708139097805 19.668466591397504
272.0708252769169 19.674749657399442
272.0708366472482 19.68103272339697
272.0708480207752 19.687315789390073
272.0708593974985 19.693598855378756
272.07087077741863 19.699881921363026
272.0708821605364 19.706164987342866
272.07089354685246 19.712448053318283
272.07090493636736 19.718731119289277
272.0709163290818 19.72501418525584
272.0709277249964 19.731297251217978
272.0709391241119 19.73758031717568
272.07095052642876 19.743863383128954
272.0709619319479 19.7501464490778
272.07097334066975 19.7564295150222
272.0709847525951 19.762712580962177
272.07099616772456 19.768995646897707
272.07100758605867 19.775278712828804
272.07106472582393 19.806694042417657
272.0711792460877 19.869524701261643
272.07741769958693 19.630757276725358
272.0774293111475 19.63704034122927
272.07744092597335 19.64332340572857
272.077452544065 19.64960647022325
272.07746416542324 19.655889534713314
272.0774757900486 19.662172599198758
272.0774874179419 19.668455663679577
272.0774990491036 19.674738728155766
272.07751068353457 19.68102179262734
272.0775223212354 19.687304857094286
272.07753396220676 19.693587921556603
272.0775456064493 19.69987098601429
272.0775572539637 19.706154050467347
272.0775689047506 19.71243711491577
272.07758055881067 19.718720179359565
272.0775922161446 19.725003243798717
272.077603876753 19.731286308233237
272.0776155406366 19.737569372663117
272.07762720779607 19.74385243708836
272.0776388782321 19.750135501508954
272.0776505519453 19.756418565924914
272.07766222893633 19.762701630336228
272.0776739092059 19.76898469474289
272.0776855927546 19.775267759144914
272.0776972795833 19.781550823542283
272.084089624227 19.630746107459967
272.08410149936765 19.637029170404375
272.0841133778477 19.643312233343956
272.08412525966764 19.649595296278708
272.08413714482833 19.655878359208632
272.08414903333033 19.662161422133714
272.08416092517444 19.66844448505397
272.08417282036123 19.67472754796939
272.0841847188914 19.68101061087997
272.0841966207657 19.68729367378571
272.0842085259847 19.69357673668661
272.0842204345492 19.69985979958267
272.08423234645977 19.706142862473886
272.0842442617171 19.712425925360257
272.084256180322 19.718708988241787
272.084268102275 19.72499205111846
272.08428002757694 19.73127511399029
272.08429195622836 19.737558176857263
272.08430388822995 19.743841239719387
272.0843158235825 19.75012430257665
272.08432776228653 19.75640736542907
272.0843397043429 19.76269042827662
272.0843516497522 19.76897349111932
272.0843635985151 19.77525655395716
272.0907615479196 19.63073468749718
272.0907736866399 19.63701774884708
272.09078582877373 19.64330081019193
272.0907979743216 19.649583871531743
272.09081012328437 19.655866932866505
272.0908222756627 19.662149994196216
272.0908344314571 19.66843305552088
272.0908465906685 19.674716116840486
272.09085875329754 19.680999178155044
272.0908709193448 19.687282239464537
272.09088308881115 19.693565300768974
272.09089526169714 19.69984836206836
272.0909074380035 19.706131423362674
272.090919617731 19.712414484651937
272.0909318008803 19.718697545936127
272.090943987452 19.724980607215258
272.0909561774469 19.73126366848932
272.0909683708657 19.73754672975831
272.09098056770904 19.74382979102223
272.0909927679777 19.750112852281077
272.0910049716723 19.75639591353485
272.09101717879355 19.762678974783555
272.09102938934217 19.768962036027176
272.0910416033189 19.775245097265724
272.09105382072437 19.78152815849918
272.09744587294324 19.637006076557572
272.0974582787304 19.643289136272696
272.09747068800584 19.649572195982547
272.09748310077026 19.655855255687133
272.0974955170243 19.662138315386446
272.0975079367688 19.668421375080488
272.0975203600044 19.674704434769257
272.0975327867318 19.680987494452747
272.09754521695174 19.687270554130958
272.09755765066495 19.69355361380389
272.0975700878721 19.69983667347154
272.09758252857387 19.70611973313391
272.097594972771 19.712402792790996
272.0976074204642 19.718685852442793
272.0976198716543 19.724968912089302
272.09763232634185 19.73125197173052
272.0976447845276 19.73753503136645
272.0976572462123 19.743818090997085
272.0976697113966 19.750101150622424
272.0976821800813 19.756384210242466
272.097694652267 19.76266726985721
272.0977071279546 19.768950329466655
272.09771960714465 19.7752333890708
272.09773208983796 19.78151644866964
272.09774457603515 19.787799508263173
272.1041180582566 19.636994153536058
272.1041307276967 19.643277211586433
272.10414340069923 19.649560269631326
272.1041560772649 19.655843327670713
272.1041687573944 19.662126385704607
272.1041814410885 19.668409443733
272.10419412834784 19.674692501755896
272.1042068191732 19.680975559773287
272.1042195135654 19.687258617785172
272.104232211525 19.69354167579155
272.10424491305287 19.699824733792425
272.10425761814963 19.70610779178778
272.10427032681605 19.71239084977763
272.1042830390528 19.718673907761968
272.10429575486074 19.724956965740787
272.1043084742405 19.73124002371409
272.1043211971928 19.73752308168188
272.1043339237184 19.743806139644143
272.104346653818 19.750089197600882
272.1043593874924 19.756372255552098
272.10437212474227 19.762655313497792
272.1043848655683 19.768938371437955
272.10439760997133 19.77522142937259
272.104410357952 19.781504487301696
272.11079024255895 19.636981979782725
272.1108031756516 19.643265036133357
272.1108161123808 19.64954809247826
272.11082905274725 19.65583114881744
272.11084199675173 19.662114205150893
272.110854944395 19.66839726147861
272.1108678956777 19.6746803178006
272.11088085060067 19.680963374116853
272.1108938091646 19.687246430427376
272.11090677137025 19.693529486732153
272.1109197372184 19.699812543031193
272.11093270670966 19.706095599324488
272.110945679845 19.712378655612046
272.1109586566249 19.71866171189385
272.1109716370502 19.724944768169916
272.11098462112176 19.73122782444023
272.1109976088402 19.737510880704793
272.11101060020627 19.743793936963602
272.11102359522073 19.750076993216656
272.11103659388436 19.756360049463957
272.1110495961979 19.762643105705493
272.111062602162 19.768926161941273
272.11107561177755 19.775209218171295
272.11108862504517 19.781492274395546
272.11120590892233 19.83803978015417
272.1174624258293 19.63696955529778
272.117475622574 19.643252609913656
272.1174888230294 19.649535664523572
272.1175020271962 19.65581871912752
272.1175152350753 19.662101773725507
272.1175284466672 19.668384828317528
272.1175416619729 19.674667882903577
272.117554880993 19.68095093748366
272.1175681037283 19.687233992057767
272.1175813301795 19.693517046625903
272.1175945603475 19.699800101188064
272.1176077942329 19.706083155744242
272.11762103183656 19.712366210294444
272.1176342731592 19.718649264838657
272.1176475182016 19.724932319376894
272.11766076696443 19.73121537390914
272.11767401944854 19.737498428435398
272.11768727565465 19.743781482955672
272.11770053558354 19.75006453746995
272.117713799236 19.756347591978233
272.11772706661276 19.762630646480524
272.1177403377145 19.76891370097682
272.11775361254206 19.775196755467114
272.11776689109627 19.781479809951403
272.11778017337775 19.787762864429695
272.1241480684428 19.64323993292755
272.12416153262404 19.649522985767458
272.1241750005908 19.655806038601163
272.124188472344 19.662089091428665
272.1242019478842 19.668372144249958
272.12421542721233 19.674655197065043
272.1242289103291 19.68093824987391
272.1242423972353 19.68722130267657
272.1242558879317 19.69350435547301
272.12428288069816 19.706070461047243
272.1242963827697 19.71235351382503
272.1243098886346 19.71863656659659
272.1243233982936 19.724919619361927
272.1243369117473 19.731202672121036
272.1243504289967 19.737485724873913
272.12436395004244 19.743768777620563
272.12437747488525 19.750051830360977
272.1243910035261 19.756334883095153
272.1244045359656 19.762617935823098
272.12441807220455 19.7689009885448
272.12443161224377 19.775184041260257
272.124445156084 19.78146709396948
272.124458703726 19.78775014667245
272.1244722551706 19.794033199369178
272.12473045614183 19.9134111994173
272.12474408380143 19.919694251988656
272.1308205132371 19.643227005175248
272.13083424114365 19.64951005621014
272.1308479729099 19.65579310723858
272.1308617085367 19.662076158260568
272.13087544802477 19.668359209276108
272.13088919137493 19.674642260285193
272.13090293858795 19.68092531128782
272.13091668966456 19.68720836228399
272.1309304446057 19.69349141327369
272.13094420341196 19.699774464256933
272.1309579660843 19.706057515233713
272.1309717326234 19.71234056620402
272.13098550303005 19.71862361716786
272.1309992773051 19.724906668125232
272.13101305544933 19.731189719076127
272.1310268374634 19.737472770020542
272.1310406233483 19.743755820958484
272.1310544131047 19.750038871889945
272.1310682067334 19.756321922814923
272.1310820042352 19.762604973733417
272.13109580561087 19.768888024645424
272.1311096108613 19.775171075550947
272.13112341998715 19.78145412644998
272.13115104986844 19.794020228228558
272.13135876884166 19.888265990738457
272.13138653077215 19.900832092295627
272.13752094413246 19.655779925039987
272.1375489470679 19.668346023396207
272.1375629544396 19.674629072564258
272.13757696574834 19.6809121217256
272.1376050001803 19.693478220028158
272.1376190233051 19.699761269169368
272.13763305037014 19.70604431830386
272.1376470813763 19.712327367431634
272.1376611163243 19.71861041655269
272.137675155215 19.724893465667023
272.13768919804915 19.731176514774628
272.1377032448276 19.737459563875507
272.13771729555117 19.743742612969655
272.13773135022063 19.750025662057073
272.1377454088368 19.75630871113776
272.13775947140044 19.76259176021171
272.1377735379124 19.768874809278923
272.1377876083735 19.775157858339394
272.13780168278447 19.781440907393122
272.13785801994385 19.806573103540575
272.13804155289233 19.888252740272904
272.1380556985402 19.894535789204905
272.1380698481533 19.900818838130125
272.1442795546345 19.693464775736636
272.14429384207733 19.69974782300076
272.14430813353465 19.706030870257916
272.14432242900733 19.712313917508094
272.14433672849617 19.718596964751296
272.1443510320021 19.72488001198752
272.14436533952573 19.73116305921676
272.14437965106805 19.737446106439023
272.1443939666298 19.7437291536543
272.14440828621184 19.750012200862585
272.14442260981497 19.756295248063882
272.14443693744 19.762578295258187
272.14445126908777 19.768861342445504
272.1444656047591 19.77514438962582
272.14447994445476 19.781427436799138
272.1447243358079 19.88823923767256
272.1447387480831 19.89452228471952
272.14475316439837 19.900805331759432
272.15091047719073 19.674601944300008
272.1509250166896 19.680884989673682
272.1509395602748 19.687168035040127
272.15095410794714 19.693451080399345
272.1509686597075 19.699734125751338
272.1509832155566 19.706017171096093
272.1509977754954 19.71230021643362
272.15101233952464 19.718583261763907
272.1510269076452 19.724866307086952
272.1510414798579 19.73114935240276
272.15105605616355 19.737432397711324
272.1510706365631 19.743715443012636
272.1510852210572 19.74999848830671
272.1510998096468 19.756281533593523
272.1511144023327 19.76256457887309
272.15112899911577 19.7688476241454
272.1511435999969 19.77513066941045
272.15115820497675 19.781413714668243
272.1511728140563 19.78769675991877
272.1512166659013 19.806545895626762
272.15123129138783 19.812828940848217
272.1513924427787 19.881942437803648
272.15140711756686 19.888225482937667
272.151421796469 19.894508528064385
272.15759904042824 19.680871047184425
272.157613848182 19.68715409060422
272.1576286600971 19.693437134016527
272.1576434761745 19.699720177421327
272.15765829641487 19.706003220818637
272.1576731208193 19.712286264208444
272.1576879493884 19.71856930759075
272.1577027821232 19.724852350965552
272.1577176190244 19.73113539433285
272.157732460093 19.737418437692632
272.1577473053297 19.743701481044912
272.15776215473545 19.749984524389667
272.15777700831103 19.756267567726916
272.1577918660574 19.762550611056636
272.1578067279753 19.768833654378838
272.1578215940656 19.775116697693523
272.1578364643292 19.781399741000673
272.1578513387669 19.787682784300298
272.1578662173796 19.793965827592388
272.1579108782761 19.812814957423463
272.1579555767781 19.83166408718667
272.15807495680804 19.881928432889605
272.1580898981479 19.888211476068452
272.15811979339446 19.900777562403416
272.15813474730294 19.907060605559543
272.164257995297 19.674573812274108
272.164273062984 19.680856853719963
272.16430321106327 19.693422936588394
272.16431829145716 19.699705978010964
272.1643333760884 19.70598901942577
272.16434846495787 19.7122720608328
272.16436355806644 19.718555102232063
272.1643786554149 19.72483814362355
272.1643937570041 19.731121185007257
272.16440886283505 19.73740422638319
272.16442397290854 19.743687267751337
272.1644390872254 19.749970309111703
272.1644542057865 19.75625335046428
272.1644693285927 19.762536391809064
272.1644844556449 19.76881943314606
272.16449958694403 19.775102474475258
272.16456015462626 19.800234639714066
272.16462079032755 19.825366804827958
272.1646359598874 19.831649846086894
272.1647574696386 19.881914175876673
272.16477267752964 19.888197217065148
272.1647878896841 19.894480258245775
272.1648031061028 19.90076329941856
272.1648487809532 19.91961242288982
272.1648640144377 19.9258954640312
272.17091642508336 19.668276330413693
272.17093175255565 19.674559369851124
272.1709777608245 19.693408488115203
272.1709931055345 19.699691527520493
272.171008454556 19.705974566917735
272.17102380789004 19.71225760630693
272.1710391655375 19.718540645688087
272.1710545274991 19.724823685061185
272.1710698937759 19.731106724426233
272.17108526436874 19.73738976378323
272.1711006392784 19.74367280313217
272.17111601850587 19.749955842473046
272.17113140205197 19.756238881805864
272.1711467899176 19.762521921130613
272.17116218210356 19.7688049604473
272.1711775786109 19.77508799975591
272.17119297944043 19.781371039056452
272.17130090634186 19.825352313933976
272.17131634178054 19.83163535316984
272.1714399812489 19.881899666765086
272.17145545569065 19.888182705928
272.17147093447045 19.894465745082787
272.17148641758934 19.900748784229446
272.17150190504805 19.90703182336799
272.1715173968475 19.913314862498407
272.1715328929887 19.91959790162069
272.17154839347245 19.92588094073484
272.1776523093597 19.693393788597195
272.17766791838517 19.699676825950146
272.1776835317965 19.705959863294773
272.1776991495946 19.712242900631075
272.1777147717804 19.718525937959054
272.17773039835475 19.7248089752787
272.17774602931854 19.731092012590018
272.17776166467274 19.737375049892997
272.17777730441804 19.743658087187644
272.17779294855563 19.74994112447395
272.1778085970862 19.756224161751913
272.1778242500107 19.762507199021528
272.17783990733 19.768790236282797
272.17794963169587 19.81277149687771
272.1779653242061 19.8190545340721
272.17813823260946 19.88816794265724
272.17815397801417 19.89445097975099
272.1781697278326 19.90073401683634
272.1781854820657 19.907017053913272
272.18431098776654 19.68709580276044
272.1843268566478 19.693378838034608
272.1843427299882 19.69966187330017
272.18435860778885 19.705944908557125
272.1843744900505 19.71222794380548
272.1843903767741 19.718510979045217
272.1844062679606 19.724794014276345
272.18442216361086 19.731077049498854
272.18443806372585 19.73736008471274
272.1844539683064 19.74364311991801
272.18446987735354 19.749926155114654
272.18448579086805 19.756209190302666
272.18450170885086 19.762492225482056
272.184517631303 19.768775260652802
272.1845335582252 19.775058295814922
272.18461325992087 19.806473471495867
272.1846292136832 19.81275650660611
272.18464517192217 19.819039541707696
272.18466113463853 19.82532257680063
272.1846930735074 19.837888646960504
272.1848210082648 19.888152927253135
272.1848370202939 19.894435962250643
272.18485303681143 19.900718997239462
272.18486905781833 19.907002032219587
272.19100140266755 19.693363636427698
272.1910175403225 19.69964666957082
272.19103368251183 19.70592970270506
272.1910498292365 19.712212735830395
272.1910659804974 19.71849576894683
272.1910821362955 19.724778802054363
272.19109829663176 19.731061835152993
272.19111446150697 19.737344868242708
272.1911306309222 19.743627901323514
272.1911468048783 19.74991093439541
272.1911629833762 19.756193967458387
272.19117916641693 19.76247700051244
272.19119535400125 19.768760033557573
272.19121154613015 19.775043066593778
272.1912763601103 19.800175198649292
272.1912925749761 19.80645823164082
272.19130879439206 19.81274126462342
272.1913250183591 19.819024297597064
272.1913412468782 19.82530733056176
272.1913574799502 19.831590363517506
272.1914875085447 19.88185462684087
272.1977415829291 19.718480307664148
272.1977580033383 19.72476333861302
272.19777442835993 19.73104636955269
272.19779085799496 19.73732940048316
272.1978072922443 19.743612431404422
272.1978237311088 19.74989546231648
272.1978401745896 19.75617849321932
272.19785662268754 19.762461524112947
272.1978730754036 19.768744554997358
272.1978895327386 19.775027585872543
272.19790599469366 19.781310616738516
272.1979554082879 19.80015970928104
272.19797188873224 19.806442740110082
272.19798837380125 19.812725770929884
272.1980048634959 19.81900880174045
272.1980213578171 19.82529183254177
272.19803785676584 19.831574863333838
272.19805436034306 19.837857894116663
272.1980708685497 19.84414092489023
272.1981534790572 19.87555607861917
272.20431717229854 19.68076642246727
272.20441718404817 19.718464595197425
272.20445055877434 19.73103065269821
272.20446725316856 19.737313681434348
272.2044839522514 19.74359671016098
272.2045006560239 19.749879738878114
272.204517364487 19.75616276758573
272.20453407764165 19.762445796283828
272.2045507954888 19.76872882497242
272.20456751802936 19.77501185365149
272.20458424526447 19.781294882321028
272.20460097719484 19.787577910981042
272.2046177138215 19.793860939631525
272.2046344551456 19.80014396827248
272.20465120116785 19.806426996903898
272.20466795188935 19.81271002552578
272.204684707311 19.81899305413812
272.20470146743384 19.82527608274091
272.2047182322587 19.83155911133416
272.2047350017866 19.837842139917857
272.20475177601867 19.844125168491995
272.20481892000595 19.86925728269297
272.2109911859839 19.680750472183192
272.2111266878537 19.73101468458981
272.21114364700657 19.737297711096545
272.21116061092243 19.74358073759347
272.2111775796023 19.74986376408058
272.21119455304716 19.75614679055788
272.2112115312579 19.76242981702536
272.21122851423564 19.76871284348302
272.2112455019813 19.77499586993085
272.2112624944957 19.781278896368857
272.21127949178003 19.787561922797032
272.21129649383516 19.793844949215377
272.2113135006621 19.80012797562388
272.2113305122617 19.806411002022543
272.2113475286352 19.812694028411364
272.2113986064076 19.831543107518733
272.2114156418857 19.83782613386815
272.21143268214246 19.8441091602077
272.2114497271788 19.8503921865374
272.21146677699574 19.856675212857226
272.2114838315942 19.862958239167185
272.2115179551397 19.875524291757486
272.2115520978232 19.888090344308278
272.21776838226344 19.718432416712925
272.2178545018228 19.74984753792415
272.2179062316229 19.768696610529428
272.21792348457296 19.774979634710924
272.21795800500394 19.787545683043497
272.2179752724869 19.79382870719457
272.2179925448161 19.800111731335498
272.2180098219926 19.80639475546628
272.2180271040174 19.812677779586902
272.2180443908914 19.81896080369737
272.21806168261566 19.825243827797678
272.21807897919115 19.831526851887826
272.2180962806189 19.837809875967807
272.21811358689985 19.844092900037616
272.21813089803493 19.850375924097257
272.21814821402535 19.856658948146716
272.21820019113756 19.875508020234015
272.2182175265587 19.88179104424274
272.22444397931736 19.71841595069569
272.2246189888549 19.781246169861564
272.2246365168453 19.78752919172071
272.22465404975554 19.793812213569396
272.22467158758644 19.800095235407618
272.2246891303392 19.80637825723538
272.22470667801474 19.812661279052676
272.2247242306141 19.818944300859496
272.22474178813815 19.825227322655845
272.2247593505881 19.83151034444172
272.22477691796485 19.837793366217106
272.22479449026935 19.844076387982007
272.2248120675028 19.850359409736427
272.224829649666 19.856642431480353
272.22484723676007 19.862925453213784
272.224864828786 19.869208474936716
272.22488242574474 19.87549149664915
272.23129723394027 19.78122942930699
272.23131502728285 19.78751244882894
272.23133282561975 19.79379546834012
272.2313506289518 19.800078487840516
272.2313684372802 19.80636150733013
272.23138625060585 19.812644526808956
272.2314040689299 19.818927546276996
272.2314218922533 19.825210565734235
272.2314397205771 19.83149358518068
272.23145755390226 19.83777660461632
272.2314753922298 19.84405962404116
272.23149323556083 19.850342643455193
272.23151108389635 19.85662566285841
272.23152893723733 19.862908682250815
272.23154679558485 19.869191701632406
272.2315646589398 19.875474721003172
272.2379754776012 19.781212437218837
272.23799353629533 19.787495454368482
272.23801160005826 19.79377847150703
272.2380296688909 19.80006148863447
272.2380477427943 19.806344505750804
272.2380658217696 19.81262752285603
272.23808390581775 19.81891053995013
272.2381019949398 19.825193557033124
272.2381200891368 19.831476574104993
272.2381381884098 19.83775959116574
272.23815629275975 19.844042608215346
272.2381744021879 19.85032562525383
272.238192516695 19.856608642281177
272.2382106362823 19.862891659297382
272.2382468907015 19.87545769329636
272.2445073124849 19.730931075248588
272.2445438834942 19.74349710490424
272.2445621767021 19.74978011971496
272.24463540091347 19.77491217884374
272.2446537198164 19.781195193597384
272.24472704686036 19.806327252497685
272.24474539148457 19.812610267194174
272.24476374125624 19.818893281879213
272.244800456246 19.831459311214946
272.24481882146614 19.837742325865634
272.244837191838 19.844025340504864
272.24485556736244 19.85030835513263
272.2511834331098 19.730913599622472
272.2512019808021 19.737196612016117
272.2512205337036 19.743479624398027
272.25123909181536 19.74976263676821
272.25131337638584 19.774894686131493
272.25140634945694 19.806309747571074
272.2514249597295 19.812592759823684
272.2514435752241 19.818875772064516
272.2514621959416 19.825158784293567
272.25151808944304 19.844007820909997
272.2578595522515 19.730895872744394
272.25787836469823 19.737178882663084
272.25789718242856 19.743461892569712
272.25791600544346 19.74974490246426
272.25797250620656 19.76859393207543
272.25808565056286 19.806291990971253
272.2581045264832 19.812575000744857
272.25812340769994 19.81885801050634
272.25814229421434 19.825141020255707
272.26453566988886 19.730877894614665
272.2645547470894 19.737160902023323
272.2646120108428 19.75600992417482
272.2646693228467 19.774858946214497
272.2647649501568 19.80627398269853
272.2647840917242 19.81255698995799
272.2712311279544 19.737142670097132
272.27126982815975 19.749708679785954
272.27132791922895 19.76855769422342
272.2713472937928 19.77484069901036
272.2713666737955 19.78112370378451
272.2714636554313 19.81253872746338
272.27148306809073 19.818821732160746
272.2715219097506 19.83138774151704
272.27802526318754 19.774822200309522
272.27812354472366 19.806237211135585
272.2781432175833 19.81252021326134
272.278162895963 19.818803215373936
272.278182579864 19.82508621747337
272.27820226928725 19.831369219559633
272.2782219642341 19.837652221632727
272.28468332604893 19.768520450525077
272.28470323100987 19.7748034501123
272.2847430576962 19.78736944924628
272.28480283965405 19.806218447845975
272.2848227781588 19.81250144735218
272.2848427222582 19.81878444684487
272.28486267195336 19.825067446324038
272.28488262724545 19.831350445789674
272.2914215545432 19.787350442246886
272.29144174169187 19.793633439140027
272.29148213298737 19.806199432884696
272.29150233713654 19.812482429736217
272.2915225469549 19.81876542657386
272.2915427624436 19.82504842339761
272.29156298360385 19.831331420207476
272.2980387264967 19.768482200982895
272.2981614247023 19.806180166252066
272.2981818944953 19.81246316041377
272.29820237003196 19.818746154561218
272.29822285131354 19.825029148694416
272.29824333834114 19.83131214281336
272.30471642427796 19.768462699021168
272.3047371248295 19.774745690545544
272.30475783119215 19.78102868205532
272.30481998515864 19.799877656497056
272.30484071477764 19.806160647948413
272.3048614502137 19.812443639385158
272.304882191468 19.81872663080728
272.3049029385417 19.825009622214775
272.3049236914361 19.831292613607648
272.30494445015233 19.837575604985876
272.3049652146915 19.843858596349467
272.3114360577821 19.781008923117565
272.3114780187087 19.79357490057578
272.3114990080052 19.799857889282414
272.3115200031921 19.80614087797406
272.3115410042705 19.812423866650715
272.31156201124173 19.818706855312367
272.31158302410694 19.824989843959024
272.3116040428674 19.831272832590663
272.3116250675241 19.8375558212073
272.3181567743812 19.793554884520372
272.31817802917027 19.799837870432544
272.31819928992434 19.806120856329343
272.31822055664446 19.812403842210767
272.3182418293319 19.818686828076814
272.31826310798783 19.82496981392748
272.31828439261363 19.83125279976275
272.3183056832103 19.837535785582627
272.3183269797792 19.843818771387106
272.31834828232155 19.85010175717618
272.3248140141087 19.78725163376685
272.3248355283516 19.793534616865188
272.3248570486327 19.79981759994777
272.3248785749532 19.806100583014597
272.3249001073142 19.812383566065662
272.32492164571715 19.818666549100964
272.32494319016314 19.824949532120492
272.3249647406535 19.831232515124245
272.3249862971894 19.83751549811221
272.3250078597721 19.84379848108439
272.3314925009391 19.78723111737655
272.33151428059875 19.793514097610565
272.33153606637103 19.799797077828437
272.3315578582572 19.806080058030158
272.3315796562585 19.81236303821573
272.33160146037625 19.818646018385145
272.33162327061154 19.824928998538397
272.3316450869658 19.831211978675476
272.3316669094402 19.837494958796388
272.33814894713595 19.78092737207118
272.33817098602566 19.787210349422285
272.33819303110135 19.793493326756856
272.3382150823641 19.79977630407489
272.33823713981525 19.80605928137638
272.33825920345606 19.812342258661324
272.3382812732878 19.818625235929712
272.33830334931173 19.824908213181537
272.33832543152914 19.8311911904168
272.3448271651167 19.780906355487456
272.34484946934725 19.787189329904397
272.3448717798381 19.793472304304412
272.3448940965906 19.79975527868748
272.344916419606 19.806038253053607
272.3449387488856 19.812321227402787
272.3449610844306 19.81860420173501
272.35148281807494 19.774602115910582
272.351505381312 19.78088508737558
272.3515279508825 19.787168058823248
272.3515505267879 19.79345103025358
272.35157310902935 19.79973400166656
272.3515956976082 19.806016973062196
272.35161829252576 19.812299944440475
272.3516408937834 19.81858291580139
272.3581835957004 19.780863567735913
272.3582064306102 19.787146536179186
272.35822927192936 19.793429504604713
272.35825211965897 19.799712473012487
272.3582749738006 19.805995441402494
272.3582978343554 19.81227840977474
272.3583207013248 19.818561378129218
272.3583893407331 19.837410283085948
272.3648849085091 19.787124761972578
272.3649080152412 19.793407727358183
272.3649311284583 19.79969069272562
272.3649542481619 19.805973658074876
272.3649773743532 19.812256623405954
272.3650005070335 19.818539588718846
272.3650236462043 19.824822554013547
272.36504679186675 19.83110551929004
272.36506994402225 19.837388484548338
272.3716569124977 19.81223458533448
272.37170371584386 19.824800509788204
272.3783601128679 19.818495254684994
272.3784311450103 19.837344131943663
272.38503991295096 19.818472710062256
