# successful candidates for region at (252.4430412404725, -6.177540716185282) and radius 1.0
252.8208804765982 -6.360936438934684
252.82716172256883 -6.373492510614791
252.83342908720158 -6.367207642917897
252.83300339307567 -5.783141007439096
252.83973964073772 -6.41744526631812
252.8396819164696 -6.342081850171914
252.8396723418819 -6.3295212807800665
252.83966755952815 -6.323240996080498
252.83926407529884 -5.776856218090528
252.84597800442165 -6.373478543805607
252.8459731230288 -6.367198260760341
252.84595849893014 -6.348357411609441
252.84595363092313 -6.342077128554112
252.8459487662619 -6.335796845496271
252.84594390494624 -6.3295165624359235
252.845939046976 -6.3232362793730665
252.84552918303328 -5.776851643486143
252.84552461854426 -5.770571360208862
252.8522302890415 -6.348352614257261
252.85222534526184 -6.342072332864558
252.85222040488011 -6.335792051469265
252.85179429066343 -5.77684699711633
252.8517896551262 -5.770566715494711
252.85848703072955 -6.329506903686508
252.8580641082015 -5.7831225589190165
252.85805939818758 -5.776842278981148
252.85805469160235 -5.770561999040763
252.85804998844554 -5.764281719097863
252.85804528871694 -5.75800143915245
252.85804059241636 -5.751721159204523
252.85802184148926 -5.72660003938774
252.8580171623252 -5.720319759427281
252.85801248658774 -5.71403947946432
252.86476368176545 -6.335782241277267
252.86475859344486 -6.329501963281356
252.86475350862594 -6.323221685282692
252.86432928671772 -5.78311776731164
252.86432450560412 -5.776837489080655
252.86431972797095 -5.770557210847077
252.86431495381797 -5.764276932610906
252.864310183145 -5.757996654372145
252.86430541595172 -5.751716376130798
252.864291135248 -5.732875541391243
252.86428163217332 -5.720314984885298
252.86427688585366 -5.714034706628459
252.87105083331923 -6.3546180538646375
252.87104565866818 -6.3483377776167265
252.8705944651246 -5.7831129039134375
252.87058961291146 -5.776832627414909
252.8705847642305 -5.77055235091371
252.8705799190815 -5.764272074409841
252.87057507746422 -5.757991797903306
252.87056540482382 -5.745431244882239
252.87055574630747 -5.732870691850525
252.8768843137509 -5.814509342385643
252.87686457031734 -5.789388243462214
252.87685964342052 -5.783107968724468
252.87685472010799 -5.776827693983971
252.87684980037935 -5.770547419240723
252.88363730624638 -6.404849970150946
252.88363195066893 -6.398569697483676
252.88362659875222 -6.392289424813388
252.8836159058997 -6.379728879463757
252.88361056496342 -6.373448606784421
252.8831649078133 -5.833345145297834
252.88315988430708 -5.827064872363648
252.88314984820732 -5.814504326486745
252.8831448356133 -5.80822405354403
252.8831398266562 -5.801943780598474
252.88313482133577 -5.795663507650084
252.8831298196517 -5.789383234698855
252.88312482160393 -5.783102961744795
252.883119827192 -5.7768226887879015
252.8831148364158 -5.770542415828179
252.88310984927506 -5.764262142865627
252.88990434810327 -6.398564441011419
252.88989891999793 -6.392284170158527
252.88989349560507 -6.386003899302529
252.88988807492453 -6.37972362844343
252.88988265795595 -6.37344335758123
252.88986102719628 -6.34832227410147
252.88941538254892 -5.814499238669319
252.88941029859683 -5.808218967536187
252.88940014175856 -5.795658425261166
252.8893950688718 -5.789378154119278
252.889389999673 -5.783097882974477
252.88938493416194 -5.776817611826762
252.8893798723383 -5.770537340676136
252.88937481420191 -5.764257069522601
252.88936975975244 -5.757976798366158
252.8893647089897 -5.751696527206811
252.89618225346794 -6.404839379243288
252.89617674540918 -6.398559110236676
252.8961712411153 -6.39227884122687
252.89616574058613 -6.385998572213871
252.8961602438213 -6.3797183031976825
252.89615475082056 -6.373438034178305
252.89614926158364 -6.367157765155743
252.89614377611028 -6.360877496129996
252.89613829440023 -6.354597227101069
252.89612187184707 -6.3357564199952146
252.8961164051875 -6.329476150953581
252.89568091677404 -5.814494078933426
252.89567576146405 -5.808213809635459
252.89566546206527 -5.795653271030518
252.89566031797597 -5.789373001723547
252.89565517762634 -5.783092732413579
252.89565004101618 -5.776812463100615
252.89564490814521 -5.770532193784658
252.89563977901324 -5.764251924465711
252.89562953196523 -5.751691385818847
252.90245472688395 -6.40483397229726
252.90244914258477 -6.398553705159512
252.90244356210255 -6.39227343801848
252.90243798543716 -6.385993170874168
252.90243241258815 -6.379712903726578
252.9024268435554 -6.373432636575709
252.90242127833855 -6.367152369421568
252.90241571693738 -6.360872102264153
252.9024101593516 -6.354591835103469
252.90240460558084 -6.348311567939515
252.90239905562498 -6.342031300772295
252.90192556696246 -5.789367777511722
252.90192035546215 -5.783087510062162
252.90191514775304 -5.776807242609524
252.90190994383494 -5.77052697515381
252.90190474370752 -5.76424670769502
252.90189954737062 -5.757966440233158
252.9018943548239 -5.751686172768225
252.90876693230368 -6.448790347630897
252.9087612446724 -6.4425100824113795
252.90875556091223 -6.436229817188471
252.90874988102283 -6.429949551962177
252.90872720016776 -6.404828491023182
252.90872153962823 -6.398548225779991
252.90871588295784 -6.392267960533426
252.90871023015632 -6.3859876952834895
252.90870458122336 -6.379707430030185
252.9086989361587 -6.373427164773511
252.9086932949621 -6.367146899513475
252.90868765763318 -6.360866634250074
252.90868202417178 -6.354586368983314
252.90867639457758 -6.348306103713197
252.90819081582978 -5.789362481483869
252.90818553317888 -5.7830822159202935
252.90818025437102 -5.776801950353554
252.9081749794058 -5.770521684783653
252.9081697082831 -5.7642414192105935
252.90816444100264 -5.757961153634377
252.90815917756413 -5.751680888055005
252.9081539179673 -5.74540062247248
252.91503994059423 -6.448784778584548
252.91503417635784 -6.4425045152859175
252.91502841604472 -6.436224251983807
252.9150226596545 -6.429943988678218
252.915016907187 -6.4236637253691535
252.91500541401876 -6.411103198740608
252.91499967331757 -6.404822935421128
252.91499393653785 -6.398542672098183
252.91498820367937 -6.392262408771773
252.91498247474186 -6.3859821454419
252.91497674972507 -6.379701882108568
252.91497102862863 -6.373421618771776
252.9149653114524 -6.36714135543153
252.91495959819596 -6.360861092087828
252.91495388885903 -6.354580828740676
252.91494818344142 -6.348300565390076
252.91445606457626 -5.789357113640054
252.91445071077493 -5.783076849988037
252.9144453608683 -5.77679658633277
252.91444001485624 -5.770516322674256
252.91443467273837 -5.7642360590124975
252.9144293345145 -5.7579557953474945
252.9144240001843 -5.751675531679252
252.92131879356495 -6.455059396378883
252.92130710790664 -6.442498873678374
252.92130127104073 -6.436218612322759
252.92129543814985 -6.429938350963572
252.9212896092338 -6.423658089600817
252.92128378429223 -6.417377828234495
252.9212779633249 -6.411097566864608
252.92127214633152 -6.404817305491162
252.92126633331176 -6.3985370441141525
252.92126052426536 -6.392256782733589
252.92125471919204 -6.38597652134947
252.92124891809152 -6.379696259961795
252.92124312096345 -6.373415998570572
252.9212373278077 -6.3671357371758
252.92123153862383 -6.360855475777482
252.9212257534116 -6.35457521437562
252.9212199721708 -6.348294952970216
252.92072131320023 -5.789351673980343
252.92071588824862 -5.783071412265458
252.92071046724348 -5.776791150547236
252.92070505018458 -5.770510888825681
252.9206996370717 -5.764230627100796
252.9206942279045 -5.757950365372579
252.92756821650696 -6.429932638818307
252.92756231114254 -6.4236523794275575
252.9275564098047 -6.417372120033146
252.92755051249324 -6.411091860635077
252.92752108632084 -6.3796905635899375
252.9275152131614 -6.373410304169967
252.9275093440262 -6.367130044746355
252.92750347891507 -6.360849785319102
252.92749761782767 -6.354569525888213
252.92698106559828 -5.783065902752624
252.9269755734948 -5.776785642997023
252.9269700853892 -5.7705053832379996
252.9269646012814 -5.764225123475557
252.9269591211711 -5.757944863709696
252.93384099472408 -6.429926852242493
252.9338350129114 -6.423646594849444
252.93379325441134 -6.3796847929930625
252.9337813601061 -6.3671242781432635
252.93377541906784 -6.3608440207127614
252.9337694821054 -6.354563763278526
252.93376354921847 -6.348283505840561
252.9332406796206 -5.776780063682195
252.93323512046857 -5.7704998059112755
252.933229565366 -5.764219548136848
252.93322401431266 -5.757939290358913
252.93321846730825 -5.751659032577474
252.94011377279932 -6.429920991236201
252.94010771453856 -6.42364073586655
252.9401016604086 -6.417360480493043
252.9400473590804 -6.360838181958528
252.94004134624305 -6.354557926546629
252.94003533753335 -6.348277671130908
252.94638655073095 -6.429915055799502
252.94638041602224 -6.423634802478941
252.95265932851714 -6.429909045932469
253.01523473241417 -6.291679812573626
253.01522786135055 -6.285399583377376
253.02150583870332 -6.291673035815751
253.0214919507768 -6.279112582128064
253.02148501401467 -6.272832355276503
253.02147808205285 -6.266552128419801
253.021471154891 -6.260271901557963
253.0214642325288 -6.253991674690989
253.02145731496583 -6.247711447818886
253.02778397134603 -6.297946409648856
253.02777694482896 -6.291666185193499
253.02776992316524 -6.28538596073288
253.0277629063546 -6.279105736266999
253.02775589439665 -6.272825511795863
253.02774888729098 -6.266545287319474
253.02774188503736 -6.260265062837835
253.02773488763535 -6.25398483835095
253.02772789508467 -6.247704613858823
253.02772090738495 -6.241424389361456
253.02771392453582 -6.235144164858856
253.0340693711137 -6.310499926837594
253.0340480507894 -6.291659260706958
253.03404095382595 -6.285379038652654
253.03402677461384 -6.272818594527934
253.03401969236455 -6.266538372457522
253.0340126150193 -6.260258150381748
253.03400554257772 -6.253977928300616
253.03399847503948 -6.247697706214127
253.03399141240422 -6.241417484122286
253.03398435467162 -6.235137262025095
253.03397730184128 -6.228857039922561
253.04031915658283 -6.291652262356211
253.04031198431977 -6.2853720427338935
253.04029049727185 -6.266531383834033
253.04027619735413 -6.253970944540068
253.04026905482849 -6.247690724884878
253.04026191725785 -6.241410505224223
253.0402547846419 -6.235130285558104
253.04672891810992 -6.410969315200458
253.04672157530553 -6.404689098142949
253.04671423751708 -6.398408881079766
253.04669225424385 -6.379568229856224
253.04663385279477 -6.329326493011439
253.0465902622075 -6.291645190141343
253.046583014645 -6.285364972976681
253.04655407448305 -6.260244104262036
253.04654685196283 -6.253963887069393
253.04653963444994 -6.247683669871165
253.04653242194416 -6.241403452667355
253.04652521444496 -6.235123235457967
253.05297181817733 -6.385841263593551
253.05296441935425 -6.379561048998462
253.0529570255978 -6.3732808343975975
253.0529496369076 -6.367000619790961
253.0529422532833 -6.360720405178556
253.05293487472454 -6.354440190560387
253.05292750123093 -6.348159975936456
253.05292013280214 -6.341879761306769
253.05288336661772 -6.310478688072097
253.05287602857018 -6.304198473407942
253.05286869558495 -6.297918258738056
253.05286136766162 -6.291638044062441
253.0528540447999 -6.285357829381104
253.05283210658044 -6.26651718530278
253.05282480396133 -6.260236970598582
253.05281750640202 -6.253956755888678
253.05924405919308 -6.385834006001579
253.0592365842898 -6.379553793917267
253.05922911450529 -6.373273581827057
253.05921419029087 -6.360713157628969
253.0592067358603 -6.354432945521097
253.059199286547 -6.348152733407344
253.0591918423506 -6.341872521287717
253.05917696930695 -6.329312097030846
253.0591621167265 -6.316751672750516
253.05915469810904 -6.310471460601562
253.0591472846063 -6.304191248446754
253.05913247294345 -6.2916308241195935
253.05912507478263 -6.285350611947247
253.05911768173502 -6.279070399769061
253.0591102938004 -6.272790187585041
253.05910291097817 -6.2665099753951905
253.05909553326816 -6.260229763199511
253.05908816067 -6.25394955099801
253.05908079318323 -6.247669338790687
253.05907343080756 -6.241389126577549
253.06553141751252 -6.398387093238216
253.06552385618645 -6.392106883702407
253.06551630003202 -6.385826674160575
253.06550874904875 -6.379546464612724
253.0655012032363 -6.373266255058856
253.06549366259432 -6.366986045498977
253.0654861271224 -6.360705835933089
253.0654785968202 -6.354425626361198
253.06547107168737 -6.348145416783305
253.06546355172347 -6.341865207199416
253.06544852730116 -6.329304788013663
253.06544102284198 -6.323024578411807
253.06542602942574 -6.310464159190157
253.06541854046793 -6.304183949570368
253.06541105667654 -6.29790373994461
253.06540357805116 -6.291623530312887
253.06539610459146 -6.285343320675201
253.06538863629706 -6.279063111031557
253.06538117316754 -6.27278290138196
253.0653737152026 -6.26650269172641
253.06536626240185 -6.260222482064915
253.06535881476498 -6.253942272397477
253.0653513722915 -6.2476620627241
253.06534393498117 -6.241381853044787
253.07179617297874 -6.39209947505019
253.07178854069235 -6.385819268070628
253.07178091362928 -6.379539061084926
253.07177329178913 -6.373258854093084
253.07176567517152 -6.36697864709511
253.0717580637761 -6.360698440091006
253.0717504576024 -6.354418233080776
253.07174285665025 -6.348138026064423
253.07173526091907 -6.341857819041953
253.0717276704086 -6.335577612013369
253.07172008511841 -6.329297404978674
253.0717125050482 -6.323017197937874
253.07170493019754 -6.31673699089097
253.07169736056605 -6.310456783837969
253.0716897961534 -6.304176576778872
253.0716822369592 -6.297896369713684
253.07167468298303 -6.291616162642411
253.07166713422464 -6.2853359555650545
253.07165959068357 -6.27905574848162
253.0716520523594 -6.272775541392109
253.0716445192519 -6.266495334296528
253.0716369913606 -6.26021512719488
253.07162946868516 -6.253934920087168
253.07162195122524 -6.2476547129733975
253.07806848959038 -6.392091992123433
253.07806078117227 -6.38581178773183
253.0780530780296 -6.3795315833339625
253.07804538016188 -6.373251378929834
253.07803768756884 -6.366971174519448
253.07803000025004 -6.360690970102811
253.07802231820517 -6.354410765679924
253.07801464143378 -6.348130561250793
253.07800696993553 -6.34185035681542
253.07799930371007 -6.335570152373812
253.07799164275698 -6.32928994792597
253.07798398707587 -6.3230097434719
253.0779763366664 -6.316729539011604
253.07796869152818 -6.310449334545088
253.07796105166085 -6.3041691300723555
253.077953417064 -6.297888925593411
253.07794578773732 -6.291608721108256
253.0779381636804 -6.2853285166168975
253.07793054489278 -6.279048312119339
253.0779229313742 -6.272768107615582
253.0779153231243 -6.266487903105633
253.07790772014263 -6.260207698589496
253.07790012242884 -6.253927494067174
253.08437980869397 -6.423485443716029
253.08437199750102 -6.41720524197008
253.08436419163752 -6.4109250402177205
253.08435639110306 -6.404644838458956
253.0843485958972 -6.398364636693789
253.08434080601967 -6.392084434922226
253.08433302147 -6.3858042331442695
253.08432524224784 -6.379524031359924
253.08431746835285 -6.373243829569194
253.0843096997845 -6.3669636277720825
253.08430193654257 -6.3606834259685945
253.08429417862664 -6.354403224158732
253.0842864260363 -6.348123022342501
253.08427867877114 -6.341842820519908
253.08427093683082 -6.335562618690953
253.08426320021496 -6.329282416855642
253.0842554689232 -6.323002215013978
253.08424774295514 -6.316722013165966
253.08424002231035 -6.310441811311609
253.08423230698853 -6.304161609450912
253.08422459698923 -6.297881407583879
253.08421689231216 -6.291601205710515
253.08420919295688 -6.285321003830822
253.084201498923 -6.279040801944805
253.08419381021017 -6.27276060005247
253.08418612681803 -6.266480398153818
253.0841784487462 -6.260200196248853
253.08417077599427 -6.253919994337583
253.08416310856182 -6.247639792420009
253.08412485117984 -6.216238782737727
253.09066829769344 -6.436038197234257
253.0906525063775 -6.423477799041908
253.09064461879268 -6.417197599935921
253.09063673658935 -6.410917400823401
253.09062885976715 -6.404637201704347
253.09062098832575 -6.398357002578767
253.09061312226473 -6.392076803446663
253.09060526158373 -6.385796604308041
253.09059740628234 -6.379516405162905
253.09058955636013 -6.373236206011258
253.0905817118168 -6.366956006853104
253.09057387265187 -6.360675807688448
253.0905660388651 -6.354395608517294
253.09055821045592 -6.348115409339647
253.09055038742406 -6.341835210155509
253.09054256976913 -6.335555010964885
253.09053475749067 -6.32927481176778
253.09052695058844 -6.322994612564199
253.09051914906195 -6.316714413354144
253.09051135291077 -6.3104342141376195
253.09050356213464 -6.304154014914631
253.09049577673312 -6.297873815685182
253.09048799670583 -6.291593616449277
253.09048022205238 -6.285313417206919
253.09047245277245 -6.279033217958113
253.09046468886552 -6.272753018702863
253.09045693033133 -6.266472819441173
253.09044917716952 -6.260192620173048
253.09044142937958 -6.25391242089849
253.0904336869613 -6.247632221617506
253.09042594991408 -6.241352022330098
253.090402770996 -6.222511424429378
253.09039505542984 -6.216231225116318
253.09038734523293 -6.209951025796856
253.09695711412505 -6.448590865659669
253.09694912840985 -6.442310669246033
253.0969331732848 -6.429750276398728
253.09692520387412 -6.423470079965067
253.09691723989752 -6.417189883524738
253.09690928135456 -6.410909687077746
253.0969013282449 -6.404629490624096
253.09689338056816 -6.398349294163792
253.09688543832385 -6.3920690976968375
253.09687750151167 -6.385788901223238
253.09686957013122 -6.379508704742997
253.096861644182 -6.373228508256118
253.09685372366386 -6.366948311762607
253.09684580857612 -6.360668115262466
253.0968378989186 -6.354387918755702
253.0968299946909 -6.348107722242316
253.0968220958925 -6.341827525722315
253.09681420252312 -6.335547329195701
253.09680631458232 -6.329267132662481
253.09679843206973 -6.322986936122657
253.09679055498503 -6.316706739576235
253.0967826833277 -6.310426543023216
253.09677481709747 -6.3041463464636065
253.0967669562939 -6.297866149897413
253.0967591009166 -6.2915859533246365
253.09675125096518 -6.285305756745281
253.09674340643926 -6.279025560159352
253.0967355673385 -6.272745363566854
253.0967277336625 -6.266465166967793
253.09671990541085 -6.260184970362166
253.09671208258314 -6.253904773749986
253.09670426517906 -6.247624577131253
253.0966886466401 -6.235064183874147
253.09667304979098 -6.22250379059088
253.09664969517885 -6.203663200617006
253.10323011752035 -6.448583061413507
253.10322205520512 -6.442302867691738
253.1032139983772 -6.43602267396316
253.10320594703632 -6.429742480227779
253.10319790118194 -6.423462286485597
253.1031898608138 -6.41718209273662
253.10318182593144 -6.410901898980851
253.1031737965345 -6.404621705218297
253.10316577262253 -6.398341511448959
253.10315775419514 -6.392061317672843
253.10314974125203 -6.385781123889954
253.10314173379265 -6.379500930100293
253.10312573532383 -6.366940542500684
253.10311774431358 -6.360660348690743
253.10310975878556 -6.354380154874048
253.10310177873944 -6.348099961050607
253.10309380417473 -6.3418197672204215
253.10308583509106 -6.335539573383496
253.10307787148807 -6.329259379539836
253.1030699133654 -6.322979185689444
253.1030619607226 -6.316698991832328
253.10305401355933 -6.310418797968491
253.10304607187516 -6.3041386040979335
253.10303813566972 -6.297858410220663
253.10303020494257 -6.291578216336686
253.10302227969342 -6.2852980224460016
253.1030143599218 -6.279017828548619
253.1030064456274 -6.272737634644539
253.10299853680968 -6.266457440733768
253.10299063346844 -6.260177246816308
253.10298273560312 -6.2538970528921665
253.10297484321347 -6.247616858961345
253.10296695629907 -6.24133666502385
253.10295119889435 -6.228776277128854
253.1029433284033 -6.222496083171361
253.10293546338596 -6.21621588920721
253.10948684843356 -6.436014800646679
253.10947872059705 -6.429734609628602
253.10947059829925 -6.423454418603596
253.10946248153974 -6.417174227571665
253.10945437031816 -6.410894036532812
253.10944626463407 -6.404613845487043
253.10943816448713 -6.398333654434361
253.10943006987685 -6.392053463374774
253.10942198080292 -6.385773272308282
253.10939774679505 -6.366932699067432
253.10938967986243 -6.360652507973371
253.1093816184641 -6.35437231687243
253.1093735625997 -6.3480921257646115
253.10936551226888 -6.341811934649921
253.10935746747117 -6.335531743528362
253.1093494282062 -6.32925155239994
253.1093413944736 -6.322971361264659
253.109333366273 -6.316691170122524
253.1093253436039 -6.310410978973538
253.10931732646597 -6.304130787817704
253.10930931485885 -6.2978505966550316
253.10930130878214 -6.291570405485521
253.1092933082354 -6.285290214309177
253.10928531321827 -6.279010023126006
253.10927732373028 -6.272729831936011
253.10926933977115 -6.266449640739195
253.10926136134046 -6.260169449535565
253.1092533884378 -6.253889258325123
253.10924542106278 -6.247609067107876
253.109237459215 -6.241328875883827
253.1092295028941 -6.2350486846529805
253.10922155209965 -6.228768493415341
253.1092136068313 -6.222488302170912
253.10920566708864 -6.2162081109197
253.10919773287128 -6.209927919661705
253.10918980417884 -6.2036477283969385
253.11575149396523 -6.429726664601295
253.11574329522415 -6.423446476319159
253.1157351020735 -6.417166288029967
253.1157187325419 -6.404605911430432
253.1157105561601 -6.398325723120099
253.11570238536717 -6.392045534802726
253.11567790651728 -6.373204969808426
253.11566975807563 -6.366924781462946
253.1156616152208 -6.36064459311045
253.1156534779524 -6.3543644047509416
253.11564534627 -6.348084216384429
253.11563722017323 -6.3418040280109125
253.11562909966167 -6.335523839630398
253.1156209847349 -6.32924365124289
253.1156128753926 -6.322963462848395
253.11560477163428 -6.316683274446914
253.11559667345963 -6.310403086038454
253.1155885808682 -6.304122897623016
253.1155804938596 -6.29784270920061
253.11557241243338 -6.291562520771237
253.1155643365893 -6.285282332334901
253.1155562663268 -6.279002143891609
253.11554820164557 -6.272721955441363
253.1155401425452 -6.26644176698417
253.11553208902524 -6.260161578520031
253.11552404108537 -6.253881390048954
253.11551599872513 -6.247601201570941
253.11550796194422 -6.241321013085998
253.11549993074217 -6.23504082459413
253.11549190511863 -6.2287606360953385
253.11548388507316 -6.22248044758963
253.11547587060537 -6.21620025907701
253.1154678617149 -6.209920070557481
253.11545985840138 -6.203639882031048
253.11545186066434 -6.197359693497717
253.1154438685035 -6.19107950495749
253.11543588191833 -6.184799316410374
253.1219912002561 -6.40459790304856
253.1219417691638 -6.3669167896873216
253.121933550387 -6.360636604102074
253.12191712974845 -6.348076232910153
253.12190892788595 -6.34179604730349
253.1219007316607 -6.335515861689699
253.12189254107238 -6.329235676068783
253.12188435612055 -6.322955490440747
253.12187617680482 -6.316675304805595
253.12186800312472 -6.310395119163332
253.12185983507996 -6.304114933513966
253.12185167267006 -6.297834747857497
253.12184351589468 -6.29155456219393
253.12183536475337 -6.2852743765232715
253.12182721924572 -6.278994190845525
253.1218190793714 -6.272714005160696
253.12181094512994 -6.266433819468787
253.12180281652098 -6.260153633769805
253.12179469354408 -6.253873448063754
253.12178657619893 -6.2475932623506365
253.12177846448503 -6.241313076630459
253.12177035840202 -6.235032890903226
253.1217622579495 -6.228752705168941
253.12175416312712 -6.222472519427611
253.12174607393447 -6.216192333679238
253.1217379903711 -6.209912147923826
253.12172991243668 -6.203631962161384
253.12172184013073 -6.19735177639191
253.12171377345294 -6.191071590615415
253.12170571240284 -6.184791404831899
253.1216976569801 -6.178511219041369
253.12823869830135 -6.385749272073915
253.1282054853592 -6.36062854094834
253.12819719635115 -6.354348358148746
253.1281889130333 -6.348068175341883
253.12818063540527 -6.3417879925277525
253.1281723634666 -6.335507809706361
253.12816409721688 -6.329227626877713
253.12815583665568 -6.322947444041813
253.12814758178268 -6.316667261198666
253.12813933259744 -6.310387078348277
253.12813108909955 -6.304106895490648
253.12812285128857 -6.297826712625787
253.12811461916414 -6.291546529753698
253.1281063927258 -6.285266346874385
253.12809817197325 -6.2789861639878515
253.128089956906 -6.272705981094104
253.12808174752368 -6.266425798193146
253.12807354382588 -6.2601456152849835
253.1280653458122 -6.253865432369619
253.12805715348222 -6.247585249447059
253.1280489668356 -6.241305066517308
253.12804078587186 -6.23502488358037
253.12803261059065 -6.228744700636249
253.12802444099154 -6.222464517684951
253.12801627707418 -6.2161843347264805
253.1280081188381 -6.209904151760842
253.1279999662829 -6.20362396878804
253.1279918194083 -6.197343785808077
253.12798367821375 -6.191063602820962
253.12797554269895 -6.184783419826696
253.12796741286343 -6.178503236825287
253.1345109370767 -6.385741123499669
253.13450254922594 -6.379460943548218
253.1344774201356 -6.3606204036493486
253.1344690552581 -6.354340223668234
253.13446069612283 -6.348060043679716
253.13445234272942 -6.341779863683797
253.13444399507748 -6.335499683680485
253.13443565316658 -6.329219503669782
253.13442731699627 -6.322939323651695
253.13441898656623 -6.316659143626225
253.134410661876 -6.31037896359338
253.13440234292509 -6.304098783553165
253.13439402971326 -6.297818603505582
253.13438572223998 -6.29153842345064
253.1343774205049 -6.285258243388338
253.1343691245076 -6.278978063318687
253.13436083424764 -6.272697883241687
253.13435254972467 -6.2664177031573445
253.13434427093821 -6.260137523065663
253.13433599788794 -6.25385734296665
253.13432773057343 -6.247577162860306
253.1343194689942 -6.241296982746642
253.13431121314994 -6.235016802625657
253.1343029630402 -6.228736622497358
253.13429471866456 -6.222456442361749
253.13428648002267 -6.216176262218836
253.13427824711408 -6.209896082068623
253.13427001993844 -6.203615901911115
253.13426179849526 -6.197335721746316
253.1342535827842 -6.191055541574229
253.13424537280488 -6.184775361394864
253.13423716855678 -6.178495181208222
253.14078317565364 -6.385732900677523
253.14077471172521 -6.379452723570775
253.14076625359286 -6.373172546456468
253.14074935471444 -6.360612192205198
253.14074091396762 -6.354332015068245
253.14073247901518 -6.3480518379237525
253.14072404985657 -6.341771660771725
253.14071562649158 -6.335491483612169
253.1407072089197 -6.329211306445088
253.1406987971405 -6.322931129270487
253.14069039115358 -6.31665095208837
253.14068199095854 -6.310370774898744
253.140673596555 -6.304090597701612
253.14066520794242 -6.29781042049698
253.14065682512054 -6.291530243284853
253.14064844808885 -6.285250066065233
253.140640076847 -6.2789698888381285
253.14063171139458 -6.272689711603541
253.1406233517311 -6.26640953436148
253.14061499785626 -6.2601293571119445
253.1406066497696 -6.253849179854944
253.14059830747064 -6.247569002590481
253.14058997095907 -6.241288825318561
253.14058164023447 -6.235008648039187
253.1405733152964 -6.228728470752368
253.14056499614446 -6.222448293458105
253.14055668277825 -6.216168116156403
253.14054837519737 -6.209887938847269
253.14054007340138 -6.203607761530709
253.14053177738992 -6.197327584206722
253.14052348716254 -6.191047406875318
253.14051520271883 -6.1847672295365
253.14050692405846 -6.178487052190273
253.14705541403038 -6.385724603607581
253.1470468740245 -6.379444429371222
253.14703833986675 -6.373164255127166
253.1470212890939 -6.36060390661599
253.14701277247798 -6.35432373234888
253.1470042617085 -6.348043558074092
253.14699575678503 -6.341763383791637
253.14698725770717 -6.335483209501514
253.1469787644745 -6.329203035203731
253.14697027708658 -6.322922860898293
253.14696179554304 -6.316642686585204
253.14695331984336 -6.3103625122644695
253.14694484998728 -6.304082337936093
253.14693638597427 -6.297802163600081
253.14692792780394 -6.291521989256437
253.14691947547593 -6.285241814905168
253.1469110289897 -6.278961640546277
253.146902588345 -6.272681466179772
253.14689415354127 -6.2664012918056535
253.1468857245782 -6.260121117423928
253.14687730145528 -6.253840943034602
253.14686888417222 -6.247560768637678
253.14686047272846 -6.241280594233163
253.14685206712375 -6.235000419821061
253.14684366735756 -6.228720245401377
253.1468352734295 -6.222440070974116
253.14682688533915 -6.216159896539283
253.14681850308617 -6.209879722096882
253.1468101266701 -6.203599547646919
253.1468017560905 -6.197319373189399
253.146793391347 -6.191039198724326
253.14678503243923 -6.184759024251704
253.1467766793667 -6.178478849771541
253.15332765220512 -6.385716232289943
253.15331903612204 -6.379436060949657
253.1533104259391 -6.373155889601539
253.153301821656 -6.366875718245592
253.15329322327224 -6.360595546881823
253.1532846307874 -6.354315375510237
253.1532760442011 -6.348035204130837
253.15326746351292 -6.341755032743631
253.15325888872243 -6.335474861348622
253.15325031982914 -6.329194689945814
253.15324175683273 -6.322914518535212
253.15323319973274 -6.316634347116826
253.15322464852875 -6.310354175690654
253.15321610322033 -6.304074004256707
253.15320756380703 -6.297793832814985
253.15319903028848 -6.291513661365497
253.1531905026643 -6.285233489908245
253.15317346509713 -6.272673146970474
253.15316495515336 -6.266392975489965
253.1531564511023 -6.2601128040017135
253.15314795294339 -6.253832632505724
253.15313946067633 -6.247552461002001
253.15313097430064 -6.24127228949055
253.15312249381597 -6.234992117971378
253.15311401922187 -6.228711946444488
253.1531055505179 -6.222431774909885
253.15309708770366 -6.216151603367573
253.15308863077877 -6.209871431817559
253.1530801797428 -6.203591260259849
253.1530717345953 -6.197311088694445
253.15306329533587 -6.191030917121353
253.15305486196416 -6.184750745540577
253.1530464344797 -6.178470573952126
253.15303801288204 -6.172190402356
253.15959119801596 -6.379427618306187
253.15958251180808 -6.37314744987969
253.1595738315521 -6.366867281445228
253.15956515724756 -6.360587113002802
253.1595564888941 -6.354306944552421
253.1595478264912 -6.348026776094089
253.15953917003847 -6.341746607627811
253.1595305195355 -6.335466439153591
253.15952187498192 -6.3291862706714355
253.1595132363772 -6.322906102181349
253.159504603721 -6.316625933683337
253.1594959770128 -6.310345765177403
253.15948735625227 -6.304065596663554
253.1594787414389 -6.297785428141796
253.15947013257235 -6.29150525961213
253.1594615296522 -6.285225091074565
253.15945293267797 -6.278944922529105
253.15944434164925 -6.2726647539757545
253.15942717742675 -6.260104416845402
253.1594186042321 -6.253824248268411
253.15941003698123 -6.247544079683551
253.1594014756738 -6.241263911090825
253.1593929203094 -6.23498374249024
253.15938437088758 -6.2287035738818
253.15937582740796 -6.222423405265512
253.15936728987 -6.216143236641377
253.15935875827344 -6.209863068009405
253.15935023261773 -6.2035828993695965
253.15934171290255 -6.197302730721961
253.15933319912747 -6.1910225620665
253.15932469129197 -6.18474239340322
253.15931618939578 -6.178462224732127
253.1593076934384 -6.172182056053225
253.15929920341947 -6.165901887366518
253.1658545974719 -6.373138935961723
253.16584584124323 -6.366858770474428
253.1658370910182 -6.36057860497903
253.1658283467962 -6.354298439475537
253.16581960857695 -6.348018273963952
253.16581087635996 -6.34173810844428
253.16580215014474 -6.335457942916529
253.165793429931 -6.329177777380702
253.1657847157182 -6.3228976118368045
253.1657760075059 -6.316617446284842
253.16576730529377 -6.310337280724818
253.16575860908137 -6.30405711515674
253.16574991886813 -6.297776949580614
253.1657412346538 -6.2914967839964415
253.1657325564379 -6.28521661840423
253.16572388421994 -6.278936452803985
253.16571521799955 -6.272656287195712
253.1657065577763 -6.266376121579413
253.16569790354978 -6.260095955955098
253.16568925531956 -6.253815790322768
253.1656806130852 -6.24753562468243
253.16567197684623 -6.241255459034089
253.1656633466023 -6.23497529337775
253.16565472235297 -6.228695127713419
253.16564610409785 -6.2224149620411
253.16563749183646 -6.216134796360799
253.16562888556834 -6.2098546306725195
253.16562028529322 -6.203574464976269
253.16561169101053 -6.197294299272052
253.16560310271993 -6.1910141335598725
253.16559452042094 -6.184733967839737
253.16558594411322 -6.178453802111649
253.16557737379625 -6.172173636375616
253.16556880946976 -6.165893470631642
253.17210902458223 -6.360570022810609
253.17210020449204 -6.3542898602796845
253.1720913904566 -6.348009697740527
253.1720825824755 -6.341729535193143
253.1720737805483 -6.335449372637537
253.1720649846746 -6.329169210073713
253.17205619485387 -6.322889047501681
253.17204741108583 -6.3166088849214415
253.17203863336997 -6.3103287223330025
253.17202986170582 -6.304048559736369
253.172021096093 -6.297768397131544
253.17201233653108 -6.2914882345185354
253.17200358301957 -6.285208071897347
253.17199483555814 -6.278927909267983
253.1719860941463 -6.272647746630453
253.17197735878364 -6.266367583984758
253.17196862946972 -6.260087421330905
253.1719599062041 -6.253807258668897
253.1719511889864 -6.247527095998742
253.17194247781612 -6.241246933320445
253.1719337726929 -6.234966770634013
253.17192507361628 -6.228686607939445
253.17191638058586 -6.222406445236753
253.17190769360118 -6.216126282525939
253.17189901266184 -6.209846119807008
253.1718903377674 -6.203565957079967
253.17188166891742 -6.197285794344819
253.17187300611153 -6.191005631601571
253.1718643493493 -6.184725468850229
253.17185569863022 -6.1784453060907945
253.171847053954 -6.172165143323278
253.1783365392109 -6.32916056875058
253.1783276737826 -6.322880409176086
253.17831881445892 -6.316600249593245
253.17830996123948 -6.310320090002063
253.1783011141239 -6.304039930402543
253.17829227311162 -6.297759770794691
253.17828343820236 -6.291479611178515
253.17827460939552 -6.285199451554017
253.17826578669082 -6.278919291921202
253.17825697008774 -6.272639132280078
253.17824815958585 -6.266358972630652
253.17823935518476 -6.260078812972924
253.178230556884 -6.2537986533069025
253.17822176468314 -6.247518493632592
253.1782129785818 -6.241238333949999
253.1782041985795 -6.234958174259129
253.1781954246758 -6.228678014559985
253.17818665687028 -6.2223978548525745
253.1781778951625 -6.216117695136902
253.17816913955215 -6.209837535412974
253.1781603900386 -6.203557375680793
253.1781516466216 -6.1972772159403675
253.17814290930065 -6.1909970561917005
253.17813417807525 -6.184716896434799
253.1781254529451 -6.178436736669668
253.17811673390975 -6.172156576896313
253.1780993141215 -6.159596257324951
253.18457236633378 -6.304031227155369
253.1845634499223 -6.297751070570161
253.18455453966584 -6.291470913976485
253.18454563556395 -6.2851907573743455
253.18453673761618 -6.278910600763748
253.18452784582203 -6.272630444144698
253.18451896018118 -6.266350287517201
253.18451008069312 -6.260070130881264
253.18450120735739 -6.25378997423689
253.18449234017362 -6.247509817584086
253.18448347914136 -6.241229660922856
253.1844746242602 -6.234949504253206
253.18446577552965 -6.228669347575142
253.1844569329493 -6.222389190888671
253.1844480965187 -6.216109034193794
253.18443926623746 -6.209828877490521
253.18443044210514 -6.203548720778854
253.18442162412123 -6.197268564058802
253.1844128122854 -6.190988407330367
253.18440400659716 -6.184708250593555
253.18439520705613 -6.178428093848374
253.1843864136618 -6.172147937094827
253.1843776264138 -6.165867780332921
253.18436884531175 -6.159587623562659
253.1843600703551 -6.1533074667840495
253.19081666152306 -6.285181989358441
253.19080768833243 -6.278901835795727
253.19079872134748 -6.2726216822244165
253.19078976056784 -6.266341528644515
253.19078080599303 -6.26006137505603
253.19077185762262 -6.253781221458966
253.19075397949322 -6.24122091423912
253.19074504973338 -6.23494076061635
253.19073612617615 -6.228660606985024
253.1907272088212 -6.222380453345147
253.19071829766798 -6.2161002996967225
253.19070939271606 -6.209820146039756
253.19070049396512 -6.203539992374257
253.19069160141458 -6.197259838700227
253.19068271506407 -6.190979685017673
253.19067383491324 -6.184699531326603
253.1906649609615 -6.178419377627018
253.1906560932085 -6.172139223918927
253.1906472316538 -6.165859070202332
253.19063837629693 -6.159578916477243
253.19701547499722 -6.234931943348669
253.19700647661358 -6.228651792789736
253.1969974844842 -6.222371642222109
253.19698849860856 -6.216091491645791
253.1969795189863 -6.209811341060789
253.1969705456169 -6.203531190467108
253.19696157849995 -6.197251039864753
253.196952617635 -6.190970889253731
253.1969436630217 -6.184690738634047
253.19692577254804 -6.172130437368717
253.19691683668682 -6.165850286723082
253.19690790707546 -6.159570136068807
253.2032586993387 -6.21608261004111
