# successful candidates for region at (14.11987973431297, 42.754875232999495) and radius 1.0
14.084756604606126 42.93844818568246
14.093355000608508 42.93215614888044
14.093352292394394 42.93845048665588
14.093349583413085 42.944744824431204
14.10195347119428 42.919569131967044
14.101951641559406 42.92586346997762
14.10194981140634 42.932157807988155
14.101947980734877 42.93845214599864
14.110546528025006 42.919570149246695
14.11054557543605 42.925864487401356
14.110544622577297 42.932158825556016
14.110543669448644 42.93845316371066
14.110542716049988 42.94474750186528
14.110541762381217 42.95104184001989
14.11054080844223 42.95733617817448
14.119139585049831 42.91957052516816
14.119139509506873 42.92586486337608
14.119139433942516 42.93215920158399
14.119139358356758 42.9384535397919
14.119139282749588 42.9447478779998
14.119139207120995 42.95104221620771
14.119139131470975 42.95733655441562
14.127732642090049 42.91957025973143
14.127733443593096 42.92586459790174
14.127734245323143 42.93215893607205
14.127735047280284 42.93845327424234
14.127735849464607 42.94474761241263
14.136324020893188 42.91327501489457
14.136327377515933 42.925863690978375
14.136329056540315 42.93215802902022
14.136330736040287 42.938452367062
14.144913646482564 42.90697912913789
14.153522112353986 42.93844862780917
14.153525547912068 42.944742965321126
14.162113487422529 42.93215145862587
14.162117799549815 42.93844579573684
14.162122112898656 42.944740132847535
14.170661655237334 42.87549895582611
14.170666831700961 42.881793292448776
14.170708296197304 42.93214798541512
14.170713485866381 42.93844232203404
14.170718677005606 42.94473665865256
14.179254628024909 42.88178918235657
14.17926068150961 42.8880835183971
14.179278852246592 42.90696652651528
14.179290974647017 42.919555198591254
14.17930310391433 42.93214387066495
14.179309171124752 42.938438206700944
14.179315240053914 42.944732542736375
14.179321310702491 42.95102687877124
14.179327383071156 42.95732121480553
14.187870151047724 42.9069617729194
14.187877087937332 42.91325610828454
14.187884026791194 42.91955044364895
14.187890967610077 42.925844779012614
14.187897910394755 42.93213911437553
14.187904855145991 42.938433449737715
14.187911801864564 42.944727785099154
14.18791875055124 42.95102212045983
14.196406816256854 42.862896035912705
14.196445828196842 42.89436770894245
14.196453637210958 42.90066204354557
14.196461448435796 42.906956378147754
14.196469261872226 42.913250712749004
14.19647707752111 42.9195450473493
14.196484895383318 42.92583938194867
14.196492715459714 42.932133716547085
14.196500537751168 42.93842805114456
14.196508362258548 42.944722385741095
14.196516188982724 42.951016720336675
14.205000655956727 42.86918433969689
14.205009331195564 42.875478673450424
14.205018008889285 42.88177300720279
14.20503537164523 42.89436167470404
14.205044056709378 42.90065600845292
14.205052744232255 42.90695034220062
14.205061434214828 42.913244675947176
14.20507012665806 42.919539009692556
14.205078821562914 42.92583334343677
14.205087518930355 42.93212767717983
14.205096218761348 42.93842201092171
14.20510492105686 42.944716344662424
14.205113625817852 42.951010678401985
14.205122333045294 42.95730501214036
14.205174628259593 42.99507101454612
14.213577148321862 42.86288333543135
14.21358669591747 42.869177668242266
14.213596246214523 42.87547200105179
14.213605799214085 42.8817663338599
14.21361535491721 42.8880606666666
14.213624913324955 42.8943549994719
14.21363447443838 42.90064933227578
14.213644038258547 42.90694366507826
14.213653604786511 42.913237997879314
14.213663174023338 42.91953233067897
14.213672745970088 42.92582666347721
14.21368232062782 42.93212099627402
14.213701478080482 42.944709661863435
14.213711060877543 42.95100399465602
14.213720646389836 42.957298327447184
14.213749419228787 42.97618132581219
14.213759015612679 42.982475658597686
14.213768614717136 42.988769991381766
14.213787821092012 43.001358656945676
14.21379742836457 43.0076529897255
14.222151892071311 42.85658169260219
14.222162311528972 42.862876024380405
14.22217273393445 42.86917035615694
14.222183159288896 42.8754646879318
14.222193587593472 42.881759019705
14.222204018849324 42.88805335147651
14.222214453057612 42.89434768324633
14.22222489021949 42.900642015014476
14.222235330336115 42.90693634678094
14.222245773408648 42.91323067854572
14.22225621943824 42.919525010308824
14.222266668426053 42.92581934207025
14.222277120373247 42.93211367382998
14.22228757528098 42.93840800558802
14.222298033150413 42.94470233734439
14.222308493982707 42.95099666909907
14.222318957779022 42.95729100085206
14.222329424540522 42.96358533260337
14.22233989426837 42.96987966435298
14.222350366963726 42.97617399610092
14.222360842627758 42.98246832784716
14.222371321261628 42.9887626595917
14.222381802866504 42.995056991334565
14.222392287443549 43.00135132307574
14.222402774993931 43.007645654815214
14.230713600138234 42.8439850808233
14.230724887770702 42.850279411480734
14.230736178595913 42.85657374213621
14.230747472615118 42.8628680727897
14.230758769829565 42.869162403441244
14.230770070240506 42.8754567340908
14.230781373849192 42.88175106473838
14.230792680656872 42.888045395384
14.230803990664802 42.89433972602763
14.23081530387423 42.900634056669304
14.230826620286413 42.90692838730898
14.230837939902605 42.9132227179467
14.23084926272406 42.91951704858244
14.230860588752035 42.925811379216206
14.230871917987786 42.93210570984799
14.23088325043257 42.93840004047779
14.230894586087642 42.94469437110562
14.230905924954264 42.95098870173146
14.230917267033693 42.957283032355335
14.230939960836011 42.96987169359709
14.230951312561425 42.97616602421501
14.230962667504688 42.982460354830934
14.230974025667063 42.98875468544489
14.230985387049813 42.99504901605683
14.231121975292846 43.0705809832451
14.239283977725725 42.83768216289315
14.23929613598557 42.843976492338186
14.23930829768405 42.85027082178094
14.239320462822503 42.85656515122142
14.239332631402277 42.86285948065959
14.239344803424721 42.869153810095476
14.239356978891179 42.875448139529084
14.239369157802997 42.881742468960404
14.239381340161529 42.88803679838943
14.239393525968119 42.89433112781615
14.239405715224121 42.90062545724061
14.239417907930882 42.906919786662755
14.239430104089756 42.9132141160826
14.239442303702095 42.91950844550017
14.23945450676925 42.92580277491545
14.239466713292575 42.932097104328406
14.239478923273428 42.938391433739085
14.23949113671316 42.944685763147454
14.239503353613125 42.950980092553536
14.239515573974685 42.957274421957315
14.239527797799193 42.96356875135877
14.239540025088012 42.969863080757946
14.239552255842492 42.97615741015482
14.239564490064001 42.98245173954938
14.239576727753896 42.988746068941644
14.239748420356383 43.07686668019074
14.247852608888028 42.83137860730287
14.247865637281377 42.837672935445624
14.247878669359052 42.84396726358577
14.247891705122491 42.85026159172328
14.247904744573137 42.85655591985817
14.247917787712431 42.86285024799042
14.247930834541817 42.86914457612006
14.247943885062739 42.875438904247055
14.247956939276643 42.88173323237143
14.247969997184969 42.88802756049318
14.247983058789169 42.89432188861228
14.247996124090688 42.90061621672876
14.248009193090972 42.906910544842596
14.248022265791473 42.91320487295381
14.248035342193637 42.91949920106238
14.248048422298918 42.925793529168324
14.248061506108762 42.93208785727161
14.248074593624624 42.93838218537227
14.248087684847954 42.944676513470284
14.24811387842284 42.95726516965839
14.248126980777302 42.96355949774847
14.24814008684505 42.96985382583592
14.248153196627545 42.976148153920704
14.248166310126237 42.98244248200286
14.248179427342588 42.988736810082365
14.256433392223487 42.83136874107402
14.256447294186502 42.837663067821715
14.25646120008088 42.84395739456643
14.256475109908155 42.85025172130815
14.256489023669866 42.85654604804688
14.256502941367554 42.86284037478262
14.256516863002757 42.869134701515364
14.256530788577015 42.875429028245115
14.256544718091872 42.88172335497187
14.256558651548868 42.888017681695636
14.256572588949547 42.89431200841641
14.256586530295454 42.900606335134164
14.256600475588133 42.90690066184893
14.256614424829127 42.913194988560704
14.256628378019988 42.91948931526948
14.256642335162258 42.925783641975244
14.25665629625749 42.932077968677994
14.256670261307228 42.93837229537775
14.256684230313025 42.94466662207449
14.256698203276432 42.95096094876824
14.256712180198997 42.95725527545896
14.256726161082277 42.9635496021467
14.256740145927822 42.9698439288314
14.256754134737188 42.97613825551309
14.256768127511927 42.98243258219178
14.256782124253597 42.98872690886744
14.264984634197592 42.81876958422538
14.264999401377178 42.82506390949423
14.265014172731897 42.831358234759726
14.265028948263378 42.83765256002186
14.265043727973259 42.8439468852806
14.265058511863169 42.85024121053597
14.265073299934745 42.85653553578797
14.265088092189623 42.86282986103659
14.26510288862944 42.86912418628182
14.265117689255835 42.87541851152367
14.265132494070441 42.88171283676215
14.265147303074903 42.88800716199724
14.265162116270854 42.89430148722895
14.265176933659944 42.90059581245726
14.265191755243809 42.90689013768219
14.265206581024092 42.91318446290373
14.265221411002441 42.919478788121864
14.265236245180494 42.925773113336625
14.265251083559901 42.93206743854798
14.265265926142307 42.938361763755964
14.265280772929362 42.944656088960535
14.265295623922707 42.9509504141617
14.265310479124 42.95724473935947
14.265325338534883 42.963539064553856
14.265340202157011 42.96983338974482
14.265369942041607 42.98242204011656
14.26538481830738 42.98871636529733
14.273579305560643 42.82505276467061
14.273594950235614 42.83134708836044
14.273610599334289 42.83764141204647
14.273626252858394 42.843935735728735
14.273641910809664 42.8502300594072
14.27365757318983 42.85652438308189
14.273673240000623 42.86281870675279
14.273688911243775 42.86911303041988
14.273704586921024 42.8754073540832
14.2737202670341 42.88170167774271
14.273735951584746 42.88799600139844
14.273751640574693 42.894290325050356
14.273767334005683 42.90058464869848
14.273783031879452 42.9068789723428
14.273798734197742 42.91317329598332
14.273814440962292 42.919467619620036
14.273830152174845 42.925761943252944
14.273845867837144 42.93205626688204
14.273861587950934 42.93835059050735
14.273893041539958 42.95093923774651
14.273908775018686 42.957233561360376
14.273924512955885 42.963527884970425
14.27394025535331 42.96982220857665
14.273956002212701 42.97611653217907
14.273971753535815 42.982410855777665
14.273987509324403 42.98870517937245
14.274145313197181 43.051648415109725
14.274161118221812 43.057942738662376
14.282159206563119 42.82504097985294
14.282175724556994 42.83133530187662
14.28219224722151 42.837629623896085
14.282208774558493 42.843923945911314
14.28222530656977 42.85021826792234
14.282241843257173 42.85651258992913
14.282258384622526 42.8628069119317
14.282274930667661 42.869101233930046
14.28229148139441 42.87539555592416
14.282308036804604 42.881689877914056
14.282324596900077 42.887984199899705
14.28234116168266 42.89427852188113
14.282357731154194 42.90057284385831
14.28237430531651 42.90686716583126
14.282390884171448 42.913161487799975
14.282407467720843 42.91945580976445
14.282424055966533 42.925750131724676
14.282440648910365 42.93204445368066
14.282457246554175 42.9383387756324
14.282490455949096 42.95092741952314
14.282507067703897 42.957221741462135
14.28252368416605 42.963516063396874
14.2825403053374 42.96981038532737
14.282556931219798 42.976104707253604
14.282740127384372 43.045342248160814
14.290739104207042 42.82502855504175
14.290756495518393 42.83132287530879
14.290773891747326 42.83761719557116
14.29079129289576 42.84391151582886
14.29080869896562 42.85020583608186
14.290826109958829 42.85650015633019
14.290843525877314 42.86279447657384
14.290860946723004 42.8690887968128
14.290878372497822 42.875383117047086
14.290895803203703 42.881677437276664
14.290913238842572 42.88797175750157
14.290930679416363 42.89426607772176
14.290948124927006 42.90056039793727
14.290965575376434 42.90685471814809
14.290983030766585 42.91314903835421
14.291000491099387 42.91944335855561
14.291017956376784 42.92573767875233
14.29103542660071 42.93203199894433
14.2910529017731 42.93832631913164
14.291070381895898 42.94462063931423
14.291087866971043 42.95091495949211
14.291105357000477 42.957209279665285
14.29112285198614 42.963503599833736
14.291350738702524 43.045329761593884
14.29136830327997 43.051624081696154
14.291385872842909 43.057918401793685
14.299300738850004 42.818721171812456
14.29931899831484 42.82501549023756
14.29933726294217 42.83130980865749
14.299355532734019 42.83760412707227
14.299373807692401 42.84389844548188
14.29939208781934 42.85019276388634
14.299410373116855 42.85648708228562
14.29942866358697 42.86278140067974
14.299446959231709 42.869075719068704
14.299465260053093 42.875370037452484
14.299483566053151 42.8816643558311
14.29950187723391 42.88795867420454
14.299520193597399 42.89425299257282
14.299538515145644 42.9005473109359
14.299556841880676 42.906841629293815
14.299575173804525 42.913135947646545
14.299593510919228 42.91943026599409
14.299611853226816 42.92572458433644
14.299630200729322 42.932018902673605
14.299666911327236 42.94460753933236
14.299685274426718 42.95090185765395
14.307898888708948 42.82500178544093
14.307918026650684 42.83129610192327
14.307937170003873 42.83759041839994
14.307956318770627 42.843884734870954
14.307975472953066 42.850179051336305
14.307994632553308 42.85647336779598
14.308013797573475 42.862767684249974
14.308032968015679 42.8690620006983
14.30805214388205 42.875356317140955
14.308071325174705 42.881650633577934
14.30809051189577 42.88794495000923
14.30810970404737 42.89423926643484
14.308128901631633 42.90053358285477
14.308148104650684 42.906827899269004
14.308167313106651 42.91312221567756
14.308186527001665 42.91941653208041
14.30826343701481 42.944593797634894
14.30828267813704 42.95088811400925
14.308398239434059 42.98865401213554
14.316478775211804 42.82498744065248
14.316498786466292 42.83128175510672
14.316518803379168 42.8375760695548
14.316538825952644 42.84387038399668
14.316558854188932 42.85016469843236
14.316578888090246 42.85645901286184
14.316598927658806 42.86275332728511
14.316618972896823 42.869047641702196
14.31663902380652 42.875341956113076
14.316659080390115 42.88163627051773
14.31667914264983 42.887930584916184
14.316699210587885 42.894224899308426
14.316719284206505 42.90051921369444
14.316739363507912 42.90681352807425
14.316759448494333 42.91310784244785
14.316779539167994 42.91940215681521
14.316900202766858 42.95716804288856
14.317000912574176 42.98863961444475
14.325079542211354 42.83126676820849
14.325100432682191 42.837561080537455
14.325121329060659 42.843855392859666
14.325142231349068 42.850149705175134
14.325163139549726 42.856444017483845
14.325184053664948 42.862738329785806
14.325204973697048 42.86903264208101
14.32522589964834 42.875326954369456
14.325246831521142 42.88162126665114
14.325267769317769 42.887915578926055
14.325288713040544 42.8942098911942
14.325309662691787 42.90050420345558
14.32533061827381 42.90679851571019
14.32537254723952 42.91938714019908
14.325582548706226 42.98233026223623
14.325603581600301 42.98862457440254
14.325624620457793 42.99491888656205
14.325645665281046 43.00121319871473
14.333660293708233 42.8312511412292
14.333703827916885 42.843839761460565
14.333725604255608 42.85013407156527
14.333747386753805 42.85642838166263
14.333769175413886 42.86272269175267
14.333790970238258 42.86901700183538
14.33381277122934 42.87531131191075
14.333834578389537 42.88160562197878
14.33385639172127 42.887899932039474
14.333878211226953 42.894194242092816
14.333900036909002 42.90048855213881
14.333921868769838 42.90678286217746
14.333943706811876 42.913077172208745
14.333965551037542 42.919371482232684
14.334206246332897 42.98860889200956
14.334228164951389 42.994903201944986
14.334250089785103 43.001197511873
14.334272020836474 43.00749182179363
14.33429395810794 43.01378613170685
14.33431590160195 43.02008044161267
14.34221840959719 42.82494056634238
14.342241040779284 42.831234874169525
14.342263678360561 42.83752918198876
14.34228632234353 42.84382348980005
14.342308972730688 42.85011779760343
14.3423542927276 42.8627064131864
14.342376962342366 42.869000720965985
14.34239963837135 42.87529502873763
14.342422320817063 42.88158933650135
14.342445009682013 42.88788364425712
14.342467704968719 42.894177952004945
14.34249040667969 42.90047225974481
14.342513114817445 42.90676656747673
14.342535829384495 42.9130608752007
14.34278611467698 42.98229825963825
14.34280890659243 42.988592567266494
14.342831704970022 42.994886874886724
14.34285450981229 43.001181182498975
14.342877321121772 43.007475490103204
14.34292296315254 43.02006410528764
14.350821783246872 42.83121796703018
14.35084529438048 42.83751227245877
14.350868812162803 42.84380657787882
14.350962949831278 42.868983799473554
14.350986500896207 42.87527810485083
14.351010058625473 42.881572410219555
14.35103362302168 42.887866715579705
14.351057194087444 42.89416102093128
14.351080771825377 42.90045532627429
14.351104356238084 42.90674963160872
14.351127947328182 42.913043936934564
14.35136422606182 42.97598698972025
14.351387890776158 42.982281294951456
14.351411562199363 42.98857560017405
14.351435240334073 42.99486990538802
14.359573358625743 42.87526054025104
14.359597791636524 42.88155484313411
14.359622231561953 42.887849146007945
14.35964667840474 42.894143448872576
14.359989662045257 42.98226368800709
14.368134910251154 42.86894803462242
14.368160211381793 42.87524233493905
14.368185519671979 42.88153663524579
14.36821083512452 42.88783093554263
14.368236157742214 42.894125235829584
14.376747058986194 42.87522348891562
14.385306850073176 42.86890970728822
14.396152137050777 43.372432907897
14.396180705364227 43.37872719896381
14.404838348835158 43.37870619324237
14.404867820700503 43.38500048129541
14.41106471806871 42.86884741164569
