# successful candidates for region at (294.9669056795995, -33.96589521466573) and radius 1.0
293.9638085096726 -33.69297945933065
293.971259388259 -33.69932052459347
293.9939038698331 -33.69322014964215
294.11284598449816 -33.83855744830147
294.1287820706869 -33.750735731264236
294.1288435673939 -33.74445537680417
294.1289050483827 -33.73817502226816
294.1289665136581 -33.73189466765623
294.1291508152536 -33.71305360336521
294.12933497560624 -33.69421253839188
294.1293963310261 -33.68793218324925
294.12945767077196 -33.681651828030944
294.12951899484875 -33.67537147273694
294.1362501163616 -33.75706693050602
294.1363110763173 -33.75078656962813
294.1363720206911 -33.744506208675624
294.13643294948764 -33.73822584764853
294.136493862712 -33.73194548654688
294.136554760369 -33.725665125370696
294.1366156424635 -33.71938476412
294.13667650900044 -33.71310440279482
294.1367373599847 -33.706824041395194
294.136798195421 -33.700543679921125
294.13685901531437 -33.69426331837266
294.1369198196697 -33.68798295674982
294.13698060849174 -33.68170259505261
294.13704138178537 -33.67542223328108
294.14377968337396 -33.75711731658677
294.14384009085177 -33.750836949273655
294.14390048288874 -33.74455658188728
294.1439608594897 -33.73827621442767
294.14402122065957 -33.73199584689484
294.1440815664031 -33.725715479288816
294.1441418967252 -33.71943511160964
294.1442022116307 -33.713154743857324
294.14426251112445 -33.706874376031884
294.14432279521117 -33.700594008133365
294.1443830638958 -33.69431364016178
294.1444433171831 -33.688033272117174
294.1445035550779 -33.68175290399954
294.14456377758506 -33.675472535808915
294.1446239847094 -33.66919216754533
294.1514289539062 -33.74460649643773
294.1514887783082 -33.73832612260415
294.15154858742017 -33.73204574869869
294.15160838124694 -33.72576537472137
294.1516681597933 -33.71948500067222
294.15172792306396 -33.71320462655128
294.1517876710638 -33.70692425235855
294.15184740379755 -33.70064387809405
294.15190712127 -33.69436350375783
294.15196682348596 -33.6880831293499
294.15202651045024 -33.68180275487029
294.1520861821675 -33.675522380319016
294.15214583864264 -33.66924200569612
294.15220547988037 -33.66296163100161
294.1522651058854 -33.656681256235515
294.1523247166627 -33.65040088139786
294.15238431221684 -33.644120506488655
294.15244389255264 -33.637840131507964
294.15907596291333 -33.73209519195704
294.1591352048199 -33.725814811666964
294.15919443158714 -33.71953443130638
294.15925364321964 -33.713254050875314
294.15931283972225 -33.70697367037378
294.1593720210997 -33.700693289801805
294.1594311873567 -33.69441290915941
294.15949033849796 -33.68813252844664
294.1595494745283 -33.6818521476635
294.1596085954524 -33.67557176681001
294.1599630040307 -33.637889480213296
294.1600220193435 -33.63160909886809
294.1600810195878 -33.62532871745276
294.1601400047684 -33.61904833596728
294.16019897488997 -33.612767954411716
294.1667207120263 -33.71958340351072
294.16677937201734 -33.713303016828036
294.1668380170194 -33.70702263007619
294.1668966470372 -33.700742243255235
294.1669552620754 -33.69446185636515
294.1670138621387 -33.68818146940598
294.16707244723176 -33.68190108237776
294.16748212411113 -33.637938371248495
294.1675405896111 -33.63165798366865
294.1675990401831 -33.62537759601995
294.1676574758316 -33.619097208302435
294.1677158965614 -33.61281682051611
294.1677743023771 -33.60653643266102
294.16783269328334 -33.600256044737165
294.1743051093765 -33.713351524408075
294.17436320287476 -33.70707113146443
294.17442128152965 -33.70079073845296
294.17447934534573 -33.69451034537366
294.1745373943278 -33.68822995222658
294.17459542848036 -33.68194955901172
294.17471145231576 -33.66938877237882
294.17500125271374 -33.63798680461223
294.17505916839775 -33.63170641085607
294.17511706929406 -33.62542601703236
294.1751749554073 -33.61914562314111
294.175232826742 -33.612865229182354
294.1752906833029 -33.60658483515611
294.1754063521215 -33.59402404690124
294.18183085521656 -33.71339957361408
294.18188839720784 -33.70711917453714
294.1821184181937 -33.68199757756403
294.1821758867184 -33.67571717815454
294.1823482042341 -33.656875979527506
294.1825777556232 -33.63175438042901
294.1826351068406 -33.62547398048863
294.18269244341525 -33.61919358048199
294.18274976535173 -33.61291318040911
294.1828070726545 -33.60663278027001
294.18286436532827 -33.60035238006473
294.1900963512074 -33.63180189238612
294.1901531527427 -33.62552148638741
294.19020993977557 -33.6192410803237
294.1902667123106 -33.61296067419502
294.19032347035215 -33.60668026800139
294.19038021390486 -33.60039986174284
294.1975024082657 -33.64440977053217
294.19767120692035 -33.62556853472739
294.19772744440826 -33.619288122664955
294.19778366753854 -33.61300771053879
294.19783987631575 -33.606727298348915
294.19789607074426 -33.60044688609538
294.1979522508286 -33.59416647377819
294.205022120125 -33.64445637914069
294.20507785074363 -33.638175961325416
294.2051335671316 -33.63189554344759
294.20518926929327 -33.62561512550725
294.2052449572332 -33.6193347075044
294.2053006309558 -33.61305428943908
294.2053562904654 -33.6067738713113
294.2054119357665 -33.60049345312106
294.2124314365277 -33.65706337723075
294.2124866453679 -33.650782953652424
294.212541840109 -33.64450253001272
294.21259702075537 -33.638222106311694
294.21265218731145 -33.631941682549346
294.2127073397816 -33.62566125872569
294.21276247817036 -33.619380834840776
294.212817602482 -33.61310041089461
294.21287271272104 -33.6068199868872
294.2129278088917 -33.600539562818575
294.21298289099855 -33.59425913868877
294.2198975923815 -33.663389511371435
294.21995226492834 -33.65710908202345
294.2200069235122 -33.65082865261528
294.22006156813745 -33.644548223146984
294.22011619880846 -33.63826779361857
294.2201708155296 -33.63198736403005
294.22022541830523 -33.62570693438144
294.2202800071397 -33.61942650467278
294.2203345820374 -33.61314607490408
294.2203891430027 -33.606865645075366
294.2204436900399 -33.60058521518664
294.2204982231533 -33.59430478523795
294.2273648431788 -33.66971519914259
294.2274189791525 -33.66343476408094
294.22747310129944 -33.65715432896031
294.2275272096239 -33.65087389378073
294.2275813041303 -33.644593458542204
294.2276353848229 -33.63831302324476
294.227689451706 -33.63203258788843
294.22774350478403 -33.62575215247321
294.2277975440612 -33.61947171699915
294.22785156954194 -33.613191281466236
294.2279055812304 -33.60691084587451
294.22795957913104 -33.600630410223985
294.22801356324806 -33.59434997451469
294.22806753358594 -33.58806953874664
294.23494037381676 -33.66347955887497
294.23499394556075 -33.65719911804011
294.2350475036228 -33.65091867714748
294.2351010480073 -33.64463823619711
294.23515457871844 -33.63835779518902
294.2352080957606 -33.632077354123226
294.23526159913797 -33.62579691299974
294.2353150888548 -33.6195164718186
294.23536856491546 -33.613236030579806
294.2354220273242 -33.60695558928339
294.2354754760853 -33.60067514792936
294.2355289112029 -33.59439470651774
294.2355823326814 -33.58811426504857
294.2423026309895 -33.68236523488459
294.242461776294 -33.66352389575224
294.242514797632 -33.65724344926157
294.24256780542873 -33.6509630027143
294.24262079968827 -33.64468255611047
294.2426737804151 -33.63840210945009
294.2427267476132 -33.63212166273319
294.24277970128696 -33.62584121595979
294.2428326414405 -33.619560769129905
294.24288556807824 -33.61328032224353
294.2429384812042 -33.60699987530074
294.2429913808226 -33.60071942830149
294.2430442669379 -33.59443898124585
294.2499831865039 -33.663567774711545
294.25003565743305 -33.65728732262345
294.2500881149614 -33.65100687047994
294.25014055909315 -33.644726418281024
294.25019298983256 -33.63844596602674
294.25024540718374 -33.6321655137171
294.2502978111509 -33.62588506135212
294.25035020173823 -33.61960460893181
294.25040257894995 -33.6133241564562
294.25045494279016 -33.60704370392532
294.2505072932632 -33.600763251339174
294.25061195412405 -33.58820234600116
294.25745267058477 -33.669891653324484
294.2575046043664 -33.66361119575166
294.2575565248836 -33.65733073812454
294.2576603261417 -33.64476982270757
294.2577122068908 -33.638489364917746
294.25776407439207 -33.63220890707371
294.25781592864973 -33.62592844917549
294.25786776966794 -33.61964799122311
294.2579195974508 -33.61336753321659
294.2579714120024 -33.607087075155924
294.25802321332696 -33.60080661704117
294.26518010075375 -33.644812769388885
294.2652314315096 -33.63853230612188
294.2652827491582 -33.63225184280182
294.26533405370344 -33.62597137942873
294.2653853451495 -33.61969091600261
294.2654366235006 -33.61341045252348
294.272750663609 -33.63857478963797
294.2728014314019 -33.632294320900236
294.27285218623183 -33.6260138521106
294.27290292810306 -33.61973338326907
294.2731564432187 -33.58833103828365
294.28006890306585 -33.663738711344706
294.280370326155 -33.62605586721995
294.2804205184484 -33.61977539302135
294.2804706979274 -33.61349491877198
294.28057101845803 -33.600933970121055
294.28062115951764 -33.59465349571953
294.28067128777883 -33.58837302126731
294.28072140324554 -33.58209254676441
294.2877891499285 -33.638658383601246
294.28783881800166 -33.63237790420326
294.2878884733927 -33.626097424755585
294.2879381161056 -33.61981694525824
294.2879877461443 -33.61353646571125
294.28803736351284 -33.607255986114616
294.2880869682151 -33.600975506468366
294.2881365602551 -33.59469502677251
294.28818613963676 -33.58841454702709
294.28828526044094 -33.575853587387535
294.29530840398843 -33.638699494046115
294.2953575221975 -33.63241900940554
294.2954066278649 -33.62613852471636
294.2954557209945 -33.61985803997861
294.29550480159014 -33.61357755519231
294.2955538696559 -33.60729707035746
294.2956029251956 -33.60101658547409
294.29565196821324 -33.5947361005422
294.2957009987127 -33.588455615561834
294.29575001669775 -33.58217513053299
294.29584801514073 -33.56961416032993
294.29599491904577 -33.55077270466221
294.2960438620272 -33.54449221934285
294.3028276652083 -33.638740146798256
294.3028762335506 -33.632459656973445
294.30292478949156 -33.62617916710112
294.302973333035 -33.619898677181304
294.30302186418504 -33.61361818721402
294.30307038294524 -33.60733769719927
294.30311888931965 -33.60105720713707
294.30316738331214 -33.594776717027436
294.3032158649265 -33.588496226870404
294.3034096676806 -33.56337426576845
294.3034580874626 -33.557093775374604
294.3035064948897 -33.55081328493343
294.30355488996577 -33.54453279444497
294.3036032726947 -33.538252303909225
294.3103469335079 -33.638780341856545
294.3103949519807 -33.63249984690586
294.31044295819254 -33.62621935190874
294.3104909521473 -33.6199388568652
294.31053893384876 -33.613658361775244
294.3105869033008 -33.60737786663889
294.31063486050726 -33.60109737145617
294.31068280547186 -33.5948168762271
294.3107307381986 -33.588536380951666
294.3107786586911 -33.582255885629905
294.3108744629891 -33.56969489484747
294.31092234680216 -33.56341439938683
294.3110180777756 -33.55085340832676
294.31106592494365 -33.54457291272736
294.31111375990423 -33.538292417081756
294.3178187280822 -33.64510057919264
294.31786620880723 -33.63882007921985
294.3179136774078 -33.63253957920166
294.3179611338879 -33.62625907913809
294.3180085782512 -33.61997857902916
294.3180560105015 -33.61369807887486
294.3181034306426 -33.60741757867524
294.3181508386784 -33.60113707843029
294.3181982346125 -33.59485657814003
294.3182456184488 -33.58857607780449
294.318292990191 -33.582295577423686
294.318340349843 -33.576015076997614
294.3185769668811 -33.544612574188925
294.3251976962462 -33.663981378552755
294.3252446629301 -33.657700873702915
294.3252916176189 -33.65142036880869
294.3253385603163 -33.64513986387007
294.3254324097517 -33.632578853859755
294.32547931649736 -33.626298348788076
294.32552621126655 -33.62001784367207
294.3255730940631 -33.613737338511775
294.3256199648907 -33.607456833307175
294.3256668237531 -33.60117632805831
294.32571367065407 -33.594895822765174
294.3257605055974 -33.5886153174278
294.3258073285867 -33.58233481204619
294.32585413962573 -33.576054306620364
294.33271918621887 -33.66402022033629
294.3327656024634 -33.65773971053153
294.33281200685326 -33.6514592006834
294.33285839939225 -33.64517869079193
294.33290478008405 -33.638898180857126
294.3329511489324 -33.63261767087901
294.33299750594097 -33.62633716085759
294.3330438511134 -33.62005665079287
294.33309018445357 -33.61377614068488
294.333136505965 -33.60749563053363
294.33318281565147 -33.601215120339134
294.33327539956434 -33.58865409982048
294.340194805441 -33.67033911884689
294.3402406829611 -33.66405860418798
294.3402865487636 -33.65777808948671
294.340332402852 -33.65149757474311
294.34037824523006 -33.64521705995717
294.34042407590135 -33.63893654512892
294.34046989486967 -33.63265603025837
294.3405157021386 -33.62637551534555
294.3405614977118 -33.62009500039044
294.3406072815929 -33.61381448539309
294.3406530537856 -33.60753397035351
294.34074456312044 -33.59497294014766
294.34767152094213 -33.676657569061454
294.3477621863927 -33.664096530106775
294.34780750175054 -33.65781601056741
294.3478528055349 -33.6515354909867
294.3478980977494 -33.645254971364686
294.3479433783977 -33.63897445170138
294.3479886474834 -33.63269393199677
294.34803390501014 -33.62641341225088
294.34807915098145 -33.620132892463744
294.3481243854011 -33.613852372635364
294.3481696082725 -33.60757185276574
294.3482148195994 -33.601291332854906
294.3482600193854 -33.59501081290287
294.34830520763404 -33.58873029290964
294.35514933306797 -33.68297557080663
294.35519413229883 -33.67669504660866
294.3552836964332 -33.6641339980916
294.35532846134396 -33.65785347377255
294.3553732148217 -33.65157294941316
294.35541795687027 -33.645292425013444
294.355462687493 -33.63901190057343
294.35550740669356 -33.63273137609313
294.3555521144756 -33.62645085157255
294.35559681084254 -33.62017032701171
294.35564149579807 -33.61388980241061
294.35568616934563 -33.60760927776928
294.355730831489 -33.60132875308772
294.35577548223154 -33.59504822836596
294.3558201215769 -33.588767703604006
294.3558647495287 -33.58248717880188
294.3628052130026 -33.664171008141416
294.36284942746363 -33.65789047910109
294.3628936306324 -33.65160995002141
294.3629378225124 -33.6453294209024
294.362982003107 -33.63904889174406
294.3631144772149 -33.62020730403328
294.36320273692513 -33.60764624536308
294.36324684988233 -33.60136571596911
294.3633350420186 -33.588804657063505
294.3702393745333 -33.67676862754642
294.37032673602044 -33.6642075602552
294.3704140528866 -33.65164649281044
294.3704576945955 -33.64536595903051
294.38292562403046 -34.022270172647524
294.38296881242826 -34.015989631893135
294.38301198975887 -34.00970909110154
294.38545491640474 -33.65171820492672
294.38549745776436 -33.64543766200013
294.38553998826023 -33.63915711903709
294.3904787759061 -34.022305608301245
294.3905214057583 -34.016025063005266
294.3906492297846 -33.99718342689997
294.3924706256893 -33.727119940426654
294.39268111870336 -33.695717205143374
294.3929753575083 -33.65175337425199
294.3930173486897 -33.645472826839644
294.3930593291478 -33.639192279391786
294.3980319340446 -34.022340582665045
294.40008081194105 -33.714593602246794
294.4001638953482 -33.70203249922552
294.4002054211311 -33.695751947662856
294.40049580473453 -33.65178808575402
294.4005372457354 -33.645507533914305
294.4055435749688 -34.02865564990535
294.40558509836393 -34.02237509573793
294.40562661111795 -34.016094541536155
294.40752475249417 -33.727189011305974
294.40756576887554 -33.72090845550218
294.4077297296174 -33.69578623194905
294.4080162580033 -33.651822339431845
294.4131382687822 -34.02240914751894
294.41317922298344 -34.01612858895293
294.41517318742353 -33.708381178481645
294.4152136209182 -33.70210061825776
294.4153348594298 -33.683258937388985
294.4153752516202 -33.67697837703371
294.4154156334926 -33.670697816645614
294.4155367172343 -33.651856135284525
294.4208126011046 -34.00360104929617
294.42261881588826 -33.7209756836901
294.42269861055286 -33.70841455481794
294.4228580775889 -33.68329229668984
294.42289791888874 -33.677011732077936
294.4229377500114 -33.6707311674341
294.43038130156094 -33.68332519787155
294.43045987233864 -33.6707640602203
294.43740001567306 -33.76500508652881
294.4374388841139 -33.7587245139724
294.4378270225414 -33.69591878674218
294.43786578185455 -33.689638213852774
294.43790453126564 -33.683357640933146
294.4449687412282 -33.75875654795499
294.44527491455 -33.70851193370461
294.4453513601149 -33.69595077984792
294.44538956824937 -33.689670202875526
294.4454277666226 -33.68338962587376
294.4454659552376 -33.67710904884266
294.45287570326457 -33.695982314714826
294.4529133602182 -33.68970173371792
294.46803404171396 -33.67720224303655
294.4680705682919 -33.67092165408546
294.4681070855398 -33.66464106510753
294.47559272378385 -33.67095179883916
294.50510608549064 -33.77783812383384
294.5130706395503 -33.69621809694924
294.5655944072136 -33.727803519965384
294.5730060143058 -33.75295028759537
294.5730638153298 -33.74038901300814
294.5804786819999 -33.7655353401738
294.58050704822523 -33.75925469988479
294.5805354071989 -33.752974059579635
294.5805637589233 -33.74669341925833
294.58795353616756 -33.778119945824145
294.5879813638543 -33.77183930258747
294.5880926034757 -33.7467167294855
294.64084246979127 -33.73430573179815
294.6724809521283 -33.28845377140783
294.68743858681245 -33.294769275760316
294.68747905449436 -33.28220792117291
294.6949280691026 -33.29478600968996
294.70243670604304 -33.28852160759587
294.71745072050254 -33.27599142787595
294.7248860259875 -33.294848399977816
294.72492107125777 -33.28228702530031
294.72493858720276 -33.27600633795221
294.7306552022945 -33.92293174840887
294.7323755217473 -33.294862861189934
294.7323925042997 -33.288582172018224
294.732426456437 -33.276020793657224
294.73819963650845 -33.92294593479607
294.7382165019034 -33.91666524440498
294.73986501996546 -33.29487686785729
294.7398814602038 -33.288596176907205
294.7398978962571 -33.282315485951635
294.7399143281268 -33.276034794990565
294.74574407319517 -33.92295966080591
294.7473863123631 -33.282329034632895
294.7474022021939 -33.276048341951864
294.75325699473905 -33.935534314115195
294.7608177533953 -33.92926642717253
294.76833345468157 -33.941840167737645
294.79835612483305 -34.023534096603754
294.8135762286061 -33.960746709652994
294.9192701249266 -33.91686757786821
294.91927363708277 -33.91058686157473
294.91927714833986 -33.904306145281005
294.9268140401363 -33.91687025439312
294.926816996082 -33.91058953775706
294.926819951271 -33.904308821120836
294.9343507528863 -33.93571462135226
294.9343555554299 -33.92315318751343
294.93435795577943 -33.91687247059383
294.9343603555144 -33.91059175367413
294.94186860746464 -34.02992713505859
294.9418704595095 -34.023646417915394
294.9418760127969 -34.004804266485344
294.9418963383685 -33.935716377903226
294.94189818330943 -33.92943566075898
294.941900027778 -33.92315494361468
294.94190187177435 -33.916874226470306
294.94190371529857 -33.91059350932587
294.9419074009312 -33.89803207503678
294.94942255992686 -34.02992843360148
294.94942514612177 -34.01736699898213
294.9494264387222 -34.01108628167239
294.94944063548866 -33.94199839126318
294.94944192412123 -33.935717673953064
294.94944321242383 -33.9294369566429
294.9494445003965 -33.923156239332705
294.9494457880395 -33.91687552202249
294.9494470753528 -33.910594804712225
294.9494483623365 -33.904314087401936
294.9569772470605 -34.02364855334043
294.9569860461723 -33.94827994433597
294.9569867782114 -33.94199922691887
294.9569875100629 -33.93571850950175
294.9569904355957 -33.91059563983317
294.9569911665108 -33.904314922416
294.95699335813384 -33.88547277016442
294.96453046533924 -34.029929646526334
294.9645308166934 -34.017368211596064
294.964530992303 -34.011087494130926
294.96453116786756 -34.00480677666579
294.96453151886175 -33.99224534173552
294.96453239556075 -33.96084175440982
294.964532745926 -33.94828031947954
294.9645329210414 -33.9419996020144
294.9645330961119 -33.93571888454925
294.96453327113755 -33.92943816708411
294.972083652059 -34.01736812599994
294.97208326917314 -34.01108740854578
294.97208288638535 -34.00480669109161
294.9720825036957 -33.99852597363744
294.97208212110405 -33.99224525618327
294.9720786821865 -33.93571879909556
294.9720783005737 -33.929438081641365
294.9720779190586 -33.92315736418715
294.9720775376412 -33.91687664673295
294.979635545987 -34.01108686175102
294.9796346048469 -34.00480614436692
294.97963366394794 -33.9985254269828
294.9796327232901 -33.992244709598666
294.97963178287324 -33.98596399221452
294.9796242682052 -33.935718253140685
294.97962332995394 -33.92943753575637
294.9796223919429 -33.92315681837205
294.979621454172 -33.9168761009877
294.9796205166412 -33.91059538360335
294.98718632317025 -34.00480513649174
294.9871848240622 -33.99852441923677
294.9871833253381 -33.992243701981764
294.98718182699804 -33.985962984726704
294.98718032904185 -33.9796822674716
294.9871683591966 -33.92943652942917
294.98716686468964 -33.92315581217367
294.9871653705653 -33.91687509491812
294.9871638768236 -33.91059437766252
294.9947318709029 -33.98596151626566
294.9947298151666 -33.979680799198675
294.99472159748564 -33.95455793092991
294.9947113372174 -33.92315434559203
295.0022845286922 -33.9922403036511
295.002281914506 -33.98595958683143
295.0022793009896 -33.97967887001162
295.0022688536169 -33.95455600273102
295.0022662434459 -33.94827528591051
295.00226363394336 -33.941994569089886
295.0022532026136 -33.91687170180602
295.0022505964502 -33.91059098498471
295.00983512983447 -33.99223791293745
295.00983195772545 -33.98595719642406
295.00982878642907 -33.97967647991048
295.00981294212824 -33.94827289733954
295.00979395573137 -33.91058859824782
295.009790794167 -33.90430788173183
295.00978763341186 -33.898027165215645
295.01738573051097 -33.992235061191664
295.01738200047924 -33.98595434504364
295.01734847315964 -33.929427899698915
295.01734475267034 -33.92314718354811
295.01734103313356 -33.916866467397035
295.01733731454914 -33.910585751245684
295.0173298802358 -33.898024318942156
295.0173187359005 -33.87918217048478
295.0250568407671 -34.168091788525295
295.02486785500264 -33.89174029679221
295.02486358458344 -33.88545958106275
295.0248593152572 -33.87917886533292
295.03262312030273 -34.168088001136404
295.03239989398855 -33.879175100210404
