# successful candidates for region at (69.65058899723307, 4.685158281551494) and radius 1.0
69.64066319023156 5.266701519912244
69.64066309449909 5.272922127814876
69.64066299868668 5.2791427357175085
69.64066290279436 5.285363343620137
69.6468747433966 5.272922190463269
69.64687470754376 5.279142798393061
69.64687467166104 5.285363406322855
69.6468746357484 5.291584014252646
69.65308634414154 5.260480980187792
69.65308639229475 5.272922196052225
69.65308641640152 5.27914280398444
69.6530864405284 5.2853634119166575
69.65308646467538 5.291584019848873
69.65308648884249 5.29780462778109
69.65929778941414 5.2542603208520395
69.65929804119247 5.272922144581746
69.65929812525881 5.279142752491647
69.6592982093953 5.285363360401547
69.6592982936019 5.291583968311446
69.65929837787866 5.297804576221343
69.66550954618286 5.266701428188988
69.66550997826067 5.285363251777523
69.66551012252688 5.291583859640363
69.66551026691327 5.297804467503201
69.66551041141982 5.3040250753660345
69.66551055604656 5.3102456832288665
69.66551070079346 5.316466291091696
69.67172174712339 5.285363086044589
69.67172195144923 5.291583693835628
69.67172215594525 5.297804301626663
69.67172236061147 5.304024909417692
69.67172256544788 5.310245517208718
69.67793325181708 5.2791422555082335
69.67793351598233 5.285362863202743
69.67793378036781 5.291583470897243
69.67793404497345 5.297804078591733
69.67793430979934 5.3040246862862155
69.67793457484544 5.310245293980688
69.67793484011179 5.316465901675151
69.67793510559841 5.322686509369606
69.68414334384 5.248038937812393
69.68414366666403 5.254259545385693
69.68414398975818 5.260480152958981
69.68414431312249 5.266700760532253
69.68414496066161 5.279141975678759
69.68414528483646 5.285362583251991
69.68414560928152 5.291583190825209
69.68414658423812 5.310245013544782
69.6841469097642 5.316465621117945
69.68414723556054 5.322686228691095
69.68414756162723 5.32890683626423
69.69035398917417 5.235597386774078
69.6903543711175 5.241817994201426
69.69035475338092 5.248038601628757
69.69035513596445 5.254259209056068
69.69035551886813 5.260479816483359
69.69035590209198 5.266700423910632
69.69035628563599 5.272921031337886
69.69035666950019 5.279141638765121
69.69035705368462 5.285362246192335
69.69035859362482 5.310244675901003
69.69035936551671 5.32268589075522
69.69035975194315 5.3289064981823
69.69656660525786 5.254258815741233
69.69656704797106 5.2604794229977925
69.69656749105442 5.266700030254327
69.69656793450797 5.272920637510837
69.69656837833173 5.27914124476732
69.69656882252573 5.285361852023779
69.69656926708998 5.29158245928021
69.69657104904992 5.316464888305683
69.69657149546575 5.322685495561985
69.69657194225196 5.328906102818263
69.70277807454316 5.254258365441192
69.70277857706587 5.260478972502284
69.70277908000875 5.266699579563345
69.70277958337184 5.272920186624373
69.70278008715513 5.279140793685365
69.70278059135867 5.285361400746328
69.7027810959825 5.291582007807255
69.70278261237587 5.310243828989839
69.70278362540658 5.322685043111397
69.70278413255257 5.328905650172125
69.70898954381929 5.254257858155953
69.70899010615148 5.260478464996842
69.70899066895386 5.2666990718376905
69.70899123222645 5.272919678678497
69.70899179596927 5.279140285519262
69.70899236018238 5.285360892359985
69.70899292486577 5.291581499200668
69.7089963228438 5.328905140243889
69.71520101308509 5.254257293885521
69.71520163522676 5.26047790048147
69.71520225788863 5.266698507077368
69.71520288107072 5.2729191136732165
69.71520350477307 5.279139720269014
69.71520412899571 5.285360326864761
69.71520475373866 5.291580933460457
69.71520537900194 5.297801540056101
69.7152060047856 5.304022146651695
69.71520663108967 5.310242753247239
69.71520788525913 5.322683966438173
69.71520851312461 5.328904573033563
69.7214124823395 5.254256672629901
69.72141316429065 5.2604772789561745
69.721413846812 5.266697885282385
69.72141452990357 5.272918491608538
69.72141521356544 5.279139097934629
69.72141864042985 5.310242129564164
69.72142070339383 5.328903948541152
69.72142139218958 5.3351245548666935
69.72142208155594 5.341345161192173
69.72762543572284 5.266697206452751
69.7276261787239 5.272917812484468
69.72763364285589 5.335123872797659
69.72763439268203 5.3413444788285815
69.73383782753058 5.272917076301015
69.73384508389316 5.328902527710111
69.73384589350839 5.335123133421811
69.73384670379431 5.341343739133425
69.75247967530129 5.316458757637081
69.7524806645041 5.322679362242667
69.75248165452763 5.328899966848124
69.75869174480862 5.316457790288867
69.75869279432101 5.322678394476199
69.76490381429666 5.316456765708125
69.77111354641369 5.304014477341159
69.77111471460363 5.310235080618102
69.77111588376428 5.316455683894869
69.77732672379028 5.310233942064816
69.78974669900252 5.291569688158251
69.7959599343261 5.2977889808409495
69.79596134218278 5.30400958199988
69.79596275121024 5.310230183158553
69.80216596319002 5.2729052123667115
69.80216742632345 5.279125812935353
69.80217035625195 5.291567014071802
69.80217182304715 5.297787614639608
69.80217329106311 5.3040082152071335
69.8083806592031 5.285344991376404
69.80838218483683 5.291565591328388
69.80838371174126 5.2977861912800694
69.80838523991645 5.304006791231448
69.80838676936247 5.310227391182521
69.81459242770079 5.285343512140393
69.81459401339367 5.291564111451535
69.81459560040729 5.29778471076235
69.81459718874167 5.304005310072839
69.82080255178803 5.27912137714979
69.82080419616939 5.285341975795702
69.8208058419214 5.291562574441261
69.82080748904416 5.297783173086469
69.82080913753772 5.304003771731323
69.82081078740218 5.310224370375824
69.82701767041888 5.291560980297585
69.82701937765074 5.297781578252443
69.82702108630343 5.304002176206921
69.82702279637705 5.310222774161019
69.8332277330149 5.285338731780352
69.83322949888505 5.291559329020524
69.83323126622597 5.297779926260291
69.83323303503775 5.30400052349965
69.83323480532049 5.310221120738603
69.83943950138962 5.285337024109731
69.83944132731875 5.2915576206100985
69.8394431547687 5.297778217110031
69.83944498373953 5.303998813609531
69.83944681423134 5.310219410108593
69.83944864624424 5.316440006607223
69.84564938531346 5.279114663594225
69.84565126973084 5.285335259330507
69.84565315571892 5.291555855066329
69.84565504327784 5.297776450801686
69.85186109361118 5.279112842495674
69.85186303803744 5.2853334374427
69.85186498408444 5.291554032389234
69.8518669317523 5.297774627335275
69.85807480630834 5.285331558446332
69.85807681241421 5.291552152578837
69.85807882019095 5.2977727467108195
69.8580808296387 5.3039933408422755
69.86429277819931 5.303991402220966
69.87050472672192 5.303989406416914
69.87671667520533 5.303987353430142
