# # ids of objects in overdense bins for (286.39794192009435, -50.263386449529)
# 
6.657970410051052544e+18
6.657971273341949952e+18
6.657970444410854400e+18
6.657971234684862464e+18
6.657969929014612992e+18
6.657963984779773952e+18
6.657971234684847104e+18
6.657970100813326336e+18
6.657971543922622464e+18
6.657970066453559296e+18
6.660984824255646720e+18
6.660974000937915392e+18
6.660974756852157440e+18
6.660974550693705728e+18
6.660967202005871616e+18
6.660978124106604544e+18
6.660978884315717632e+18
6.660979983827250176e+18
6.660984583737434112e+18
6.660972695267901440e+18
6.660968297221237760e+18
6.660985958128369664e+18
6.660972763987388416e+18
6.660973111880937472e+18
6.660972111152345088e+18
6.660979915111029760e+18
6.660968022343299072e+18
6.660986542243988480e+18
6.660978021027438592e+18
6.660974963010639872e+18
6.660978742582002688e+18
6.660974722492448768e+18
6.660972837003016192e+18
6.660967232069295104e+18
6.660979326697569280e+18
6.660981388282007552e+18
6.660974825571652608e+18
6.660981938037906432e+18
6.660986477821104128e+18
6.660980258706671616e+18
6.660976955875575808e+18
6.660967232069305344e+18
6.660979704654721024e+18
6.660971664475693056e+18
6.660979395417072640e+18
6.661014240488202240e+18
6.660995750653976576e+18
6.660996820102393856e+18
6.660998739951414272e+18
6.660992589556784128e+18
6.660999186628161536e+18
6.660993345471038464e+18
6.660989982512535552e+18
6.661018874756939776e+18
6.660989776352915456e+18
6.660989394102262784e+18
6.660997094980281344e+18
6.660989913793056768e+18
6.661018806037442560e+18
6.661038223584099328e+18
6.660993517269723136e+18
6.661043957367055360e+18
6.660991215167106048e+18
6.661017534727019520e+18
6.660994479342483456e+18
6.660997571718978560e+18
6.661045232970760192e+18
6.661039043924490240e+18
6.660999534521051136e+18
6.660993452846243840e+18
6.660999087844343808e+18
6.660998946109868032e+18
6.660996918885187584e+18
6.660993620348999680e+18
6.660997434285034496e+18
6.660991799282709504e+18
6.660992898794420224e+18
6.660999083548889088e+18
6.660998946109856768e+18
6.660993693362951168e+18
6.660994513702264832e+18
6.660992142880069632e+18
6.660991043368359936e+18
6.660990566628273152e+18
6.660994311840851968e+18
6.660993173672290304e+18
6.660993757787939840e+18
6.660993659005824000e+18
6.660989909500281856e+18
6.660993620348988416e+18
6.661043755503281152e+18
6.660991902361972736e+18
6.660992589556760576e+18
6.660999225280893952e+18
6.661043991728497664e+18
6.660994036963490816e+18
6.661037429016570880e+18
6.661044060446255104e+18
6.661046156390550528e+18
