# # ids of objects in overdense bins for (84.76122686195971, -11.141359172007576)
# 
3.009488051073939456e+18
3.009487673116804608e+18
3.009487913634975744e+18
3.009487947994717696e+18
3.009491006011445248e+18
3.009491006011445248e+18
3.009491525701938688e+18
3.009492728295054336e+18
3.010344123955460096e+18
3.010341272097173504e+18
3.010344089595716096e+18
3.010344364473634816e+18
3.010317327654506496e+18
3.010320896772326912e+18
3.010320931132066304e+18
3.010344089595713536e+18
3.010305091292059136e+18
3.010344433193449472e+18
3.010210670731831808e+18
3.010304541536220672e+18
3.010291828433593856e+18
3.010321583966710784e+18
3.010304782054396928e+18
3.010320484455068160e+18
3.010292275110202880e+18
3.010210949906319360e+18
3.010320759332980736e+18
3.010243488578548736e+18
3.010294890745160704e+18
3.010317323359494144e+18
3.010339828988119040e+18
3.010293477701087232e+18
3.010320866707575808e+18
3.010293237182896640e+18
