# successful candidates for region at (212.660360910021, -37.67449572133638) and radius 1.0
213.0507480206872 -38.10519037329425
213.05871275898153 -38.123707591352606
213.05864555036706 -38.11134537084128
213.0585783768575 -38.09898315025012
213.05854480325957 -38.092802039924635
213.0585112384288 -38.0866209295792
213.06681883927644 -38.166948694149966
213.0667845042127 -38.16076758753426
213.06675017812307 -38.15458648089775
213.0666472536681 -38.13604316086339
213.06661296344413 -38.1298620541437
213.06657868217886 -38.12368094740323
213.06651014651226 -38.11131873385998
213.06647589210476 -38.105137627057225
213.0664416466437 -38.09895652023371
213.06640741012603 -38.09277541338949
213.06637318254866 -38.086594306524525
213.06633896390852 -38.080413199638826
213.06630475420258 -38.07423209273242
213.07472441586793 -38.1731026073823
213.0746894068277 -38.16692150434648
213.07465440693844 -38.16074040128905
213.07461941619707 -38.154559298209975
213.07437473688412 -38.11129157605156
213.07433981921275 -38.10511047279975
213.07430491066108 -38.098929369526395
213.0742700112259 -38.092748266231474
213.07423512090415 -38.08656716291502
213.07420023969271 -38.08038605957704
213.07416536758842 -38.07420495621752
213.08255996847296 -38.16689379310325
213.0821681687979 -38.098901698129026
213.13761340679417 -38.1605041420313
213.1375328015916 -38.14814199767542
213.13721080171814 -38.09869341910551
213.14536036697731 -38.14192905941128
213.16105378193603 -38.13568270431239
213.16101152438625 -38.12950164474137
213.16080040216383 -38.098596346413174
213.16050529383847 -38.05532892743125
213.16870645369002 -38.104744002851156
213.16836384334184 -38.05529555904922
213.17661383548133 -38.1108911297074
213.18452254794101 -38.11703772677567
213.18447833328918 -38.110856680421556
