# # ids of objects in overdense bins for (91.9832481006645, -23.72843172762279)
# 
2.913393208709385216e+18
2.913404856659624448e+18
2.913399324741635072e+18
2.913393483586091008e+18
2.913393380506875904e+18
2.913391495017233408e+18
2.913397709833981440e+18
2.913391456361388544e+18
2.913397404889934848e+18
2.913397679767838720e+18
2.913396374099942912e+18
2.913393247361566720e+18
2.913393243067923456e+18
2.913403550989526016e+18
2.913392869407995392e+18
2.913403757147962368e+18
2.913396683339496448e+18
2.913392865110757888e+18
2.913393277427633664e+18
2.913377712465891328e+18
2.913397812913203712e+18
2.913402348398632960e+18
2.913592392111194624e+18
2.913592392113975296e+18
2.913591533118589440e+18
