# successful candidates for region at (116.05117309677277, 31.309707229074608) and radius 1.0
115.22982653365479 31.136680639455296
115.22977224259247 31.14293827536011
115.22966361936697 31.15545354697678
115.22960928719576 31.16171118268861
115.22955494131355 31.16796881833606
115.2370828887947 31.136726628333097
115.23702907729559 31.142984270035022
115.23697525221853 31.149241911673776
115.23692141355953 31.155499553249335
115.23686756131461 31.16175719476167
115.23681369547978 31.168014836210762
115.23675981605112 31.174272477596592
115.24433925095204 31.136772209137124
115.24428591901881 31.14302985658475
115.24423257362861 31.149287503970303
115.24417921477747 31.155545151293783
115.24412584246151 31.16180279855518
115.24407245667673 31.168060445754442
115.24401905741924 31.174318092891554
115.25164845909693 31.130559728663464
115.25159562006428 31.13681738186627
115.25154276769956 31.143075035008135
115.25148990199884 31.149332688089057
115.25143702295826 31.155590341109015
115.25138413057387 31.161847994067987
115.25133122484176 31.168105646965948
115.25127830575806 31.174363299802888
115.25890435565138 31.130604487674876
115.25885199606891 31.136862146519395
115.25879962327528 31.14311980530409
115.25874723726668 31.149377464028934
115.25869483803922 31.15563512269392
115.258642425589 31.161892781299017
115.25858999991222 31.168150439844208
115.25853756100496 31.174408098329465
115.26610837890335 31.13690650309541
115.26605648568345 31.143164167471497
115.26600457936954 31.149421831788814
115.26595265995778 31.15567949604737
115.26584878182545 31.168194824388078
115.26579682309719 31.17445248847019
115.27310757051882 31.168238800596477
115.27305609197215 31.174496470223946
115.44720047961287 31.18794508799057
115.45446085852537 31.187978868262512
115.4616431876756 31.200527831257745
115.46894308982941 31.194303003054106
