# successful candidates for region at (98.04850770582959, -34.54620684608512) and radius 1.0
98.49088395635668 -34.913392067354614
98.49085019272066 -34.907106668119795
98.49862497953337 -34.92593498730124
98.49859061260781 -34.91964959171514
98.49855625455649 -34.913364196106095
98.49852190537658 -34.907078800474125
98.49848756506519 -34.90079340481923
98.5062984440322 -34.92590662950496
98.50626349126227 -34.91962123758524
98.50622854751788 -34.91333584564179
98.50615868709403 -34.90076506168375
98.50539259775569 -34.76248643190279
98.50535787870609 -34.75620103936888
98.51390083515157 -34.91330701596253
98.51386531489 -34.90702162772211
98.5138298037993 -34.90073623945718
98.51358148270037 -34.8567385209171
98.51305087405886 -34.76245769144484
98.51301557308416 -34.75617230261853
98.51298028120966 -34.7498869137679
98.52160923249258 -34.919563091495576
98.52157311736826 -34.913277707069184
98.52153701156898 -34.906992322617455
98.52150091509176 -34.9007069381404
98.52146482793357 -34.89442155363803
98.52128453182289 -34.86299463074674
98.52124850051578 -34.856709246092656
98.52067326209738 -34.756143088198655
98.52928209488975 -34.91953329953754
98.52924539407864 -34.913247918962604
98.52920870274382 -34.906962538361505
98.52917202088219 -34.900677157734265
98.52895212847875 -34.86296487342206
98.52891551284408 -34.85667949261199
98.53695495168918 -34.91950302830519
98.53691766519346 -34.91321765164367
98.53688038832523 -34.90693227495516
98.53684312108138 -34.90064689823965
98.5368058634588 -34.89436152149715
98.53669414828764 -34.875505391107836
98.53665692911912 -34.86922001425749
98.53661971955636 -34.86293463738021
98.53658251959625 -34.85664926047598
98.53654532923574 -34.85036388354486
98.53635952131843 -34.818936998485725
98.53628526524031 -34.80636624427397
98.5362110474616 -34.793795489954825
98.53617395292684 -34.787510112755015
98.5361368679577 -34.78122473552839
98.5360627267039 -34.76865398099472
98.54462780280151 -34.919472277799436
98.5445899306234 -34.9131869051133
98.54455206822396 -34.906901532399296
98.54451421560009 -34.90061615965745
98.54447637274859 -34.89433078688776
98.54443853966633 -34.888045414090236
98.54440071635017 -34.8817600412649
98.54436290279693 -34.87547466841175
98.54432509900349 -34.869189295530795
98.54428730496667 -34.86290392262206
98.54424952068335 -34.856618549685535
98.54421174615038 -34.85033317672123
98.54417398136461 -34.84404780372917
98.54406074545913 -34.82519168458652
98.54402301963077 -34.818906311483516
98.54394759716548 -34.80633556519436
98.54390990052227 -34.800050192008236
98.54387221360118 -34.79376481879443
98.54383453639906 -34.78747944555295
98.54379686891279 -34.781194072283796
98.54375921113927 -34.774908698987
98.54364629606381 -34.756052578930756
98.55230064813748 -34.919441048021184
98.55226219027918 -34.913155679372366
98.55222374235079 -34.906870310694835
98.55218530434912 -34.90058494198858
98.55214687627094 -34.89429957325361
98.5521084581131 -34.888014204489956
98.55207004987233 -34.88172883569761
98.55203165154548 -34.875443466876575
98.55199326312933 -34.86915809802688
98.5519548846207 -34.86287272914853
98.55191651601636 -34.856587360241534
98.55187815731318 -34.85030199130589
98.5518398085079 -34.84401662234163
98.5518014695974 -34.83773125334874
98.55176314057843 -34.83144588432725
98.55172482144783 -34.82516051527716
98.55168651220242 -34.818875146198494
98.551648212839 -34.81258977709124
98.55160992335439 -34.806304407955416
98.55157164374542 -34.80001903879105
98.5515333740089 -34.79373366959811
98.55149511414164 -34.78744830037666
98.5514568641405 -34.781162931126666
98.55138039372382 -34.76859219254115
98.55126576201518 -34.749736084449154
98.55997348760772 -34.91940933897135
98.55993444407152 -34.91312397442182
98.55989541061645 -34.906838609842694
98.55985638723924 -34.90055324523396
98.55981737393667 -34.894267880595635
98.55977837070547 -34.887982515927725
98.55973937754239 -34.881697151230256
98.55970039444418 -34.875411786503236
98.5596614214076 -34.86912642174666
98.55962245842942 -34.86284105696054
98.55958350550637 -34.8565556921449
98.55954456263521 -34.85027032729975
98.5595056298127 -34.84398496242509
98.55946670703564 -34.83769959752094
98.55942779430075 -34.831414232587285
98.5593888916048 -34.825128867624166
98.55934999894457 -34.81884350263159
98.55931111631682 -34.81255813760954
98.55927224371833 -34.80627277255806
98.55923338114584 -34.79998740747715
98.55919452859615 -34.79370204236681
98.55915568606603 -34.78741667722706
98.55911685355224 -34.781131312057894
98.55907803105158 -34.774845946859344
98.55903921856081 -34.76856058163142
98.55900041607671 -34.76227521637411
98.5678049403596 -34.944518591898756
98.56764632112292 -34.91937715065088
98.56760669191111 -34.91309179026259
98.56756707293165 -34.9068064298438
98.56752746418125 -34.900521069394514
98.56748786565657 -34.89423570891475
98.56744827735433 -34.88795034840451
98.56740869927124 -34.88166498786381
98.56736913140398 -34.87537962729265
98.56732957374926 -34.86909426669106
98.56729002630381 -34.86280890605904
98.56725048906432 -34.85652354539659
98.5672109620275 -34.85023818470374
98.56717144519007 -34.84395282398049
98.56713193854874 -34.83766746322685
98.5670924421002 -34.83138210244283
98.56705295584122 -34.82509674162845
98.56701347976846 -34.818811380783714
98.56693455816857 -34.806240659003215
98.56689511263487 -34.79995529806748
98.5668556772743 -34.79366993710142
98.56681625208358 -34.787384576105076
98.56677683705945 -34.78109921507843
98.56673743219862 -34.774813854021495
98.56669803749784 -34.7685284929343
98.56665865295383 -34.762243131816845
98.56661927856331 -34.75595777066914
98.56657991432304 -34.74967240949119
98.57552037888966 -34.9507712634146
98.5753593738657 -34.92562983919438
98.57531914859375 -34.91934448306072
98.5752789337087 -34.913059126895625
98.5752387292072 -34.906773770699125
98.5751985350859 -34.900488414471226
98.57515835134146 -34.894203058211914
98.57511817797052 -34.88791770192123
98.57507801496975 -34.881632345599186
98.57503786233578 -34.87534698924579
98.57499772006527 -34.869061632861026
98.57495758815489 -34.86277627644494
98.57491746660129 -34.856490919997526
98.57487735540114 -34.8502055635188
98.57483725455111 -34.84392020700877
98.57479716404784 -34.837634850467445
98.574757083888 -34.83134949389484
98.57471701406828 -34.82506413729097
98.57467695458534 -34.81877878065583
98.57463690543582 -34.812493423989444
98.57459686661645 -34.806208067291834
98.57455683812385 -34.79992271056298
98.57451681995472 -34.79363735380293
98.57447681210573 -34.787351997011655
98.57443681457357 -34.781066640189195
98.5743968273549 -34.77478128333555
98.57435685044642 -34.76849592645073
98.5743168838448 -34.76221056953476
98.57427692754673 -34.75592521258764
98.5742369815489 -34.74963985560937
98.58323699468706 -34.957023446801834
98.58319613085106 -34.95073809511614
98.58315527757027 -34.94445274339804
98.58307360266063 -34.93188203986468
98.58303278102498 -34.92559668804943
98.5829919699309 -34.91931133620184
98.58295116937497 -34.91302598432189
98.5829103793538 -34.906740632409615
98.58286959986403 -34.900455280465
98.58282883090219 -34.8941699284881
98.58278807246491 -34.88788457647888
98.58274732454882 -34.88159922443737
98.5827065871505 -34.87531387236359
98.58266586026656 -34.86902852025754
98.58262514389362 -34.86274316811924
98.58258443802829 -34.85645781594869
98.58254374266718 -34.850172463745906
98.5825030578069 -34.8438871115109
98.58246238344407 -34.83760175924369
98.5824217195753 -34.831316406944275
98.58238106619719 -34.82503105461267
98.58234042330642 -34.818745702248904
98.58229979089955 -34.812460349852955
98.58217795654878 -34.793604292472246
98.58213736604387 -34.78731893994777
98.58209678600603 -34.781033587391164
98.58205621643188 -34.77474823480246
98.58201565731804 -34.76846288218168
98.58197510866117 -34.76217752952881
98.58193457045789 -34.7558921768439
98.59095478811301 -34.96327514187257
98.59091332699012 -34.95698979457295
98.59087187657738 -34.950704447239964
98.59083043687134 -34.94441909987364
98.59078900786855 -34.938133752474
98.59074758956554 -34.93184840504104
98.59070618195885 -34.92556305757477
98.59066478504505 -34.91927771007521
98.59062339882067 -34.912992362542376
98.59058202328224 -34.90670701497625
98.59054065842635 -34.90042166737688
98.59049930424953 -34.89413631974426
98.59045796074835 -34.88785097207841
98.59041662791934 -34.88156562437935
98.59037530575908 -34.87528027664706
98.59033399426413 -34.86899492888157
98.59029269343101 -34.8627095810829
98.59025140325635 -34.856424233251055
98.59021012373667 -34.85013888538602
98.59016885486854 -34.84385353748787
98.59012759664853 -34.837568189556556
98.59008634907322 -34.83128284159212
98.59004511213915 -34.82499749359455
98.59000388584292 -34.818712145563886
98.58996267018111 -34.81242679750013
98.58992146515027 -34.806141449403285
98.5897979138094 -34.787285404914364
98.58975675126827 -34.78100005668531
98.589715599341 -34.77471470842321
98.58967445802422 -34.76842936012811
98.58963332731449 -34.7621440118
98.58959220720838 -34.7558586634389
98.5986317008149 -34.963241005589225
98.59858965296617 -34.95695566270531
98.59854761597914 -34.95067031978708
98.5985055898503 -34.94438497683457
98.59846357457617 -34.93809963384777
98.59842157015323 -34.93181429082671
98.59837957657797 -34.9255289477714
98.59833759384688 -34.91924360468184
98.59825366090324 -34.90667291840004
98.5982117106837 -34.90038757520784
98.59816977129432 -34.89410223198143
98.59812784273166 -34.88781688872084
98.59808592499219 -34.88153154542608
98.59804401807243 -34.875246202097166
98.59800212196888 -34.868960858734106
98.59796023667806 -34.86267551533692
98.5979183621965 -34.85639017190559
98.59787649852068 -34.850104828440166
98.59783464564713 -34.843819484940646
98.59779280357237 -34.83753414140703
98.59770915180536 -34.82496345423758
98.5976673421061 -34.81867811060179
98.59762554319175 -34.81239276693195
98.5975837550588 -34.806107423228084
98.59750021112326 -34.79353673571832
98.59745845531373 -34.78725139191245
98.59741671027173 -34.7809660480726
98.59737497599379 -34.77468070419877
98.59733325247645 -34.76839536029099
98.60622334896685 -34.95063571275849
98.60618073641771 -34.94435037428179
98.60613813487471 -34.93806503576987
98.60609554433432 -34.931779697222694
98.60605296479294 -34.92549435864031
98.60601039624706 -34.91920902002272
98.60584023194741 -34.89406766520057
98.60579771832573 -34.887782326407155
98.60575521567827 -34.88149698757861
98.60571272400146 -34.87521164871494
98.60567024329181 -34.86892630981615
98.60562777354575 -34.86264097088228
98.60558531475974 -34.85635563191333
98.60554286693025 -34.850070292909315
98.60550043005377 -34.84378495387024
98.60545800412675 -34.83749961479611
98.60541558914566 -34.83121427568696
98.60533079200721 -34.818643597363604
98.60528840984277 -34.81235825814942
98.60516132892644 -34.79350224029705
98.60511899046826 -34.787216900943015
98.60507666292784 -34.78093156155404
98.60499204058627 -34.76836088267135
98.60490746187361 -34.75579020364908
98.61407198296678 -34.97574196154819
98.61398550687205 -34.96317129392421
98.61394228557913 -34.95688596005783
98.613899075451 -34.950600626155214
98.61381268867476 -34.93802995824127
98.61376951201942 -34.931744624230014
98.61372634651445 -34.92545929018254
98.6136831921563 -34.91917395609889
98.61351068611958 -34.89403261940274
98.6134675874414 -34.887747285138374
98.61342449988847 -34.88146195083792
98.61338142345716 -34.87517661650138
98.61333835814386 -34.868891282128736
98.61329530394507 -34.862605947720034
98.61325226085712 -34.85632061327528
98.61320922887649 -34.85003527879449
98.61316620799954 -34.84374994427766
98.61312319822275 -34.837464609724826
98.61308019954252 -34.83117927513598
98.61273660914806 -34.78089659713068
98.61269371017616 -34.77461126221838
98.61265082226514 -34.7683259272702
98.6217500500343 -34.975706376961924
98.62170621937939 -34.969421047771895
98.6216624000482 -34.9631357185446
98.62161859203698 -34.956850389280056
98.62157479534213 -34.950565059978295
98.62148723588686 -34.9379944012631
98.62144347311914 -34.9317090718497
98.62139972165316 -34.925423742399126
98.62113744998955 -34.88771176491555
98.62109377753366 -34.88142643520508
98.62105011635035 -34.8751411054575
98.62100646643601 -34.86885577567288
98.620962827787 -34.8625704458512
98.62091920039967 -34.85628511599248
98.62087558427041 -34.84999978609673
98.62083197939558 -34.84371445616396
98.62074480339469 -34.831143796187455
98.62070123226138 -34.82485846614374
98.62065767236803 -34.81857313606306
98.6293836927351 -34.969384988030725
98.6293392865366 -34.96309966346833
98.6292948918097 -34.956814338867666
98.62925050855071 -34.95052901422878
98.62920613675593 -34.94424368955167
98.62916177642161 -34.93795836483635
98.6291174275441 -34.93167304008282
98.62902876414464 -34.919102390461234
98.6289844496153 -34.91281706559319
98.62894014652795 -34.906531740687015
98.62880730588101 -34.88767576573973
98.62876304852475 -34.881390440681095
98.62871880259205 -34.87510511558441
98.6286745680792 -34.86881979044963
98.62863034498257 -34.862534465276816
98.62858613329843 -34.856249140065955
98.6285419330231 -34.84996381481708
98.62840940061334 -34.83110783884242
98.62836524593656 -34.824822513441575
98.6370611593109 -34.96934844853189
98.63701616624776 -34.96306312869644
98.63697118480782 -34.95677780882172
98.63683631018962 -34.937921848962084
98.63652200885889 -34.89392460791774
98.63647715502663 -34.88763928761196
98.63638748209313 -34.875068646883115
98.63634266298442 -34.86878332646007
98.63629785544275 -34.86249800599795
98.6362530594644 -34.856212685496786
98.63620827504563 -34.84992736495659
98.64482981420711 -34.981882059248406
98.64478421072097 -34.97559674428261
98.6441015701882 -34.88131701496408
98.6440107510626 -34.86874638370524
98.64396535907855 -34.86246106801569
98.65957989105732 -34.90009759106583
98.65953327005967 -34.89381228531796
98.65948666109716 -34.887526979527856
98.65944006416593 -34.88124167369553
98.66772361552862 -34.96291219267474
98.66720367636857 -34.893773886431
98.6671093005499 -34.88120328473219
98.67487407548315 -34.893735008535714
98.71332740763906 -34.90610397333306
