# successful candidates for region at (294.67693123994826, 71.7619948549202) and radius 1.0
295.40452958890484 71.36576361263886
295.5038631001342 71.38397135976048
295.5233165391867 71.37767979295839
295.5238613192197 71.3900883484471
295.54109045649284 71.33416072698192
295.541367801235 71.34036497821707
295.54164533065926 71.34656922901404
295.5433143958635 71.38379472456984
295.5435932232353 71.38999897228737
295.5438722367701 71.39620321956326
295.5441514366543 71.40240746639702
295.5599153702394 71.31545690103175
295.5604817421312 71.32786534510866
295.5610488680531 71.34027378735586
295.5613327142454 71.34647800779217
295.56161674950977 71.35268222776972
295.5633249421967 71.38990753797445
295.56389586092047 71.40231597101821
295.56418160635644 71.40852018684589
295.5644675427631 71.41472440221018
295.5798604165371 71.3215679727996
295.58015000063165 71.32777216362769
295.5807297471145 71.34018054384929
295.5810199098873 71.34638473324186
295.583640095543 71.40222241614262
295.69815538321984 71.32716999961904
295.7178222133559 71.32706246007278
295.73342358471876 71.25250580499234
295.7351134996542 71.2835254266685
295.7354521557435 71.28972934904306
295.735791036721 71.29593327076252
295.7374888227732 71.32695286951086
295.7530146191944 71.25239460722268
295.753702429699 71.26480238413406
295.75439115278465 71.27721015833785
295.7550807902661 71.28961792982871
295.75542595247373 71.29582181455507
295.75577134396303 71.30202569860117
295.7561169649622 71.30822958196636
295.7564628156998 71.3144334646499
295.7568088964047 71.32063734665111
295.75715520730586 71.32684122796935
295.77225561180734 71.24607751468595
295.77260542734024 71.25228136665726
295.77295547470635 71.25848521792825
295.773305754136 71.26468906849816
295.77400701010805 71.27709676753203
295.77435798711247 71.28330061599456
295.7747091971042 71.28950446375325
295.7750606403151 71.29570831080738
295.77541231697705 71.30191215715625
295.7757642273226 71.30811600279918
295.7761163715843 71.31431984773545
295.77646874999516 71.32052369196433
295.77682136278844 71.32672753548516
295.7918399378037 71.24596226953588
295.7921960050404 71.25216608333324
295.79255230825066 71.25836989640496
295.7929088476688 71.26457370875035
295.7932656235294 71.27077752036864
295.7936226360675 71.27698133125918
295.79397988551824 71.28318514142117
295.79433737211724 71.2893889508539
295.79469509610044 71.29559275955671
295.7950530577039 71.30179656752883
295.7954112571642 71.30800037476948
295.7957696947181 71.31420418127801
295.79612837060273 71.32040798705368
295.7964872850556 71.32661179209569
295.79684643831445 71.3328155964034
295.7972058306173 71.33901939997602
295.81178634817945 71.25204875728829
295.81323802653105 71.27686384955722
295.81360154819373 71.28306762074048
295.81396531116525 71.28927139116871
295.81432931568565 71.29547516084111
295.8146935619951 71.30167892975689
295.81505805033447 71.30788269791536
295.8154227809446 71.31408646531574
295.8157877540667 71.32029023195727
295.81615296994255 71.32649399783921
295.81651842881394 71.33269776296076
295.81688413092314 71.33890152732121
295.81725007651283 71.34510529091983
295.8176162658258 71.35130905375577
295.81798269910524 71.35751281582831
295.8310078827007 71.24572565313913
295.8313764526422 71.25192938856075
295.83285317736716 71.27674432246467
295.83322297100324 71.28294805399112
295.83359301010836 71.28915178473622
295.8339632949267 71.29535551469917
295.83433382570274 71.30155924387917
295.8347046026813 71.3077629722755
295.8350756261074 71.31396669988737
295.8354468962266 71.32017042671396
295.8358184132845 71.32637415275451
295.8361901775274 71.33257787800822
295.8365621892015 71.33878160247431
295.8369344485538 71.34498532615206
295.8373069558312 71.35118904904057
295.85059149337945 71.24560428196979
295.8517167016067 71.26421536521667
295.85209226845893 71.27041905802197
295.8524680844445 71.27662275002076
295.85284414981135 71.2828264412123
295.85322046480707 71.28903013159571
295.8535970296801 71.29523382117024
295.85397384467905 71.30143750993506
295.8543509100528 71.30764119788935
295.85472822605067 71.31384488503234
295.8551057929222 71.3200485713632
295.85548361091736 71.32625225688115
295.8558616802864 71.3324559415853
295.8562400012799 71.33865962547489
295.8566185741488 71.34486330854915
295.85699739914435 71.35106699080721
295.8573764765182 71.35727067224826
295.8709372532931 71.25788817672641
295.87131883028894 71.26409182940579
295.87170066031825 71.27029548125238
295.8720827436323 71.27649913226539
295.872465080483 71.28270278244392
295.8728476711222 71.28890643178718
295.8732305158025 71.29511008029434
295.8736136147765 71.30131372796454
295.87399696829743 71.30751737479696
295.8743805766186 71.3137210207908
295.8747644399938 71.31992466594515
295.87514855867704 71.32612831025926
295.87553293292285 71.33233195373225
295.87591756298593 71.33853559636327
295.87630244912145 71.34473923815146
295.87668759158475 71.35094287909605
295.89092070745176 71.26396624967866
295.89130880040784 71.27016985988948
295.8916971507998 71.27637346923906
295.8920857588834 71.28257707772661
295.89247462491494 71.28878068535127
295.89286374915093 71.29498429211212
295.89325313184816 71.30118789800838
295.89364277326393 71.30739150303913
295.8940326736559 71.31359510720351
295.8944228332818 71.31979871050072
295.89481325239996 71.32600231292982
295.89520393126895 71.33220591448998
295.8955948701477 71.33840951518033
295.89598606929553 71.34461311499999
295.89637752897204 71.3508167139481
295.9113113018167 71.27624576098304
295.9117061808783 71.28244932710163
295.91210132204674 71.28865289232924
295.9124967255827 71.29485645666496
295.91289239174716 71.30106002010794
295.9132883208016 71.30726358265721
295.9136845130075 71.31346714431199
295.9140809686271 71.31967070507132
295.9144776879228 71.32587426493428
295.91487467115724 71.33207782390008
295.91527191859365 71.33828138196776
295.91566943049537 71.3444849391364
295.9160672071263 71.35068849540514
295.93092519255305 71.27611600753919
295.93132634233353 71.28231953061089
295.9317277583795 71.28852305276308
295.9321294409557 71.29472657399484
295.9325313903272 71.30093009430524
295.93293360675966 71.30713361369337
295.93333609051876 71.31333713215834
295.9337388418709 71.31954064969918
295.93414186108254 71.32574416631499
295.9345451484206 71.33194768200482
295.93494870415236 71.33815119676783
295.9353525285454 71.34435471060303
295.936160984388 71.3567617354863
295.95094623911547 71.28218768829703
295.9517618911278 71.29459464414447
295.9521701234421 71.3007981206431
295.97097983209676 71.28825723416969
295.97139407195743 71.2944606671572
295.97263844340335 71.3130709602366
295.9772224435226 71.38130862565009
295.988926176212 71.26330769376247
295.9897652617846 71.27571447650969
295.9918678536565 71.30673141574127
295.9927108474102 71.31913818435822
296.00852645770584 71.26316985142513
296.0093780701062 71.2755765427469
296.0098043000891 71.28177988685266
296.01023081296825 71.28798322992027
296.01236763066674 71.31899992965042
296.0127958468441 71.32520326646755
296.0132243478948 71.33140660223935
296.0136531341028 71.3376099369647
296.0235945790567 71.48028634441621
296.0249026049637 71.49889626908069
296.02855838492616 71.26923326527805
296.0289905975028 71.27543656401575
296.0294230968475 71.28163986168566
296.03072231834176 71.30024974827768
296.0311559676127 71.3064530416656
296.0315899050808 71.31265633398037
296.0320241310329 71.31885962522091
296.0324586457565 71.32506291538616
296.0328934495392 71.33126620447501
296.0337639254348 71.34367277941935
296.04385833782834 71.48634807871224
296.04430075940763 71.49255133943456
296.04474347796133 71.49875459905103
296.04860283984647 71.27529454036224
296.04992001903236 71.29390428872985
296.050799596952 71.30631078213187
296.0512398243215 71.31251402717672
296.0516803443522 71.3187172711159
296.0521211573355 71.32492051394843
296.0525622635634 71.33112375567313
296.0530036633282 71.33732699628891
296.05344535692245 71.3435302357947
296.06278931949294 71.4737980070271
296.0632375521756 71.48000122182962
296.06368608552776 71.48620443549626
296.06413491985177 71.49240764802592
296.06458405545004 71.49861085941743
296.0682147930098 71.27515047183287
296.06865983022266 71.28135367459807
296.069105162801 71.28755687623146
296.0695507910385 71.29376007673199
296.0699967152293 71.29996327609844
296.07044293566787 71.30616647432977
296.07088945264906 71.31236967142476
296.07133626646817 71.31857286738234
296.0717833774208 71.32477606220135
296.07223078580296 71.33097925588069
296.0726784919113 71.33718244841917
296.0731264960424 71.34338563981566
296.07357479849367 71.34958883006908
296.07402339956263 71.35579201917822
296.08169559657864 71.4612460578503
296.0821496241158 71.46744922616605
296.0826039560016 71.47365239331559
296.08305859254176 71.47985555929773
296.0835135340423 71.48605872411133
296.08396878080976 71.49226188775518
296.0882777585768 71.28120751277139
296.088729363809 71.28741066590398
296.0891812688602 71.29361381787149
296.0896334740286 71.29981696867279
296.09008597961275 71.30602011830672
296.09053878591175 71.31222326677208
296.0909918932249 71.31842641406777
296.09144530185216 71.32462956019256
296.0918990120936 71.33083270514534
296.09235302425 71.33703584892491
296.0928073386222 71.34323899153009
296.09326195551165 71.34944213295972
296.09371687522014 71.35564527321262
296.09508345428424 71.37425468689926
296.09599602664025 71.38666095678516
296.09645276962374 71.39286408995305
296.09690981755017 71.39906722193591
296.1014971359909 71.46109847632907
296.10195755851294 71.46730159519855
296.1024182896655 71.47350471286872
296.1028793297585 71.47970782933834
296.10334067910236 71.48591094460626
296.1038023380078 71.49211405867123
296.1083532667905 71.28726240944032
296.10881144835855 71.29346551219643
296.1092699342072 71.29966861375368
296.1097287246394 71.30587171411088
296.1101878199581 71.31207481326688
296.11064722046706 71.31827791122046
296.11110692647014 71.32448100797038
296.11156693827166 71.33068410351547
296.1120272561765 71.33688719785454
296.1124878804897 71.34309029098637
296.11294881151696 71.34929338290976
296.1134100495642 71.3554964736235
296.1138715949379 71.36169956312635
296.1143334479447 71.36790265141721
296.114795608892 71.37410573849473
296.1152580780873 71.38030882435783
296.1157208558387 71.38651190900516
296.1161839424546 71.39271499243563
296.11664733824387 71.39891807464794
296.1171110435157 71.40512115564093
296.1212983689143 71.46094882950473
296.1217651861131 71.46715189823678
296.1222323162239 71.47335496573591
296.1226997595608 71.47955803200097
296.1231675164386 71.48576109703066
296.12751271796424 71.28090905279213
296.1279768676108 71.28711210688917
296.12844132539476 71.29331515975551
296.1289060916225 71.2995182113899
296.1293711666009 71.30572126179116
296.1298365506373 71.31192431095802
296.1303022440394 71.3181273588893
296.1307682471153 71.32433040558374
296.1312345601736 71.33053345104005
296.1317011835231 71.3367364952571
296.1321681174732 71.34293953823362
296.13263536233376 71.34914257996832
296.13310291841475 71.35534562046003
296.1335707860269 71.36154865970745
296.1340389654811 71.36775169770937
296.1345074570889 71.37395473446453
296.13497626116197 71.38015776997172
296.1354453780127 71.38636080422964
296.1359148079536 71.39256383723709
296.13638455129785 71.3987668689928
296.1368546083589 71.40496989949547
296.1373249794506 71.41117292874391
296.13779566488734 71.41737595673688
296.1406263964087 71.4545940982583
296.14109929109713 71.46079711742738
296.1415725026604 71.46700013533082
296.14204603141656 71.4732031519674
296.1425198776842 71.47940616733581
296.14760016213603 71.28695975829989
296.1480708958308 71.29316276059812
296.14854194213206 71.29936576163092
296.14901330135086 71.305568761397
296.1494849737987 71.31177175989505
296.1499569597873 71.31797475712392
296.150429259629 71.32417775308227
296.1509018736364 71.33038074776886
296.15137480212275 71.33658374118241
296.15184804540144 71.34278673332165
296.15232160378645 71.3489897241853
296.1527954775921 71.35519271377211
296.1532696671332 71.36139570208083
296.15374417272494 71.36759868911008
296.1542189946828 71.37380167485867
296.15469413332295 71.38000465932531
296.1551695889617 71.38620764250872
296.1556453619161 71.39241062440759
296.15612145250327 71.39861360502064
296.156597861041 71.40481658434662
296.1570745878474 71.4110195623842
296.15755163324104 71.41722253913208
296.16042061382825 71.4544403724638
296.16089989828816 71.46064334014771
296.1613795038991 71.46684630653152
296.16185943098367 71.47304927161397
296.1623396798646 71.47925223539379
296.16282025086514 71.48545519786958
296.168177481594 71.29921126452683
296.1686551247432 71.30541421297852
296.169133085292 71.31161716012822
296.16961136355627 71.31782010597459
296.17008995985253 71.32402305051636
296.1705688744976 71.33022599375221
296.1710481078087 71.33642893568083
296.1715276601035 71.34263187630093
296.17200753170016 71.34883481561124
296.1724877229172 71.35503775361036
296.17296823407355 71.36124069029707
296.1734490654885 71.36744362567
296.173930217482 71.3736465597279
296.17441169037414 71.37984949246943
296.1748934844857 71.38605242389323
296.1753756001377 71.39225535399802
296.17585803765155 71.39845828278247
296.1763407973494 71.4046612102453
296.17779101277176 71.42326998469053
296.17924413948003 71.44187874719316
296.17972916351533 71.44808166536721
296.18021451232556 71.454284582209
296.1807001862364 71.4604874977172
296.1811861855743 71.46669041189038
296.18781270586675 71.29905472012842
296.18829663263233 71.30525761658664
296.18878088096756 71.31146051170838
296.18926545119257 71.31766340549227
296.1897503436281 71.32386629793693
296.1902355585949 71.33006918904115
296.1907210964146 71.33627207880349
296.19120695740895 71.34247496722263
296.1916931419002 71.34867785429728
296.19217965021113 71.35488074002603
296.1926664826648 71.36108362440756
296.1931536395848 71.36728650744055
296.1936411212951 71.37348938912363
296.19412892812016 71.37969226945545
296.19461706038487 71.38589514843466
296.19510551841444 71.39209802605995
296.19559430253463 71.39830090232988
296.1960834130716 71.40450377724316
296.1980431259257 71.4293152633024
296.1985338734542 71.43551813141194
296.1990249493656 71.44172099815661
296.1995163539891 71.4479238635351
296.2000080876544 71.45412672754598
296.20050015069154 71.46032959018788
296.20793782087287 71.30509897227289
296.20842835667594 71.31130181468711
296.2089192185427 71.31750465572854
296.2094104067979 71.32370749539577
296.20990192176663 71.32991033368741
296.2103937637745 71.33611317060215
296.21088593314755 71.34231600613857
296.21137843021233 71.3485188402953
296.2118712552955 71.35472167307098
296.2123644087244 71.36092450446424
296.21285789082697 71.36712733447368
296.21335170193123 71.3733301630979
296.2138458423659 71.37953299033555
296.21434031245997 71.38573581618523
296.2148351125429 71.39193864064558
296.2153302429448 71.39814146371515
296.21582570399596 71.40434428539257
296.2173140743551 71.42295274205813
296.2183079805843 71.43535837284884
296.21880543249364 71.44156118614414
296.2193032173772 71.44776399803747
296.219801335569 71.45396680852748
296.2202997874034 71.46016961761273
296.2207985732152 71.46637242529185
296.22757868532017 71.30493828008939
296.22807550826826 71.31114106911667
296.2285726614535 71.31734385673569
296.2290701452048 71.32354664294509
296.2295679598514 71.3297494277434
296.23006610572304 71.33595221112924
296.2305645831499 71.34215499310122
296.2310633924627 71.3483577736579
296.2315625339923 71.35456055279789
296.2320620080704 71.36076333051977
296.2325618150288 71.36696610682212
296.2330619551999 71.3731688817035
296.2335624289166 71.37937165516257
296.23406323651204 71.38557442719781
296.2345643783201 71.39177719780785
296.23506585467476 71.39797996699124
296.23556766591076 71.40418273474658
296.23606981236304 71.41038550107244
296.237578266375 71.42899379145865
296.23808175705204 71.43519655205219
296.2385855846273 71.44139931120904
296.2390897494386 71.4476020689278
296.23959425182414 71.45380482520697
296.24009909212253 71.46000758004514
296.24060427067286 71.4662103334409
296.24772233159604 71.31097827504996
296.2482257757724 71.31718100856675
296.24872955469203 71.32338374063795
296.24923366868825 71.32958647126217
296.249738118095 71.33578920043792
296.25024290324666 71.34199192816375
296.25074802447796 71.34819465443827
296.2512534821241 71.35439737926
296.25175927652094 71.36060010262747
296.25226540800435 71.36680282453929
296.2527718769111 71.3730055449939
296.25327868357806 71.37920826398998
296.25378582834287 71.38541098152594
296.2542933115433 71.39161369760039
296.2548011335178 71.39781641221185
296.2553092946051 71.40401912535887
296.2558177951446 71.41022183704
296.25632663547594 71.41642454725371
296.25683581593927 71.42262725599858
296.25734533687535 71.42882996327315
296.2578551986251 71.43503266907588
296.2583654015302 71.44123537340539
296.2588759459327 71.44743807626011
296.2593868321748 71.4536407776386
296.2598980605997 71.4598434775394
296.26040963155066 71.46604617596098
296.26092154537145 71.47224887290189
296.2668594262577 71.30461075232536
296.2678785573473 71.31701611127528
296.2683886311033 71.32321878852805
296.26889904411684 71.32942146429745
296.26940979672594 71.33562413858195
296.2699208892691 71.34182681138007
296.2704323220853 71.34802948269036
296.2709440955139 71.35423215251129
296.2714562098948 71.36043482084139
296.2719686655683 71.3666374876792
296.27248146287513 71.37284015302322
296.2729946021566 71.37904281687192
296.2735080837543 71.38524547922381
296.27402190801035 71.39144814007744
296.27453607526735 71.39765079943129
296.2750505858684 71.40385345728384
296.2755654401569 71.41005611363362
296.27608063847686 71.41625876847907
296.27659618117275 71.42246142181874
296.2771120685893 71.4286640736511
296.277628301072 71.43486672397465
296.27814487896654 71.44106937278785
296.2786618026192 71.4472720200892
296.27917907237673 71.45347466587718
296.2796966885863 71.45967731015028
296.2802146515956 71.46587995290697
296.2807329617527 71.47208259414577
296.28753100202624 71.31684916491564
296.28804737028264 71.32305178666981
296.28856408197703 71.32925440690371
296.2890811374515 71.33545702561584
296.2895985370488 71.34165964280467
296.2901162811121 71.34786225846871
296.2906343699849 71.35406487260639
296.2911528040112 71.36026748521623
296.29167158353556 71.36647009629668
296.2921907089029 71.3726727058462
296.29271018045876 71.37887531386328
296.29322999854884 71.38507792034639
296.2937501635196 71.39128052529402
296.2942706757177 71.3974831287046
296.2947915354905 71.40368573057656
296.2953127431857 71.40988833090842
296.2958342991515 71.41609092969864
296.2963562037366 71.42229352694562
296.29687845729 71.42849612264786
296.29740106016135 71.43469871680378
296.29792401270066 71.44090130941186
296.2984473152585 71.44710390047055
296.29897096818576 71.45330648997826
296.299494971834 71.45950907793345
296.3000193265552 71.46571166433458
296.30054403270157 71.47191424918005
296.3010690906261 71.47811683246832
296.3082287781092 71.32908529913598
296.308752136108 71.33528786159472
296.309275842418 71.34149042249277
296.30979989738637 71.34769298182857
296.3103243013609 71.35389553960061
296.31084905468975 71.3600980958073
296.3113741577217 71.36630065044707
296.31189961080577 71.37250320351838
296.3124254142917 71.37870575501962
296.31295156852946 71.38490830494925
296.31347807386965 71.39111085330573
296.31400493066326 71.39731340008744
296.31453213926176 71.4035159452928
296.3150597000172 71.40971848892026
296.31558761328176 71.41592103096824
296.3161158794085 71.42212357143514
296.31664449875075 71.42832611031938
296.31823247961125 71.44693371746027
296.3187625153585 71.45313624999801
296.3192929060952 71.45933878094513
296.3198236521774 71.46554131030004
296.3203547539619 71.47174383806114
296.3284227885323 71.33511664657442
296.3289528012092 71.34131915050024
296.32948316673657 71.34752165282593
296.3300138854662 71.35372415354993
296.3305449577506 71.35992665267068
296.3310763839425 71.36612915018651
296.33160816439533 71.37233164609589
296.33214029946294 71.37853414039712
296.3326727894995 71.38473663308866
296.3332056348598 71.39093912416891
296.33373883589906 71.39714161363622
296.33427239297293 71.403344101489
296.3348063064377 71.40954658772561
296.33534057664986 71.41574907234444
296.33694553134484 71.4343565164781
296.34862940925547 71.34114582688359
296.34916608499145 71.34734827151732
296.3497031181255 71.35355071451107
296.3502405090141 71.3597531558631
296.35077825801443 71.3659555955718
296.35131636548385 71.37215803363554
296.3518548317805 71.3783604700527
296.3523936572628 71.38456290482159
296.35293284228965 71.39076533794058
296.3534723872205 71.396967769408
296.3540122924153 71.40317019922226
296.35509318503875 71.41557505388451
296.3556341731896 71.4217774787292
296.36830566239024 71.34097045170013
296.369391995164 71.3533752225413
296.36993570430155 71.35957760544194
296.3704797757543 71.36577998666037
296.37102420988407 71.37198236619493
296.3715690070529 71.37818474404389
296.3721141676236 71.38438712020564
296.37265969195926 71.39058949467841
296.37320558042353 71.39679186746058
296.37375183338054 71.40299423855039
296.37539278285647 71.42160134164904
296.3890805124073 71.3531976776987
296.3896305394342 71.35940000146532
296.3901809329795 71.36560232351037
296.390731693409 71.37180464383218
296.3912828210892 71.37800696242898
296.3918343163868 71.38420927929911
296.40932501023417 71.35922034399198
296.4098817255077 71.36542260618062
296.4109962696986 71.37782712526692
