# successful candidates for region at (76.23668325185503, 4.29237329835666) and radius 1.0
76.25978688604727 4.817563368139128
76.25978812070318 4.855156059751034
76.25978832713719 4.861421508352997
76.26607876679103 4.8238285929034594
76.26607981404389 4.8488903868857784
76.26608007645513 4.855155835381334
76.26608033910559 4.861421283876881
76.26608060199528 4.867686732372417
76.2723660288963 4.736112038321867
76.2723663422476 4.7423774866857595
76.2723698082656 4.811297418687649
76.27237012509977 4.817562867051371
76.27237107734443 4.836359212142452
76.27237171362611 4.848890108869768
76.27237203220257 4.855155557233404
76.27237235106946 4.861421005597027
76.27237267022682 4.867686453960634
76.27237330941291 4.880217350687805
76.27865619008492 4.723580812972656
76.27865655799769 4.7298462611792615
76.27865692625173 4.736111709385848
76.27865729484706 4.742377157592415
76.27866062756615 4.798766191450632
76.2786609995754 4.8050316396570025
76.27866137192612 4.811297087863351
76.27866174461838 4.817562536069683
76.27866211765215 4.823827984275993
76.27866286474433 4.836358880688554
76.2786632388028 4.842624328894805
76.27866398794455 4.855155225307247
76.27866436302787 4.861420673513439
76.27866473845285 4.86768612171961
76.27866549032787 4.8802170181318925
76.28494655443741 4.717314983084657
76.28494697709951 4.723580431108486
76.28494740015398 4.729845879132289
76.28494782360089 4.736111327156065
76.28494824744023 4.742376775179816
76.28495207965776 4.7987658073924
76.28495250742269 4.805031255415891
76.28495293558029 4.811296703439354
76.28495336413057 4.817562151462791
76.2849537930736 4.823827599486204
76.28495422240934 4.830093047509589
76.28495465213784 4.836358495532948
76.28495508225912 4.84262394355628
76.2849555127732 4.848889391579586
76.28495637497984 4.861420287626121
76.28495680667245 4.867685735649348
76.28495723875794 4.873951183672549
76.28495767123633 4.880216631695723
76.29123728635425 4.717314548185989
76.2912377641069 4.723579996001533
76.29123872094284 4.736110891632522
76.2912392000262 4.742376339447966
76.29123967955319 4.748641787263376
76.29124353174207 4.798765369785469
76.29124401526268 4.805030817600582
76.29124449922712 4.81129626541566
76.29124498363547 4.817561713230704
76.2912454684877 4.823827161045716
76.29124595378386 4.830092608860693
76.29124643952397 4.836358056675638
76.29124692570807 4.842623504490549
76.29124741233615 4.848888952305425
76.29124789940825 4.855154400120269
76.2912483869244 4.861419847935077
76.29124887488462 4.867685295749854
76.29124936328894 4.873950743564596
76.29124985213737 4.880216191379304
76.29125034142993 4.8864816391939785
76.29125083116666 4.892747087008619
76.29125181197273 4.9052779826377995
76.2912523030421 4.9115434304523395
76.29753015260401 4.742375850396871
76.29753068742613 4.748641297978478
76.29753122274306 4.754906745560044
76.29753498381811 4.7987648786298465
76.29753552309438 4.805030326211081
76.29753606286567 4.811295773792274
76.29753660313204 4.817561221373425
76.2975371438935 4.823826668954536
76.29753768515008 4.830092116535603
76.29753822690179 4.8363575641166285
76.29753876914866 4.842623011697613
76.29753931189074 4.848888459278555
76.29753985512804 4.8551539068594565
76.29754039886058 4.861419354440314
76.2975409430884 4.867684802021132
76.29754148781153 4.873950249601907
76.29754203302998 4.880215697182639
76.29754257874379 4.88648114476333
76.297543124953 4.89274659234398
76.29754367165759 4.899012039924586
76.29754421885762 4.905277487505151
76.29754476655314 4.911542935085673
76.29754531474413 4.917808382666153
76.3038222859532 4.754906202671112
76.3038228771624 4.761171649993324
76.30382346891763 4.767437097315486
76.30382584139923 4.792498886603627
76.30382643588496 4.798764333925536
76.30382703091686 4.805029781247395
76.303827626495 4.811295228569203
76.30382822261939 4.8175606758909595
76.30382881929005 4.823826123212667
76.303829416507 4.830091570534322
76.3038300142703 4.836357017855927
76.30383061257996 4.842622465177481
76.30383121143602 4.848887912498984
76.30383181083849 4.855153359820437
76.30383241078742 4.861418807141838
76.30383301128285 4.867684254463188
76.30383361232477 4.873949701784487
76.30383421391323 4.880215149105735
76.30383481604827 4.8864805964269316
76.3038354187299 4.892746043748078
76.30383602195818 4.899011491069172
76.30383723005471 4.911542385711207
76.30383783492306 4.917807833032148
76.30383844033814 4.924073280353036
76.31011464296375 4.767436500486718
76.31011529076478 4.773701947524004
76.31011658815859 4.786232841598396
76.31011723775144 4.7924982886355005
76.31011788794163 4.798763735672546
76.31011853872918 4.8050291827095295
76.31011919011414 4.8112946297464525
76.31011984209651 4.817560076783316
76.31012049467635 4.823825523820118
76.3101211478537 4.830090970856858
76.31012180162855 4.8363564178935405
76.310122456001 4.84262186493016
76.31012311097102 4.848887311966719
76.31012376653867 4.855152759003217
76.31012442270396 4.861418206039653
76.31012507946696 4.867683653076029
76.31012573682766 4.873949100112345
76.31012639478614 4.880214547148597
76.31012705334238 4.88647999418479
76.31012771249645 4.892745441220922
76.31012969354587 4.911541782328946
76.31013035509154 4.917807229364834
76.31640441234235 4.75490495678261
76.31640511434642 4.761170403509719
76.31640581699884 4.767435850236757
76.31640652029961 4.773701296963724
76.3164072242488 4.77996674369062
76.31640792884644 4.7862321904174445
76.31640863409255 4.7924976371442
76.31640933998719 4.79876308387088
76.31641004653035 4.805028530597491
76.3164107537221 4.8112939773240315
76.31641146156247 4.8175594240505
76.31641217005149 4.823824870776896
76.3164128791892 4.8300903175032195
76.31641358897562 4.836355764229474
76.31641429941081 4.842621210955655
76.31641501049478 4.848886657681765
76.31641572222757 4.855152104407803
76.31641643460924 4.861417551133768
76.31641714763978 4.867682997859664
76.31641786131927 4.873948444585484
76.3164185756477 4.880213891311235
76.31641929062515 4.886479338036913
76.31642000625163 4.8927447847625185
76.3164207225272 4.8990102314880515
76.32269547551947 4.754904253783055
76.32269623292095 4.761169700174374
76.32269850932255 4.779966039347836
76.32269926952226 4.786231485738823
76.32270003042161 4.792496932129728
76.32270079202067 4.798762378520551
76.32270155431944 4.805027824911289
76.32270231731798 4.811293271301945
76.32270308101633 4.817558717692518
76.3227038454145 4.823824164083008
76.32270461051255 4.830089610473413
76.32270537631051 4.836355056863737
76.32270614280843 4.8426205032539755
76.32270691000633 4.848885949644132
76.32270767790426 4.855151396034204
76.32270844650226 4.861416842424192
76.32270921580036 4.8676822888140965
76.3227099857986 4.8739477352039176
76.322710756497 4.880213181593653
76.32271152789563 4.886478627983307
76.3227122999945 4.892744074372876
76.32271307279369 4.899009520762361
76.32898816503209 4.767434389473287
76.32898897933234 4.773699835503134
76.32898979438332 4.779965281532884
76.32899061018509 4.786230727562539
76.32899142673769 4.792496173592099
76.32899224404113 4.798761619621563
76.32899306209549 4.805027065650932
76.3289938809008 4.811292511680205
76.3289947004571 4.817557957709381
76.32899552076441 4.823823403738462
76.3289963418228 4.8300888497674475
76.32899716363228 4.836354295796337
76.32899798619292 4.842619741825129
76.32899880950472 4.848885187853826
76.32899963356778 4.8551506338824275
76.32900045838208 4.8614160799109305
76.32900128394772 4.8676815259393384
76.32900211026468 4.87394697196765
76.32900293733304 4.880212417995864
76.32900376515283 4.886477864023982
76.3290045937241 4.892743310052003
76.32900542304685 4.899008756079926
76.32900625312118 4.905274202107753
76.32900708394709 4.911539648135484
76.3352750020559 4.736106350742948
76.3352758678469 4.742371796386534
76.33527760183406 4.754902687673383
76.33527933902839 4.767433578959795
76.33528020882832 4.7736990246028395
76.33528107943017 4.779964470245775
76.33528195083399 4.786229915888602
76.33528282303979 4.792495361531319
76.33528369604764 4.7987608071739265
76.33528456985755 4.805026252816427
76.3352854444696 4.811291698458818
76.33528631988383 4.817557144101098
76.33528719610027 4.82382258974327
76.33528807311896 4.830088035385332
76.33528895093995 4.836353481027283
76.33528982956328 4.842618926669126
76.33529070898899 4.8488843723108594
76.33529158921715 4.855149817952482
76.33529247024775 4.861415263593995
76.33529335208088 4.8676807092353975
76.33529423471657 4.873946154876691
76.33529511815485 4.880211600517874
76.33529600239578 4.886477046158946
76.33529688743941 4.892742491799907
76.33529777328576 4.899007937440759
76.33529865993488 4.905273383081499
76.33529954738682 4.91153882872213
76.34156589930639 4.736105488869564
76.34156682034128 4.742370934100926
76.34156774222903 4.748636379332165
76.34156866496969 4.754901824563282
76.34156958856327 4.761167269794275
76.34157051300986 4.767432715025146
76.34157143830947 4.773698160255895
76.34157236446217 4.779963605486519
76.34157329146798 4.786229050717021
76.34157421932699 4.792494495947399
76.3415751480392 4.798759941177654
76.34157607760467 4.805025386407785
76.34157700802345 4.811290831637793
76.34157793929559 4.817556276867678
76.34157887142112 4.8238217220974375
76.34157980440011 4.830087167327075
76.34158073823258 4.836352612556588
76.34158167291858 4.842618057785975
76.34158260845817 4.84888350301524
76.34158354485139 4.85514894824438
76.34158448209828 4.861414393473395
76.3415854201989 4.867679838702285
76.34158635915328 4.873945283931052
76.34158729896147 4.880210729159693
76.34158823962353 4.88647617438821
76.34158918113948 4.892741619616601
76.34159012350939 4.899007064844867
76.3415910667333 4.90527251007301
76.34159201081124 4.911537955301024
76.3415929557433 4.917803400528914
76.34785484669557 4.7235736841147835
76.34785582116645 4.729839128908705
76.34785679654124 4.73610457370249
76.34785777281999 4.742370018496137
76.34785875000274 4.748635463289647
76.34785972808956 4.754900908083019
76.34786168697556 4.7674317976693485
76.34786266777482 4.773697242462306
76.34786364947836 4.779962687255126
76.34786463208617 4.786228132047806
76.34786561559834 4.792493576840349
76.3478666000149 4.798759021632753
76.34786758533589 4.805024466425018
76.34786857156138 4.811289911217144
76.3478695586914 4.817555356009131
76.34787054672601 4.82382080080098
76.34787153566525 4.830086245592689
76.34787252550919 4.836351690384258
76.34787351625785 4.842617135175688
76.34787450791129 4.848882579966978
76.34787550046957 4.85514802475813
76.34787649393272 4.861413469549141
76.34787748830078 4.867678914340011
76.34787848357384 4.873944359130742
76.34787947975192 4.880209803921333
76.34788047683507 4.886475248711783
76.34788147482334 4.892740693502093
76.3478824737168 4.899006138292263
76.34788347351545 4.905271583082292
76.3478844742194 4.911537027872179
76.34788547582866 4.9178024726619265
76.34788647834327 4.924067917451533
76.34788748176331 4.930333362240998
76.3541353899729 4.660918273264478
76.3541456335796 4.7235727165803905
76.35414666319201 4.72983816091114
76.35414769375949 4.736103605241738
76.35414872528207 4.74236904957218
76.35414975775981 4.74863449390247
76.35415079119278 4.7548999382326045
76.35415286092454 4.767430826892415
76.35415389722345 4.773696271222088
76.35415493447778 4.7799617155516065
76.35415597268756 4.78622715988097
76.35415701185286 4.79249260421018
76.35415805197376 4.798758048539235
76.35415909305024 4.805023492868134
76.35416013508241 4.8112889371968794
76.35416117807031 4.817554381525469
76.35416222201398 4.823819825853904
76.35416326691346 4.830085270182184
76.35416431276883 4.8363507145103055
76.35416535958012 4.842616158838273
76.35416640734739 4.848881603166086
76.3541674560707 4.855147047493742
76.35416850575008 4.861412491821241
76.3541695563856 4.867677936148586
76.3541706079773 4.873943380475772
76.35417166052522 4.8802088248028035
76.35417271402947 4.8864742691296765
76.35417376849003 4.892739713456395
76.35417482390699 4.899005157782955
76.3541758802804 4.905270602109359
76.35417693761029 4.9115360464356055
76.35417799589673 4.917801490761693
76.35417905513978 4.924066935087626
76.36043750520008 4.729837139645398
76.3604385909602 4.736102583487317
76.36043967772659 4.742368027329066
76.3604407654993 4.748633471170645
76.36044294406389 4.761164358853288
76.36044403485587 4.767429802694355
76.3604451266544 4.773695246535249
76.36044621945949 4.779960690375972
76.36044731327122 4.786226134216524
76.36044840808965 4.792491578056904
76.36044950391484 4.798757021897112
76.3604506007468 4.805022465737148
76.36045169858563 4.811287909577011
76.36045279743135 4.817553353416704
76.36045389728406 4.823818797256223
76.36045499814377 4.83008424109557
76.36045610001054 4.836349684934744
76.36045720288443 4.842615128773746
76.36045830676552 4.848880572612574
76.36045941165382 4.85514601645123
76.36046051754943 4.861411460289712
76.36046162445234 4.867676904128022
76.36046273236266 4.873942347966155
76.36046384128045 4.880207791804117
76.36046495120573 4.886473235641905
76.36046606213856 4.8927386794795185
76.360467174079 4.899004123316958
76.36046828702712 4.905269567154222
76.36046940098295 4.911535010991314
76.36047051594657 4.91780045482823
76.36047163191802 4.9240658986649715
76.36047274889734 4.930331342501537
76.3667169958077 4.667181631823637
76.36672948814244 4.736101508439243
76.36673063015262 4.742366951766807
76.36673177322025 4.748632395094185
76.3667352087686 4.767428725075183
76.3667363560667 4.7736941684018035
76.36673750442255 4.779959611728236
76.36673865383621 4.786225055054478
76.36673980430773 4.792490498380532
76.36674095583717 4.798755941706395
76.3667421084246 4.805021385032069
76.36674326207005 4.811286828357553
76.3667444167736 4.817552271682846
76.3667455725353 4.823817715007951
76.3667467293552 4.830083158332863
76.36674788723336 4.836348601657584
76.36674904616984 4.842614044982115
76.3667502061647 4.848879488306455
76.36675136721797 4.855144931630604
76.36675252932976 4.861410374954562
76.36675369250008 4.867675818278329
76.366754856729 4.873941261601903
76.36675602201657 4.8802067049252855
76.36675718836288 4.886472148248476
76.36675835576797 4.892737591571476
76.36675952423188 4.899003034894281
76.36676069375467 4.905268478216896
76.36676186433642 4.911533921539317
76.36676303597717 4.917799364861545
76.36676420867698 4.924064808183581
76.37302038530525 4.736100380097526
76.37302158255919 4.742365822885417
76.37302518097299 4.761162151247849
76.37302758545943 4.773693036821765
76.373028789366 4.7799584796084105
76.37302999438155 4.786223922394849
76.37303120050615 4.792489365181079
76.37303240773983 4.7987548079671
76.37303361608268 4.8050202507529125
76.37303482553473 4.811285693538517
76.37303603609607 4.817551136323911
76.37303724776675 4.8238165791090974
76.37303846054681 4.830082021894073
76.37303967443633 4.83634746467884
76.37304088943536 4.842612907463397
76.37304210554396 4.848878350247744
76.3730433227622 4.855143793031882
76.37304454109012 4.861409235815806
76.37304576052782 4.867674678599523
76.37304698107532 4.873940121383028
76.37304820273268 4.880205564166324
76.37304942549997 4.8864710069494075
76.37305064937726 4.89273644973228
76.3730518743646 4.899001892514941
76.37305310046206 4.905267335297391
76.37305432766969 4.9115327780796285
76.37305555598756 4.917798220861655
76.37305678541571 4.924063663643469
76.37931128244773 4.73609919846218
76.37931253494538 4.742364640684907
76.37931378860281 4.74863008290741
76.37931504342012 4.754895525129684
76.3793162993973 4.761160967351731
76.37931755653446 4.767426409573552
76.37931881483163 4.773691851795145
76.3793200742889 4.77995729401651
76.37932133490632 4.786222736237648
76.37932259668393 4.792488178458557
76.37932385962185 4.798753620679238
76.3793251237201 4.805019062899691
76.37932638897873 4.811284505119915
76.37932765539782 4.817549947339911
76.37932892297744 4.8238153895596785
76.37933019171763 4.830080831779216
76.37933146161849 4.836346273998524
76.37933273268004 4.842611716217603
76.37933400490236 4.848877158436451
76.37933527828554 4.855142600655071
76.37933655282959 4.861408042873459
76.3793378285346 4.8676734850916175
76.37933910540063 4.8739389273095455
76.37934038342776 4.8802043695272435
76.37934166261603 4.886469811744709
76.3793429429655 4.892735253961945
76.37934422447624 4.899000696178948
76.37934550714834 4.905266138395722
76.37934679098181 4.9115315806122615
76.37934807597676 4.91779702282857
76.38560348731026 4.742363405165295
76.38560479626256 4.748628846797123
76.38560610642585 4.754894288428703
76.3856074178002 4.761159730060037
76.38560873038568 4.767425171691122
76.38561004418236 4.77369061332196
76.3856113591903 4.779956054952549
76.38561267540955 4.78622149658289
76.38561399284018 4.792486938212982
76.38561531148227 4.798752379842826
76.38561663133588 4.80501782147242
76.38561795240106 4.811283263101766
76.38561927467788 4.817548704730861
76.38562059816641 4.823814146359708
76.38562192286672 4.830079587988305
76.38562324877887 4.836345029616651
76.38562457590291 4.842610471244747
76.38562590423895 4.848875912872593
76.38562723378699 4.855141354500189
76.38562856454715 4.8614067961275325
76.38562989651946 4.867672237754626
76.385631229704 4.873937679381468
76.38563256410085 4.880203121008059
76.38563389971006 4.886468562634398
76.3856352365317 4.892734004260484
76.38563657456582 4.898999445886319
76.3856379138125 4.905264887511901
76.3856392542718 4.911530329137231
76.39189307666784 4.7360966753106615
76.39189443965287 4.742362116326593
76.39189580389998 4.748627557342258
76.39189716940926 4.754892998357651
76.39189853618075 4.761158439372777
76.39189990421453 4.767423880387635
76.39190127351067 4.773689321402222
76.39190264406923 4.779954762416541
76.39190401589029 4.786220203430589
76.39190538897392 4.792485644444366
76.39190676332016 4.798751085457876
76.3919081389291 4.805016526471112
76.39190951580078 4.8112819674840805
76.39191089393532 4.817547408496776
76.39191227333274 4.823812849509202
76.39191365399311 4.830078290521355
76.39191503591653 4.836343731533236
76.39191641910304 4.842609172544846
76.39191780355272 4.848874613556185
76.39191918926562 4.855140054567251
76.39192057624184 4.861405495578044
76.39192196448144 4.867670936588564
76.39192335398447 4.873936377598811
76.391924744751 4.8802018186087865
76.39192613678111 4.886467259618486
76.39192753007487 4.8927327006279135
76.39192892463232 4.898998141637069
76.39193032045358 4.905263582645947
76.39193171753868 4.911529023654553
76.3981839737436 4.736095333794518
76.39818539197228 4.742360774168817
76.39818681151417 4.748626214542826
76.39818823236939 4.754891654916544
76.398189654538 4.761157095289971
76.39819107802005 4.767422535663107
76.39819250281563 4.77368797603595
76.39819392892478 4.779953416408501
76.39819535634763 4.786218856780761
76.39819678508418 4.792484297152729
76.39819821513454 4.798749737524403
76.39819964649878 4.805015177895785
76.39820107917694 4.811280618266875
76.39820251316914 4.817546058637671
76.39820394847541 4.823811499008173
76.39820538509584 4.830076939378381
76.39820682303048 4.836342379748295
76.39820826227943 4.842607820117915
76.39820970284273 4.84887326048724
76.39821114472048 4.855138700856272
76.39821258791272 4.861404141225007
76.39821403241955 4.8676695815934465
76.39821547824103 4.873935021961591
76.39821692537721 4.880200462329442
76.3982183738282 4.886465902696993
76.39821982359405 4.89273134306425
76.39822127467482 4.89899678343121
76.39822272707062 4.905262223797874
76.39822418078147 4.911527664164239
76.40445438540515 4.64837778305155
76.40445583978337 4.65464322276309
76.40446899054876 4.711032180152969
76.40447045856415 4.717297619861399
76.40447339868733 4.729828499277318
76.40447487079527 4.736093938984808
76.40447634426754 4.742359378691984
76.40447781910419 4.748624818398848
76.404480772871 4.761155697811631
76.40448225180127 4.767421137517552
76.40448373209625 4.773686577223158
76.40448521375599 4.779952016928447
76.40448669678057 4.786217456633424
76.40448818117002 4.7924828963380826
76.40448966692448 4.798748336042427
76.40449115404397 4.805013775746455
76.40449264252861 4.811279215450167
76.40449413237842 4.8175446551535615
76.40449562359352 4.82381009485664
76.40449711617394 4.830075534559402
76.40449861011979 4.836340974261844
76.40450010543113 4.84260641396397
76.40450160210803 4.848871853665777
76.40450310015056 4.855137293367268
76.4045045995588 4.861402733068439
76.40450610033285 4.86766817276929
76.40450760247273 4.873933612469824
76.40450910597855 4.880199052170039
76.40451061085038 4.8864644918699325
76.40451211708827 4.892729931569508
76.40451362469233 4.898995371268763
76.40451513366261 4.905260810967698
76.4045166439992 4.911526250666311
76.41074150082294 4.6358454666028335
76.41074300690003 4.642110905622761
76.41074451439152 4.648376344642355
76.41074602329743 4.654641783661616
76.41074753361787 4.660907222680543
76.4107703582161 4.7548888079242255
76.4107734255573 4.76741968595099
76.41077496135163 4.773685124963863
76.41077649856189 4.779950563976397
76.41077803718817 4.786216002988591
76.41077957723051 4.7924814420004465
76.41078111868902 4.798746881011962
76.41078266156374 4.805012320023137
76.41078420585477 4.811277759033972
76.41078575156219 4.817543198044467
76.41078729868607 4.8238086370546185
76.41078884722647 4.830074076064431
76.41079039718348 4.8363395150739
76.41079194855718 4.842604954083028
76.41079350134764 4.848870393091813
76.41079505555493 4.855135832100256
76.41079661117915 4.861401271108356
76.41079816822034 4.867666710116113
76.41079972667862 4.873932149123527
76.41080128655402 4.8801975881305975
76.41080284784664 4.8864630271373235
76.41080441055657 4.892728466143705
76.41080597468387 4.898993905149742
76.41080754022862 4.905259344155435
76.41703152088185 4.63584397669231
76.41703308138439 4.642109414994529
76.41703464335242 4.648374853296392
76.41703620678598 4.654640291597897
76.41703777168517 4.660905729899043
76.4170503436506 4.711029236295283
76.41705192174389 4.717294674593193
76.4170535013036 4.723560112890739
76.41706300946048 4.761152742668425
76.41706459928713 4.767418180963436
76.41706619058078 4.773683619258082
76.41706778334155 4.779949057552366
76.41706937756949 4.786214495846285
76.41707097326467 4.792479934139838
76.4170725704272 4.798745372433027
76.41707416905712 4.805010810725851
76.41707576915454 4.811276249018309
76.4170773707195 4.817541687310401
76.41707897375213 4.823807125602127
76.41708057825245 4.830072563893488
76.4170821842206 4.836338002184479
76.41708379165662 4.842603440475106
76.4170854005606 4.848868878765365
76.41708701093262 4.8551343170552546
76.41708862277277 4.8613997553447765
76.41709023608108 4.867665193633932
76.41709185085769 4.873930631922717
76.41709346710266 4.880196070211134
76.41709508481605 4.886461508499181
76.41709670399796 4.892726946786858
76.41709832464846 4.898992385074166
76.42331992750303 4.629576996336568
76.42332154091446 4.635842433895987
76.42332315584238 4.642107871455023
76.4233247722869 4.648373309013677
76.42332639024809 4.654638746571948
76.42332800972602 4.660904184129834
76.4233410201618 4.711027684579083
76.42334265329401 4.717293122133503
76.42334428794375 4.723558559687536
76.42335412771509 4.761151185003593
76.42335577298985 4.767416622554909
76.4233574197828 4.773682060105836
76.42335906809403 4.779947497656372
76.42336071792359 4.786212935206518
76.42336236927157 4.792478372756274
76.42336402213807 4.798743810305639
76.42336567652316 4.805009247854612
76.4233673324269 4.811274685403195
76.4233689898494 4.817540122951384
76.42337064879072 4.823805560499184
76.42337230925096 4.83007099804659
76.42337397123019 4.836336435593603
76.4233756347285 4.842601873140223
76.42337729974597 4.848867310686448
76.42337896628267 4.85513274823228
76.42338063433868 4.86139818577772
76.42338230391411 4.867663623322763
76.42338397500902 4.873929060867412
76.42338564762349 4.880194498411666
76.4233873217576 4.886459935955523
76.42338899741146 4.892725373498987
76.42961156091981 4.635840838213883
76.42961323027309 4.642106275004261
76.42963338481638 4.717291516456781
76.42964864895671 4.7736804475071395
76.42965035281836 4.779945884288434
76.4296520582495 4.786211321069313
76.42965376525025 4.792476757849774
76.42965547382069 4.798742194629816
76.42965718396088 4.805007631409443
76.42965889567093 4.811273068188649
76.42966060895091 4.817538504967437
76.4296623238009 4.823803941745807
76.429664040221 4.830069378523755
76.42966575821129 4.836334815301287
76.42966747777184 4.8426002520783955
76.42966919890274 4.848865688855086
76.4296709216041 4.855131125631353
76.42967264587597 4.861396562407202
76.42967437171843 4.867661999182627
76.42967609913161 4.873927435957631
76.42967955867037 4.886458309506372
76.42968129079613 4.892723746280108
76.435901580897 4.63583918964602
76.43590330467559 4.642104625642263
76.43590503007299 4.64837006163807
76.43590848572457 4.6609009336283735
76.4359416375136 4.779944217448574
76.43594339854629 4.786209653434688
76.43594516119977 4.792475089420357
76.43594692547408 4.798740525405581
76.43594869136938 4.805005961390359
76.43595045888567 4.811271397374692
76.43595222802308 4.817536833358577
76.43595399878171 4.823802269342015
76.43595577116163 4.830067705325006
76.43595754516292 4.83633314130755
76.43595932078568 4.842598577289646
76.43596109803 4.848864013271294
76.43596287689594 4.855129449252494
76.43596465738362 4.861394885233243
76.43597000857788 4.880191193172795
76.43597179555336 4.886456629151745
76.43597358415097 4.8927220651302425
76.4421916008451 4.635837488192414
76.44219337904896 4.642102923369047
76.44219515892276 4.648368358545215
76.44219694046654 4.65463379372092
76.4422329221788 4.77994249713681
76.442234738813 4.786207932302663
76.44223655711916 4.792473367468043
76.44223837709734 4.7987388026329505
76.44224019874765 4.805004237797383
76.44224202207016 4.811269672961341
76.44224384706499 4.817535108124822
76.4422456737322 4.82380054328783
76.4422475020719 4.830065978450362
76.44224933208415 4.836331413612416
76.44225116376907 4.8425968487739945
76.44225299712674 4.848862283935095
76.44226403240557 4.886454894891661
76.44226587747501 4.8927203300494115
76.44226957263443 4.9052512003634705
76.44227142272456 4.911516635519779
76.44847978985506 4.629570299521049
76.4484816207632 4.635835733853089
76.44848528774241 4.648366602515689
76.44848896160613 4.660897471176316
76.44852607904868 4.786206157673259
76.44852795300748 4.792471591992854
76.44852982868946 4.798737026311946
76.44853170609477 4.805002460630534
76.44853358522346 4.811267894948618
76.44853546607563 4.8175333292661975
76.4485373486514 4.823798763583271
76.44853923295081 4.83006419789984
76.44854300672104 4.8425950665314605
76.44854489619203 4.84886050084651
76.44854678738706 4.855125935161052
76.44855247131733 4.873922238101633
76.44855436940944 4.880187672414143
76.4547678718579 4.623303059704527
76.45477164065039 4.635833926628065
76.45477730712975 4.65463022700945
76.4548174192524 4.786204329546497
76.45481934886377 4.792469762994811
76.45482128024953 4.79873519644259
76.45482321340978 4.805000629889835
76.4548251483446 4.8112660633365465
76.45482708505408 4.8175314967827205
76.45482902353834 4.8237969302283625
76.45483290583151 4.836327797118034
76.45483484964063 4.842593230562065
76.45483679522489 4.848858664005558
76.46110875942315 4.7862024479224
76.46111472069173 4.804998745575308
76.46111671143261 4.811264178125146
76.46111870399938 4.817529610674417
76.46112069839208 4.823795043223122
76.46740827448659 4.8112622393144395
76.46741032291055 4.817527670941306
76.5112298736579 4.222297264303593
76.51123210346533 4.228562688836277
76.51751413544343 4.216029578999962
76.51751641403234 4.2222950024106085
76.51751869489685 4.228560425820437
76.52380062477451 4.216027267049296
76.52380295436951 4.222292689311704
76.52380528629105 4.228558111573258
76.52380762053924 4.234823533833954
76.5238099571142 4.241088956093796
76.52381229601605 4.247354378352779
76.53008473584389 4.2097594828285185
76.53008711406756 4.21602490391816
76.53008949466859 4.2222903250069095
76.5300918776471 4.228555746094768
76.5300942630032 4.234821167181731
76.53009665073704 4.2410865882678
76.53010382820591 4.2598828515206355
76.53636632307006 4.1972262299319825
76.5363687473925 4.203491649824445
76.53637360332172 4.21602248960658
76.53637603492872 4.222287909496253
76.53637846896414 4.2285533293849955
76.53638090542812 4.234818749272804
76.53638334432074 4.241084169159682
76.53638822939241 4.253615008930632
76.53639067557172 4.2598804288147045
76.53639312418014 4.266145848697841
76.53640786684895 4.303738367976948
76.54266009253617 4.216020024114588
76.5426625751491 4.222285442779764
76.54266506024139 4.228550861443971
76.54266754781315 4.234816280107205
76.54267003786451 4.2410816987694675
76.54267253039559 4.247347117430755
76.54267502540651 4.253612536091071
76.54267752289739 4.25987795475041
76.54268002286837 4.266143373408774
76.54268503025102 4.278674210722568
76.54268753766294 4.284939629377997
76.54269004755545 4.291205048032448
76.54269255992862 4.297470466685917
76.5426950747826 4.303735885338406
76.5489440506215 4.209752090025939
76.5489465817101 4.216017507442211
76.54894911532887 4.222282924857472
76.54895165147795 4.228548342271724
76.54895419015745 4.234813759684964
76.5489567313675 4.2410791770971885
76.5489592751082 4.2473445945084025
76.5489618213797 4.2536100119185996
76.5489643701821 4.259875429327781
76.54896692151556 4.266140846735946
76.54896947538018 4.272406264143094
76.54897203177606 4.278671681549224
76.54897459070335 4.284937098954336
76.54897715216217 4.291202516358425
76.55524861731115 4.253607436413248
76.55525121742502 4.25987285254685
76.55525382012088 4.266138268679392
76.55525642539888 4.272403684810877
76.5552590332591 4.2786691009413005
76.55526164370168 4.284934517070664
76.55526687233447 4.297465349326205
76.5615380646253 4.2598702244076465
76.5615407186835 4.266135639239143
76.56154337537481 4.272401054069538
76.5615460346993 4.278666468898829
76.5615513612484 4.291197298554105
76.56155402847327 4.297462713380084
76.56782220904545 4.253602131404037
76.56782491178205 4.259867544910204
76.56782761720258 4.266132958415228
76.56783032530713 4.272398371919107
76.56783303609582 4.278663785421842
76.56783574956881 4.284929198923431
76.56783846572623 4.291194612423871
76.57410625353344 4.247333989744741
76.57410900484662 4.2535994019002406
76.5741117588945 4.259864814054554
76.57411451567724 4.2661302262076815
76.57411727519498 4.272395638359621
76.57412003744781 4.2786610505103715
76.57412280243591 4.28492646265993
76.58039580060267 4.253596621063694
76.58039860596178 4.259862031840731
76.58040141410667 4.266127442616536
76.58040422503751 4.272392853391111
76.58040703875443 4.2786582641644495
76.58040985525756 4.284923674936553
76.58041267454703 4.291189085707422
76.5866825963128 4.253593788894432
76.58668545298302 4.259859198268769
76.58668831249003 4.266124607641828
76.5866911748339 4.272390017013609
76.58669690803292 4.284920835753333
76.58669977888833 4.291186245121272
76.59297229995742 4.259856313338701
76.59297521082644 4.266121721283589
76.5992710134414 4.2849150030075
76.59927398742845 4.2911804094933
76.60555806607282 4.284912009444959
76.61822737746591 4.4728679264288305
76.61823705131337 4.491664132200853
76.6182402821234 4.4979295341217265
76.62451599909097 4.472864731800201
76.62451927370542 4.479130132168739
76.62452255146779 4.48539553253566
76.62452583237825 4.491660932900962
76.62452911643697 4.497926333264646
76.62453240364411 4.504191733626707
76.62453569399983 4.5104571339871455
76.63080129615034 4.466596086161065
76.63080462066146 4.472861484948783
76.63080794837138 4.479126883734834
76.6308112792803 4.4853922825192125
76.63081461338834 4.491657681301922
76.63081795069569 4.497923080082956
76.6308212912025 4.504188478862318
76.63082463490893 4.510453877640004
76.63082798181514 4.516719276416014
76.68739841028724 4.4665645298667735
76.6936946918311 4.479091525751438
76.69369855420071 4.485356907310446
76.69998336583757 4.479087702589609
76.69998728135276 4.485353082286084
76.70625225364374 4.447756938102106
76.70626015666485 4.460287693740379
76.70626411389168 4.46655307155597
76.70626807492958 4.472818449369195
76.70627203977878 4.479083827180052
76.70627600843946 4.485349204988538
76.7125406625574 4.447753020011115
76.71254466505282 4.454018395918311
76.71254867140998 4.4602837718230814
76.71255268162908 4.466549147725423
76.71255669571029 4.472814523625335
76.71256071365383 4.479079899522815
76.71883312679006 4.45401442376837
76.72513393706997 4.47280651547112
76.72514632135982 4.491602631446527
76.73141838443662 4.466537063053603
76.73142255764719 4.472802433060864
76.73770695190134 4.466532930436433
76.73771117815481 4.4727982984285735
76.74396992997417 4.428936549855418
76.75025818011262 4.42893232523994
76.7502624874447 4.43519768914243
76.75654207432916 4.4226626867664125
76.75654643017957 4.428928048580727
76.75655079024807 4.435193410392157
76.76283468017412 4.4289237198778295
76.76912293009539 4.428919339131302
76.76913186549784 4.441450054234215
76.76913633967983 4.447715411781124
76.77538865411991 4.397588129366925
76.77539315054338 4.40385348476796
76.77539765133719 4.4101188401659055
76.77540215650149 4.416384195560763
76.77540666603652 4.422649550952527
76.77541117994251 4.428914906341196
76.7754202208682 4.441445617109237
76.77542474788835 4.447710972488603
76.78168574320739 4.410114361910378
76.78169486312363 4.422645068311669
76.78169942971459 4.428910421507565
76.78796922914448 4.4038444807003225
76.78797383500203 4.410109831687715
76.78797844533212 4.416375182671872
76.78798306013498 4.422640533652788
76.7879876794108 4.428905884630464
76.78799230315984 4.435171235604896
76.79426658963304 4.416370598238612
76.79427125706962 4.422635946975938
76.79427592903023 4.428901295709949
76.79428060551504 4.435166644440641
76.80055473385654 4.416365961812885
