# successful candidates for region at (65.61344070065626, 22.95670594138001) and radius 1.0
65.29596868093229 23.22545884262716
65.32352708806147 23.162468294089987
65.33073688231717 22.992264873345786
65.33072368815029 22.998569160151288
65.33039268967796 23.15617632861421
65.33760628498082 22.97966827983234
65.33759341706744 22.985972568244044
65.33758054572631 22.992276856650857
65.33756767095663 22.998581145052782
65.33755479275762 23.004885433449807
65.33747745150303 23.042711163729116
65.34447439839543 22.96707138642994
65.34446185639278 22.973375676407763
65.34444931104893 22.97967996638094
65.34443676236316 22.98598425634946
65.34442421033465 22.992288546313336
65.34441165496266 22.998592836272557
65.3443990962464 23.004897126227124
65.3443865341851 23.011201416177034
65.34433625247411 23.036418575930092
65.34432367367603 23.042722865856707
65.34431109152828 23.04902715577865
65.351316787431 22.967082776379215
65.35130456448638 22.973387067874285
65.35129233828559 22.979691359364935
65.35128010882786 22.985995650851176
65.35126787611246 22.992299942332995
65.3512556401386 22.998604233810394
65.35124340090559 23.00490852528338
65.3512311584126 23.01121281675194
65.35121891265895 23.01751710821607
65.3511944113665 23.030125691131065
65.35118215582624 23.036429982581925
65.35116989702225 23.042734274028355
65.3511576349538 23.049038565470354
65.35114536962011 23.055342856907917
65.35817107832008 22.960789579864475
65.35815917760443 22.96709387284188
65.35814727371833 22.973398165815105
65.35813536666103 22.979702458784132
65.35812345643183 22.986006751748974
65.35811154302998 22.99231104470963
65.35809962645473 22.99861533766609
65.35808770670538 23.00491963061836
65.35807578378119 23.011223923566437
65.35806385768142 23.017528216510318
65.35805192840532 23.023832509450003
65.35803999595217 23.03013680238549
65.35802806032125 23.036441095316775
65.35801612151181 23.042745388243862
65.35800417952312 23.049049681166743
65.36502472928467 22.954496086981283
65.36501315062775 22.960800381401487
65.36500156888606 22.96710467581773
65.3649899840589 22.97340897023
65.36497839614555 22.979713264638317
65.3649668051453 22.986017559042658
65.36495521105743 22.99232185344303
65.36494361388127 22.998626147839435
65.36493201361604 23.004930442231867
65.36492041026105 23.011234736620327
65.36490880381561 23.01753903100482
65.36489719427898 23.023843325385332
65.36488558165047 23.030147619761873
65.36487396592935 23.03645191413443
65.3648623471149 23.04275620850301
65.37185522401344 22.96081088949057
65.37184396124617 22.967115185306557
65.37183269547837 22.973419481118793
65.37182142670942 22.97972377692728
65.37181015493856 22.98602807273201
65.37179888016512 22.992332368532995
65.37178760238841 22.998636664330224
65.37177632160775 23.004940960123697
65.37176503782243 23.011245255913416
65.37175375103176 23.01754955169937
65.37174246123503 23.023853847481572
65.37173116843157 23.03015814326001
65.37171987262067 23.036462439034693
65.37170857380164 23.042766734805607
65.37169727197377 23.049071030572758
65.37869729844753 22.960821104131526
65.37868635465506 22.96712540130817
65.37867540794707 22.973429698481272
65.37866445832289 22.979733995650836
65.37865350578186 22.986038292816854
65.37864255032326 22.992342589979327
65.37863159194646 22.998646887138264
65.37862063065077 23.004951184293652
65.37860966643552 23.011255481445488
65.37859869930003 23.017559778593785
65.37858772924363 23.023864075738526
65.37857675626564 23.030168372879718
65.37856578036539 23.036472670017368
65.37855480154221 23.042776967151458
65.3785438197954 23.049081264281995
65.38553937390027 22.96083102532417
65.38552874908304 22.967135323822376
65.38551812143525 22.97343962231725
65.38550749095627 22.979743920808787
65.38549685764545 22.986048219296986
65.38548622150212 22.992352517781846
65.38547558252563 22.998656816263367
65.38546494071532 23.004961114741537
65.38545429607055 23.011265413216375
65.38544364859065 23.01756971168786
65.385432998275 23.023874010156003
65.38542234512289 23.03017830862081
65.38541168913369 23.036482607082256
65.38540103030675 23.04278690554036
65.38539036864141 23.049091203995115
65.392381450342 22.960840653068306
65.39237114450039 22.967144952848994
65.3923608359132 22.973449252626548
65.39235052457983 22.979753552400958
65.39234021049961 22.98605785217223
65.39232989367193 22.992362151940355
65.39231957409613 22.99866645170534
65.39230925177162 23.004970751467177
65.39229892669773 23.011275051225873
65.39228859887382 23.01757935098142
65.39227826829928 23.023883650733822
65.39226793497346 23.030187950483082
65.39225759889572 23.036492250229184
65.39224726006543 23.042796549972138
65.39223691848194 23.049100849711937
65.39222657414463 23.05540514944859
65.39221622705287 23.061709449182086
65.39923351194865 22.95454568633674
65.39922352774302 22.960849987363765
65.39921354087741 22.96715428838785
65.3992035513512 22.973458589408985
65.39919355916382 22.97976289042716
65.3991835643146 22.986067191442395
65.39917356680294 22.99237149245468
65.39916356662826 22.998675793464013
65.39915356378991 23.004980094470387
65.39914355828726 23.01128439547382
65.39913355011974 23.017588696474288
65.3991235392867 23.0238929974718
65.39911352578756 23.030197298466362
65.39910350962165 23.036501599457964
65.39909349078839 23.042805900446606
65.39908346928716 23.049110201432292
65.39907344511734 23.05541450241502
65.3990634182783 23.061718803394783
65.40608493412765 22.94825042374533
65.40607527138785 22.954554725979232
65.40606560607364 22.96085902821038
65.40605593818441 22.96716333043876
65.40604626771957 22.973467632664377
65.40603659467853 22.979771934887232
65.40602691906068 22.98607623710732
65.40601724086544 22.992380539324646
65.4060075600922 22.998684841539202
65.40599787674039 23.004989143751
65.4059881908094 23.01129344596002
65.40597850229862 23.017597748166274
65.40596881120746 23.023902050369767
65.40595911753535 23.03020635257048
65.40594942128166 23.03651065476842
65.4059397224458 23.042814956963596
65.40593002102719 23.049119259155997
65.4059203170252 23.055423561345624
65.40591061043928 23.061727863532468
65.40590090126881 23.068032165716545
65.40589118951316 23.074336467897844
65.41292637565957 22.94825916881303
65.41291703172662 22.954563472211788
65.41290768530418 22.960867775607966
65.41289833639168 22.96717207900156
65.41288898498856 22.973476382392565
65.41287963109423 22.97978068578099
65.41287027470811 22.986084989166827
65.41286091582963 22.992389292550087
65.41285155445823 22.998693595930753
65.41284219059331 23.004997899308833
65.4128328242343 23.011302202684327
65.41282345538063 23.01760650605723
65.41281408403172 23.023910809427544
65.412804710187 23.03021511279527
65.41279533384589 23.036519416160395
65.4127859550078 23.042823719522936
65.41277657367218 23.049128022882883
65.41276718983842 23.055432326240236
65.41275780350595 23.061736629594996
65.41274841467421 23.068040932947156
65.41273902334261 23.074345236296722
65.41272962951057 23.080649539643687
65.41268262282347 23.112171056339538
65.41267321397662 23.118475359670906
65.41980389452971 22.923050402387506
65.41979487901658 22.929354706921668
65.419767818061 22.94826762050971
65.41975879293524 22.954571925034244
65.41974976540493 22.96087622955637
65.41974073546952 22.967180534076082
65.41973170312846 22.973484838593386
65.41972266838118 22.97978914310828
65.41971363122714 22.986093447620764
65.41970459166579 22.99239775213083
65.41969554969654 22.99870205663849
65.41968650531888 23.005006361143735
65.41967745853222 23.011310665646565
65.419668409336 23.017614970146976
65.4196593577297 23.023919274644978
65.41965030371273 23.030223579140554
65.41964124728453 23.03652788363372
65.41963218844457 23.042832188124464
65.41962312719227 23.049136492612792
65.41961406352706 23.055440797098697
65.41960499744843 23.061745101582183
65.41959592895577 23.068049406063242
65.41955055026281 23.09957092843221
65.41954146727436 23.105875232898732
65.42668751387242 22.89153702823338
65.42667882840658 22.897841333864754
65.42667014062593 22.904145639493887
65.42666145052998 22.910449945120785
65.42665275811814 22.916754250745452
65.4266440633899 22.92305855636788
65.42663536634474 22.929362861988068
65.4266092613023 22.948275778835207
65.42660055498406 22.95458008444644
65.42659184634621 22.96088439005543
65.42658313538823 22.96718869566218
65.42657442210955 22.973493001266682
65.42656570650968 22.979797306868942
65.42655698858806 22.986101612468964
65.42654826834415 22.992405918066737
65.42653954577742 22.998710223662265
65.42653082088734 23.005014529255543
65.42652209367336 23.01131883484658
65.42651336413495 23.01762314043537
65.42650463227156 23.023927446021908
65.42649589808268 23.03023175160619
65.42648716156774 23.036536057188233
65.42647842272623 23.042840362768022
65.42646968155759 23.04914466834556
65.42646093806131 23.055448973920843
65.42645219223681 23.061753279493878
65.42644344408359 23.068057585064658
65.42639966836755 23.099579112884726
65.4263909062306 23.105883418441966
65.4263821417611 23.11218772399695
65.43353445766434 22.885240577086574
65.43352609247229 22.89154488376619
65.43351772505073 22.89784919044374
65.43350935539914 22.904153497119207
65.43350098351699 22.9104578037926
65.43349260940379 22.916762110463925
65.433484233059 22.92306641713317
65.43347585448213 22.92937072380034
65.43346747367264 22.935675030465426
65.43345909063004 22.941979337128437
65.43345070535379 22.948283643789374
65.4334423178434 22.954587950448225
65.43343392809834 22.960892257105
65.4334255361181 22.96719656375969
65.43341714190215 22.973500870412305
65.43340874544998 22.979805177062833
65.4334003467611 22.986109483711278
65.43339194583498 22.992413790357638
65.43338354267108 22.99871809700192
65.4333751372689 23.005022403644112
65.43336672962792 23.01132671028422
65.43335831974764 23.01763101692224
65.4333499076275 23.023935323558177
65.43334149326702 23.030239630192025
65.43333307666568 23.03654393682378
65.43332465782295 23.042848243453452
65.4333162367383 23.049152550081036
65.43330781341125 23.055456856706524
65.43329938784125 23.06176116332993
65.43329096002776 23.06806546995124
65.4332487872903 23.099587003026386
65.43324034600514 23.105891309635133
65.43323190247288 23.112195616241788
65.44038076417 22.878943830903804
65.4403727190821 22.88524813859234
65.4403646718499 22.89155244627895
65.44035662247293 22.897856753963648
65.44034857095069 22.90416106164642
65.44034051728268 22.91046536932728
65.4403324614684 22.916769677006215
65.44032440350736 22.923073984683224
65.44031634339909 22.929378292358322
65.44030828114306 22.935682600031495
65.4403002167388 22.941986907702734
65.4402921501858 22.94829121537206
65.44028408148357 22.95459552303945
65.4402760106316 22.96089983070493
65.44026793762941 22.96720413836848
65.44025986247651 22.9735084460301
65.44025178517239 22.979812753689792
65.44024370571655 22.98611706134756
65.44023562410851 22.992421369003395
65.44022754034775 22.998725676657305
65.4402194544338 23.005029984309285
65.44021136636614 23.011334291959333
65.44020327614429 23.017638599607455
65.44019518376773 23.023942907253648
65.44018708923598 23.030247214897905
65.44017899254852 23.036551522540226
65.44017089370489 23.04285583018062
65.44016279270456 23.049160137819076
65.44015468954704 23.055464445455605
65.44014658423183 23.061768753090192
65.44013847675843 23.068073060722842
65.44013036712633 23.07437736835356
65.44011414138409 23.086985983609186
65.44010602527293 23.093290291234094
65.44009790700109 23.09959459885706
65.44008978656805 23.10589890647808
65.44008166397332 23.112203214097175
65.4472341567084 22.86634248114253
65.44722643361361 22.87264678980243
65.4472187084602 22.878951098460565
65.44721098124772 22.885255407116926
65.44720325197567 22.891559715771518
65.44719552064359 22.897864024424337
65.44718778725098 22.904168333075393
65.4471800517974 22.910472641724674
65.44717231428237 22.91677695037218
65.4471645747054 22.923081259017916
65.447156833066 22.929385567661885
65.44714908936375 22.93568987630407
65.44714134359813 22.94199418494448
65.44713359576866 22.948298493583124
65.44712584587488 22.954602802219988
65.44711809391633 22.960907110855075
65.44711033989249 22.967211419488393
65.44710258380293 22.973515728119928
65.44709482564713 22.979820036749686
65.44708706542465 22.986124345377668
65.447079303135 22.99242865400387
65.44707153877769 22.99873296262829
65.44706377235227 23.00503727125093
65.44705600385822 23.011341579871793
65.44704823329509 23.017645888490872
65.44704046066241 23.02395019710817
65.44703268595968 23.030254505723686
65.44702490918644 23.03655881433742
65.44701713034219 23.04286312294937
65.44700934942647 23.049167431559535
65.4470015664388 23.055471740167917
65.44699378137868 23.06177604877452
65.44698599424565 23.06808035737933
65.44697041375892 23.080688974583598
65.44696262040428 23.086993283183048
65.44695482497478 23.09329759178071
65.44693922788936 23.105906208970676
65.44693142623247 23.112210517562968
65.44692362249882 23.11851482615348
65.4540714662193 22.866349453899772
65.45406406083083 22.872653763488213
65.45405665346843 22.87895807307502
65.45404924413165 22.8852623826602
65.45404183282002 22.891566692243753
65.45403441953313 22.89787100182568
65.45402700427046 22.90417531140598
65.45401958703161 22.910479620984653
65.45401216781609 22.91678393056169
65.45400474662347 22.923088240137105
65.45399732345327 22.92939254971088
65.45398989830505 22.93569685928303
65.45398247117835 22.94200116885355
65.45397504207271 22.948305478422437
65.45396761098769 22.954609787989696
65.45396017792281 22.960914097555314
65.45395274287763 22.9672184071193
65.45394530585168 22.973522716681657
65.45393786684453 22.97982702624238
65.45393042585567 22.986131335801463
65.4539229828847 22.992435645358917
65.45391553793112 22.99873995491473
65.4539080909945 23.005044264468907
65.45390064207437 23.011348574021447
65.45389319117028 23.017652883572353
65.45388573828174 23.023957193121614
65.45387828340834 23.03026150266924
65.45387082654959 23.03656581221523
65.45386336770503 23.042870121759577
65.45385590687421 23.049174431302287
65.45384844405665 23.055478740843352
65.45384097925192 23.06178305038278
65.45383351245957 23.068087359920565
65.45382604367909 23.074391669456706
65.45381857291007 23.08069597899121
65.45380362540446 23.093304598055276
65.45379614866698 23.099608907584845
65.45378866993909 23.105913217112768
65.45377370651025 23.118521836163684
65.46088750770434 22.885269065222037
65.46088041435344 22.891573375695533
65.46087331911197 22.897877686167543
65.46086622197953 22.904181996638055
65.46085912295567 22.91048630710708
65.46085202203994 22.91679061757461
65.46084491923195 22.923094928040648
65.46083781453122 22.929399238505198
65.46083070793732 22.93570354896825
65.46082359944982 22.942007859429804
65.46081648906829 22.948312169889867
65.46080937679228 22.954616480348434
65.46080226262139 22.960920790805506
65.46079514655511 22.967225101261082
65.46078802859307 22.97352941171516
65.4607809087348 22.97983372216774
65.46077378697987 22.986138032618825
65.46076666332786 22.992442343068408
65.4607595377783 22.998746653516502
65.46075241033076 23.005050963963086
65.46074528098482 23.01135527440817
65.46073814974002 23.01765958485176
65.46073101659593 23.02396389529385
65.46072388155211 23.030268205734433
65.46071674460812 23.03657251617352
65.46070960576353 23.042876826611106
65.46070246501789 23.049181137047185
65.46069532237075 23.055485447481768
65.4606881778217 23.061789757914838
65.46068103137026 23.06809406834641
65.46067388301603 23.074398378776483
65.46066673275854 23.080702689205044
65.46065242653206 23.09331131005765
65.46064527056218 23.099615620481693
65.46063811268728 23.105919930904232
65.46773254552082 22.878971143476523
65.46772577193626 22.885275454802308
65.46771899654631 22.89157976612673
65.46771221935056 22.897884077449795
65.4677054403486 22.904188388771498
65.46769865953999 22.91049270009184
65.46769187692433 22.916797011410818
65.46768509250123 22.923101322728442
65.4676783062702 22.9294056340447
65.4676715182309 22.93570994535959
65.46766472838289 22.94201425667312
65.46765793672571 22.948318567985286
65.467651143259 22.95462287929609
65.46764434798231 22.960927190605524
65.46763755089525 22.967231501913595
65.46763075199738 22.973535813220302
65.46762395128827 22.979840124525644
65.46761714876752 22.986144435829615
65.46761034443472 22.99244874713223
65.46760353828944 22.99875305843347
65.46759673033127 23.00505736973334
65.46758992055977 23.011361681031843
65.46758310897454 23.017665992328983
65.46757629557514 23.023970303624747
65.46756948036119 23.030274614919147
65.46756266333223 23.036578926212172
65.46755584448786 23.042883237503833
65.46754902382767 23.049187548794123
65.46754220135121 23.055491860083038
65.46753537705808 23.06179617137058
65.46752172302013 23.074404793941554
65.46751489327445 23.080709105224983
65.46750806171042 23.08701341650703
65.46748755610398 23.105926350344948
65.47457694649367 22.872672927124526
65.47457049250588 22.878977239263325
65.47456403679783 22.885281551400894
65.4745575793691 22.891585863537227
65.47455112021932 22.897890175672327
65.47454465934808 22.904194487806183
65.47453819675499 22.910498799938807
65.47453173243966 22.916803112070202
65.47452526640167 22.923107424200353
65.47451879864064 22.929411736329268
65.47451232915618 22.935716048456943
65.47450585794788 22.94202036058338
65.47449938501533 22.948324672708576
65.47449291035815 22.95462898483254
65.47448643397595 22.960933296955258
65.47447995586832 22.967237609076737
65.47447347603487 22.97354192119698
65.4744669944752 22.979846233315975
65.47446051118888 22.986150545433738
65.47445402617555 22.99245485755025
65.47444753943479 22.998759169665526
65.47444105096623 23.005063481779555
65.47443456076944 23.011367793892344
65.47442806884402 23.017672106003893
65.4744215751896 23.0239764181142
65.47441507980574 23.030280730223254
65.47440858269208 23.036585042331065
65.4744020838482 23.042889354437637
65.47438908096817 23.05549797864704
65.47435654346124 23.087019539148745
65.48142071084716 22.86637441628331
65.4814145762866 22.872678729195883
65.48140844009083 22.878983042107343
65.48140230225953 22.885287355017685
65.48139616279225 22.89159166792691
65.48139002168867 22.897895980835017
65.4813838789484 22.904200293742008
65.48137773457107 22.91050460664788
65.48137158855629 22.91680891955264
65.48136544090369 22.92311323245627
65.48135929161288 22.929417545358792
65.48135314068348 22.93572185826019
65.48134698811513 22.942026171160467
65.48134083390747 22.94833048405963
65.48133467806008 22.95463479695767
65.48132852057259 22.96093910985459
65.48132236144464 22.967243422750382
65.48131620067585 22.97354773564506
65.48131003826583 22.979852048538614
65.48130387421419 22.98615636143105
65.48129770852057 22.992460674322363
65.4812915411846 22.99876498721255
65.48128537220587 23.005069300101617
65.48127920158403 23.01137361298956
65.48127302931867 23.017677925876374
65.48126685540944 23.02398223876207
65.48126067985596 23.03028655164664
65.48125450265782 23.036590864530087
65.48825802350262 22.86637992471725
65.48825220664962 22.872684238363362
65.48824638824613 22.878988552008465
65.48824056829176 22.885292865652566
65.4882347467862 22.89159717929567
65.48822892372905 22.89790149293776
65.48822309911998 22.904205806578855
65.48821727295862 22.910510120218945
65.48821144524463 22.91681443385802
65.48820561597762 22.92311874749609
65.48819978515726 22.929423061133164
65.48819395278318 22.935727374769225
65.48818811885504 22.942031688404278
65.48818228337244 22.948336002038328
65.48817644633506 22.95464031567137
65.48817060774255 22.960944629303405
65.4881647675945 22.967248942934432
65.48815892589059 22.97355325656445
65.48815308263045 22.97985757019346
65.48814723781372 22.986161883821463
65.48814139144007 22.992466197448458
65.48813554350907 22.998770511074436
65.48812969402043 23.00507482469941
65.488106280482 23.030292079189202
65.48810042319963 23.036596392809123
65.49510083437819 22.86008082594466
65.49509533669845 22.8663851402862
65.49508983755324 22.872689454626848
65.49508433694221 22.8789937689666
65.49507883486503 22.885298083305447
65.49507333132136 22.891602397643403
65.49506782631087 22.89790671198046
65.49506231983322 22.904211026316624
65.49505681188806 22.91051534065188
65.49505130247506 22.916819654986245
65.49504579159388 22.92312396931971
65.4950402792442 22.929428283652275
65.49503476542564 22.93573259798394
65.49502925013789 22.94203691231471
65.4950237333806 22.948341226644576
65.49501821515346 22.954645540973544
65.4950126954561 22.960949855301614
65.49500717428819 22.967254169628774
65.49500165164939 22.973558483955042
65.49499612753935 22.979862798280404
65.49499060195775 22.986167112604864
65.49498507490424 22.99247142692843
65.49497954637849 22.998775741251084
65.49497401638014 23.00508005557284
65.49494634428765 23.036601627168075
65.50192228614956 22.87899869298163
65.50191710194977 22.885303007976226
65.50191191636821 22.89160732297002
65.50190672940458 22.89791163796302
65.50190154105854 22.90421595295522
65.50189635132978 22.91052026794662
65.501891160218 22.916824582937224
65.50188596772284 22.92312889792703
65.50188077384401 22.929433212916038
65.50187557858119 22.93573752790425
65.50187038193405 22.942041842891662
65.5018651839023 22.948346157878277
65.50185998448558 22.954650472864092
65.50185478368358 22.960954787849104
65.501849581496 22.96725910283332
65.50184437792251 22.973563417816738
65.5018391729628 22.979867732799352
65.50183396661653 22.986172047781167
65.50182875888339 22.99247636276218
65.50182354976306 22.998780677742396
65.50876023583864 22.87900332405349
65.50875536951644 22.885307639664802
65.50875050189718 22.89161195527542
65.50874563298058 22.897916270885336
65.50874076276637 22.90422058649454
65.5087358912542 22.91052490210305
65.5087310184438 22.916829217710855
65.50872614433487 22.923133533317962
65.5087212689271 22.929437848924355
65.50871639222021 22.93574216453005
65.50871151421387 22.942046480135048
65.50870663490781 22.948350795739334
65.50870175430174 22.954655111342923
65.5086968723953 22.9609594269458
65.50869198918825 22.967263742547974
65.50868710468026 22.973568058149443
65.50868221887106 22.979872373750208
65.50867733176031 22.98617668935027
65.51559363753546 22.885311978371103
65.51558908787868 22.891616294559523
65.51558453700932 22.897920610747327
65.51557998492709 22.904224926934518
65.51557543163169 22.910529243121097
65.5155526469477 22.942050824044774
65.51554808636753 22.94835514022766
65.51554352457225 22.954659456409942
65.51553896156157 22.960963772591597
65.51553439733523 22.96726808877265
65.51552983189293 22.973572404953078
65.51552069735936 22.986181037312086
65.52240649888967 22.923141924450306
65.52239378010586 22.942054874620766
65.52238953825174 22.948359191343187
65.52238529526744 22.954663508065078
65.52238105115269 22.96096782478644
65.52237680590723 22.967272141507262
65.52923491365871 22.942058631862945
65.5292309905308 22.948362949085826
65.52922706635765 22.954667266308252
65.53607244317506 22.948366413455513
65.53606883781318 22.9546707311394
65.54976128254692 22.93576382509585
65.5497583163888 22.942068143585942
65.55660474555113 22.929462089823602
65.55660209874011 22.935766408658022
65.61815051224634 22.387300607351044
65.61815072745479 22.3936049275245
65.61815094272077 22.399909247697956
65.62496287783559 22.37469162172805
65.6249634040925 22.38099594185561
65.62496393049011 22.387300261983146
65.63177567362081 22.374690986609792
65.63177651104117 22.3809953066529
65.63177734868543 22.38729962669598
65.63858846932902 22.374690061649346
65.63858961791284 22.380994381569465
65.63859076680373 22.387298701489545
65.64540272467885 22.380993166605332
65.64540418481633 22.387297486363856
65.64540564534416 22.393601806122323
65.65221583131061 22.380991661760508
65.65221760269462 22.387295981318942
65.65221937455219 22.39360030087728
65.6590289377795 22.380989867035037
65.65903102040996 22.387294186354833
65.65903310359722 22.393598505674497
65.6658468324506 22.393596420513987
65.78207494314532 22.715036336939903
65.7820827377258 22.721340645277937
65.80259029948516 22.733926314663712
65.80938471933925 22.708700864722978
65.80939377421922 22.715005168914935
65.82307256472876 22.727596437086454
65.82989289314939 22.721283028306388
65.85710042702729 22.658200726520263
65.85720169518292 22.71493938559312
65.86385802393016 22.620364409371536
65.86386956037241 22.626668703458744
65.86388109989421 22.632972997541977
65.86392728879113 22.65819017383507
65.86397352701735 22.68340735006439
65.8706593046574 22.607744988458503
65.87068299688221 22.620353573761893
65.8706948477384 22.626657866407285
65.87075414948625 22.658179329571247
65.87076601933425 22.664483622191426
65.87077789235008 22.6707879148074
65.87078976853446 22.677092207419157
65.87080164788813 22.683396500026713
65.87081353041181 22.689700792630052
65.87083730497207 22.702309377824093
65.87084919701012 22.708613670414792
65.87087299060566 22.72122225558353
65.87750796873905 22.62034244680651
65.87752013400878 22.626646737971324
65.87753230252592 22.632951029131718
65.87758100908357 22.658168193729004
65.87759319384894 22.66447248486725
65.8776053818662 22.67077677600106
65.87761757313608 22.677081067130434
65.87762976765933 22.683385358255368
65.87764196543668 22.689689649375868
65.87765416646889 22.69599394049193
65.87767857830084 22.708602522710724
65.87769078910208 22.714906813813464
65.87770300316116 22.721211104911752
65.8777274410558 22.733819687094986
65.87775189199073 22.746428269260427
65.88442036723623 22.664461055926047
65.88443287025447 22.670765345538886
65.88444537660939 22.67706963514706
65.88445788630176 22.683373924750562
65.88447039933236 22.689678214349392
65.88448291570191 22.695982503943558
65.88449543541121 22.702286793533048
65.884507958461 22.70859108311786
65.88452048485208 22.714895372697995
65.88453301458517 22.721199662273456
65.88454554766108 22.727503951844238
65.88455808408054 22.733808241410333
65.88458316695323 22.746416820528484
65.88460826320937 22.75902539962789
65.88463337285512 22.77163397870855
65.88464593270102 22.777938268241837
65.88467106244266 22.790546847294344
65.89120910592736 22.645536471179426
65.89122191368857 22.651840759247197
65.89124753946697 22.664449335368033
65.89126035748573 22.670753623421096
65.89127317892525 22.67705791146925
65.89128600378628 22.6833621995125
65.89129883206962 22.689666487550845
65.89131166377607 22.69597077558428
65.89132449890639 22.70227506361279
65.89133733746138 22.7085793516364
65.89135017944182 22.714883639655092
65.89136302484849 22.72118792766887
65.89137587368216 22.727492215677717
65.89138872594364 22.733796503681656
65.8914530386956 22.76531794362749
65.89146591154041 22.771622231601874
65.89147878781851 22.77792651957133
65.89808784353085 22.67074160964791
65.89810098005445 22.677045896097233
65.89811412008368 22.68335018254141
65.89812726361932 22.689654468980432
65.89814041066218 22.6959587554143
65.89815356121305 22.70226304184301
65.89816671527275 22.708567328266565
65.89817987284208 22.71487161468496
65.89820619851282 22.72748018750626
65.89821936661585 22.733784473909168
65.89823253823172 22.74008876030691
65.89824571336125 22.746393046699485
65.89825889200522 22.752697333086886
65.89828525983975 22.765305905846176
65.89829844903191 22.771610192218063
65.89831164174177 22.777914478584776
65.90490188034228 22.664425019402454
65.90491532836063 22.670729304219538
65.90492877996788 22.67703358903122
65.9049422351648 22.683337873837505
65.90495569395225 22.689642158638378
65.90496915633102 22.695946443433854
65.90498262230196 22.702250728223923
65.90499609186588 22.708555013008578
65.90500956502362 22.714859297787825
65.90502304177598 22.721163582561665
65.90505000606787 22.7337721520931
65.90506349360905 22.740076436850693
65.90507698474816 22.746380721602858
65.90509047948602 22.752685006349616
65.90510397782344 22.75898929109095
65.90511747976127 22.765293575826856
65.90513098530032 22.771597860557335
65.90514449444143 22.777902145282393
65.90515800718542 22.78420643000202
65.90522562497743 22.815727853518652
65.91174281194598 22.670716707136215
65.91175657863634 22.67702099027144
65.91177034900046 22.68332527340101
65.91178412303923 22.689629556524917
65.91179790075343 22.695933839643168
65.91181168214393 22.702238122755748
65.91182546721159 22.708542405862666
65.91183925595723 22.714846688963927
65.91185304838169 22.721150972059508
65.91186684448581 22.727455255149426
65.91188064427045 22.733759538233667
65.91189444773644 22.74006382131224
65.91190825488465 22.746368104385134
65.91192206571588 22.752672387452353
65.911935880231 22.75897667051389
65.91194969843086 22.76528095356975
65.91196352031629 22.771585236619927
65.91197734588815 22.777889519664416
65.91199117514728 22.784193802703218
65.91201884473072 22.796802368763768
65.91855621624177 22.6643995369723
65.91857029425773 22.670703818398174
65.91858437603071 22.677008099818128
65.91859846156153 22.68331238123216
65.91861255085107 22.689616662640272
65.9186266439002 22.695920944042463
65.91864074070976 22.70222522543873
65.91865484128064 22.708529506829066
65.91866894561366 22.71483378821348
65.91868305370971 22.721138069591955
65.91869716556965 22.727442350964505
65.91871128119433 22.733746632331112
65.91872540058463 22.74005091369179
65.91873952374141 22.74635519504653
65.9187536506655 22.75265947639533
65.9187677813578 22.75896375773818
65.91878191581918 22.765268039075096
65.91879605405047 22.77157232040606
65.91881019605258 22.777876601731077
65.91882434182632 22.784180883050148
65.91883849137261 22.790485164363265
65.91885264469228 22.796789445670427
65.92534022624834 22.645473519280348
65.92535460774442 22.65177779897094
65.92536899307893 22.658082078655365
65.92538338225273 22.6643863583336
65.92539777526673 22.67069063800565
65.9254121721218 22.676994917671518
65.9254265728188 22.683299197331205
65.9254409773586 22.689603476984693
65.92545538574213 22.695907756631993
65.92546979797024 22.7022120362731
65.92548421404379 22.708516315908014
65.92549863396368 22.71482059553673
65.92551305773081 22.721124875159248
65.92552748534604 22.727429154775564
65.92554191681025 22.733733434385677
65.92555635212432 22.740037713989587
65.92557079128913 22.746341993587286
65.92558523430559 22.752646273178776
65.92559968117455 22.75895055276406
65.92561413189691 22.765254832343125
65.92562858647355 22.771559111915984
65.92564304490537 22.777863391482622
65.92565750719322 22.784167671043036
65.92567197333801 22.790471950597233
65.93221054693234 22.66437288807947
65.93222525494384 22.670677165958896
65.93223996688045 22.676981443831863
65.93225468274309 22.683285721698372
65.93226940253265 22.68958999955842
65.93228412625002 22.695894277412
65.93229885389613 22.70219855525911
65.93231358547186 22.70850283309975
65.93232832097809 22.714807110933922
65.93234306041575 22.72111138876162
65.9323578037857 22.727415666582846
65.9323725510889 22.7337199443976
65.93238730232622 22.74002422220586
65.93240205749856 22.74632850000765
65.93241681660682 22.75263277780295
65.9324315796519 22.758937055591765
65.93244634663473 22.765241333374092
65.93246111755619 22.771545611149932
65.93247589241717 22.77784988891928
65.93249067121859 22.784154166682136
65.93250545396137 22.790458444438492
65.93252024064638 22.79676272218835
65.93903771025144 22.66435912621015
65.93905273325989 22.670663402258146
65.93906776027751 22.676967678299402
65.93908279130525 22.683271954333918
65.93909782634401 22.68957623036169
65.9391128653947 22.695880506382725
65.93912790845826 22.702184782397
65.9391429555356 22.708489058404535
65.93915800662762 22.714793334405314
65.93917306173526 22.72109761039934
65.93918812085944 22.727401886386605
65.93920318400107 22.73370616236712
65.93921825116108 22.740010438340878
65.93923332234039 22.746314714307864
65.93924839753991 22.752618990268097
65.93926347676059 22.758923266221554
65.9392785600033 22.765227542168248
65.93929364726903 22.771531818108166
65.93930873855865 22.777836094041316
65.93932383387309 22.78414036996769
65.93933893321329 22.790444645887284
65.93935403658018 22.796748921800102
65.9458648721809 22.66434507272591
65.94588021018573 22.670649346903666
65.94589555228383 22.6769536210744
65.9459108984761 22.683257895238103
65.9459262487635 22.689562169394776
65.94594160314695 22.695866443544418
65.9459569616274 22.702170717687032
65.9459723242058 22.708474991822605
65.94598769088306 22.714779265951147
65.94600306166014 22.721083540072645
65.94601843653795 22.7273878141871
65.94603381551747 22.733692088294514
65.94604919859962 22.73999636239488
65.94606458578534 22.7463006364882
65.94607997707557 22.75260491057447
65.94609537247126 22.758909184653678
65.94611077197332 22.76521345872584
65.94612617558275 22.77151773279094
65.94614158330043 22.777822006848982
65.94615699512734 22.78412628089996
65.94617241106441 22.790430554943875
65.9461878311126 22.79673482898072
65.95267638386728 22.65802645535099
65.95269203269159 22.66433072762701
65.95270768569226 22.670634999895718
65.95273900422647 22.683243544411177
65.95275466976194 22.689547816657928
65.9527703394776 22.69585208889736
65.95278601337438 22.70215636112946
65.95280169145325 22.70846063335424
65.95281737371518 22.714764905571688
65.95283306016113 22.721069177781803
65.95284875079201 22.72737344998459
65.95286444560885 22.73367772218003
65.95288014461256 22.739981994368136
65.95289584780411 22.746286266548907
65.95291155518449 22.752590538722323
65.95292726675461 22.758894810888403
65.95295870246801 22.771503355198508
65.9529744266132 22.77780762734253
65.95299015495199 22.784111899479203
65.95300588748538 22.790416171608513
65.95302162421429 22.796720443730468
65.95303736513969 22.803024715845055
65.95321079256404 22.87237170861898
65.95322658392271 22.878675980645042
65.95324237949045 22.884980252663713
65.95951919175435 22.664316090913704
65.95953515975027 22.67062036123455
65.95955113200756 22.676924631547788
65.95956710852721 22.68322890185341
65.95958308931016 22.68953317215141
65.95959907435741 22.6958374424418
65.95961506366994 22.702141712724558
65.95963105724873 22.70844598299969
65.95964705509475 22.7147502532672
65.95966305720897 22.72105452352708
65.95967906359236 22.727358793779327
65.95969507424593 22.733663064023936
65.95971108917061 22.739967334260914
65.95972710836743 22.746271604490246
65.95974313183734 22.75257587471194
65.9598233133177 22.78409722570569
65.95983936244679 22.790401495881476
65.95985541585584 22.79670576604961
65.95987147354583 22.803010036210082
65.95988753551777 22.809314306362886
65.9600483909598 22.87235700746889
65.96006450009796 22.87866127753723
65.96008061352987 22.88496554759788
65.96636263233066 22.670605430920453
65.96637891966667 22.67690969924672
65.96639521134911 22.683213967565077
65.96641150737895 22.689518235875507
65.96642780775723 22.695822504178015
65.96644411248492 22.702126772472592
65.96646042156303 22.708431040759237
65.96647673499253 22.71473530903796
65.96649305277442 22.721039577308744
65.96650937490973 22.727343845571596
65.96652570139943 22.733648113826508
65.96654203224452 22.73995238207348
65.96655836744601 22.746256650312503
65.96657470700487 22.75256091854358
65.96659105092215 22.75886518676671
65.96660739919878 22.765169454981883
65.96667283591928 22.790386527763037
65.96668920600789 22.796690795938414
65.96670558046188 22.80299506410583
65.96672195928228 22.80929933226528
65.96688598785887 22.872342013420884
65.97315691186348 22.65798167632804
65.97317350541962 22.664285942644977
65.97319010340425 22.67059020895369
65.97320670581837 22.676894475254183
65.97322331266301 22.683198741546445
65.97323992393916 22.689503007830474
65.97325653964785 22.695807274106276
65.9732731597901 22.70211154037384
65.9732897843669 22.70841580663316
65.9733064133793 22.71472007288424
65.97332304682827 22.721024339127077
65.97333968471487 22.72732860536167
65.97335632704011 22.73363287158801
65.97337297380498 22.739937137806102
65.97338962501053 22.746241404015944
65.97340628065776 22.752545670217522
65.97342294074768 22.758849936410844
65.97343960528133 22.7651542025959
65.97347294768386 22.77776273494122
65.97348962555479 22.784067001101477
65.9735063078735 22.79037126725346
65.97352299464104 22.796675533397167
65.97353968585843 22.802979799532597
65.97355638152668 22.80928406565975
65.98000065996384 22.664270431090113
65.9800175729419 22.670574695334555
65.98003449043354 22.676878959570452
65.98005141243975 22.6831832237978
65.98006833896157 22.68948748801661
65.98008527000007 22.69579175222687
65.98010220555626 22.702096016428577
65.98011914563115 22.708400280621724
65.98013609022581 22.714704544806324
65.98015303934127 22.721008808982354
65.98016999297856 22.727313073149833
65.9801869511387 22.733617337308743
65.98020391382275 22.739921601459084
65.98022088103174 22.746225865600852
65.98023785276669 22.75253012973405
65.98025482902867 22.75883439385867
65.98027180981869 22.765138657974713
65.98028879513781 22.771442922082176
65.98030578498705 22.77774718618105
65.98032277936747 22.78405145027134
65.98033977828007 22.790355714353037
65.98035678172594 22.79665997842615
65.98037378970609 22.80296424249066
65.98039080222158 22.809268506546577
65.98040781927342 22.81557277059389
65.9804248408627 22.8218770346326
65.98684504091449 22.67055889006332
65.98686227348298 22.67686315219581
65.98687951065016 22.683167414319428
65.98689675241705 22.68947167643419
65.98691399878471 22.69577593854008
65.98693124975419 22.70208020063709
65.98694850532658 22.708384462725235
65.98696576550287 22.714688724804496
65.98698303028416 22.72099298687487
65.98700029967151 22.72729724893637
65.98701757366594 22.733601510988976
65.98703485226852 22.739905773032696
65.98705213548034 22.74621003506752
65.9870694233024 22.752514297093448
65.98708671573578 22.758818559110477
65.98710401278156 22.76512282111861
65.98712131444077 22.771427083117832
65.98713862071448 22.77773134510815
65.98715593160374 22.784035607089564
65.98717324710962 22.79033986906206
65.98719056723317 22.79664413102564
65.98720789197547 22.80294839298031
65.98722522133755 22.80925265492605
65.9872425553205 22.815556916862864
65.99367250729283 22.67054279314028
65.99369005493757 22.67684705313055
65.99370760726505 22.68315131311163
65.99372516427636 22.689455573083514
65.99374272597257 22.6957598330462
65.99376029235472 22.702064092999688
65.99377786342393 22.708368352943975
65.99379543918123 22.71467261287905
65.99381301962772 22.72097687280492
65.99383060476448 22.727281132721572
65.99384819459256 22.73358539262901
65.99386578911306 22.739889652527232
65.99388338832702 22.746193912416235
65.99390099223555 22.752498172296015
65.99391860083972 22.75880243216656
65.9939362141406 22.765106692027885
65.99395383213927 22.77141095187998
65.9939714548368 22.77771521172283
65.99398908223428 22.784019471556444
65.99400671433278 22.79032373138082
65.99402435113339 22.796627991195944
65.99404199263718 22.802932251001828
65.99405963884521 22.80923651079846
65.99407728975861 22.815540770585834
65.99409494537842 22.82184503036396
66.00048211409322 22.66422214674698
66.0004999720478 22.67052640456574
66.00051783476813 22.67683066237498
66.00053570225529 22.683134920174695
66.00055357451035 22.68943917796488
66.00057145153444 22.695743435745534
66.00058933332862 22.702047693516654
66.000607219894 22.708351951278242
66.00062511123166 22.714656209030284
66.00064300734269 22.720960466772787
66.00066090822821 22.727264724505744
66.0006788138893 22.733568982229144
66.00069672432703 22.739873239943005
66.00071463954252 22.746177497647302
66.00073255953687 22.752481755342046
66.00075048431115 22.758786013027226
66.00076841386648 22.765090270702846
66.00078634820396 22.771394528368894
66.00080428732467 22.77769878602537
66.0008222312297 22.78400304367228
66.00084017992017 22.790307301309607
66.00085813339719 22.796611558937357
66.00087609166181 22.802915816555522
66.00089405471516 22.809220074164106
66.00091202255835 22.815524331763104
66.00092999519245 22.821828589352506
66.00100193366022 22.847045619614136
66.0073456129455 22.676813979929396
66.00736379559166 22.68311823550892
66.00738198308983 22.689422491078588
66.00740017544115 22.69572674663838
66.00741837264668 22.7020310021883
66.00743657470757 22.70833525772834
66.00745478162493 22.714639513258508
66.00747299339986 22.72094376877879
66.00749121003345 22.72724802428918
66.00750943152687 22.733552279789688
66.0075276578812 22.739856535280307
66.00754588909756 22.74616079076102
66.00756412517704 22.75246504623184
66.0075823661208 22.758769301692762
66.0076006119299 22.76507355714378
66.00761886260553 22.771377812584888
66.00763711814874 22.777682068016087
66.00765537856067 22.78398632343737
66.00767364384245 22.790290578848737
66.00769191399517 22.796594834250183
66.00771018901997 22.802899089641706
66.00772846891797 22.809203345023302
66.00774675369028 22.815507600394966
66.00776504333803 22.8218118557567
66.00778333786232 22.828116111108493
66.00783825070573 22.84702887710424
66.00785656474744 22.853333132416257
66.00787488367132 22.859637387718333
66.00789320747849 22.865941643010448
66.01419188724502 22.683101259114633
66.01422889766347 22.69570976572504
66.0142474102797 22.702014019014925
66.01426592783542 22.708318272294584
66.01428445033181 22.714622525564018
66.01430297776994 22.720926778823227
66.01432151015098 22.727231032072197
66.01434004747605 22.733535285310943
66.01435858974628 22.739839538539442
66.0143771369628 22.746143791757707
66.01439568912677 22.75244804496572
66.01441424623931 22.758752298163493
66.01443280830155 22.765056551351012
66.01445137531462 22.77136080452828
66.01446994727965 22.777665057695287
66.01448852419782 22.783969310852033
66.01450710607021 22.790273563998515
66.01452569289799 22.79657781713473
66.0145442846823 22.802882070260676
66.01456288142424 22.809186323376345
66.01458148312501 22.815490576481743
66.0146000897857 22.82179482957686
66.0146559395388 22.840707588800484
66.01467456605064 22.847011841854446
66.01469319752812 22.85331609489811
66.01471183397238 22.859620347931475
66.01473047538457 22.86592460095454
66.0147491217658 22.872228853967293
66.01476777311727 22.87853310696974
66.02101997718617 22.683083990992124
66.02103879516854 22.689388242004263
66.02105761817225 22.695692493005843
66.02107644619848 22.701996743996848
66.02109527924837 22.70830099497728
66.02111411732307 22.71460524594714
66.02113296042373 22.720909496906415
66.02115180855151 22.72721374785511
66.02117066170754 22.73351799879322
66.021189519893 22.73982224972074
66.02120838310903 22.74612650063766
66.02122725135678 22.752430751543994
66.0212461246374 22.758735002439725
66.02126500295206 22.76503925332485
66.0212838863019 22.77134350419937
66.0213027746881 22.777647755063274
66.02132166811178 22.783952005916575
66.02134056657411 22.790256256759253
66.02135947007625 22.796560507591312
66.02137837861936 22.80286475841275
66.02139729220458 22.809169009223563
66.0214162108331 22.81547326002374
66.02143513450605 22.821777510813288
66.02145406322461 22.828081761592202
66.02149193580316 22.84069026311809
66.02156774155847 22.86590726604209
66.02158670562872 22.872211516746447
66.02160567475384 22.878515767440142
66.02162464893503 22.884820018123165
66.0278671986094 22.68937067981687
66.02788633693827 22.695674928481093
66.0279054803738 22.70197917713439
66.02792462891715 22.70828342577676
66.02794378256948 22.714587674408182
66.02796294133198 22.720891923028685
66.0279821052058 22.727196171638234
66.02800127419209 22.733500420236847
66.02802044829208 22.73980466882451
66.0280396275069 22.74610891740122
66.02805881183774 22.752413165966978
66.02807800128575 22.758717414521772
66.02809719585214 22.76502166306561
66.02811639553806 22.77132591159849
66.02813560034468 22.777630160120392
66.0281548102732 22.783934408631325
66.02817402532477 22.79023865713128
66.02819324550057 22.79654290562026
66.02821247080178 22.802847154098256
66.02823170122959 22.809151402565266
66.02825093678514 22.81545565102129
66.02827017746966 22.82175989946632
66.0282894232843 22.828064147900353
66.02830867423023 22.834368396323384
66.02832793030865 22.84067264473541
66.02842428772925 22.872193886630384
66.02844357462735 22.878498134976326
66.03469560027902 22.689352825863093
66.03471505393236 22.695657072151132
66.03473451277648 22.701961318427877
66.03475397681257 22.70826556469333
66.03477344604183 22.71456981094749
66.03479292046543 22.720874057190343
66.03481240008458 22.727178303421898
66.03483188490044 22.733482549642147
66.03485137491424 22.739786795851078
66.03487087012715 22.7460910420487
66.03489037054035 22.752395288234997
66.03490987615507 22.758699534409978
66.03492938697246 22.76500378057363
66.03494890299375 22.771308026725954
66.0349684242201 22.77761227286695
66.03498795065272 22.783916518996605
66.03500748229281 22.790220765114917
66.03502701914157 22.79652501122189
66.03504656120018 22.802829257317516
66.03506610846983 22.80913350340179
66.03508566095174 22.815437749474707
66.0351052186471 22.821741995536275
66.0351247815571 22.82804624158647
66.03514434968294 22.834350487625304
66.03516392302583 22.840654733652773
66.03518350158696 22.846958979668866
66.03526186803789 22.872175963619444
66.03528147270823 22.878480209578623
66.03530108260402 22.884784455526404
66.04148447801398 22.67672619236225
66.04150423644485 22.683030436258573
66.04152400014821 22.689334680143247
66.0415437691253 22.695638924016272
66.04156354337728 22.701943167877637
66.04158332290541 22.70824741172734
66.04160310771086 22.71455165556537
66.04162289779487 22.72085589939174
66.04164269315862 22.72716014320643
66.04166249380333 22.733464387009448
66.04168229973021 22.73976863080078
66.04170211094048 22.74607287458043
66.04172192743536 22.75237711834839
66.04174174921602 22.758681362104664
66.0417615762837 22.764985605849237
66.04178140863962 22.771289849582107
66.04180124628498 22.77759409330328
66.041821089221 22.783898337012747
66.04184093744888 22.790202580710496
66.04186079096986 22.796506824396534
66.04188064978514 22.80281106807086
66.04190051389592 22.809115311733464
66.04192038330345 22.815419555384334
66.04194025800892 22.82172379902348
66.04196013801356 22.82802804265089
66.0419800233186 22.83433228626657
66.04199991392522 22.8406365298705
66.04201980983468 22.846940773462695
66.04203971104818 22.85324501704314
66.04205961756693 22.859549260611832
66.04209944652511 22.872157747713945
66.04211936896696 22.87846199124736
66.04213929671899 22.884766234769007
66.04831224565991 22.676707759783245
66.04833231924556 22.68301200122648
66.04835239818782 22.689316242657682
66.04837248248789 22.695620484076862
66.04839257214704 22.70192472548401
66.04841266716645 22.708228966879112
66.04843276754738 22.714533208262182
66.04845287329104 22.720837449633198
66.04847298439867 22.72714169099217
66.0484931008715 22.733445932339084
66.04851322271074 22.739750173673954
66.04853334991763 22.74605441499675
66.0485534824934 22.752358656307493
66.04857362043931 22.75866289760616
66.04859376375654 22.76496713889276
66.04861391244637 22.77127138016728
66.04863406651 22.777575621429722
66.04865422594867 22.783879862680084
66.04867439076362 22.79018410391836
66.04869456095608 22.796488345144542
66.04871473652729 22.802792586358628
66.04873491747847 22.809096827560616
66.04875510381088 22.815401068750504
66.04877529552573 22.821705309928287
66.04879549262428 22.828009551093952
66.04881569510775 22.83431379224751
66.04883590297739 22.840618033388946
66.04885611623442 22.846922274518263
66.0488763348801 22.853226515635452
66.04889655891567 22.85953075674051
66.04891678834235 22.865834997833442
66.04895726337404 22.87844347998288
66.04897750898152 22.884747721039385
66.05514001144854 22.6766890355165
66.05516040018824 22.682993274467826
66.05518079436864 22.689297513406736
66.05520119399098 22.695601752333236
66.05522159905652 22.701905991247322
66.05524200956647 22.708210230148993
66.05526242552213 22.714514469038242
66.05528284692471 22.720818707915065
66.05530327377546 22.727122946779453
66.05532370607565 22.73342718563141
66.0553441438265 22.73973142447093
66.05536458702927 22.746035663298006
66.05538503568523 22.752339902112634
66.05540548979562 22.758644140914818
66.05542594936166 22.76494837970455
66.05544641438463 22.771252618481814
66.05546688486578 22.777556857246626
66.05548736080637 22.78386109599897
66.05550784220763 22.79016533473884
66.05552832907082 22.796469573466236
66.05554882139722 22.802773812181155
66.05556931918805 22.8090780508836
66.05558982244459 22.815382289573552
66.05561033116808 22.82168652825102
66.05563084535979 22.827990766915992
66.05565136502095 22.834295005568464
66.05567189015284 22.84059924420844
66.05569242075671 22.84690348283591
66.05571295683383 22.853207721450865
66.05573349838544 22.859511960053315
66.05575404541281 22.86581619864324
66.0557745979172 22.87212043722065
66.05579515589987 22.878424675785528
66.05581571936209 22.88472891433788
66.06192638413405 22.664061546682827
66.06196777535071 22.676670019562362
66.0619884792437 22.682974255982955
66.06200918866149 22.689278492390745
66.06202990360534 22.695582728785748
66.0620506240765 22.701886965167944
66.06207135007627 22.708191201537332
66.0620920816059 22.714495437893916
66.06211281866663 22.720799674237682
66.06213356125976 22.72710391056863
66.06215430938656 22.733408146886763
66.06217506304826 22.739712383192064
66.06219582224617 22.74601661948454
66.06221658698153 22.752320855764182
66.06223735725563 22.758625092030986
66.06225813306972 22.764929328284946
66.0622789144251 22.77123356452606
66.06229970132301 22.77753780075433
66.06232049376474 22.783842036969737
66.06234129175157 22.790146273172294
66.06236209528474 22.796450509361986
66.06238290436555 22.802754745538806
66.06240371899527 22.809058981702762
66.06242453917518 22.81536321785384
66.06244536490652 22.821667453992045
66.06246619619063 22.827971690117362
66.06248703302873 22.834275926229793
66.06250787542211 22.84058016232934
66.06252872337205 22.846884398415984
66.06254957687985 22.853188634489733
66.06257043594675 22.85949287055058
66.06259130057406 22.865797106598514
66.06261217076303 22.87210134263354
66.06877452389935 22.67034647805697
66.06879553733727 22.676650711921187
66.06881655638279 22.682954945772224
66.0688375810372 22.689259179610072
66.06885861130179 22.695563413434737
66.06887964717784 22.701867647246203
66.06890068866663 22.708171881044475
66.06892173576945 22.714476114829544
66.06894278848759 22.720780348601405
66.06896384682231 22.727084582360057
66.06898491077494 22.733388816105492
66.06900598034673 22.73969304983771
66.069027055539 22.745997283556704
66.069048136353 22.752301517262474
66.06906922279005 22.758605750955006
66.06909031485144 22.764909984634308
66.06911141253842 22.77121421830037
66.06913251585233 22.777518451953185
66.06915362479444 22.78382268559275
66.06917473936605 22.790126919219063
66.06919585956842 22.796431152832124
66.06921698540289 22.80273538643192
66.06923811687072 22.809039620018453
66.06925925397321 22.815343853591717
66.06928039671168 22.821648087151708
66.06930154508738 22.82795232069842
66.06932269910165 22.83425655423185
66.06934385875576 22.84056078775199
66.06936502405101 22.846865021258846
66.0693861949887 22.8531692547524
66.06940737157012 22.85947348823266
66.06942855379657 22.865777721699615
66.06944974166937 22.872081955153266
66.07551671174195 22.645109956176366
66.07553801749381 22.651414187486893
66.07558064605827 22.664022650067245
66.07560196887347 22.670326881337076
66.07562329737905 22.676631112593324
66.07564463157634 22.68293534383599
66.07566597146658 22.689239575065073
66.07568731705113 22.695543806280572
66.07570866833127 22.701848037482478
66.07573002530832 22.70815226867078
66.0757727563583 22.720760731006592
66.07579413043386 22.72706496215408
66.07581551021153 22.733369193287967
66.07583689569265 22.739673424408224
66.07585828687847 22.74597765551486
66.07587968377034 22.752281886607868
66.07590108636957 22.75858611768725
66.07592249467744 22.764890348752992
66.0759439086953 22.771194579805098
66.07596532842439 22.777498810843557
66.0759867538661 22.783803041868367
66.07600818502169 22.790107272879524
66.0760296218925 22.796411503877025
66.07605106447984 22.80271573486086
66.076072512785 22.809019965831034
66.07609396680931 22.815324196787536
66.07611542655408 22.821628427730367
66.07613689202063 22.827932658659513
66.07615836321025 22.83423688957498
66.0761798401243 22.840541120476757
66.07624430522603 22.859453813099922
66.07626580505084 22.865758043946904
66.07628731060667 22.87206227478018
66.08234289531579 22.64509007839205
66.08236451579842 22.65139430705741
66.08238614205152 22.657698535708796
66.08240777407643 22.664002764346215
66.08242941187444 22.670306992969664
66.08245105544692 22.67661122157913
66.08247270479515 22.68291545017461
66.08249435992046 22.689219678756107
66.08251602082419 22.69552390732361
66.08253768750764 22.70182813587712
66.08255935997212 22.70813236441662
66.08258103821899 22.714436592942118
66.08260272224956 22.72074082145361
66.08262441206516 22.72704504995108
66.0826461076671 22.733349278434535
66.08266780905672 22.739653506903966
66.08268951623532 22.745957735359365
66.08271122920426 22.75226196380074
66.08273294796486 22.758566192228077
66.08275467251843 22.764870420641365
66.08277640286633 22.771174649040606
66.08279813900987 22.777478877425803
66.08281988095037 22.78378310579695
66.08284162868918 22.790087334154027
66.08286338222761 22.796391562497043
66.08288514156702 22.802695790825993
66.08290690670871 22.809000019140868
66.08292867765402 22.815304247441667
66.08295045440433 22.82160847572839
66.08297223696091 22.827912704001015
66.08299402532512 22.834216932259558
66.0830158194983 22.840521160504004
66.08916907689053 22.645069909115772
66.08919101210313 22.651374135097175
66.0892129531702 22.657678361064203
66.08923490009309 22.66398258701685
66.08925685287315 22.670286812955112
66.0892788115117 22.67659103887899
66.08930077601009 22.682895264788463
66.08932274636966 22.689199490683546
66.08934472259175 22.69550371656422
66.08936670467769 22.70180794243049
66.08938869262884 22.70811216828236
66.08941068644654 22.714416394119795
66.08943268613213 22.720720619942817
66.08945469168695 22.727024845751412
66.08947670311235 22.73332907154558
66.08949872040967 22.73963329732531
66.08952074358027 22.7459375230906
66.08954277262546 22.752241748841445
66.08956480754662 22.758545974577846
66.0895868483451 22.76485020029979
66.08960889502225 22.77115442600728
66.08963094757938 22.777458651700304
66.08965300601788 22.78376287737886
66.08967507033908 22.790067103042944
66.08969714054435 22.796371328692555
66.08971921663502 22.80267555432768
66.08974129861244 22.808979779948327
66.08976338647797 22.81528400555448
66.08978548023298 22.821588231146144
66.08980757987878 22.8278924567233
66.08987391417466 22.84680513336774
66.08989603739728 22.853109358886858
66.09599525643708 22.645049448347912
66.09601750637884 22.65135367160657
66.09606202407915 22.663962118079514
66.09608429184041 22.67026634129379
66.09610656554425 22.676570564493254
66.09612884519198 22.682874787677914
66.09615113078499 22.689179010847756
66.09617342232463 22.695483234002783
66.09619571981226 22.701787457142984
66.09621802324925 22.70809168026836
66.09624033263695 22.714395903378897
66.09626264797674 22.720700126474597
66.09628496926997 22.727004349555454
66.09630729651802 22.733308572621464
66.09632962972223 22.739612795672627
66.09635196888398 22.745917018708926
66.09637431400463 22.752221241730364
66.09639666508556 22.75852546473694
66.09641902212812 22.764829687728646
66.09644138513369 22.771133910705473
66.09646375410362 22.777438133667417
66.09648612903929 22.78374235661448
66.09650850994208 22.790046579546654
66.09653089681335 22.79635080246393
66.09655328965445 22.80265502536631
66.09657568846679 22.80895924825378
66.0965980932517 22.81526347112635
66.0966205040106 22.821567693984
66.09664292074481 22.827871916826737
66.09666534345575 22.834176139654545
66.09668777214476 22.840480362467428
66.09671020681323 22.84678458526538
66.09673264746255 22.853088808048394
66.10293431751538 22.676549798422325
66.10295691231164 22.68285401884334
66.10297951313727 22.689158239249128
66.10300211999362 22.695462459639664
66.10302473288212 22.701766680014963
66.10306997676102 22.714375120719794
66.10309260775419 22.720679341049323
66.10311524478502 22.726983561363582
66.10313788785487 22.733287781662575
66.10316053696515 22.739592001946292
66.10318319211723 22.745896222214725
66.1032058533125 22.75220044246788
66.10322852055235 22.758504662705743
66.10325119383818 22.764808882928314
66.10327387317133 22.771113103135576
66.10329655855323 22.777417323327537
66.10331924998525 22.78372154350419
66.10334194746878 22.790025763665533
66.10336465100522 22.79632998381155
66.10338736059595 22.802634203942254
66.10341007624235 22.808938424057615
66.10343279794583 22.815242644157653
66.10345552570779 22.82154686424235
66.10347825952958 22.827851084311703
66.10350099941263 22.83415530436571
66.10352374535832 22.84045952440436
66.10354649736804 22.84676374442765
66.10976206739596 22.67652874066657
66.10978497733991 22.682832958285132
66.10980789339732 22.689137175888032
66.10983081556957 22.69544139347526
66.1098537438581 22.70174561104681
66.10989961878951 22.714354046142883
66.10992256543521 22.72065826366738
66.10994551820278 22.72696248117619
66.10996847709362 22.733266698669294
66.10999144210912 22.7395709161467
66.11001441325071 22.745875133608397
66.11003739051975 22.752179351054373
66.11006037391769 22.758483568484632
66.11008336344592 22.76478778589917
66.11010635910584 22.771092003297976
66.11012936089887 22.77739622068105
66.11015236882638 22.78370043804838
66.11017538288984 22.790004655399972
66.11019840309059 22.79630887273581
66.11022142943008 22.802613090055893
66.11024446190974 22.80891730736022
66.11026750053094 22.81522152464878
66.11029054529509 22.821525741921572
66.11031359620362 22.82782995917859
66.11033665325795 22.83413417641983
66.11035971645946 22.840438393645286
66.1103827858096 22.84674261085495
66.11668275271096 22.701724250238936
66.1167292586932 22.714332679648546
66.11675252099059 22.72063689432916
66.11677578949406 22.726941108993657
66.11679906420501 22.733245323642013
66.1168223451249 22.73954953827423
66.11684563225512 22.74585375289031
66.1168689255971 22.752157967490234
66.11689222515227 22.758462182074002
66.11691553092206 22.76476639664162
66.11693884290789 22.771070611193057
66.11696216111118 22.777374825728334
66.11698548553335 22.78367904024743
66.11700881617584 22.789983254750354
66.11703215304009 22.796287469237086
66.1170554961275 22.80259168370763
66.11707884543952 22.80889589816198
66.11710220097758 22.815200112600124
66.1171255627431 22.821504327022065
66.11714893073751 22.82780854142779
66.11717230496224 22.834112755817305
66.11719568541875 22.840416970190592
66.11721907210843 22.84672118454766
66.11724246503273 22.853025398888494
66.1172658641931 22.859329613213088
66.11728926959097 22.86563382752144
66.11731268122774 22.871938041813547
66.1173360991049 22.8782422560894
66.12355889644286 22.714311021237172
66.12358247439107 22.720615233035065
66.12360605862958 22.726919444816385
66.1236296491598 22.73322365658113
66.12365324598318 22.73952786832929
66.12367684910119 22.74583208006087
66.12370045851523 22.75213629177586
66.12372407422679 22.75844050347425
66.12374769623725 22.76474471515604
66.12377132454812 22.771048926821226
66.12379495916082 22.777353138469795
66.12381860007679 22.78365735010175
66.12384224729746 22.78996156171708
66.12386590082431 22.79626577331579
66.1238895606588 22.802569984897854
66.12391322680233 22.80887419646329
66.12393689925636 22.815178408012077
66.12396057802239 22.82148261954422
66.1239842631018 22.827786831059704
66.1240079544961 22.834091042558526
66.1240316522067 22.84039525404069
66.12405535623506 22.846699465506184
66.12407906658265 22.853003676954998
66.12410278325092 22.859307888387136
66.12415023555528 22.87191631120134
66.13038853200925 22.714289070909178
66.1304124256074 22.720593279785483
66.13043632558008 22.726897488644774
66.1304602319287 22.733201697487036
66.13048414465472 22.739505906312278
66.13050806375962 22.74581011512048
66.13053198924487 22.75211432391165
66.1305559211119 22.758418532685777
66.1305798593622 22.76472274144285
66.13060380399723 22.771026950182875
66.13062775501845 22.777331158905834
66.13065171242732 22.783635367611726
66.13067567622534 22.789939576300558
66.13069964641392 22.796243784972305
66.13072362299457 22.802547993626977
66.13074760596872 22.808852202264557
66.13077159533789 22.81515641088505
66.13079559110352 22.821460619488434
66.13081959326708 22.827764828074727
66.13084360183002 22.834069036643907
66.13086761679386 22.84037324519597
66.13089163816004 22.84667745373092
66.13091566593002 22.85298166224874
66.1309397001053 22.85928587074943
66.13721816536315 22.714266828664964
66.1372423746104 22.720571034580832
66.13726659031633 22.726875240479227
66.13729081248246 22.73317944636015
66.13731504111024 22.739483652223598
66.13733927620116 22.74578785806955
66.1373635177567 22.752092063898015
66.13738776577834 22.75839626970899
66.13741202026758 22.764700475502455
66.13743628122587 22.771004681278416
66.13746054865474 22.77730888703686
66.13748482255563 22.783613092777784
66.13750910293005 22.789917298501184
66.13753338977949 22.796221504207058
66.13755768310543 22.80252570989539
66.13758198290934 22.80882991556619
66.13760628919273 22.81513412121944
66.13763060195707 22.821438326855134
66.13765492120386 22.827742532473266
66.13767924693461 22.83404673807384
66.13770357915077 22.840350943656848
66.13772791785387 22.846655149222276
66.13775226304536 22.852959354770128
66.13777661472676 22.859263560300388
66.13780097289957 22.86556776581306
66.14407232137077 22.72054849742151
66.14409685280908 22.726852700320162
66.14412139079181 22.73315690320088
66.14414593532045 22.739461106063654
66.14417048639649 22.745765308908485
66.14419504402143 22.752069511735368
66.14421960819678 22.758373714544295
66.14424417892405 22.764677917335256
66.14426875620474 22.770982120108254
66.14429334004033 22.777286322863276
66.14431793043236 22.78359052560032
66.1443425273823 22.78989472831938
66.14436713089168 22.796198931020452
66.14439174096199 22.802503133703524
66.14441635759475 22.8088073363686
66.14444098079146 22.81511153901566
66.14446561055364 22.821415741644714
66.14449024688277 22.827719944255747
66.14451488978038 22.834024146848755
66.14453953924797 22.84032834942373
66.14456419528707 22.846632551980672
66.14458885789918 22.852936754519575
66.14463820284845 22.865545159543228
66.1446875741079 22.878153564494642
66.15090226585929 22.72052566830795
66.15092711302907 22.726829868167993
66.15095196682749 22.733134068009633
66.15097682725607 22.739438267832874
66.15100169431634 22.745742467637704
66.15102656800977 22.752046667424118
66.15105144833792 22.758350867192117
66.15107633530232 22.764655066941682
66.15110122890447 22.770959266672815
66.1511261291459 22.77726346638551
66.15115103602812 22.78356766607976
66.15117594955268 22.78987186575556
66.1512008697211 22.796176065412904
66.15122579653487 22.802480265051788
66.15125072999557 22.8087844646722
66.1512756701047 22.815088664274143
66.15130061686376 22.8213928638576
66.15132557027432 22.827697063422576
66.1513505303379 22.834001262969057
66.15137549705602 22.840305462497042
66.1514004704302 22.846609662006525
66.15142545046199 22.8529138614975
66.15145043715292 22.859218060969955
66.15147543050452 22.865522260423894
66.1515004305183 22.871826459859303
66.15152543719582 22.878130659276174
66.15773220804672 22.72050254724056
66.15775737094707 22.72680674402314
66.15780771688786 22.73941513753168
66.15785808969241 22.752023530964703
66.15788328617245 22.758327727652876
66.15790848937304 22.76463192432215
66.15793369929574 22.77093612097252
66.15795891594206 22.777240317603983
66.15798413931358 22.78354451421653
66.15800936941183 22.789848710810155
66.15803460623835 22.796152907384844
66.15805984979468 22.802457103940604
66.15808510008237 22.808761300477425
66.15811035710297 22.815065496995295
66.15813562085803 22.821369693494216
66.1581608913491 22.827673889974186
66.1581861685777 22.833978086435184
66.1582114525454 22.840282282877205
66.15823674325377 22.84658647930026
66.15826204070433 22.852890675704327
66.15828734489862 22.859194872089404
66.15831265583823 22.865499068455488
66.15833797352468 22.871803264802576
66.16461311196085 22.733087521532944
66.16466410321243 22.7456959087687
66.16468960904008 22.752000102357535
66.16471512167107 22.758304295927
66.16474064110692 22.764608489477094
66.16476616734921 22.770912683007804
66.16479170039952 22.777216876519127
66.16481724025938 22.78352107001105
66.1648427869304 22.789825263483582
66.16486834041407 22.796129456936704
66.16489390071202 22.802433650370407
66.16491946782578 22.808737843784698
66.16494504175694 22.815042037179566
66.16497062250703 22.821346230554997
66.16499621007766 22.827650423910995
66.16502180447037 22.83395461724755
66.16504740568672 22.840258810564652
66.1650730137283 22.8465630038623
66.16509862859668 22.85286719714049
66.16512425029342 22.859171390399204
66.16514987882009 22.86547558363845
66.17144368099999 22.73306381024835
66.17149530413012 22.74567219117133
66.17152112602348 22.751976381603058
66.17154695480446 22.75828057201493
66.17157279047463 22.76458476240694
66.1715986330356 22.77088895277909
66.17162448248891 22.777193143131367
66.17165033883619 22.783497333463767
66.17167620207898 22.789801523776283
66.1717020722189 22.796105714068904
66.1717279492575 22.80240990434163
66.17175383319639 22.80871409459446
66.17177972403714 22.81501828482737
66.17180562178133 22.821322475040375
66.17183152643057 22.82762666523345
66.17185743798642 22.833930855406603
66.17188335645048 22.840235045559815
66.17190928182434 22.84653923569309
66.17193521410958 22.85284342580642
66.1719611533078 22.85914761589979
66.1719870994206 22.8654518059732
66.17201305244954 22.87175599602665
66.17832650265521 22.745648181465977
66.1783526406133 22.75195236870171
66.1783787855433 22.758256555917097
66.17840493744684 22.76456074311214
66.17843109632551 22.770864930286827
66.1784572621809 22.777169117441147
66.17848343501461 22.783473304575107
66.17850961482827 22.789777491688692
66.17853580162344 22.7960816787819
66.17856199540175 22.80238586585472
66.17858819616478 22.808690052907142
66.17861440391418 22.814994239939164
66.17864061865151 22.821298426950783
66.1786668403784 22.827602613941995
66.17869306909643 22.833906800912775
66.17871930480723 22.840210987863138
66.1787455475124 22.846515174793073
66.17877179721356 22.852819361702554
66.1787980539123 22.8591235485916
66.17882431761024 22.865427735460198
66.17885058830899 22.87173192230833
66.18515769875837 22.745623879653078
66.18518415278022 22.751928063653928
66.1852106138583 22.75823224763395
66.18523708199425 22.76453643159313
66.18526355718964 22.77084061553145
66.18529003944613 22.77714479944892
66.18531652876533 22.783448983345526
66.18534302514885 22.789753167221264
66.18536952859832 22.79605735107613
66.18539603911535 22.802361534910105
66.1854225567016 22.80866571872319
66.18544908135864 22.814969902515386
66.18547561308812 22.821274086286675
66.18550215189168 22.82757827003706
66.18552869777093 22.833882453766524
66.1855552507275 22.84018663747506
66.18558181076301 22.84649082116268
66.1856083778791 22.852795004829357
66.1856349520774 22.85909918847509
66.18566153335952 22.86540337209988
66.1856881217271 22.871707555703708
66.19201566249501 22.751903466460174
66.19204243972018 22.758207647165936
66.19206922408752 22.764511827850352
66.19209601559866 22.770816008513425
66.19212281425528 22.777120189155127
66.19214962005896 22.783424369775478
66.19217643301137 22.789728550374445
66.19220325311416 22.79603273095204
66.19223008036893 22.80233691150825
66.19225691477736 22.808641092043068
66.19228375634111 22.81494527255649
66.19231060506176 22.8212494530485
66.19233746094102 22.82755363351911
66.1923643239805 22.83385781396829
66.19239119418185 22.840161994396052
66.19241807154671 22.846466174802377
66.19247184777362 22.859074535550704
66.19255256588154 22.877987076512284
66.19884716972831 22.7518785771209
66.19890136369736 22.764486931884285
66.19892847152326 22.770791109233187
66.19895558657898 22.777095286560225
66.19898270886617 22.7833994638654
66.19900983838647 22.78970364114869
66.19903697514157 22.796007818410093
66.1990641191331 22.802311995649607
66.19909127036276 22.80861617286722
66.19911842883216 22.814920350062927
66.19914559454301 22.82122452723672
66.19917276749696 22.82752870438859
66.19919994769567 22.833832881518543
66.1992271351408 22.84013705862655
66.19925432983403 22.846441235712618
66.19928153177702 22.85274541277674
66.19930874097142 22.859049589818902
66.19933595741894 22.865353766839107
66.20573350079442 22.764461743695367
66.20576092493408 22.770765917691214
66.20578835638791 22.777070091664687
66.20581579515758 22.78337426561577
66.20584324124478 22.78967843954446
66.2058706946512 22.795982613450754
66.20589815537848 22.80228678733464
66.20592562342831 22.808590961196114
66.20595309880241 22.814895135035165
66.20598058150244 22.82119930885179
66.20600807153008 22.827503482645977
66.206035568887 22.833807656417726
66.2061181049504 22.852720177598236
66.20614563164136 22.859024351280144
66.20617316567005 22.86532852493957
66.21253790229382 22.758132092657295
66.21256563534939 22.764436263284075
66.2125933758018 22.770740433887966
66.21262112365272 22.777044604468962
66.21264887890388 22.783348775027047
66.21267664155695 22.789652945562228
66.21270441161364 22.79595711607449
66.21273218907565 22.802261286563816
66.21275997394469 22.808565457030216
66.21278776622243 22.81486962747367
66.21281556591062 22.821173797894176
66.21284337301091 22.827477968291735
66.2128990094547 22.84008630901794
66.21292683880161 22.846390479346585
66.21939776733298 22.764410490650885
66.21942582409709 22.77071465782392
66.21945388834409 22.777018824973535
66.21948196007568 22.78332299209971
66.2195100392936 22.78962715920246
66.21953812599955 22.79593132628176
66.21956622019525 22.80223549333761
66.21959432188244 22.808539660369995
66.21962243106282 22.814843827378912
66.21965054773811 22.821147994364363
66.21973494275073 22.84006049517978
66.21984757446761 22.865277162604563
66.22620153120657 22.758080262069036
66.22622989671584 22.764384425796262
66.22625826979062 22.770688589499542
66.22628665043264 22.77699275317887
66.22631503864365 22.78329691683424
66.22634343442536 22.789601080465637
66.22637183777952 22.79590524407305
66.22640024870789 22.802209407656488
66.22642866721218 22.808513571215933
66.22645709329414 22.81481773475138
66.22648552695551 22.821121898262817
66.22651396819805 22.827426061750238
66.22654241702347 22.833730225213642
66.22657087343353 22.840034388653013
66.22659933742997 22.846338552068342
66.22668477495503 22.865251042170044
66.23303334173411 22.75805390850159
66.23306202346866 22.764358068720703
66.23309071285306 22.770662228915334
66.23311940988906 22.776966389085466
66.23314811457841 22.7832705492311
66.23317682692289 22.789574709352237
66.23320554692421 22.795878869448853
66.23323427458418 22.802183029520947
66.23326300990452 22.808487189568517
66.23329175288701 22.81479134959154
66.2333205035334 22.821095509590027
66.23334926184548 22.827399669563956
66.23337802782497 22.833703829513325
66.23340680147365 22.840007989438128
66.23343558279328 22.84631214933835
66.23346437178562 22.85261630921399
66.23349316845245 22.858920469065033
66.23995216668399 22.776939732693805
66.23998118785063 22.78324388929081
66.24001021675679 22.789548045862755
66.24003925340422 22.795852202409645
66.24006829779472 22.802156358931473
66.24009734993007 22.808460515428227
66.240126409812 22.814764671899898
66.24015547744237 22.82106882834648
66.2401845528229 22.827372984767965
66.24021363595539 22.833677141164348
66.24024272684161 22.839981297535612
66.24027182548336 22.84628545388176
66.24030093188244 22.852589610202774
66.24033004604058 22.85889376649865
66.24681425843097 22.783216937013833
66.24684360389772 22.789521089997685
66.24687295719018 22.79582524295593
66.24690231831013 22.80212939588856
66.24693168725939 22.808433548795566
66.24696106403972 22.814737701676943
66.24699044865295 22.821041854532677
66.24701984110088 22.827346007362767
66.24704924138528 22.833650160167192
66.247078649508 22.839954312945963
66.24710806547078 22.84625846569906
66.24713748927547 22.852562618426475
66.24716692092387 22.858866771128202
66.24719636041776 22.865170923804232
