# successful candidates for region at (295.4086257867972, -19.19645145674828) and radius 1.0
294.70032731002476 -19.335187844381185
294.70038182496563 -19.32258786379856
294.7004090707204 -19.316287873468212
294.7069984747113 -19.34151346720646
294.7070254860522 -19.33521347327567
294.707052489654 -19.328913479319326
294.7070794855182 -19.32261348533744
294.70713345404 -19.310013497297064
294.713563028184 -19.373038843735664
294.7137236641674 -19.335238858665665
294.7137504099939 -19.328938861066217
294.7137771481567 -19.322638863441707
294.71409740889646 -19.247038889995967
294.7203953487086 -19.341564001733772
294.7204218443504 -19.33526400055075
294.7204483324008 -19.328963999343138
294.72047481286126 -19.322663998110954
294.72073920035706 -19.25966398443902
294.7207655974291 -19.253363982936996
294.72683099708746 -19.40458894992661
294.72709378879046 -19.34158890368722
294.7271200265813 -19.335288898930504
294.7271462568546 -19.328988894149678
294.72717247961197 -19.32268888934475
294.7272249025846 -19.310088879662622
294.72725110280294 -19.303788874785432
294.72727729551127 -19.29748886988417
294.7273034807111 -19.29118886495885
294.72743429413515 -19.259688839971563
294.7274604343155 -19.25338883490203
294.73347989048574 -19.417213659798897
294.73353202178237 -19.404613643752764
294.73384418333563 -19.329013545485413
294.7338701483889 -19.322713537142686
294.73389610600157 -19.316413528776337
294.733922056175 -19.310113520386366
294.7339479989108 -19.303813511972795
294.7339739342103 -19.29751350353562
294.7339998620752 -19.291213495074857
294.7340257825069 -19.2849134865905
294.73410349921727 -19.26601346099601
294.73412938993084 -19.259713452417394
294.7341552732186 -19.25341344381523
294.734181149082 -19.24711343518953
294.7402330484948 -19.40463809368807
294.7402588443601 -19.398338082120944
294.7405421118238 -19.329037953349943
294.7406448970224 -19.303837905828683
294.7406705749123 -19.297537893890514
294.74072190861096 -19.284937869944798
294.7407475644226 -19.27863785793727
294.7407732128777 -19.272337845906645
294.74079885397776 -19.266037833852913
294.7408244877242 -19.259737821776096
294.7408501141186 -19.2534378096762
294.7469085326207 -19.410962314749924
294.74693407720486 -19.404662299732113
294.7472400422992 -19.329062117742858
294.74726549194185 -19.32276210242935
294.74734179711777 -19.303862056352685
294.7473672175973 -19.297562040948442
294.74739263078965 -19.291262025521533
294.7474180366964 -19.28496201007197
294.7474434353188 -19.278661994599755
294.7474688266585 -19.272361979104893
294.7474942107169 -19.266061963587397
294.74751958749545 -19.259761948047274
294.74754495699557 -19.253461932484527
294.7536098219762 -19.41098628034124
294.75403869917716 -19.303885963544406
294.75406386224535 -19.29758594470901
294.7540890181003 -19.291285925851408
294.7541141667432 -19.284985906971603
294.7541393081757 -19.278685888069603
294.75416444239914 -19.27238586914542
294.754189569415 -19.26608585019905
294.7542146892248 -19.259785831230513
294.7542398018298 -19.25348581223981
294.7606608433608 -19.322809693967706
294.7607356031806 -19.303909627403442
294.76076050883665 -19.297609605171814
294.7607854073532 -19.29130958291844
294.7608102987316 -19.285009560643303
294.76083518297327 -19.278709538346433
294.76086006007966 -19.272409516027825
294.7608849300522 -19.266109493687487
294.76090979289233 -19.259809471325433
294.7673091618568 -19.33543317557419
294.76733384544997 -19.329133150087912
294.76735852197027 -19.32283312458028
294.7673831914191 -19.31653309905132
294.76740785379803 -19.31023307350102
294.7674325091083 -19.303933047929405
294.7674571573514 -19.297633022336473
294.7674817985287 -19.291332996722232
294.7675064326417 -19.285032971086686
294.76753105969175 -19.278732945429848
294.76755567968024 -19.272432919751722
294.7675802926086 -19.26613289405231
294.7676048984783 -19.259832868331628
294.7676294972906 -19.253532842589674
294.767654089047 -19.247232816826465
294.76775238554194 -19.222032713561152
294.7738116992524 -19.385856599171152
294.77383618110485 -19.379556570523707
294.77386065594703 -19.373256541855312
294.77393403842666 -19.35435645572446
294.7739584852422 -19.348056426972317
294.7739829250545 -19.34175639819925
294.77400735786506 -19.33545636940527
294.7740806143001 -19.316556282897913
294.7741050191176 -19.31025625402035
294.77412941694024 -19.303956225121905
294.7741538077696 -19.297656196202585
294.7741781916069 -19.2913561672624
294.7742025684537 -19.285056138301353
294.77422693831124 -19.278756109319456
294.77425130118104 -19.272456080316715
294.77442164572847 -19.22835587671439
294.78051196208014 -19.38587957585877
294.78053618555737 -19.37957954391415
294.78056040209833 -19.373279511949026
294.7805846117045 -19.366979479963387
294.78060881437733 -19.360679447957246
294.780633010118 -19.354379415930616
294.7806571989281 -19.348079383883494
294.78068138080886 -19.34177935181589
294.78070555576176 -19.335479319727813
294.7807297237882 -19.329179287619272
294.78082632665667 -19.303979158980553
294.7808504600714 -19.29767912676977
294.7808745865679 -19.29137909453856
294.78089870614764 -19.285079062286925
294.7809228188119 -19.278779030014874
294.78094692456216 -19.272478997722416
294.78097102339973 -19.266178965409562
294.78104327845034 -19.247278868348644
294.78106734965104 -19.24097883595425
294.78109141394606 -19.23467880353948
294.787260150123 -19.373302238324055
294.78728410150114 -19.3670022030771
294.7873080460198 -19.36070216781007
294.7874037555271 -19.335502026541455
294.7875948457037 -19.28510174304302
294.787618701174 -19.27880170751573
294.7876425498039 -19.272501671968463
294.7876663915949 -19.26620163640123
294.7877616903968 -19.241001493932735
294.78780929879963 -19.228401422578845
294.7939599000011 -19.373324720980033
294.7942909871021 -19.285124180569255
294.7943145853775 -19.27882414182163
294.79433817688624 -19.272524103054455
294.7944795839171 -19.234723870041304
294.8009871303229 -19.28514637486526
294.8010104714026 -19.27884633293221
294.8011736716368 -19.234746038865772
294.84768763421124 -19.335695429902213
294.8477308083168 -19.323095303639672
294.8543004610001 -19.360915965576552
294.8543218178166 -19.35461589960801
294.85436451309823 -19.34201576762305
294.85438585156595 -19.335715701606635
294.8544071839198 -19.329415635574282
294.85442851016103 -19.323115569525978
294.861062989969 -19.342035798689324
294.86108407057 -19.33573572979822
294.861105145131 -19.329435660891555
294.8611262136533 -19.323135591969333
294.86114727613807 -19.316835523031553
294.8611893829999 -19.304235385109365
294.86776146846984 -19.342055586207465
294.8677822912034 -19.335755514476627
294.8678031079709 -19.3294554427306
294.86782391877347 -19.323155370969392
294.8683215916733 -19.171953644159228
294.8744805134463 -19.335775055641527
294.87450107241955 -19.32947498109109
294.8745216255018 -19.323174906525843
294.8750539417524 -19.15937296264811
294.88117873727873 -19.335794353292602
294.8811990384571 -19.329494275972696
294.8812193338183 -19.323194198638348
294.8817248306779 -19.16569226060126
294.88174497520083 -19.159392182893182
294.88785691355366 -19.342113487469874
294.8878769626808 -19.335813407429523
294.88789700606355 -19.329513327375096
294.8884558932043 -19.15311108015411
294.88847577049717 -19.146810999693407
294.89449599057 -19.361032548930766
294.8945157988454 -19.35473246623166
294.8945356014469 -19.34843238351883
294.89455539837553 -19.342132300792265
294.90119525097816 -19.3610511267005
294.901214801161 -19.354751041335348
294.90123434574383 -19.34845095595682
294.9012538847278 -19.34215087056492
294.901273418114 -19.335850785159653
294.90129294590355 -19.329550699741024
294.90791380498837 -19.35476937281908
294.9079330915519 -19.348469284809816
294.90795237259056 -19.342169196787534
295.10977520801174 -18.863794266206057
295.16321758106324 -18.85757263098912
295.16322684958016 -18.85127246867319
295.1632361154231 -18.8449723063542
295.1698513494708 -18.889082179309483
295.16988745099826 -18.863881525070322
295.1698964698735 -18.857581361503268
295.169905486147 -18.851281197933307
295.1699144998194 -18.844981034360448
295.1765315012808 -18.889090675042038
295.17654027796 -18.88279051026637
295.1765490521083 -18.876490345487962
295.17655782372634 -18.87019018070681
295.18321165376256 -18.889098929720227
295.18322017783373 -18.882798763758952
295.18322869944694 -18.876498597795088
295.1832372186026 -18.870198431828634
295.18324573530117 -18.863898265859586
295.18988353304815 -18.895407110453746
295.1898918068967 -18.88910694334392
295.18990007835964 -18.882806776231657
295.1899083474373 -18.876506609116955
295.18991661413037 -18.870206441999812
295.1899248784392 -18.863906274880232
295.19656393949674 -18.89541488413932
295.1965719606639 -18.889114715912985
295.1965799795182 -18.882814547684358
295.19658799606026 -18.876514379453432
295.19659601029036 -18.870214211220215
295.2032598812903 -18.882822078116916
295.20326764529636 -18.876521908804392
295.20328316659175 -18.863921570172895
