# # ids of objects in overdense bins for (70.91614168530349, -72.55451842878306)
# 
4.654558450698110976e+18
4.654558523720136704e+18
4.654559623230766080e+18
4.654559275331968000e+18
4.652994498491210752e+18
4.652995430501801984e+18
4.652994154889929728e+18
4.652994812025059328e+18
4.652976601372089344e+18
4.652994670285902848e+18
4.652976120323253248e+18
4.652995636658756608e+18
4.652980896328667136e+18
4.652993025328529408e+18
4.652979552005326848e+18
4.652976017244782592e+18
4.652995464860068864e+18
4.652995224341916672e+18
4.652994399709724672e+18
4.652994227911031808e+18
4.652993364615841792e+18
4.652994979523796992e+18
4.652995877178393600e+18
4.652993605133923328e+18
4.652976292123432960e+18
4.652996392574385152e+18
4.652992578644433920e+18
4.652979350138501120e+18
4.652993398975610880e+18
4.652992509924226048e+18
4.652996319554000896e+18
4.652976807530912768e+18
4.652994846387162112e+18
4.652996083336788992e+18
4.652976395201898496e+18
4.652995018183461888e+18
4.652976081668293632e+18
4.652992505622099968e+18
4.652975158251337728e+18
4.652979590656651264e+18
4.652995842818679808e+18
4.652992883579335680e+18
4.652980552729251840e+18
4.652993403278176256e+18
4.652980518369514496e+18
4.652979521950251008e+18
4.652980587088959488e+18
4.652992784802119680e+18
4.652994361048625152e+18
4.652995567948966912e+18
4.652996186414530560e+18
4.652995769797894144e+18
4.652994670285945856e+18
4.652993914393426944e+18
4.652992780500072448e+18
4.652995254401832960e+18
4.652975257034467328e+18
4.652992780500109312e+18
4.652975192610828288e+18
4.652996044675989504e+18
4.652992578643699712e+18
4.652994021752610816e+18
4.652995121264192512e+18
4.652994773365272576e+18
4.652979934255781888e+18
4.652996014625557504e+18
4.652992746140299264e+18
4.652994365358115840e+18
4.652992814859875328e+18
4.652994773365269504e+18
4.652975089532428288e+18
4.652979315780469760e+18
4.652995774099217408e+18
4.652993197127040000e+18
4.652992986658640896e+18
4.652992509924230144e+18
4.652992544283968512e+18
4.652996216474901504e+18
4.652993918673419264e+18
4.652993918673422336e+18
4.652995499221305344e+18
4.652994498487609344e+18
4.652993918673418240e+18
4.652993437645202432e+18
4.652994124831859712e+18
4.652993849953951744e+18
4.652994464127865856e+18
4.652994498487589888e+18
4.652995907236995072e+18
4.652979625018224640e+18
4.652979483282981888e+18
4.652979659376086016e+18
4.652992574341626880e+18
4.652993055378046976e+18
4.652993089737861120e+18
4.652992574341624832e+18
4.652975497552633856e+18
4.652994743307139072e+18
4.652980655811121152e+18
4.652976326483194880e+18
4.652976871942876160e+18
4.652994262278915072e+18
4.652976356546445312e+18
4.652994743307156480e+18
4.652994777666865152e+18
4.652979625018214400e+18
4.652975909869915136e+18
4.652994635930193920e+18
4.652993536414700544e+18
4.652992883579379712e+18
4.652992917939116032e+18
4.652993334557897728e+18
4.652996255135434752e+18
4.652992475564490752e+18
4.652993368917635072e+18
4.652993334557896704e+18
4.652979350140213248e+18
4.652993849953971200e+18
4.652976051616285696e+18
4.652993712515017728e+18
4.652976081671706624e+18
4.652993265838416896e+18
4.652996216496428032e+18
4.652993678155276288e+18
4.652995013883482112e+18
4.652995323121386496e+18
4.652995494920078336e+18
4.652993811322727424e+18
4.652993192821118976e+18
4.652980415290312704e+18
4.652980415290311680e+18
4.652992883579351040e+18
4.652976906302676992e+18
4.652993742572944384e+18
4.652975330050632704e+18
4.652992613011673088e+18
4.652996250837947392e+18
4.652994949465552896e+18
4.652995739739380736e+18
4.652995460563964928e+18
4.652996186415978496e+18
4.652994257969235968e+18
4.652996186414526464e+18
4.652996216478205952e+18
4.652975226971420672e+18
4.652992917969214464e+18
4.652992917969214464e+18
4.652993295896300544e+18
4.652993059688308736e+18
4.652994051810797568e+18
4.652980827607088128e+18
4.652995632362652672e+18
4.652993055378085888e+18
4.652993055378085888e+18
4.652993089767904256e+18
4.652993094048003072e+18
4.652994159199875072e+18
4.652993128399482880e+18
4.652980174772157440e+18
4.652992574371827712e+18
4.652995941596814336e+18
4.652992883579390976e+18
4.652992917939129344e+18
4.652992574371825664e+18
4.652995224343436288e+18
4.652995460560475136e+18
4.652995185682450432e+18
4.652979929959847936e+18
4.652979487579187200e+18
4.652994532877250560e+18
4.652995494920095744e+18
4.652980518382167040e+18
4.652994292358773760e+18
4.652976566999799808e+18
4.652994090472968192e+18
4.652979281419065344e+18
4.652995396150451200e+18
4.652976906302642176e+18
4.652994120530162688e+18
4.652993880033895424e+18
4.652995907236984832e+18
4.652993639493662720e+18
4.652994395408228352e+18
4.652995460589889536e+18
4.652995224341912576e+18
4.652996186424243200e+18
4.652980655810483200e+18
4.652980106053616640e+18
4.652993300198164480e+18
4.652995323150931968e+18
4.652980587088968704e+18
4.652992677420887040e+18
4.652992716082640896e+18
4.652992986688706560e+18
4.652993398975647744e+18
4.652995082603080704e+18
4.652977013688919040e+18
4.652992681722900480e+18
4.652979693736765440e+18
4.652995391840899072e+18
4.652993575084338176e+18
4.652993128407738368e+18
4.652992853521590272e+18
4.652994945167798272e+18
4.652994154889933824e+18
4.652980002973535232e+18
4.652993059680019456e+18
4.652993158457312256e+18
4.652996182115040256e+18
4.652993330256094208e+18
4.652992814859828224e+18
4.652992716082631680e+18
4.652993192817138688e+18
4.652994296628952064e+18
4.652993261536614400e+18
4.652993128399489024e+18
4.652980002975225856e+18
4.652976597067844608e+18
4.652994640227785728e+18
4.652979517642851328e+18
4.652994090472061952e+18
4.652995220042050560e+18
4.652995671019930624e+18
4.652994296628943872e+18
4.652993261536707584e+18
4.652980793249408000e+18
4.652976184747678720e+18
4.652995189983637504e+18
4.652995808457430016e+18
4.652995121264204800e+18
4.652996319553964032e+18
4.652992990968782848e+18
4.652979796815735808e+18
4.652995258703159296e+18
4.652993433342771200e+18
4.653013881679550464e+18
4.652997354647113728e+18
4.652998660315627520e+18
4.653025903291797504e+18
4.653026629152477184e+18
4.652997973122406400e+18
4.653011334760625152e+18
4.653011304709258240e+18
4.653005257395419136e+18
4.653013297565011968e+18
4.653005944581371904e+18
4.653016321220908032e+18
4.653026113756402688e+18
4.653010063452719104e+18
4.653025701429964800e+18
4.653017317654103040e+18
4.652996491352918016e+18
4.653000481383024640e+18
4.652999171412500480e+18
4.653015595368822784e+18
4.653006975372268544e+18
4.653017145854651392e+18
4.653001924493014016e+18
4.653017278996569088e+18
4.653011270349517824e+18
4.653001924493014016e+18
4.653016901056761856e+18
4.653006764915713024e+18
4.653016591806091264e+18
4.653007593848470528e+18
4.653000167845164032e+18
4.653011751375842304e+18
4.653005944580154368e+18
4.653012021974103040e+18
4.653004222295189504e+18
4.652997247266724864e+18
4.653001439155180544e+18
4.652999244440940544e+18
4.653010853724282880e+18
4.653017523821833216e+18
4.653018966920550400e+18
4.653019138719592448e+18
4.652997766963913728e+18
4.652997522144757760e+18
4.653013121495924736e+18
4.653012021955677184e+18
4.653024567557760000e+18
4.653013538092013568e+18
4.653013400644345856e+18
4.653000653182575616e+18
4.653015256070009856e+18
4.653016179484646400e+18
4.653019035641260032e+18
4.653026521767208960e+18
4.653004226603260928e+18
4.653000240864889856e+18
4.653015152989879296e+18
4.653020478759331840e+18
4.653026697871534080e+18
4.653016252511295488e+18
4.653014259637529600e+18
4.653016252511295488e+18
4.652998690376412160e+18
4.653000206503842816e+18
4.653016836617907200e+18
4.653025800212523008e+18
4.653020233935704064e+18
4.653006666135687168e+18
4.653001306025286656e+18
4.653004295314983936e+18
4.653024906859191296e+18
4.653001782752977920e+18
4.653017558171509760e+18
4.653017485157060608e+18
4.653001683974079488e+18
4.653024464478871552e+18
4.653016286861181952e+18
4.653026109450229760e+18
4.652997045409528832e+18
4.653010961103166464e+18
4.652996972388672512e+18
4.653000137785576448e+18
4.653002542966130688e+18
4.653016355590499328e+18
4.653013568144301056e+18
4.653014358446536704e+18
4.653010273917119488e+18
4.652999171433485312e+18
4.652997835683381248e+18
4.653006902354775040e+18
4.653025907588348928e+18
4.653024906859202560e+18
4.653005253087610880e+18
4.653015629756817408e+18
4.652996938028848128e+18
4.653018554613972992e+18
4.652999274491863040e+18
4.653023124458785792e+18
4.653019959056002048e+18
4.652998488518311936e+18
4.653017042775429120e+18
4.653025186043468800e+18
4.653000412662263808e+18
4.652997079769261056e+18
4.652997870041660416e+18
4.653006047669105664e+18
4.653021200303542272e+18
4.653027522495993856e+18
4.653012021955610624e+18
4.653026904019939328e+18
4.653024185304696832e+18
4.653019684178216960e+18
4.653002469950674944e+18
4.653026422984411136e+18
4.653011231681169408e+18
4.653000378302522368e+18
4.653000240864913408e+18
4.652997865742332928e+18
4.653004810711111680e+18
4.653024803781365760e+18
4.653010750644831232e+18
4.653016664819295232e+18
4.653011820095312896e+18
4.653003779918902272e+18
4.653010819364424704e+18
4.653001301716119552e+18
4.652999274491854848e+18
4.653002405528539136e+18
4.653015152989860864e+18
4.653023193168273408e+18
4.653027041459670016e+18
4.653002165010333696e+18
4.653001198638178304e+18
4.653013258908735488e+18
4.653016836617029632e+18
4.653005665432548352e+18
4.653015904606586880e+18
4.653002779185498112e+18
4.653011266040998912e+18
4.653015354850775040e+18
4.653026418687953920e+18
4.653011235989786624e+18
4.653026727925570560e+18
4.653010136469618688e+18
4.653024842436508672e+18
4.653002508607719424e+18
4.653012026263518208e+18
4.653018692042819584e+18
4.653021299087766528e+18
4.653002813574260736e+18
4.653006803574737920e+18
4.653018103647136768e+18
4.653027522497633280e+18
4.653015561008922624e+18
4.653022226799439872e+18
4.653014087838897152e+18
4.652996903669058560e+18
4.652996834979784704e+18
4.653002646047599616e+18
4.653003054063611904e+18
4.652997144187372544e+18
4.653006593117298688e+18
4.653025667070230528e+18
4.653001202945967104e+18
4.653027243321730048e+18
4.653012468632208384e+18
4.653011300400742400e+18
4.653020543171989504e+18
4.653003191502601216e+18
4.653002641746442240e+18
4.653024395760006144e+18
4.653006597416215552e+18
4.653010819367058432e+18
4.653026251195143168e+18
4.653014431435345920e+18
4.652997797022888960e+18
4.653012331193061376e+18
4.653013602504158208e+18
4.653015084280211456e+18
4.652998144929502208e+18
4.653019516686675968e+18
4.653003878697448448e+18
4.653013881680439296e+18
4.653013808662628352e+18
4.653014186619794432e+18
4.653023124449607680e+18
4.653006185108229120e+18
4.653012056333679616e+18
4.653027075818976256e+18
4.653027075821041664e+18
4.653027728658591744e+18
4.653024601918359552e+18
4.653013911741785088e+18
4.653014942533658624e+18
4.652996495653593088e+18
4.653001649614316544e+18
4.652996736171694080e+18
4.653012159394740224e+18
4.653002405536888832e+18
4.653011266040994816e+18
4.653000339644188672e+18
4.652998484217825280e+18
4.653010819393296384e+18
4.653014220981398528e+18
4.652996560072475648e+18
4.653010995461620736e+18
4.653014465796361216e+18
4.652999274521162752e+18
4.653027419426028544e+18
4.653007696936313856e+18
4.653024666340979712e+18
4.653006902354759680e+18
4.653003539398185984e+18
4.652998999617047552e+18
4.653000751961165824e+18
4.652997865742356480e+18
4.653022467317634048e+18
4.653001718333789184e+18
4.653014122197761024e+18
4.653012816528883712e+18
4.653025701439141888e+18
4.653020066433251328e+18
4.652998209339812864e+18
4.653002027569699840e+18
4.653000206503847936e+18
4.653002646055048192e+18
4.653012198052411392e+18
4.653005115650782208e+18
4.653011472199536640e+18
4.653004157873472512e+18
4.653002061931968512e+18
4.652998007482135552e+18
4.653010097809343488e+18
4.653002646055047168e+18
4.653022536037187584e+18
4.653025181737172992e+18
4.652996422633341952e+18
4.652998935203251200e+18
4.653002955285214208e+18
4.653003058371910656e+18
4.653022987010686976e+18
4.653000000346680320e+18
4.652997419065412608e+18
4.653012094974281728e+18
4.653018485884407808e+18
4.653010269608294400e+18
4.653012571711358976e+18
4.653006082020278272e+18
4.653021887499200512e+18
4.653006803583339520e+18
4.653026869661001728e+18
4.653016969758788608e+18
4.652997526445793280e+18
4.652997659583839232e+18
4.653005257387685888e+18
4.653004845069696000e+18
4.653002439886911488e+18
4.653013847319813120e+18
4.653004604552668160e+18
4.653012232412138496e+18
4.653004741991611392e+18
4.652998896534932480e+18
4.652999381879881728e+18
4.653021509541515264e+18
4.652999205772234752e+18
4.653003913057289216e+18
4.653005326107180032e+18
4.653012472931521536e+18
4.652999828556477440e+18
4.653024327039931392e+18
4.653004638912413696e+18
4.653004364034486272e+18
4.653003500740028416e+18
4.653015152989892608e+18
4.653012438571786240e+18
4.652997487814745088e+18
4.653019035649974272e+18
4.653013568144281600e+18
4.653005016866871296e+18
4.653000034714906624e+18
4.653017901769638912e+18
4.653001065497257984e+18
4.653001645313832960e+18
4.653022913995593728e+18
4.653012644731573248e+18
4.653015221710322688e+18
4.653025254762516480e+18
4.653003848638403584e+18
4.653003500740140032e+18
4.653014461496889344e+18
4.653010858022685696e+18
4.653027243321717760e+18
4.653026762312298496e+18
4.653010617505873920e+18
4.652997698244476928e+18
4.652998862175089664e+18
4.653007181540628480e+18
4.653014706323329024e+18
4.653013877384520704e+18
4.653001340376778752e+18
4.653016767907604480e+18
4.653019409300115456e+18
4.653013744240621568e+18
4.652997423366647808e+18
4.652998179280758784e+18
4.653003264521816064e+18
4.653013984759711744e+18
4.653004978209550336e+18
4.653001336075831296e+18
4.653014667655525376e+18
4.653019276158182400e+18
4.653007353339322368e+18
4.653001546535177216e+18
4.653007490769233920e+18
4.653016115063441408e+18
4.652997934461975552e+18
4.653003672538941440e+18
4.653015187350632448e+18
4.653003328941657088e+18
4.653007765655801856e+18
4.653027208961969152e+18
4.652998041841862656e+18
4.653013366293535744e+18
4.653002955282984960e+18
4.653012129342953472e+18
4.653010785004667904e+18
4.653012198052402176e+18
4.653000786320948224e+18
4.652996663151699968e+18
4.653012434272422912e+18
4.652998625965621248e+18
4.653011304700526592e+18
4.653010273908501504e+18
4.653004810711106560e+18
4.653023983452633088e+18
4.653004050496187392e+18
4.652999141353424896e+18
4.653023017073657856e+18
4.653012606071215104e+18
4.653004054796767232e+18
4.653005807140854784e+18
4.653011373428731904e+18
4.653011300419676160e+18
4.653002371177154560e+18
4.653023708574319616e+18
4.653015870275258368e+18
4.653015457930142720e+18
4.653002366868301824e+18
4.653016218142603264e+18
4.653011540919050240e+18
4.653015427868677120e+18
4.652997075467958272e+18
4.653000790619371520e+18
4.653014122198618112e+18
4.653024185304679424e+18
4.652996495652190208e+18
4.653010514426629120e+18
4.653002749125796864e+18
4.653027449481238528e+18
4.653015801529865216e+18
4.653014324058890240e+18
4.653010273908504576e+18
4.653014255339413504e+18
4.653002886564716544e+18
4.653004570192932864e+18
4.653021951921601536e+18
4.653015629728479232e+18
4.653016664819308544e+18
4.652996804891126784e+18
4.653006764918066176e+18
4.652999588029878272e+18
4.652998449858004992e+18
4.653019070000985088e+18
4.653018962625311744e+18
4.653019924696695808e+18
4.653024395759399936e+18
4.653020921129319424e+18
4.653024498838615040e+18
4.653000447023301632e+18
4.653025009938524160e+18
4.653010548786328576e+18
4.652997698252909568e+18
4.653010308268246016e+18
4.653011162961594368e+18
4.653001920191757312e+18
4.653011197321434112e+18
4.652997079769253888e+18
4.652996697511512064e+18
4.653007662566651904e+18
4.653002676109135872e+18
4.653002710465997824e+18
4.653014633295855616e+18
4.653012056315430912e+18
4.653000790619376640e+18
4.652997045409516544e+18
4.653001748396166144e+18
4.653010445708029952e+18
4.653027312041213952e+18
4.653010926743440384e+18
4.652998759095904256e+18
4.653026560423387136e+18
4.653000889400311808e+18
4.653018515964173312e+18
4.653004531533070336e+18
4.652999480650409984e+18
4.653002573027038208e+18
4.653027866098294784e+18
4.653003230162051072e+18
4.653020719267159040e+18
4.653002680406383616e+18
4.653010205189080064e+18
4.652998866474027008e+18
4.653002916653204480e+18
4.653010441406986240e+18
4.653025216096945152e+18
4.653017248943723520e+18
4.653011235989786624e+18
4.653003298882649088e+18
4.653010819364448256e+18
4.653014976893589504e+18
4.652999965985688576e+18
4.653027453775748096e+18
4.653010888083814400e+18
4.653011712736581632e+18
4.653027964876873728e+18
4.653002955284264960e+18
4.653024975578694656e+18
4.653002714766104576e+18
4.652998179289238528e+18
4.653004084855951360e+18
4.653006013302009856e+18
4.653019104360717312e+18
4.653027071523035136e+18
4.653006764935493632e+18
4.653012747808262144e+18
4.652998557236414464e+18
4.653022712131974144e+18
4.653001409094811648e+18
4.653014392806276096e+18
4.653020371373150208e+18
4.653015668386906112e+18
4.653016424310210560e+18
4.653019855977191424e+18
4.652998419798851584e+18
4.653006009001304064e+18
4.653011098540825600e+18
4.652997900131642368e+18
4.653011609638649856e+18
4.653003676839677952e+18
4.653011472199480320e+18
4.653012850897267712e+18
4.653003367599441920e+18
4.653025151674106880e+18
4.653020891065828352e+18
4.653014942551325696e+18
4.653010647565491200e+18
4.653025082956255232e+18
4.653010892392179712e+18
4.653006666135678976e+18
4.653012743510335488e+18
4.653026212529484800e+18
4.653003844340358144e+18
4.653026796645056512e+18
4.653006867995067392e+18
4.653005905924624384e+18
4.653018172350032896e+18
4.653013125766375424e+18
4.653016939696237568e+18
4.653017553874626560e+18
4.653005115648452608e+18
4.653026315609731072e+18
4.653002783485565952e+18
4.652999484959285248e+18
4.653017175917508608e+18
4.653015011252979712e+18
4.653013190187218944e+18
4.653005802842765312e+18
4.652999656749422592e+18
4.653025147377508352e+18
4.653010823672707072e+18
4.653013331924723712e+18
4.653020371373174784e+18
4.653002091990577152e+18
4.653001404795338752e+18
4.653011850175650816e+18
4.652998415498332160e+18
4.653021024208558080e+18
4.653027385056282624e+18
4.653027694298740736e+18
4.653007628208159744e+18
4.652998656016499712e+18
4.653002985344093184e+18
4.653013744250643456e+18
4.653006867995070464e+18
4.653005150029186048e+18
4.653001580893489152e+18
4.653002195069932544e+18
4.652999274494939136e+18
4.653014328365979648e+18
4.653014667655557120e+18
4.653005665403601920e+18
4.653010376987746304e+18
4.653011132910340096e+18
4.653003092724506624e+18
4.653017077135978496e+18
4.653018554604486656e+18
4.653006971076572160e+18
4.653010922449068032e+18
4.653012369860931584e+18
4.653001198638240768e+18
4.653011717025891328e+18
4.653017214574147584e+18
4.653028037897093120e+18
4.653014843762274304e+18
4.653011751377050624e+18
4.653017317653351424e+18
4.653012129334055936e+18
4.653015251771633664e+18
4.652996938028834816e+18
4.653012507299879936e+18
4.652997556504479744e+18
4.652996938028836864e+18
4.653001301716153344e+18
4.653000442723283968e+18
4.653017072839699456e+18
4.653022265456259072e+18
4.653006116379953152e+18
4.653017248934673408e+18
4.653019138720497664e+18
4.652998827815278592e+18
4.652998243699320832e+18
4.653018034910961664e+18
4.653004329672143872e+18
4.652998174979880960e+18
4.653027728659350528e+18
4.653013400653062144e+18
4.653006185100703744e+18
4.652998896534900736e+18
4.653010961111650304e+18
4.653011064182303744e+18
4.652997625224052736e+18
4.653025044298190848e+18
4.653025834573330432e+18
4.652996495653611520e+18
4.653020272590555136e+18
4.652997663884716032e+18
4.653001232998010880e+18
4.653014431436114944e+18
4.653027552559409152e+18
4.653021578261524480e+18
4.653017347716079616e+18
4.652998209369287680e+18
4.653015702746616832e+18
4.653011888824579072e+18
4.652998518577377280e+18
4.653010750644889600e+18
4.653020306951368704e+18
4.652999858607843328e+18
4.653003573760950272e+18
4.653001787053219840e+18
4.653010205189085184e+18
4.653006146440382464e+18
4.653021887508431872e+18
4.653027552559411200e+18
4.653007009734436864e+18
4.653007800005602304e+18
4.653006356898145280e+18
4.652999450589612032e+18
4.652997663893166080e+18
4.653007868735052800e+18
4.653010338327683072e+18
4.653023772987762688e+18
4.653023227528781824e+18
4.652998763396189184e+18
4.653001267378791424e+18
4.653004982507145216e+18
4.653011231681193984e+18
4.653016664818350080e+18
4.653014362715881472e+18
4.653013950408875008e+18
4.652998518577461248e+18
4.653012472940145664e+18
4.653007903094796288e+18
4.653018348455323648e+18
4.653013946103452672e+18
4.652999244431216640e+18
4.652997625224015872e+18
4.653004123523612672e+18
4.653025701429962752e+18
4.652996667450841088e+18
4.653011923175673856e+18
4.653002508607724544e+18
4.653014259646703616e+18
4.653011334760570880e+18
4.653025048594934784e+18
4.653002680405055488e+18
4.653003191502659584e+18
4.653011575278827520e+18
4.653013774302818304e+18
4.653026831004783616e+18
4.653007452110958592e+18
4.653019757194505216e+18
4.652999106992261120e+18
4.653051638749370368e+18
4.653041433888391168e+18
4.653052502030198784e+18
4.653052364597242880e+18
4.653041816158004224e+18
4.653053287997705216e+18
4.653047176270925824e+18
4.653053322357453824e+18
4.653042121082219520e+18
4.653053597235857408e+18
4.653047893518282752e+18
4.653051024561518592e+18
4.653049340934317056e+18
4.653051058920077312e+18
4.653046660874356736e+18
4.653055280882280448e+18
4.653053429743051776e+18
4.653047073191218176e+18
4.653057930870034432e+18
4.653050715322736640e+18
4.653048447587645440e+18
4.653051917921110016e+18
4.653051810528884736e+18
4.653055697487043584e+18
4.653058343191725056e+18
4.653054563614179328e+18
4.653057312394717184e+18
4.653046141177698304e+18
4.653048894257787904e+18
4.653050882822809600e+18
4.653047481201289216e+18
4.653048997338094592e+18
4.653052914345955328e+18
4.653042052362733568e+18
4.653045969379011584e+18
4.653049718891572224e+18
4.653055383942258688e+18
4.653058686783031296e+18
4.653036383005902848e+18
4.653041365167965184e+18
4.653049959409711104e+18
4.653058343191728128e+18
4.653034768104230912e+18
4.653042327240779776e+18
4.653042327240761344e+18
4.653053532822281216e+18
4.653050577884924928e+18
4.653054902905319424e+18
4.653053567182020608e+18
4.653042778223936512e+18
4.653050126907511808e+18
4.653051673090623488e+18
4.653046592156388352e+18
4.653035695817222144e+18
4.653042846944763904e+18
4.653036318593128448e+18
4.653035871916042240e+18
4.653053979504880640e+18
4.653048997336971264e+18
4.653042189801811968e+18
4.653049267928003584e+18
4.653055315242032128e+18
4.653049718891578368e+18
4.653046553495647232e+18
4.653047416787943424e+18
4.653053326663856128e+18
4.653049100417753088e+18
4.653035798890209280e+18
4.653052394644323328e+18
4.653051810529580032e+18
4.653055628767609856e+18
4.653035219082710016e+18
4.653050749684808704e+18
4.653056041089269760e+18
4.653050818403126272e+18
4.653054662387055616e+18
4.653055388249414656e+18
4.653051913607886848e+18
4.653049650172106752e+18
4.653056865718090752e+18
4.653048683792292864e+18
4.653051226419171328e+18
4.653035592738001920e+18
4.653052433309704192e+18
4.653052188486521856e+18
4.653052570748636160e+18
4.653055491327430656e+18
4.653041609993986048e+18
4.653046179844466688e+18
4.653053391076948992e+18
4.653052944400145408e+18
4.653035730176997376e+18
4.653036078076213248e+18
4.653049134774900736e+18
4.653048791177517056e+18
4.653053361023599616e+18
4.653052532083343360e+18
4.653052051046874112e+18
4.653055319529188352e+18
4.653053975193111552e+18
4.653048511993792512e+18
4.653042980075975680e+18
4.653047726032698368e+18
4.653047829112250368e+18
4.653058102673582080e+18
4.653042773917406208e+18
4.653048821231254528e+18
4.653054426174633984e+18
4.653054701053874176e+18
4.653048443274233856e+18
4.653054112631065600e+18
4.653053906473127936e+18
4.653041197676661760e+18
4.653049302268508160e+18
4.653052257205380096e+18
4.653035730177006592e+18
4.653048069623129088e+18
4.653058137026255872e+18
4.653049027389807616e+18
4.653028793812069376e+18
4.653058137029073920e+18
4.653057960922704896e+18
4.653056036776809472e+18
4.653051570010544128e+18
4.653046763952972800e+18
4.653057067569494016e+18
4.653048993030064128e+18
4.653053738986731520e+18
4.653049267908074496e+18
4.653049581458468864e+18
4.653053665974106112e+18
4.653050711017083904e+18
4.653054391816241152e+18
4.653052605109396480e+18
4.653049267908042752e+18
4.653052841321146368e+18
4.653058922994939904e+18
4.653046381695824896e+18
4.653050195626974208e+18
4.653051368159156224e+18
4.653052463363852288e+18
4.653035558378248192e+18
4.653036421673049088e+18
4.653055491327418368e+18
4.653047244996299776e+18
4.653042846942905344e+18
4.653052605109393408e+18
4.653055177783155712e+18
4.653046592155406336e+18
4.653049714590558208e+18
4.653054941572057088e+18
4.653049890691325952e+18
4.653058098361337856e+18
4.653035150362036224e+18
4.653057273727938560e+18
4.653048103984108544e+18
4.653042365907783680e+18
4.653049577145802752e+18
4.653047549927047168e+18
4.653052330231496704e+18
4.653048000903667712e+18
4.653052364597650432e+18
4.653058927307237376e+18
4.653058545037726720e+18
4.653058716867640320e+18
4.653047451154811904e+18
4.653047034530969600e+18
4.653049169135665152e+18
4.653050818403355648e+18
4.653049615811168256e+18
4.653046626514024448e+18
4.653042327261242368e+18
4.653052497723599872e+18
4.653052570749668352e+18
4.653050745382797312e+18
4.653046695240492032e+18
4.653048138343841792e+18
4.653052570749668352e+18
4.653048958670336000e+18
4.653041197675585536e+18
4.653042125395398656e+18
4.653050474804601856e+18
4.653047721725740032e+18
4.653035867610699776e+18
4.653041678711914496e+18
4.653055697486307328e+18
4.653049680230825984e+18
4.653054357457730560e+18
4.653052463363833856e+18
4.653053631595147264e+18
4.653053940832890880e+18
4.653053597235404800e+18
4.653058132721086464e+18
4.653047653000041472e+18
4.653042155442916352e+18
4.653053498462269440e+18
4.653045763221657600e+18
4.653050779742540800e+18
4.653035798890196992e+18
4.653035283494122496e+18
4.653058064001583104e+18
4.653052154126116864e+18
4.653049611505585152e+18
4.653054804131791872e+18
4.653053635901219840e+18
4.653052742549628928e+18
4.653051436878331904e+18
4.653049164828768256e+18
4.653055418301366272e+18
4.653057174953638912e+18
4.653052295871768576e+18
4.653050784042940416e+18
4.653057170648305664e+18
4.653053979497764864e+18
4.653049886390293504e+18
4.653051604370307072e+18
4.653049272216461312e+18
4.653049474067212288e+18
4.653036181155496960e+18
4.653058682496118784e+18
4.653047588594028544e+18
4.653057273727561728e+18
4.653042292880971776e+18
4.653053876418551808e+18
4.653053322357464064e+18
4.653051505597790208e+18
4.653049134775945216e+18
4.653049134775944192e+18
4.653036421679183872e+18
4.653046111120433152e+18
4.653047519869248512e+18
4.653046141178786816e+18
4.653047000171247616e+18
4.653035489658746880e+18
4.653053665986114560e+18
4.653049478373253120e+18
4.653050131207914496e+18
4.653051020260721664e+18
4.653055560046581760e+18
4.653041816152479744e+18
4.653035665759430656e+18
4.653053464104620032e+18
4.653042915664225280e+18
4.653041124649650176e+18
4.653041369481389056e+18
4.653048408934701056e+18
4.653057174954286080e+18
4.653041163315862528e+18
4.653048791178565632e+18
4.653050406085824512e+18
4.653052502029142016e+18
4.653046862732297216e+18
4.653051196360175616e+18
4.653052020993529856e+18
4.653035940642508800e+18
4.653055246503409664e+18
4.653050131208368128e+18
4.653050784043397120e+18
4.653049375293679616e+18
4.653057278034976768e+18
4.653045767527606272e+18
4.653055143423372288e+18
4.653051466932188160e+18
4.653042602119546880e+18
4.653047034530994176e+18
4.653056762637430784e+18
4.653049478372892672e+18
4.653050165568103424e+18
4.653048997336556544e+18
4.653042778225278976e+18
4.653054009552406528e+18
4.653052497724205056e+18
4.653057205008059392e+18
4.653036181153730560e+18
4.653052875680870400e+18
4.653053150558697472e+18
4.653054941572769792e+18
4.653054941571300352e+18
4.653049547092744192e+18
4.653047275049195520e+18
4.653055456967714816e+18
4.653052497724204032e+18
4.653055212162675712e+18
4.653054426176696320e+18
4.653046523435954176e+18
4.653049993775765504e+18
4.653047103250480128e+18
4.653051844889096192e+18
4.653050985900996608e+18
4.653046076759363584e+18
4.653047210637066240e+18
4.653046076759362560e+18
4.653051333799144448e+18
4.653053945139099648e+18
4.653041232037596160e+18
4.653041266396633088e+18
4.653047794745728000e+18
4.653053842059891712e+18
4.653053116198979584e+18
4.653046901392530432e+18
4.653054597975319552e+18
4.653049199188533248e+18
4.653042881304525824e+18
4.653054524948774912e+18
4.653055280863032320e+18
4.653058064001596416e+18
4.653051883554991104e+18
4.653048825538325504e+18
4.653053047479451648e+18
4.653053842059895808e+18
4.653058858581700608e+18
4.653053807700158464e+18
4.653042052362756096e+18
4.653042533399174144e+18
4.653042846943409152e+18
4.653052669522336768e+18
4.653053464102779904e+18
4.653053150558713856e+18
4.653053979498823680e+18
4.653047897825415168e+18
4.653041232037602304e+18
4.653048275782067200e+18
4.653054151299557376e+18
4.653047893518245888e+18
4.653053700315087872e+18
4.653050852768743424e+18
4.653047657306781696e+18
4.653041472553531392e+18
4.653040957157457920e+18
4.653053700314634240e+18
4.653041262088666112e+18
4.653053150558713856e+18
4.653042881304516608e+18
4.653046523442197504e+18
4.653050028129171456e+18
4.653050784042209280e+18
4.653053425436728320e+18
4.653053464102780928e+18
4.653054220016804864e+18
4.653036078081858560e+18
4.653048138343116800e+18
4.653058824220941312e+18
4.653048511993758720e+18
4.653048237115743232e+18
4.653041094596405248e+18
4.653054220016281600e+18
4.653049409653797888e+18
4.653059678909195264e+18
4.653059614497312768e+18
4.653059988146913280e+18
4.653061366848672768e+18
4.653061641722406912e+18
4.653059923739616256e+18
4.653058991714371584e+18
4.653059335331015680e+18
4.653059958092239872e+18
4.653059889379874816e+18
4.653059575829976064e+18
4.653111188452631552e+18
4.653058996020675584e+18
4.653059541470623744e+18
4.653059953798608896e+18
4.653059575829954560e+18
4.653061362547933184e+18
4.653059545776463872e+18
4.653109745348633600e+18
4.653059717575143424e+18
4.653059644549479424e+18
4.653059816348184576e+18
4.653059820654347264e+18
4.653131937439897600e+18
4.653115238607307776e+18
4.653114040315905024e+18
4.653113692431450112e+18
4.653127573753004032e+18
4.653115449060097024e+18
4.653127230155505664e+18
4.653127127076347904e+18
4.653115032448264192e+18
4.653126959572441088e+18
4.653113937231688704e+18
4.653128368326770688e+18
4.653114070378619904e+18
4.653114482692430848e+18
4.653128501466019840e+18
4.653114345254092800e+18
4.653114963728761856e+18
4.653115444765207552e+18
4.653127745551602688e+18
4.653113864233307136e+18
4.653115105462115328e+18
4.653127642472487936e+18
4.653114486986825728e+18
4.653131696921714688e+18
4.653131696921715712e+18
4.653127505033489408e+18
4.653128329667254272e+18
4.653128467106252800e+18
4.653114658791188480e+18
4.653126714759298048e+18
4.653115376045681664e+18
4.653114452627091456e+18
4.653131834372431872e+18
4.653125138505719808e+18
4.653125202930755584e+18
4.653131147165852672e+18
4.653115135528085504e+18
4.653131112806114304e+18
4.653131834360672256e+18
4.653128535825737728e+18
4.653114280834067456e+18
4.653114383913283584e+18
4.653114486986819584e+18
4.653113726794352640e+18
4.653127956004798464e+18
4.653113520622780416e+18
4.653127573753006080e+18
4.653127882990638080e+18
4.653115277260789760e+18
4.653127543693053952e+18
4.653115169888991232e+18
4.653113868511574016e+18
4.653127268815149056e+18
4.653131628202229760e+18
4.653128295307547648e+18
4.653113696712345600e+18
4.653126719053667328e+18
4.653131117100700672e+18
4.653114246468691968e+18
4.653127165735938048e+18
4.653127062651631616e+18
4.653115517784629248e+18
4.653127333234778112e+18
4.653114895009233920e+18
4.653115376045701120e+18
4.653127092716560384e+18
4.653132006163172352e+18
4.653114310893621248e+18
4.653114379613106176e+18
4.653115242901057536e+18
4.653127848630857728e+18
4.653127131370506240e+18
4.653114830584219648e+18
4.653128437040542720e+18
4.653114448332654592e+18
4.653127505033477120e+18
4.653127367594548224e+18
4.653127887285330944e+18
4.653125172870757376e+18
4.653128437040543744e+18
4.653115586498415616e+18
4.653126920917810176e+18
4.653114212108938240e+18
4.653131117100690432e+18
4.653114929368955904e+18
4.653115582204248064e+18
4.653114860649426944e+18
4.653131632502016000e+18
4.653128299601594368e+18
4.653114310893615104e+18
4.653128535825723392e+18
4.653132830796944384e+18
4.653125413384237056e+18
4.653114001659133952e+18
4.653115513484717056e+18
4.653113383180632064e+18
4.653114826289711104e+18
4.653115479124957184e+18
4.653131559482739712e+18
4.653128746278725632e+18
4.653115272968589312e+18
4.653127440608148480e+18
4.653128711918999552e+18
4.653127951710533632e+18
4.653131632496753664e+18
4.653128741984202752e+18
4.653131735580335104e+18
4.653113524919834624e+18
4.653214954865569792e+18
4.653222200470800384e+18
4.653223991473855488e+18
4.653205158041069568e+18
4.653223677939592192e+18
4.653217153885362176e+18
4.653221311417265152e+18
4.653220108822765568e+18
4.653220997883871232e+18
4.653210247581587456e+18
4.653206979107638272e+18
4.653219795289263104e+18
4.653220624219509760e+18
4.653208697094220800e+18
4.653209384308006912e+18
4.653208873192078336e+18
4.653210896117607424e+18
4.653217016449767424e+18
4.653213271238466560e+18
4.653215642057549824e+18
4.653208216058216448e+18
4.653211690690373632e+18
4.653215706481050624e+18
4.653219520412114944e+18
4.653207533162256384e+18
4.653213782335603712e+18
4.653210071483076608e+18
4.653206669869644800e+18
4.653216329254877184e+18
4.653221994312536064e+18
4.653218184680742912e+18
4.653214469530472448e+18
4.653207666313062400e+18
4.653212618403553280e+18
4.653215019286286336e+18
4.653209491672677376e+18
4.653223579159754752e+18
4.653204608285250560e+18
4.653207941180079104e+18
4.653220246267551744e+18
4.653223231265077248e+18
4.653207082186494976e+18
4.653217703644408832e+18
4.653214198951319552e+18
4.653218253402870784e+18
4.653216672857852928e+18
4.653220177545329664e+18
4.653222303549949952e+18
4.653206021333895168e+18
4.653210140202572800e+18
4.653207219625463808e+18
4.653219215478738944e+18
4.653221685094353920e+18
4.653209006331130880e+18
4.653221753794131968e+18
4.653215538978337792e+18
4.653205226760525824e+18
4.653223407358322688e+18
4.653219559075864576e+18
4.653222651446820864e+18
4.653210625538613248e+18
4.653221277057513472e+18
4.653206532430681088e+18
4.653217806723578880e+18
4.653221208335073280e+18
4.653205810876077056e+18
4.653208495234950144e+18
4.653219662149352448e+18
4.653209422947868672e+18
4.653224266354384896e+18
4.653223750955663360e+18
4.653217634921697280e+18
4.653220963524115456e+18
4.653222651446818816e+18
4.653219726569306112e+18
4.653221242703188992e+18
4.653219249835269120e+18
4.653217360047128576e+18
4.653212888993537024e+18
4.653214847506514944e+18
4.653207975539592192e+18
4.653223750964287488e+18
4.653217669290243072e+18
4.653215573340711936e+18
4.653215401538904064e+18
4.653211209654043648e+18
4.653216393675898880e+18
4.653210659898347520e+18
4.653222990755520512e+18
4.653205986979521536e+18
4.653211656330632192e+18
4.653208082918176768e+18
4.653210659898345472e+18
4.653205402863858688e+18
4.653223338644132864e+18
4.653223922754388992e+18
4.653213305594861568e+18
4.653224128915426304e+18
4.653218661417890816e+18
4.653219314263911424e+18
4.653212480970061824e+18
4.653220933462243328e+18
4.653220757365675008e+18
4.653210002763597824e+18
4.653221826810348544e+18
4.653212274805819392e+18
4.653212824561963008e+18
4.653212098707736576e+18
4.653216324956418048e+18
4.653222651446811648e+18
4.653222715866886144e+18
4.653204436486533120e+18
4.653216943431602176e+18
4.653208598311178240e+18
4.653210831697033216e+18
4.653215264108769280e+18
4.653218420899688448e+18
4.653219799594020864e+18
4.653206158772839424e+18
4.653204470846269440e+18
4.653208112978584576e+18
4.653218249100997632e+18
4.653222307852167168e+18
4.653208594014972928e+18
4.653219760930703360e+18
4.653206983411818496e+18
4.653210174563311616e+18
4.653207533162249216e+18
4.653223437421387776e+18
4.653219662146266112e+18
4.653214198951335936e+18
4.653208594014969856e+18
4.653222857611022336e+18
4.653210556816227328e+18
4.653216947730331648e+18
4.653222204775994368e+18
4.653216118797981696e+18
4.653222720166282240e+18
4.653223540520262656e+18
4.653221788153853952e+18
4.653210037123326976e+18
4.653214576914094080e+18
4.653216256236929024e+18
4.653207460143655936e+18
4.653203577504291840e+18
4.653208284776587264e+18
4.653216909071861760e+18
4.653221173983862784e+18
4.653219967091684352e+18
4.653215023581772800e+18
4.653217944162639872e+18
4.653220310689069056e+18
4.653221311417234432e+18
4.653219692209628160e+18
4.653215981359006720e+18
4.653217978522341376e+18
4.653222440988932096e+18
4.653211617671340032e+18
4.653207838100817920e+18
4.653220108825928704e+18
4.653208937612403712e+18
4.653219352908571648e+18
4.653215642065728512e+18
4.653223166840082432e+18
4.653217566202843136e+18
4.653211274073902080e+18
4.653207223929975808e+18
4.653212407945977856e+18
4.653211381458418688e+18
4.653205746461227008e+18
4.653220727298009088e+18
4.653206364928237568e+18
4.653219898372205568e+18
4.653223407366841344e+18
4.653216707209387008e+18
4.653223506140863488e+18
4.653211484537631744e+18
4.653221375836985344e+18
4.653216123093291008e+18
4.653212511025198080e+18
4.653224227695467520e+18
4.653217806720347136e+18
4.653210208922726400e+18
4.653223338638771200e+18
4.653214130237236224e+18
4.653220349340881920e+18
4.653210969132536832e+18
4.653215607706133504e+18
4.653214748707194880e+18
4.653221826818735104e+18
4.653222990744842240e+18
4.653213786639855616e+18
4.653215573337577472e+18
4.653215779504922624e+18
4.653215362883723264e+18
4.653211896854491136e+18
4.653223849738432512e+18
4.653215298468588544e+18
4.653216432336763904e+18
4.653222372269451264e+18
4.653212103012917248e+18
4.653210728617868288e+18
4.653208529594757120e+18
4.653223957122512896e+18
4.653213713627072512e+18
4.653218356476058624e+18
4.653218558338665472e+18
4.653220418063468544e+18
4.653217050809534464e+18
4.653216260541017088e+18
4.653211862494750720e+18
4.653218386539972608e+18
4.653204818743109632e+18
4.653217493187856384e+18
4.653205849537670144e+18
4.653206949046790144e+18
4.653207735021604864e+18
4.653222651452592128e+18
4.653205849537670144e+18
4.653213580472749056e+18
4.653223098129188864e+18
4.653214267676188672e+18
4.653222376574535680e+18
4.653217939863299072e+18
4.653223613525265408e+18
4.653212373586225152e+18
4.653219211174545408e+18
4.653215538977835008e+18
4.653213099442362368e+18
4.653220379407603712e+18
4.653207911124736000e+18
4.653212614104449024e+18
4.653209075050575872e+18
4.653219009314487296e+18
4.653214542554340352e+18
4.653212412245184512e+18
4.653223128183775232e+18
4.653216123096459264e+18
4.653218803152615424e+18
4.653220246261711872e+18
4.653204268987307008e+18
4.653211140934624256e+18
4.653206811607786496e+18
4.653211381452792832e+18
4.653221655014539264e+18
4.653218940594732032e+18
4.653211445872646144e+18
4.653223613525123072e+18
4.653212240451865600e+18
4.653214817426618368e+18
4.653220654286451712e+18
4.653215603401885696e+18
4.653222239135586304e+18
4.653217016447039488e+18
4.653224296417750016e+18
4.653209865324627968e+18
4.653204402146008064e+18
4.653207460144137216e+18
4.653213958433165312e+18
4.653210243282790400e+18
4.653209216789469184e+18
4.653212618400608256e+18
4.653215740840801280e+18
4.653223196903398400e+18
4.653210419380215808e+18
4.653217390108244992e+18
4.653221792453488640e+18
4.653220177545358336e+18
4.653213576188133376e+18
4.653206983406520320e+18
4.653217871143821312e+18
4.653213988494105600e+18
4.653205295480030208e+18
4.653207253985214464e+18
4.653212545385263104e+18
4.653215088005774336e+18
4.653221826813217792e+18
4.653216290596671488e+18
4.653223025104703488e+18
4.653219417332899840e+18
4.653206914692343808e+18
4.653205158041073664e+18
4.653213065076724736e+18
4.653222372269447168e+18
4.653218012887623680e+18
4.653205707796940800e+18
4.653216256236940288e+18
4.653219589131592704e+18
4.653210144502203392e+18
4.653207494503380992e+18
4.653223166848507904e+18
4.653221341496961024e+18
4.653219417332901888e+18
4.653212652759863296e+18
4.653210277652795392e+18
4.653220757365676032e+18
4.653213404378508288e+18
4.653216123102045184e+18
4.653207185266070528e+18
4.653219623491333120e+18
4.653210934781550592e+18
4.653207185266071552e+18
4.653212373586566144e+18
4.653205299784642560e+18
4.653213065076725760e+18
4.653222204770235392e+18
4.653223093824030720e+18
4.653205158041077760e+18
4.653220860444909568e+18
4.653205780821000192e+18
4.653218592698637312e+18
4.653215538980983808e+18
4.653215573340722176e+18
4.653221822513610752e+18
4.653214886146086912e+18
4.653219176814721024e+18
4.653218077321857024e+18
4.653209869626933248e+18
4.653215882578366464e+18
4.653223643579849728e+18
4.653222956385222656e+18
4.653220761660762112e+18
4.653204230328089600e+18
4.653220211910867968e+18
4.653222685806561280e+18
4.653212923342092288e+18
4.653207185276490752e+18
4.653224231992001536e+18
4.653205024906850304e+18
4.653223093824033792e+18
4.653208525295480832e+18
4.653212785903140864e+18
4.653205505937814528e+18
4.653214645628013568e+18
4.653206910387779584e+18
4.653220280630339584e+18
4.653214263372033024e+18
4.653219833954026496e+18
4.653222995044145152e+18
4.653221002176602112e+18
4.653214817423368192e+18
4.653222922025340928e+18
4.653204505206462464e+18
4.653223677939586048e+18
4.653213747975854080e+18
4.653205952619784192e+18
4.653213065085382656e+18
4.653214851786404864e+18
4.653222578447557632e+18
4.653204509505442816e+18
4.653208907551803392e+18
4.653208838832326656e+18
4.653214748712560640e+18
4.653208014204084224e+18
4.653221414496430080e+18
4.653221070895316992e+18
4.653221517575626752e+18
4.653217394406853632e+18
4.653221513275924480e+18
4.653221238397988864e+18
4.653208490935032832e+18
4.653213580481571840e+18
4.653221204038248448e+18
4.653220482486262784e+18
4.653205467278761984e+18
4.653206394991698944e+18
4.653214886142833664e+18
4.653215951297901568e+18
4.653206021339157504e+18
4.653221169678510080e+18
4.653218700073469952e+18
4.653215332822612992e+18
4.653220929164381184e+18
4.653216187517475840e+18
4.653210419377291264e+18
4.653217841083283456e+18
4.653209354230913024e+18
4.653210724319471616e+18
4.653219005016015872e+18
4.653220894805142528e+18
4.653215637761656832e+18
4.653210243282461696e+18
4.653221341477237760e+18
4.653212579744699392e+18
4.653209453007726592e+18
4.653211170994775040e+18
4.653207631942376448e+18
4.653222479648193536e+18
4.653218146021765120e+18
4.653218042942550016e+18
4.653224193335717888e+18
4.653218493918314496e+18
4.653222578427908096e+18
4.653216187517472768e+18
4.653204195968339968e+18
4.653212579744701440e+18
4.653218012886508544e+18
4.653206124418368512e+18
4.653215672121297920e+18
4.653220211907852288e+18
4.653210449440917504e+18
4.653207155210618880e+18
4.653209968403830784e+18
4.653207155210616832e+18
4.653213370018777088e+18
4.653222063031828480e+18
4.653209010630971392e+18
4.653217119528996864e+18
4.653209521727200256e+18
4.653213408682749952e+18
4.653219245544448000e+18
4.653215878279783424e+18
4.653218871875325952e+18
4.653211858189536256e+18
4.653216638489924608e+18
4.653216874731107328e+18
4.653212339225971712e+18
4.653219623490077696e+18
4.653218425195620352e+18
4.653208426515512320e+18
4.653223682238929920e+18
4.653204818743097344e+18
4.653218180401061888e+18
4.653211170995527680e+18
4.653220551223238656e+18
4.653209727885655040e+18
4.653209934044084224e+18
4.653224433855993856e+18
4.653209315568765952e+18
4.653209285511429120e+18
4.653224433855992832e+18
4.653216088736744448e+18
4.653210694258053120e+18
4.653216947727565824e+18
4.653222681507112960e+18
4.653217424468008960e+18
4.653218287765811200e+18
4.653206777248070656e+18
4.653215465962918912e+18
4.653216707208798208e+18
4.653215367182343168e+18
4.653209830964874240e+18
4.653216050078608384e+18
4.653213232591072256e+18
4.653221272757747712e+18
4.653215672121807872e+18
4.653207361363560448e+18
4.653220967819142144e+18
4.653209629108807680e+18
4.653214954870971392e+18
4.653209349928498176e+18
4.653217012151273472e+18
4.653206120113773568e+18
4.653210037134310400e+18
4.653208117277920256e+18
4.653219937024100352e+18
4.653218528283973632e+18
4.653209453007726592e+18
4.653221070904303616e+18
4.653211858189529088e+18
4.653211102275280896e+18
4.653219799588255744e+18
4.653209418647974912e+18
4.653218803155842048e+18
4.653214744408536064e+18
4.653208323441723392e+18
4.653211896845985792e+18
4.653213851055115264e+18
4.653205505934749696e+18
4.653219657849808896e+18
4.653217699356188672e+18
4.653209899684337664e+18
4.653218803155871744e+18
4.653220482486267904e+18
4.653208632673935360e+18
4.653222063031815168e+18
4.653215431603178496e+18
4.653222440988937216e+18
4.653220005746554880e+18
4.653218214741238784e+18
4.653222440988937216e+18
4.653220933459393536e+18
4.653208014198710272e+18
4.653218768802138112e+18
4.653224335079445504e+18
4.653203616154700800e+18
4.653213649200908288e+18
4.653211514592137216e+18
4.653218317820559360e+18
4.653216702912304128e+18
4.653217497482818560e+18
4.653223201202513920e+18
4.653217669290407936e+18
4.653209349928491008e+18
4.653214641329092608e+18
4.653221135322851328e+18
4.653209315568773120e+18
4.653211587608338432e+18
4.653215710779770880e+18
4.653217664985431040e+18
4.653216947732961280e+18
4.653222239127181312e+18
4.653221655014511616e+18
4.653212682823918592e+18
4.653207185265721344e+18
4.653224335073801216e+18
4.653213335659028480e+18
4.653215775211571200e+18
4.653211067926614016e+18
4.653215569042163712e+18
4.653209178129798144e+18
4.653217497489178624e+18
4.653215775200551936e+18
4.653219108095241216e+18
4.653223952817526784e+18
4.653210488099701760e+18
4.653219868307668992e+18
4.653216294895200256e+18
4.653224163280758784e+18
4.653221135322848256e+18
4.653220379406986240e+18
4.653207906820591616e+18
4.653223063763578880e+18
4.653218047247526912e+18
4.653221616355173376e+18
4.653213339957948416e+18
4.653217772363870208e+18
4.653220074472084480e+18
4.653223166842791936e+18
4.653215946999242752e+18
4.653213816695363584e+18
4.653213816695340032e+18
4.653210797337311232e+18
4.653215676420026368e+18
4.653207666302142464e+18
4.653224060195989504e+18
4.653222720166291456e+18
4.653240381068493824e+18
4.653226568459453440e+18
4.653244637383917568e+18
4.653230794710251520e+18
4.653252059085025280e+18
4.653243434809284608e+18
4.653241476303797248e+18
4.653242644516563968e+18
4.653241171345515520e+18
4.653240995247360000e+18
4.653234917869650944e+18
4.653243400430730240e+18
4.653228557024833536e+18
4.653241480585814016e+18
4.653230382393392128e+18
4.653231413185510400e+18
4.653231580681848832e+18
4.653242133418045440e+18
4.653241721101185024e+18
4.653244916556572672e+18
4.653239281557020672e+18
4.653231958638990336e+18
4.653224571307038720e+18
4.653224743093581824e+18
4.653252166461072384e+18
4.653241721101181952e+18
4.653241102626084864e+18
4.653239487718455296e+18
4.653239831315690496e+18
4.653231340163552256e+18
4.653232890651075584e+18
4.653244396865707008e+18
4.653246325305657344e+18
4.653232512697160704e+18
4.653224850467254272e+18
4.653226358002055168e+18
4.653230863420675072e+18
4.653242648814015488e+18
4.653242369649701888e+18
4.653233195591083008e+18
4.653224571294876672e+18
4.653239483418862592e+18
4.653243159912530944e+18
4.653239247200315392e+18
4.653245019635747840e+18
4.653233406044271616e+18
4.653241583662282752e+18
4.653240308052599808e+18
4.653225434591046656e+18
4.653248142074749952e+18
4.653228389522664448e+18
4.653242610156797952e+18
4.653242648814011392e+18
4.653256354054703104e+18
4.653225773885704192e+18
4.653244572966334464e+18
4.653224919189308416e+18
4.653247837134505984e+18
4.653240930824292352e+18
4.653231481899055104e+18
4.653228149007325184e+18
4.653232611475464192e+18
4.653224747390700544e+18
4.653241716815036416e+18
4.653226186202574848e+18
4.653239796956033024e+18
4.653225434585242624e+18
4.653238869240697856e+18
4.653239900032290816e+18
4.653231207018050560e+18
4.653231099645318144e+18
4.653247832837659648e+18
4.653231859853862912e+18
4.653225468947748864e+18
4.653244950916296704e+18
4.653239139821538304e+18
4.653226667238914048e+18
4.653244572959242240e+18
4.653244572956344320e+18
4.653238864943630336e+18
4.653241033909352448e+18
4.653227839766981632e+18
4.653232577115706368e+18
4.653246153514580992e+18
4.653239796956028928e+18
4.653226770318910464e+18
4.653240690309127168e+18
4.653231894222043136e+18
4.653232714554658816e+18
4.653239796962866176e+18
4.653228355168799744e+18
4.653232203450542080e+18
4.653244091922917376e+18
4.653230343748660224e+18
4.653224846172846080e+18
4.653226293581582336e+18
4.653228389522673664e+18
4.653244160642380800e+18
4.653244710395297792e+18
4.653243439085121536e+18
4.653225121050765312e+18
4.653231889936898048e+18
4.653246359665359872e+18
4.653225602084931584e+18
4.653243988851079168e+18
4.653247837141642240e+18
4.653225503307469824e+18
4.653239208541043712e+18
4.653238869243299840e+18
4.653244813475302400e+18
4.653233440410081280e+18
4.653225400222195712e+18
4.653242202137484288e+18
4.653225911324659712e+18
4.653242064698619904e+18
4.653244916553739264e+18
4.653234368117076992e+18
4.653227801110350848e+18
4.653228110348054528e+18
4.653247562256669696e+18
4.653244607316091904e+18
4.653225331508841472e+18
4.653240101894153216e+18
4.653225911324661760e+18
4.653242266559397888e+18
4.653239174201135104e+18
4.653226564159773696e+18
4.653230756048053248e+18
4.653231997301056512e+18
4.653231069582393344e+18
4.653238937962785792e+18
4.653241583662319616e+18
4.653238903603046400e+18
4.653232474052456448e+18
4.653238800521228288e+18
4.653239277260412928e+18
4.653227221294450688e+18
4.653243404728322048e+18
4.653229965771787264e+18
4.653231103938842624e+18
4.653232474052455424e+18
4.653225086691020800e+18
4.653244946624920576e+18
4.653242438358395904e+18
4.653228385226031104e+18
4.653230481170067456e+18
4.653242717533418496e+18
4.653239242900671488e+18
4.653252093444902912e+18
4.653232267876608000e+18
4.653228423888269312e+18
4.653241411863582720e+18
4.653240308052654080e+18
4.653247592318854144e+18
4.653225189770272768e+18
4.653228247787063296e+18
4.653233401752521728e+18
4.653241102626051072e+18
4.653241686741435392e+18
4.653238761884428288e+18
4.653238766164132864e+18
4.653242545731969024e+18
4.653224850475829248e+18
4.653239350279550976e+18
4.653243748322811904e+18
4.653231241380929536e+18
4.653226808980997120e+18
4.653226740261520384e+18
4.653225533367735296e+18
4.653224678677142528e+18
4.653225499007996928e+18
4.653239590797697024e+18
4.653226053064117248e+18
4.653225365865778176e+18
4.653226053066753024e+18
4.653230652968710144e+18
4.653239419005765632e+18
4.653227255648897024e+18
4.653239483418845184e+18
4.653242373936156672e+18
4.653241618021965824e+18
4.653234432540106752e+18
4.653230000131540992e+18
4.653243267286470656e+18
4.653241132686342144e+18
4.653241132686333952e+18
4.653252029019672576e+18
4.653243434792993792e+18
4.653240548570789888e+18
4.653239178478333952e+18
4.653228385226008576e+18
4.653241235765549056e+18
4.653241751181705216e+18
4.653225675109635072e+18
4.653243503512479744e+18
4.653228728835263488e+18
4.653243851402030080e+18
4.653232203459832832e+18
4.653232302236334080e+18
4.653225567725156352e+18
4.653228561321246720e+18
4.653228385226010624e+18
4.653241029607112704e+18
4.653240342412346368e+18
4.653231378826112000e+18
4.653228350866273280e+18
4.653226461080510464e+18
4.653231516258748416e+18
4.653248210794241024e+18
4.653225125347709952e+18
4.653241652381767680e+18
4.653228595687302144e+18
4.653242442655557632e+18
4.653226843337371648e+18
4.653243847107356672e+18
4.653243370365691904e+18
4.653231718121288704e+18
4.653228350866260992e+18
4.653242202134696960e+18
4.653234432540101632e+18
4.653244499944966144e+18
4.653242545731970048e+18
4.653256495788312576e+18
4.653239487718479872e+18
4.653225297146388480e+18
4.653226121786001408e+18
4.653226121786003456e+18
4.653232508395273216e+18
4.653244882203986944e+18
4.653244053268343808e+18
4.653228557025348608e+18
4.653233096812890112e+18
4.653226293584692224e+18
4.653241858540132352e+18
4.653224777453323264e+18
4.653232542754551808e+18
4.653231997291896832e+18
4.653224575592035328e+18
4.653243370368619520e+18
4.653242511372276736e+18
4.653244809182617600e+18
4.653231756776910848e+18
4.653225533367773184e+18
4.653226259219162112e+18
4.653240411131813888e+18
4.653224743093591040e+18
4.653243301649215488e+18
4.653244225067109376e+18
4.653243400441547776e+18
4.653228213427346432e+18
4.653239517789544448e+18
4.653233440410081280e+18
4.653228458242095104e+18
4.653231825494128640e+18
4.653232993727392768e+18
4.653252063389338624e+18
4.653224884826999808e+18
4.653230687329873920e+18
4.653242820612606976e+18
4.653239418995998720e+18
4.653244057560387584e+18
4.653233126872012800e+18
4.653227320074051584e+18
4.653228595681045504e+18
4.653245466319603712e+18
4.653232989433057280e+18
4.653231344460208128e+18
4.653224949252052992e+18
4.653226358001328128e+18
4.653239762596302848e+18
4.653241343141278720e+18
4.653231615041497088e+18
4.653225876965708800e+18
4.653225022268556288e+18
4.653233096806517760e+18
4.653239861375941632e+18
4.653243645253447680e+18
4.653231958638994432e+18
4.653232027358498816e+18
4.653225189770277888e+18
4.653247837134502912e+18
4.653243645246467072e+18
4.653247734055287808e+18
4.653244912278048768e+18
4.653246153506955264e+18
4.653239384636269568e+18
4.653231305803843584e+18
4.653239556437896192e+18
4.653232890648171520e+18
4.653228767479617536e+18
4.653234466917313536e+18
4.653230893486974976e+18
4.653245466312449024e+18
4.653230756048030720e+18
4.653227766750589952e+18
4.653240999546900480e+18
4.653241480580206592e+18
4.653232474035030016e+18
4.653228492601846784e+18
4.653226323641567232e+18
4.653243778387856384e+18
4.653241824178160640e+18
4.653240239333131264e+18
4.653228522665041920e+18
4.653247630983217152e+18
4.653228282164408320e+18
4.653227904191047680e+18
4.653227354435235840e+18
4.653252200828285952e+18
4.653228080285072384e+18
4.653256358347364352e+18
4.653239895735693312e+18
4.653241755464427520e+18
4.653238972322489344e+18
4.653241068273202176e+18
4.653238899303257088e+18
4.653239831313344512e+18
4.653243439095269376e+18
4.653244779117555712e+18
4.653228492601838592e+18
4.653244847844272128e+18
4.653232989432595456e+18
4.653241927259551744e+18
4.653228900639691776e+18
4.653228247787693056e+18
4.653238796225282048e+18
4.653239831318453248e+18
4.653239861375942656e+18
4.653246217929476096e+18
4.653232684496158720e+18
4.653242099058322432e+18
4.653228007268860928e+18
4.653240690306166784e+18
4.653225846908090368e+18
4.653239380339603456e+18
4.653226499743350784e+18
4.653256392709164032e+18
4.653241308784447488e+18
4.653225636464242688e+18
4.653239109768244224e+18
4.653243439095041024e+18
4.653240381068518400e+18
4.653232645835202560e+18
4.653227904189581312e+18
4.653225228426901504e+18
4.653232851993635840e+18
4.653230275011526656e+18
4.653231305815830528e+18
4.653226912056834048e+18
4.653230348027873280e+18
4.653244229369240576e+18
4.653228075988297728e+18
4.653227251354556416e+18
4.653247837132372992e+18
4.653232645835206656e+18
4.653234917872738304e+18
4.653226014421647360e+18
4.653225846905077760e+18
4.653234398180338688e+18
4.653246359665382400e+18
4.653225705164160000e+18
4.653231889919491072e+18
4.653225022268540928e+18
4.653243576534004736e+18
4.653228492601833472e+18
4.653231340164143104e+18
4.653239723937026048e+18
4.653224846184877056e+18
4.653241068266310656e+18
4.653228041628526592e+18
4.653244710395299840e+18
4.653226224859387904e+18
4.653242060399287296e+18
4.653232199157085184e+18
4.653241854242839552e+18
4.653239693873865728e+18
4.653225395928740864e+18
4.653242270856919040e+18
4.652848370814568448e+18
4.652841528936762368e+18
4.652843972769141760e+18
4.652849191158923264e+18
4.652845622036497408e+18
4.652844350725324800e+18
4.652846133142038528e+18
4.652848572683472896e+18
4.652845725116688384e+18
4.652845549026258944e+18
4.652844282006791168e+18
4.652845828195906560e+18
4.652846927715713024e+18
4.652842078692601856e+18
4.652849397317390336e+18
4.652849298528362496e+18
4.652842082982456320e+18
4.652841155270634496e+18
4.652849534756198400e+18
4.652849539055796224e+18
4.652846236221028352e+18
4.652848503963961344e+18
4.652846343592804352e+18
4.652849156799193088e+18
4.652846820336871424e+18
4.652841498867959808e+18
4.652841219698880512e+18
4.652846717257657344e+18
4.652843934119804928e+18
4.652842662808295424e+18
4.652845553326202880e+18
4.652845484606725120e+18
4.652848194726322176e+18
4.652849191158938624e+18
4.652846584108273664e+18
4.652841223990057984e+18
4.652849161088535552e+18
4.652841563296357376e+18
4.652847683620510720e+18
4.652848332166376448e+18
4.652846755917000704e+18
4.652848572683447296e+18
4.652841391497666560e+18
4.652844277715688448e+18
4.652844419444767744e+18
4.652849156799171584e+18
4.652838372130838528e+18
4.652841185339088896e+18
4.652846343590990848e+18
4.652841357137815552e+18
4.652849294238156800e+18
4.652841498867966976e+18
4.652844453805471744e+18
4.652849740914727936e+18
4.652844900481132544e+18
4.652842220422391808e+18
4.652842151712355328e+18
4.652842804537658368e+18
4.652849161098639360e+18
4.652847885488572416e+18
4.652847129574560768e+18
4.652843865398865920e+18
4.652848469604188160e+18
4.652844380794859520e+18
4.652846476739403776e+18
4.652844243355908096e+18
4.652847821059698688e+18
4.652847614901335040e+18
4.652845415887568896e+18
4.652841735095178240e+18
4.652848881921224704e+18
4.652841327069323264e+18
4.652842903326665728e+18
4.652845450238811136e+18
4.652849848284203008e+18
4.652844415154720768e+18
4.652844041497717760e+18
4.652848607043235840e+18
4.652844174636405760e+18
4.652848297805593600e+18
4.652842216132823040e+18
4.652841808104576000e+18
4.652842800248438784e+18
4.652848916297010176e+18
4.652848091647132672e+18
4.652844896191227904e+18
4.652842662808285184e+18
4.652844728682485760e+18
4.652846889056374784e+18
4.652847168224617472e+18
4.652847477461460992e+18
4.652843796680819712e+18
4.652848851850860544e+18
4.652838337771111424e+18
4.652846962065431552e+18
4.652841425857345536e+18
4.652840364995573760e+18
4.652842594088853504e+18
4.652849264167725056e+18
4.652842697168065536e+18
4.652842838897615872e+18
4.652847133864885248e+18
4.652846274880689152e+18
4.652849569115959296e+18
4.652846687197533184e+18
4.652841528936716288e+18
4.652845656395400192e+18
4.652841494578324480e+18
4.652844934841746432e+18
4.652849126729682944e+18
4.652847065145417728e+18
4.652842082984056832e+18
4.652849126729682944e+18
4.652845514666534912e+18
4.652841430148518912e+18
4.652842186062676992e+18
4.652842078692579328e+18
4.652846103073830912e+18
4.652845587677757440e+18
4.652844797402797056e+18
4.652845553318016000e+18
4.652843934118424576e+18
4.652848336455734272e+18
4.652841842465383424e+18
4.652849092369948672e+18
4.652848851851782144e+18
4.652848778841971712e+18
4.652849504685873152e+18
4.652845381519554560e+18
4.652846098783390720e+18
4.652847717979565056e+18
4.652843869689952256e+18
4.652848817491107840e+18
4.652849809650197504e+18
4.652848783133018112e+18
4.652841803814765568e+18
4.652846682897868800e+18
4.652841288418214912e+18
4.652844385085996032e+18
4.652847988567871488e+18
4.652844969201461248e+18
4.652838337771103232e+18
4.652847614901319680e+18
4.652843319934224384e+18
4.652841601947160576e+18
4.652848572683425792e+18
4.652845823904212992e+18
4.652845828194152448e+18
4.652846201861599232e+18
4.652848164657103872e+18
4.652843453081795584e+18
4.652848027217259520e+18
4.652842594088812544e+18
4.652841189639686144e+18
4.652841705035454464e+18
4.652838509580095488e+18
4.652841391497647104e+18
4.652846957775900672e+18
4.652849706554950656e+18
4.652848641403994112e+18
4.652847992867566592e+18
4.652847610610529280e+18
4.652841876834451456e+18
4.652846618468002816e+18
4.652841567596808192e+18
4.652848817501239296e+18
4.652844415154727936e+18
4.652845106640394240e+18
4.652838372141145088e+18
4.652846446670192640e+18
4.652844659964857344e+18
4.652842186071753728e+18
4.652844518235379712e+18
4.652849225530975232e+18
4.652847988567855104e+18
4.652844831763553280e+18
4.652841769467693056e+18
4.652847198294077440e+18
4.652847816769166336e+18
4.652848400884920320e+18
4.652844522523994112e+18
4.652849332897312768e+18
4.652842082992548864e+18
4.652846962075797504e+18
4.652844586953387008e+18
4.652842838907112448e+18
4.652847305672802304e+18
4.652845755184723968e+18
4.652848675763748864e+18
4.652846751617455104e+18
4.652841361438380032e+18
4.652842357861310464e+18
4.652847267014511616e+18
4.652841189629325312e+18
4.652848920571252736e+18
4.652843800979805184e+18
4.652840708593955840e+18
4.652844483874265088e+18
4.652847752340249600e+18
4.652843285574482944e+18
4.652842250491298816e+18
4.652848714422033408e+18
4.652849603475714048e+18
4.652844758752203776e+18
4.652843796679298048e+18
4.652848847562437632e+18
4.652838372130840576e+18
4.652841739385111552e+18
4.652838372130842624e+18
4.652846992135603200e+18
4.652845102349824000e+18
4.652846412310471680e+18
4.652841155279641600e+18
4.652848503963923456e+18
4.652850398039136256e+18
4.652851149679300608e+18
4.652895649821987840e+18
4.652896710669444096e+18
4.652894305487794176e+18
4.652897672742303744e+18
4.652896057842080768e+18
4.652896062139255808e+18
4.652851252736918528e+18
4.652896611893667840e+18
4.652894137992657920e+18
4.652894064969424896e+18
4.652851531910424576e+18
4.652889151534209024e+18
4.652890255347438592e+18
4.652896985547248640e+18
4.652894202408442880e+18
4.652851321462810624e+18
4.652850775997088768e+18
4.652850329330065408e+18
4.652897505246836736e+18
4.652851257033389056e+18
4.652851252735581184e+18
4.652890251046074368e+18
4.652897226088571904e+18
4.652890736379763712e+18
4.652896092193965056e+18
4.652889602508526592e+18
4.652896607590123520e+18
4.652897299093747712e+18
4.652896779388938240e+18
4.652850977865401344e+18
4.652895576798388224e+18
4.652850294970024960e+18
4.652849917002786816e+18
4.652890358421329920e+18
4.652891183060332544e+18
4.652851635000119296e+18
4.652850604207970304e+18
4.652851184023836672e+18
4.652889602512411648e+18
4.652850943505670144e+18
4.652851257033388032e+18
4.652897500944753664e+18
4.652887708425192448e+18
4.652851184023838720e+18
4.652889941808497664e+18
4.652897814489820160e+18
4.652851188313913344e+18
4.652850943505672192e+18
4.652850604198362112e+18
4.652851222672804864e+18
4.652850329330067456e+18
4.652889976168249344e+18
4.652851218383585280e+18
4.652897432223987712e+18
4.652889293270926336e+18
4.652890010528009216e+18
4.652890186624011264e+18
4.652896813771610112e+18
4.652897638383706112e+18
4.652851222672805888e+18
4.652889121470875648e+18
4.652850844715684864e+18
4.652889735650024448e+18
4.652850226240482304e+18
4.652851222672808960e+18
4.652894344152200192e+18
4.652850771706959872e+18
4.652851424536227840e+18
4.652895306224694272e+18
4.652851390175881216e+18
4.652851188313077760e+18
4.652850707276741632e+18
4.652895198842432512e+18
4.652890839457781760e+18
4.652850638557264896e+18
4.652889533787639808e+18
4.652896680614448128e+18
4.652889117175698432e+18
4.652897161650751488e+18
4.652850840442376192e+18
4.652851630692886528e+18
4.652897672742289408e+18
4.652851699412418560e+18
4.652850982154620928e+18
4.652889465069601792e+18
4.652896298360298496e+18
4.652890976897957888e+18
4.652889220253784064e+18
4.652896783692354560e+18
4.652896646253401088e+18
4.652850913435147264e+18
4.652889499427902464e+18
4.652896062139248640e+18
4.652890083543452672e+18
4.652851561973331968e+18
4.652851665052600320e+18
4.652850191880730624e+18
4.652850702987469824e+18
4.652889293270921216e+18
4.652897058571546624e+18
4.652895336280086528e+18
4.652895473720891392e+18
4.652889357693910016e+18
4.652894172353508352e+18
4.652850668627736576e+18
4.652889224550088704e+18
4.652896641952483328e+18
4.652896268301668352e+18
4.652889499429320704e+18
4.652895271863685120e+18
4.652889911744855040e+18
4.652891178751387648e+18
4.652890358421324800e+18
4.652889533789054976e+18
4.652850599908304896e+18
4.652849912713455616e+18
4.652890152262909952e+18
4.652890839457783808e+18
4.652850874786202624e+18
4.652897638382480384e+18
4.652897363504447488e+18
4.652896337017134080e+18
4.652850531188819968e+18
4.652890422845842432e+18
4.652897157346012160e+18
4.652895718545861632e+18
4.652896985547270144e+18
4.652895611158138880e+18
4.652897642687025152e+18
4.652896062139233280e+18
4.652894099330614272e+18
4.652889602507100160e+18
4.652851046577114112e+18
4.652896508814512128e+18
4.652897019907063808e+18
4.652896916827794432e+18
4.652889666930480128e+18
4.652851394481614848e+18
4.652890044888729600e+18
4.652895611158149120e+18
4.652897122986225664e+18
4.652896371375563776e+18
4.652896440096299008e+18
4.652851184023849984e+18
4.652850771707826176e+18
4.652889357692837888e+18
4.652895679877716992e+18
4.652850840427303936e+18
4.652850466759418880e+18
4.652850359406032896e+18
4.652850153244549120e+18
4.652894447231340544e+18
4.652851218383592448e+18
4.652890083544841216e+18
4.652850432399683584e+18
4.652890392782486528e+18
4.652894309792413696e+18
4.652896440096308224e+18
4.652890255344306176e+18
4.652850432399685632e+18
4.652897299093739520e+18
4.652850634280382464e+18
4.652896470153145344e+18
4.652851703711297536e+18
4.652851360112592896e+18
4.652889739946163200e+18
4.652897878900860928e+18
4.652889495131814912e+18
4.652896470151157760e+18
4.652850776006338560e+18
4.652897196014524416e+18
4.652896096502951936e+18
4.652851355816152064e+18
4.652850428109589504e+18
4.652851085234691072e+18
4.652850054443829248e+18
4.652850054443830272e+18
4.652897363504407552e+18
4.652896440096310272e+18
4.652897814489822208e+18
4.652929696029193216e+18
4.652929592949947392e+18
4.652917262096775168e+18
4.652922003740500992e+18
4.652916261361603584e+18
4.652903754416560128e+18
4.652917227737035776e+18
4.652917429592775680e+18
4.652915677245940736e+18
4.652917120355130368e+18
4.652929081838111744e+18
4.652916123944997888e+18
4.652929489870734336e+18
4.652929592968988672e+18
4.652901383595216896e+18
4.652901039996950528e+18
4.652917120355139584e+18
4.652930417583722496e+18
4.652916570599674880e+18
4.652920075292987392e+18
4.652914032280745984e+18
4.652898707838811136e+18
4.652929489871622144e+18
4.652929489870756864e+18
4.652929558609351680e+18
4.652928016701221888e+18
4.652914096714129408e+18
4.652899395032375296e+18
4.652900455881105408e+18
4.652898914001660928e+18
4.652901624129181696e+18
4.652904411554841600e+18
4.652916398801074176e+18
4.652930486303253504e+18
4.652920865566720000e+18
4.652930078285527040e+18
4.652929970907092992e+18
4.652902831011553280e+18
4.652917257794088960e+18
4.652918426025636864e+18
4.652916570599322624e+18
4.652915402390509568e+18
4.652915853347705856e+18
4.652929764748745728e+18
4.652898703534630912e+18
4.652900460185446400e+18
4.652915264951555072e+18
4.652900833838399488e+18
4.652904067957553152e+18
4.652898153778630656e+18
4.652915161872339968e+18
4.652930073986301952e+18
4.652903208963241984e+18
4.652927393926439936e+18
4.652913753116637184e+18
4.652929459809992704e+18
4.652898020644165632e+18
4.652903930517676032e+18
4.652930524947094528e+18
4.652913379445725184e+18
4.652898325577350144e+18
4.652929459809995776e+18
4.652918494745117696e+18
4.652903582617882624e+18
4.652916987218881536e+18
4.652898978412653568e+18
4.652902311307237376e+18
4.652917567031752704e+18
4.652913894842821632e+18
4.652914101001156608e+18
4.652930524947093504e+18
4.652903002806909952e+18
4.652915131792308224e+18
4.652902139508757504e+18
4.652902276948463616e+18
4.652920075292654592e+18
4.652930005285648384e+18
4.652898566095610880e+18
4.652898428679348224e+18
4.652928119766376448e+18
4.652902723624241152e+18
4.652902384329569280e+18
4.652913826127773696e+18
4.652930520681909248e+18
4.652903174604459008e+18
4.652930314504585216e+18
4.652904372892039168e+18
4.652917536974636032e+18
4.652916570621623296e+18
4.652903651337356288e+18
4.652929214992770048e+18
4.652929352431723520e+18
4.652929661688606720e+18
4.652930451943503872e+18
4.652914375878072320e+18
4.652921999438119936e+18
4.652900803783764992e+18
4.652930593668170752e+18
4.652928119766401024e+18
4.652929524230414336e+18
4.652918426025142272e+18
4.652898359938898944e+18
4.652903479539416064e+18
4.652914199777043456e+18
4.652898944052822016e+18
4.652900013508626432e+18
4.652920079595279360e+18
4.652917532672020480e+18
4.652898531735784448e+18
4.652929249371881472e+18
4.652917154714824704e+18
4.652899051436207104e+18
4.652901486673497088e+18
4.652930555022747648e+18
4.652903312043343872e+18
4.652913409502884864e+18
4.652898359937102848e+18
4.652899974845178880e+18
4.652897917569099776e+18
4.652929494154729472e+18
4.652913345087123456e+18
4.652915608526424064e+18
4.652903548258794496e+18
4.652928355999247360e+18
4.652901044299753472e+18
4.652916845477181440e+18
4.652898703534649344e+18
4.652929043193975808e+18
4.652899562528106496e+18
4.652904269812766720e+18
4.652917017275877376e+18
4.652929356715774976e+18
4.652930078271454208e+18
4.652914199777049600e+18
4.652902998502252544e+18
4.652917189074567168e+18
4.652913409502888960e+18
4.652917189074567168e+18
4.652914650761784320e+18
4.652901246155213824e+18
4.652902070805823488e+18
4.652928532083278848e+18
4.652921793279685632e+18
4.652930146990987264e+18
4.652913757408596992e+18
4.652897986283237376e+18
4.652900387161586688e+18
4.652914307159520256e+18
4.652903067221742592e+18
4.652921758919942144e+18
4.652920315810837504e+18
4.652929008834232320e+18
4.652930799839750144e+18
4.652898256859009024e+18
4.652916334383169536e+18
4.652915677245905920e+18
4.652914101005975552e+18
4.652916368743656448e+18
4.652904269812764672e+18
4.652929146273282048e+18
4.652928772600482816e+18
4.652928532097304576e+18
4.652929150557590528e+18
4.652904171041582080e+18
4.652928081121295360e+18
4.652930284443671552e+18
4.652913993618558976e+18
4.652904205396438016e+18
4.652928596517466112e+18
4.652898600478024704e+18
4.652914307159521280e+18
4.652898085059111936e+18
4.652929008834268160e+18
4.652903999238121472e+18
4.652930834199483392e+18
4.652927428286182400e+18
4.652930318803408896e+18
4.652902242588023808e+18
4.652929008834228224e+18
4.652899974845190144e+18
4.652901074356640768e+18
4.652930284443670528e+18
4.652914131057513472e+18
4.652928424718682112e+18
4.652929077576424448e+18
4.652903277683617792e+18
4.652903582617820160e+18
4.652929425436208128e+18
4.652903616978272256e+18
4.652921999438115840e+18
4.652901525336044544e+18
4.652902448746278912e+18
4.652902624848758784e+18
4.652903312048135168e+18
4.652899768686688256e+18
4.652902414386541568e+18
4.652929799108246528e+18
4.652921930718642176e+18
4.652928493438188544e+18
4.652903552566306816e+18
4.652913860483115008e+18
4.652898737894267904e+18
4.652928802675747840e+18
4.652903174609185792e+18
4.652929116197857280e+18
4.652899944789194752e+18
4.652920762488786944e+18
4.652903582617845760e+18
4.652928630877195264e+18
4.652928321639491584e+18
4.652928287279717376e+18
4.652898845277740032e+18
4.652930829901460480e+18
4.652929146273268736e+18
4.652904239761060864e+18
4.652927982341593088e+18
4.652899287650150400e+18
4.652916849779189760e+18
4.652899768686692352e+18
4.652930658102007808e+18
4.652920938593856512e+18
4.652899425089201152e+18
4.652904475971294208e+18
4.652916781060503552e+18
4.652903204660718592e+18
4.652903891855588352e+18
4.652900082232739840e+18
4.652930555022813184e+18
4.652928940114779136e+18
4.652930692461802496e+18
4.652930765465256960e+18
4.652930593666565120e+18
4.652903754416541696e+18
4.652929489870713856e+18
4.652902792366241792e+18
4.652901417954954240e+18
4.652930868544199680e+18
4.652929077553730560e+18
4.652899601191906304e+18
4.652898364240313344e+18
4.652901005638094848e+18
4.652904029294536704e+18
4.652916128225531904e+18
4.652901284819085312e+18
4.652930795541052416e+18
4.652903067221777408e+18
4.652930108346038272e+18
4.652929180633945088e+18
4.652902796647406592e+18
4.652927398225789952e+18
4.652929356716016640e+18
4.652903415121660928e+18
4.652929077554717696e+18
4.652902861063189504e+18
4.652898463016250368e+18
4.652913993620094976e+18
4.652917159017618432e+18
4.652913443862603776e+18
4.652915063078638592e+18
4.652930211425253376e+18
4.652916227001851904e+18
4.652930834184455168e+18
4.652901937652921344e+18
4.652928978773750784e+18
4.652898428657733632e+18
4.652901452314707968e+18
4.652898188138289152e+18
4.652920869870577664e+18
4.652901284817893376e+18
4.652930456227367936e+18
4.652901039996913664e+18
4.652913894847266816e+18
4.652917502620032000e+18
4.652927531365440512e+18
4.652930005266814976e+18
4.652929013133488128e+18
4.652930795541044224e+18
4.652901387898238976e+18
4.652928325938717696e+18
4.652901456617694208e+18
4.652929421151227904e+18
4.652903449481405440e+18
4.652902998502224896e+18
4.652898742197436416e+18
4.652902105149751296e+18
4.652929150572344320e+18
4.652929180632997888e+18
4.652929902187561984e+18
4.652901933350244352e+18
4.652898742197439488e+18
4.652901039996925952e+18
4.652914440295182336e+18
4.652928394658191360e+18
4.652915269232083968e+18
4.652929081852959744e+18
4.652898329880580096e+18
4.652929902188446720e+18
4.652929902187559936e+18
4.652930692461779968e+18
4.652900116586899456e+18
4.652903857495866368e+18
4.652929184917064704e+18
4.652915024410842112e+18
4.652898085059083264e+18
4.652898639119358976e+18
4.652898291217574912e+18
4.652903239020486656e+18
4.652904411554833408e+18
4.652901727191802880e+18
4.652916437463097344e+18
4.652913448165214208e+18
4.652901589752790016e+18
4.652899669910315008e+18
4.652929318071949312e+18
4.652929597249032192e+18
4.652898909694091264e+18
4.652904098014030848e+18
4.652897981979789312e+18
4.652928390359011328e+18
4.652899390729424896e+18
4.652900838142522368e+18
4.652915166154135552e+18
4.652898978412670976e+18
4.652898840973615104e+18
4.652913306423558144e+18
4.652902246890507264e+18
4.652901972013667328e+18
4.652927462665143296e+18
4.652913516890138624e+18
4.652930765464997888e+18
4.652930490587108352e+18
4.652915956426862592e+18
4.652902036452031488e+18
4.652929940846314496e+18
4.652903689999529984e+18
4.652899257594553344e+18
4.652916948556376064e+18
4.652920457552384000e+18
4.652929940846315520e+18
4.652919972213416960e+18
4.652916295721349120e+18
4.652898673479105536e+18
4.652914337216083968e+18
4.652900490240905216e+18
4.652902349970935808e+18
4.652929077553768448e+18
4.652929833468013568e+18
4.652904269812748288e+18
4.652929696048374784e+18
4.652900077924478976e+18
4.652920453249797120e+18
4.652929489870725120e+18
4.652930417583747072e+18
4.652901727191799808e+18
4.652930868545485824e+18
4.652929799108272128e+18
4.652901108716456960e+18
4.652917635751254016e+18
4.652930005266797568e+18
4.652917635751254016e+18
4.652901834575827968e+18
4.652914062338105344e+18
4.652900284082395136e+18
4.652900872506501120e+18
4.652902070811777024e+18
4.652903994934769664e+18
4.652930318789656576e+18
4.652899669910317056e+18
4.652930318789665792e+18
4.652930177065563136e+18
4.652929592949936128e+18
4.652903823136079872e+18
4.652898909693091840e+18
4.652928184219488256e+18
4.652929356730782720e+18
4.652930417583714304e+18
4.652930696746784768e+18
4.652903032862041088e+18
4.652917395233087488e+18
4.652918288586117120e+18
4.652914886971907072e+18
4.652902070811770880e+18
4.652930211425306624e+18
4.652902212536244224e+18
4.652913516885737472e+18
4.652903724364723200e+18
4.652904166733533184e+18
4.652898119418833920e+18
4.652929528529466368e+18
4.652904033602377728e+18
4.652898050699280384e+18
4.652898501679331328e+18
4.652901731499908096e+18
4.652916089562845184e+18
4.652928497723525120e+18
4.652916334383932416e+18
4.652919907801399296e+18
4.652903999238104064e+18
4.652903999238107136e+18
4.652913826122284032e+18
4.652901697140167680e+18
4.652920698070501376e+18
4.652915917764625408e+18
4.652915952123911168e+18
4.652920659409561600e+18
4.652930383223358464e+18
4.652897986283255808e+18
4.652914371575831552e+18
4.652928635162484736e+18
4.652903994934779904e+18
4.652898050699293696e+18
4.652930383223975936e+18
4.652901662774983680e+18
4.652897947620009984e+18
4.652915337950679040e+18
4.652929253637525504e+18
4.652928252919967744e+18
4.652914955713781760e+18
4.652899253290475520e+18
4.652914612093931520e+18
4.652914062339619840e+18
4.652903720079221760e+18
4.652903788776343552e+18
4.652913890540024832e+18
4.652898050699313152e+18
4.652900700702423040e+18
4.652915436727840768e+18
4.652902792343761920e+18
4.652915436727844864e+18
4.652921724582412288e+18
4.652913375143101440e+18
4.652929975191037952e+18
4.652930039626584064e+18
4.652930039626584064e+18
4.652916673678424064e+18
4.652919976516096000e+18
4.652929696029237248e+18
4.652902006373403648e+18
4.652903518206312448e+18
4.652898398601238528e+18
4.652899223239100416e+18
4.652913718740608000e+18
4.652929558609402880e+18
4.652916261361565696e+18
4.652928802675779584e+18
4.652915063073696768e+18
4.652898978412640256e+18
4.652898913997172736e+18
4.652915608526404608e+18
4.652914101000208384e+18
4.652929386791474176e+18
4.652900387161606144e+18
4.652913413806536704e+18
4.652903140244762624e+18
4.652902036452032512e+18
4.652916368743684096e+18
4.652929184917073920e+18
4.652913963561261056e+18
4.652929906471820288e+18
4.652929803392615424e+18
4.652929524230429696e+18
4.652899459449005056e+18
4.652897981979800576e+18
4.652929558609351680e+18
4.652903105884965888e+18
4.652915922067159040e+18
4.652903994934782976e+18
4.652921591423672320e+18
4.652902517488330752e+18
4.652930142724411392e+18
4.652929872112079872e+18
4.652946291773931520e+18
4.652949968266193920e+18
4.652936263038170112e+18
4.652940523632064512e+18
4.652955985512548352e+18
4.652954886002043904e+18
4.652935782001832960e+18
4.652941103462348800e+18
4.652944436371686400e+18
4.652947013328666624e+18
4.652943512929520640e+18
4.652954370607030272e+18
4.652950728472674304e+18
4.652950075639546880e+18
4.652937293816536064e+18
4.652935678922618880e+18
4.652942344698195968e+18
4.652947700553475072e+18
4.652947253876880384e+18
4.652942546572242944e+18
4.652956359178827776e+18
4.652942757015056384e+18
4.652935915142750208e+18
4.652944986103879680e+18
4.652951686253620224e+18
4.652953163722036224e+18
4.652935365386039296e+18
4.652945677606646784e+18
4.652950625395609600e+18
4.652943577363966976e+18
4.652945780671130624e+18
4.652947704815834112e+18
4.652947704815835136e+18
4.652935949501827072e+18
4.652945845097436160e+18
4.652936877214945280e+18
4.652943959606083584e+18
4.652943439915651072e+18
4.652953649052584960e+18
4.652946978968900608e+18
4.652944436357207040e+18
4.652943822167137280e+18
4.652947734883229696e+18
4.652941520065358848e+18
4.652951308296272896e+18
4.652951480095156224e+18
4.652946841529838592e+18
4.652935438404689920e+18
4.652940897303875584e+18
4.652954061369349120e+18
4.652943714793613312e+18
4.652943508635183104e+18
4.652948971863655424e+18
4.652939939516469248e+18
4.652956393541601280e+18
4.652955156587317248e+18
4.652935541468898304e+18
4.652943444208360448e+18
4.652945192262265856e+18
4.652950350517901312e+18
4.652946601015871488e+18
4.652948250279536640e+18
4.652936950232928256e+18
4.652947326860594176e+18
4.652941618858585088e+18
4.652937465628807168e+18
4.652949525896952832e+18
4.652948422078408704e+18
4.652952098570470400e+18
4.652955985512771584e+18
4.652946463572681728e+18
4.652954130101993472e+18
4.652941859377467392e+18
4.652950384875820032e+18
4.652952034157840384e+18
4.652949315431065600e+18
4.652946188694883328e+18
4.652949521589688320e+18
4.652936602336913408e+18
4.652941034765145088e+18
4.652954194514510848e+18
4.652947597444286464e+18
4.652942134255372288e+18
4.652954886016221184e+18
4.652953855208797184e+18
4.652935610188144640e+18
4.652952515194175488e+18
4.652946223084721152e+18
4.652946674025981952e+18
4.652945883750336512e+18
4.652951278228483072e+18
4.652941520064586752e+18
4.652940317473614848e+18
4.652941691863376896e+18
4.652954439325441024e+18
4.652941515779375104e+18
4.652957050665555968e+18
4.652948387718726656e+18
4.652949659032614912e+18
4.652940867229568000e+18
4.652935605904303104e+18
4.652936567977177088e+18
4.652944852973102080e+18
4.652946154365235200e+18
4.652941588784708608e+18
4.652943165069097984e+18
4.652935846422472704e+18
4.652950041279768576e+18
4.652955946861784064e+18
4.652948112844435456e+18
4.652935644548109312e+18
4.652938908722965504e+18
4.652941485704854528e+18
4.652948662605301760e+18
4.652943405587276800e+18
4.652950281811186688e+18
4.652956157311452160e+18
4.652946016926277632e+18
4.652943272425119744e+18
4.652956466549990400e+18
4.652946051255891968e+18
4.652942069819181056e+18
4.652945982536436736e+18
4.652952412100759552e+18
4.652946429217176576e+18
4.652945089183141888e+18
4.652950178731974656e+18
4.652949732040805376e+18
4.652941343980604416e+18
4.652935919426018304e+18
4.652954301885581312e+18
4.652941691877160960e+18
4.652947120702120960e+18
4.652942031175438336e+18
4.652954404979891200e+18
4.652941210827011072e+18
4.652956500909730816e+18
4.652948112840579072e+18
4.652950728487805952e+18
4.652954473699859456e+18
4.652953576039146496e+18
4.652941275261125632e+18
4.652951445735301120e+18
4.652956603988946944e+18
4.652953477266842624e+18
4.652947910989338624e+18
4.652951583174320128e+18
4.652941687578742784e+18
4.652949628961591296e+18
4.652935713282364416e+18
4.652940970308765696e+18
4.652938977457289216e+18
4.652936606635540480e+18
4.652943684728095744e+18
4.652942825748143104e+18
4.652944367637713920e+18
4.652936469196587008e+18
4.652945948181914624e+18
4.652936469196585984e+18
4.652942787089895424e+18
4.652940832883675136e+18
4.652954645498408960e+18
4.652936847153700864e+18
4.652936121301180416e+18
4.652948318999176192e+18
4.652950968990831616e+18
4.652945810737650688e+18
4.652948318999146496e+18
4.652942924529384448e+18
4.652946257414465536e+18
4.652951548818379776e+18
4.652937289531904000e+18
4.652948598169452544e+18
4.652945643232158720e+18
4.652946807170225152e+18
4.652946772810421248e+18
4.652954954721508352e+18
4.652950968990831616e+18
4.652947086342379520e+18
4.652940867243427840e+18
4.652935605904297984e+18
4.652935610188139520e+18
4.652949624668675072e+18
4.652947253850947584e+18
4.652935880782269440e+18
4.652942344696785920e+18
4.652950831567024128e+18
4.652941073387053056e+18
4.652945093477556224e+18
4.652944475001119744e+18
4.652943890884946944e+18
4.652937289531895808e+18
4.652950625408562176e+18
4.652956707082714112e+18
4.652949182299586560e+18
4.652946085615642624e+18
4.652948284639303680e+18
4.652935571544551424e+18
4.652937083373371392e+18
4.652946463572701184e+18
4.652950178716836864e+18
4.652949830831331328e+18
4.652937255172581376e+18
4.652950006918375424e+18
4.652945982566537216e+18
4.652953369880684544e+18
4.652947941041649664e+18
4.652953442907249664e+18
4.652951965438804992e+18
4.652944509360864256e+18
4.652947666193731584e+18
4.652949938200603648e+18
4.652947704830917632e+18
4.652941210840815616e+18
4.652951999785313280e+18
4.652941760596629504e+18
4.652951312603350016e+18
4.652944779975557120e+18
4.652951346950582272e+18
4.652950453597383680e+18
4.652953030575322112e+18
4.652956359178673152e+18
4.652950621101576192e+18
4.652952309021560832e+18
4.652946016903100416e+18
4.652956432190246912e+18
4.652945471433515008e+18
4.652948941767982080e+18
4.652935812081733632e+18
4.652952927496112128e+18
4.652936847153699840e+18
4.652950213078409216e+18
4.652939832174284800e+18
4.652935708983573504e+18
4.652943993964163072e+18
4.652943581662752768e+18
4.652945810737642496e+18
4.652945467144479744e+18
4.652939900871337984e+18
4.652940970322634752e+18
4.652941893736380416e+18
4.652940622426060800e+18
4.652945230915357696e+18
4.652936361819378688e+18
4.652947047693599744e+18
4.652945948200071168e+18
4.652946536584771584e+18
4.652944848664920064e+18
4.652935541469662208e+18
4.652953369885594624e+18
4.652942031175365632e+18
4.652944883028933632e+18
4.652945673298710528e+18
4.652941309620925440e+18
4.652937225110818816e+18
4.652954022715643904e+18
4.652943027626067968e+18
4.652948696965022720e+18
4.652942413416253440e+18
4.652951621825841152e+18
4.652942202974121984e+18
4.652954091435219968e+18
4.652946364787863552e+18
4.652935507109935104e+18
4.652937049014142976e+18
4.652955637627316224e+18
4.652943753447977984e+18
4.652944745589977088e+18
4.652952686978691072e+18
4.652942379056515072e+18
4.652947769243037696e+18
4.652945123542859776e+18
4.652944234482972672e+18
4.652940386207045632e+18
4.652947292499003392e+18
4.652942275977297920e+18
4.652956702776457216e+18
4.652948971833658368e+18
4.652946570944501760e+18
4.652949212351826944e+18
4.652953305453211648e+18
4.652944818599610368e+18
4.652939905170716672e+18
4.652944883024668672e+18
4.652950174424636416e+18
4.652947155062293504e+18
4.652937328176294912e+18
4.652949594616961024e+18
4.652946433505579008e+18
4.652954297593769984e+18
4.652948392012536832e+18
4.652944573791279104e+18
4.652946326133709824e+18
4.652944711230234624e+18
4.652937431255502848e+18
4.652940935962889216e+18
4.652954744270733312e+18
4.652945265275086848e+18
4.652946158628217856e+18
4.652946394853187584e+18
4.652947051980837888e+18
4.652937328176287744e+18
4.652937461321304064e+18
4.652952996215576576e+18
4.652952996215576576e+18
4.652946639663977472e+18
4.652938904456019968e+18
4.652944505091334144e+18
4.652949659028426752e+18
4.652937323891623936e+18
4.652946467867051008e+18
4.652946124268480512e+18
4.652955912502020096e+18
4.652935640264034304e+18
4.652937392611125248e+18
4.652935502825064448e+18
4.652936812778938368e+18
4.652945677591898112e+18
4.652946948916700160e+18
4.652949315431046144e+18
4.652947700528647168e+18
4.652940107030719488e+18
4.652949659053257728e+18
4.652949388458162176e+18
4.652946055549008896e+18
4.652941348279748608e+18
4.652952068503389184e+18
4.652947734883264512e+18
4.652956707082202112e+18
4.652940729804455936e+18
4.652943787808122880e+18
4.652952927496119296e+18
4.652945471433519104e+18
4.652944165763495936e+18
4.652943581662377984e+18
4.652953335520867328e+18
4.652949281071391744e+18
4.652946051255888896e+18
4.652946399147597824e+18
4.652946364801154048e+18
4.652946399145829376e+18
4.652940313188253696e+18
4.652944986133840896e+18
4.652952961857625088e+18
4.652945948176671744e+18
4.652956329111009280e+18
4.652956462257869824e+18
4.652954057075468288e+18
4.652946085615624192e+18
4.652950522314203136e+18
4.652936739775903744e+18
4.652936980312792064e+18
4.652942928812320768e+18
4.652954130089155584e+18
4.652949972573683712e+18
4.652938633859922944e+18
4.652947945335908352e+18
4.652940832883677184e+18
4.652941412700121088e+18
4.652947391285684224e+18
4.652949452870085632e+18
4.652939935232031744e+18
4.652944234482970624e+18
4.652939836451231744e+18
4.652945471433520128e+18
4.652942963172057088e+18
4.652944367637688320e+18
4.652943134970749952e+18
4.652941485718705152e+18
4.652942890169650176e+18
4.652949143632344064e+18
4.652947189421631488e+18
4.652955671987054592e+18
4.652950556673943552e+18
4.652940008236771328e+18
4.652949968266264576e+18
4.652955603264379904e+18
4.652955878142385152e+18
4.652945020487399424e+18
4.652949319723660288e+18
4.652941416999238656e+18
4.652941932395272192e+18
4.652945742022392832e+18
4.652942821449693184e+18
4.652944883031724032e+18
4.652946399145833472e+18
4.652942409132767232e+18
4.652953644758734848e+18
4.652952717046159360e+18
4.652945402714032128e+18
4.652936366102077440e+18
4.652953679118473216e+18
4.652939797792107520e+18
4.652944436357199872e+18
4.652945398420732928e+18
4.652939733372020736e+18
4.652940656804206592e+18
4.652946188694912000e+18
4.652945295371491328e+18
4.652942134254731264e+18
4.652942374772994048e+18
4.652945982536415232e+18
4.652946154358415360e+18
4.652949281071366144e+18
4.652943233757214720e+18
4.652943611714355200e+18
4.652950174424678400e+18
4.652940695430790144e+18
4.652944951744135168e+18
4.652945604579198976e+18
4.652942997547198464e+18
4.652956294751296512e+18
4.652952923203748864e+18
4.652942512211851264e+18
4.652945780671136768e+18
4.652951931063487488e+18
4.652945673305714688e+18
4.652956191686781952e+18
4.652947155075127296e+18
4.652936430538124288e+18
4.652950483662422016e+18
4.652948319002866688e+18
4.652940557991819264e+18
4.652945093475763200e+18
4.652935743343357952e+18
4.652943684728075264e+18
4.652941996815667200e+18
4.652936434822979584e+18
4.652941893737156608e+18
4.652950895979187200e+18
4.652957012014050304e+18
4.652948151494341632e+18
4.652946708398530560e+18
4.652943066251267072e+18
4.652936258739593216e+18
4.652945471433515008e+18
4.652943577354617856e+18
4.652948082772968448e+18
4.652953099309865984e+18
4.652952442168041472e+18
4.652947086355648512e+18
4.652950449327348736e+18
4.652954916069518336e+18
4.652953442907248640e+18
4.652951724905056256e+18
4.652940278828513280e+18
4.652948873047050240e+18
4.652940523632095232e+18
4.652946914541902848e+18
4.652953855209017344e+18
4.652942649650927616e+18
4.652944436371671040e+18
4.652946433520642048e+18
4.652943646074114048e+18
4.652953026283066368e+18
4.652947494364993536e+18
4.652950968992531456e+18
4.652953301164948480e+18
4.652946777104764928e+18
4.652942271693669376e+18
4.652935850721329152e+18
4.652950419236884480e+18
4.652947460005222400e+18
4.652951724905979904e+18
4.652947666167779328e+18
4.652946467880378368e+18
4.652944028338955264e+18
4.652949521589611520e+18
4.652940214395191296e+18
4.652943134970746880e+18
4.652936396178381824e+18
4.652951827985198080e+18
4.652946296081686528e+18
4.652950591034637312e+18
4.652946944633349120e+18
4.652940347548051456e+18
4.652952888844001280e+18
4.652947258141100032e+18
4.652955603264457728e+18
4.652949865186909184e+18
4.652942237333903360e+18
4.652940695430765568e+18
4.652937396894204928e+18
4.652935919440799744e+18
4.652953541679381504e+18
4.652946777104766976e+18
4.652948254571631616e+18
4.652939698997126144e+18
4.652942546589958144e+18
4.652950036985752576e+18
4.652952515179968512e+18
4.652948082774855680e+18
4.652937053297111040e+18
4.652947872327401472e+18
4.652937186452684800e+18
4.652943920952091648e+18
4.652947116407827456e+18
4.652947391315817472e+18
4.652954954720600064e+18
4.652954160154833920e+18
4.652950281796610048e+18
4.652954095729814528e+18
4.652935610203148288e+18
4.652953511613450240e+18
4.652943856540268544e+18
4.652943955316036608e+18
4.652945677591910400e+18
4.652943478583144448e+18
4.652946497932469248e+18
4.652949491522630656e+18
4.652940042609686528e+18
4.652935713267358720e+18
4.652943100611001344e+18
4.652948288946459648e+18
4.652947292514071552e+18
4.652949594601550848e+18
4.652942890187303936e+18
4.652955740703281152e+18
4.652954473684264960e+18
4.652951686257354752e+18
4.652950277507963904e+18
4.652951965424154624e+18
4.652937018952396800e+18
4.652937225095799808e+18
4.652954439324528640e+18
4.652954301885582336e+18
4.652935850707289088e+18
4.652940798510064640e+18
4.652935678907606016e+18
4.652951140790421504e+18
4.652946570944510976e+18
4.652944951768042496e+18
4.652945093491272704e+18
4.652939905156738048e+18
4.652947429939815424e+18
4.652951480098924544e+18
4.652937323909913600e+18
4.652940489272290304e+18
4.652946914557405184e+18
4.652936503556327424e+18
4.652945742041725952e+18
4.652952957563502592e+18
4.652947837962565632e+18
4.652947910974241792e+18
4.652951621827621888e+18
4.652936464897843200e+18
4.652939797814536192e+18
4.652945467140194304e+18
4.652954336245314560e+18
4.652936709699727360e+18
4.652954301885576192e+18
4.652950247436304384e+18
4.652936739775909888e+18
4.652938633859924992e+18
4.652942447776025600e+18
4.652941550139158528e+18
4.652936434821844992e+18
4.652943719087831040e+18
4.652936808495452160e+18
4.652941898021528576e+18
4.652942447776026624e+18
4.652948323306195968e+18
4.652950174424697856e+18
4.652947597444281344e+18
4.652941073388054528e+18
4.652936705416139776e+18
4.652956157311451136e+18
4.652952991923309568e+18
4.652944505076747264e+18
4.652957016304664576e+18
4.652955946861835264e+18
4.652942237333894144e+18
4.652943993965810688e+18
4.652951999798099968e+18
4.652948082788048896e+18
4.652944058391135232e+18
4.652950350516082688e+18
4.652949384150548480e+18
4.652949869481076736e+18
4.652940454912555008e+18
4.652944779972583424e+18
4.652947464299973632e+18
4.652949560256690176e+18
4.652946330441422848e+18
4.652947601751708672e+18
4.652951759265716224e+18
4.652939763433314304e+18
4.652953923929306112e+18
4.652954989095794688e+18
4.652950689820642304e+18
4.652949560243307520e+18
4.652935953800626176e+18
4.652942241619037184e+18
4.652947292514530304e+18
4.652936537916067840e+18
4.652945982536457216e+18
4.652942443492344832e+18
4.652938629580326912e+18
4.652949521593710592e+18
4.652936194304763904e+18
4.652936224379832320e+18
4.652948937503917056e+18
4.652949040562444288e+18
4.652953545973997568e+18
4.652935507108933632e+18
4.652942516510516224e+18
4.652956157311852544e+18
4.652956122952114176e+18
4.652945295341493248e+18
4.652935915142055936e+18
4.652953335520872448e+18
4.652943272409682944e+18
4.652942512211922944e+18
4.652951484386898944e+18
4.652936258739539968e+18
4.652946330441846784e+18
4.652942035459168256e+18
4.652946119979534336e+18
4.652946261721901056e+18
4.652957016304900096e+18
4.652936190042128384e+18
4.652956019872900096e+18
4.652953782197729280e+18
4.652936400477120512e+18
4.652951136497494016e+18
4.652949452870072320e+18
4.652943405586018304e+18
4.652940966023403520e+18
4.652948701249752064e+18
4.652942035459167232e+18
4.652941623143848960e+18
4.652949147926858752e+18
4.652945364084593664e+18
4.652944234497804288e+18
4.652944676893358080e+18
4.652944268857541632e+18
4.652947223781380096e+18
4.652954370605046784e+18
4.652941726236962816e+18
4.652941687578103808e+18
4.652950518022237184e+18
4.652952717046103040e+18
4.652941004668519424e+18
4.652947975401498624e+18
4.652936778419189760e+18
4.652951278244035584e+18
4.652935331026312192e+18
4.652943306769410048e+18
4.652945883765078016e+18
4.652949182286794752e+18
4.652954886002046976e+18
4.652946742745010176e+18
4.652935777703101440e+18
4.652948490806466560e+18
4.652951140790418432e+18
4.652943306769408000e+18
4.652941103462377472e+18
4.652942924528936960e+18
4.652942001099417600e+18
4.652945020463638528e+18
4.652955637652968448e+18
4.652952167290046464e+18
4.652936950217915392e+18
4.652944337576872960e+18
4.652942035460477952e+18
4.652937259455527936e+18
4.652945123542857728e+18
4.652951106430680064e+18
4.652940072670056448e+18
4.652954022719463424e+18
4.652954091435265024e+18
4.652949800761555968e+18
4.652957046373866496e+18
4.652940626711324672e+18
4.652948525166265344e+18
4.652954233168159744e+18
4.652954263233963008e+18
4.652942512211878912e+18
4.652941416985405440e+18
4.652951754973188096e+18
4.652946394853201920e+18
4.652939767718412288e+18
4.652937293830282240e+18
4.652935812085006336e+18
4.652948220213836800e+18
4.652938874364475392e+18
4.652949800761568256e+18
4.652948632530264064e+18
4.652951072071788544e+18
4.652942890169184256e+18
4.652956359178839040e+18
4.652956363470757888e+18
4.652941996834083840e+18
4.652947910989634560e+18
4.652955500184953856e+18
4.652943512927834112e+18
4.652939729072580608e+18
4.652955367038312448e+18
4.652948632529192960e+18
4.652947739190942720e+18
4.652943169345521664e+18
4.652955122227599360e+18
4.652948456441851904e+18
4.652956363470742528e+18
4.652954435032850432e+18
4.652942585216312320e+18
4.652949487229846528e+18
4.652940042595776512e+18
4.652948353358861312e+18
4.652945986844007424e+18
4.652945845097442304e+18
4.652956329111005184e+18
4.652954057075432448e+18
4.652940553724941312e+18
4.652945677606650880e+18
4.652955367052434432e+18
4.652943512927830016e+18
4.652953163722050560e+18
4.652954847349992448e+18
4.652954439326482432e+18
4.652942447777362944e+18
4.652940420552767488e+18
4.652936812780171264e+18
4.652947563084489728e+18
4.652949835119694848e+18
4.652951686278510592e+18
4.652942413431286784e+18
4.652940313188284416e+18
4.652949968266184704e+18
4.652945505807966208e+18
4.652942241619055616e+18
4.652955397105711104e+18
4.652942580931399680e+18
4.652939870796951552e+18
4.652954748577129472e+18
4.652952545247328256e+18
4.652937293816568832e+18
4.652942306053439488e+18
4.652956775787608064e+18
4.652945746326135808e+18
4.652945742018138112e+18
4.652940278828535808e+18
4.652949147940007936e+18
4.652942821467759616e+18
4.652943822165479424e+18
4.652941000383158272e+18
4.652947498658002944e+18
4.652950350517373952e+18
4.652936400477378560e+18
4.652944578095037440e+18
4.652942894467620864e+18
4.652954679857654784e+18
4.652936812780167168e+18
4.652937014653858816e+18
4.652949659053257728e+18
4.652940141389637632e+18
4.652942550855225344e+18
4.652936464897918976e+18
4.652942993248211968e+18
4.652953923929309184e+18
4.652955435757797376e+18
4.652951896705909760e+18
4.652945402714024960e+18
4.652947498658003968e+18
4.652948598184195072e+18
4.652942035460490240e+18
4.652947498657411072e+18
4.652942653949460480e+18
4.652950895979243520e+18
4.652950380583268352e+18
4.652936842855168000e+18
4.652947704816431104e+18
4.652955435757799424e+18
4.652945742018142208e+18
4.652944681160977408e+18
4.652953477251688448e+18
4.652946429237313536e+18
4.652948666889999360e+18
4.652955916793078784e+18
4.652940901589315584e+18
4.652935949501837312e+18
4.652942069819177984e+18
4.652947013328674816e+18
4.652940278829429760e+18
4.652940386193053696e+18
4.652937255172128768e+18
4.652944470707758080e+18
4.652940386193053696e+18
4.652947906682108928e+18
4.652949555949449216e+18
4.652940759865065472e+18
4.652940764150280192e+18
4.652948250279563264e+18
4.652948009784582144e+18
4.652940313188276224e+18
4.652954744270673920e+18
4.652955607556494336e+18
4.652942752730167296e+18
4.652943439915663360e+18
4.652953580333313024e+18
4.652936572261035008e+18
4.652956256099377152e+18
4.652942512211861504e+18
4.652945574527436800e+18
4.652945574527436800e+18
4.652953271093459968e+18
4.652947150767635456e+18
4.652935678922617856e+18
4.652941412722274304e+18
4.652952991923273728e+18
4.652953649051375616e+18
4.652955195239603200e+18
4.652939797792101376e+18
4.652948357652789248e+18
4.652947876615112704e+18
4.652953163722032128e+18
4.652942477852130304e+18
4.652936877214969856e+18
4.652939080521377792e+18
4.652949555949436928e+18
4.652940661071047680e+18
4.652948868784413696e+18
4.652949525883563008e+18
4.652935331026302976e+18
4.652952201649704960e+18
4.652950449302701056e+18
4.652948220213836800e+18
4.652947185127391232e+18
4.652950762834095104e+18
4.652945815045607424e+18
4.652945574527438848e+18
4.652953198081890304e+18
4.652945295341522944e+18
4.652948838702354432e+18
4.652941863662057472e+18
4.652953747841593344e+18
4.652943233757217792e+18
4.652942924528911360e+18
4.652955263958661120e+18
