# successful candidates for region at (70.35527186405601, 10.185754671058062) and radius 1.0
70.64035409367247 9.67636643482045
70.65312123526411 9.670065699439572
70.65950172987283 9.663770353725473
70.6595075194973 9.670059947532444
70.65951331178253 9.676349541337121
70.65951910672884 9.682639135139507
70.6658878923524 9.663764481127519
70.66589380350584 9.67005407360613
70.66589971737586 9.676343666082351
70.6659056339628 9.682633258556184
70.66591155326695 9.688922851027625
70.67224995159253 9.638600122022568
70.67228008728496 9.67004807766071
70.67228612273962 9.676337668780878
70.67229216096707 9.682627259898558
70.67229820196758 9.688916851013747
70.67867252786913 9.676331549432781
70.67867868773689 9.68262113916671
70.6786848504336 9.688910728898048
70.67869101595954 9.695200318626794
70.68505893275962 9.67632530803814
70.68506521426757 9.682614896360722
70.6850714986603 9.688904484680608
70.68559666612035 10.204650717626473
70.69145174055437 9.682608531480675
70.69145814664297 9.68889811836151
70.69200013515287 10.210933819586113
70.70421150257461 9.670016267649835
70.71059102302691 9.663719957184039
70.71697718354064 9.663713108656294
70.71698406691966 9.670002689514643
70.7233563420999 9.65741655885272
70.72336334378743 9.663706138137718
70.72337034869386 9.669995717419361
70.72337735681958 9.676285296697653
70.72974238060365 9.657409467947588
70.72974950376256 9.663699045628402
70.72975663019623 9.669988623305748
70.72976375990501 9.676278200979622
70.7297708928893 9.682567778650023
70.73615016271371 9.676270983215757
70.73615741733673 9.682560559254025
70.73616467529145 9.688850135288698
70.74253656524093 9.676263643406148
70.77453255179535 9.726541638880844
