# successful candidates for region at (76.73013354861408, 8.99589007147149) and radius 1.0
76.56472196678956 8.797258800729393
76.57752894931308 8.614152632479124
76.864195561431 9.554974813332626
76.88332497278815 9.536024685782383
76.88966055451971 9.441309068022212
76.8896980852142 9.52339356377285
76.88970098197967 9.529707755749488
76.88970388014428 9.53602194772553
76.88970677970822 9.542336139700971
76.88970968067161 9.548650331675814
76.89603772981846 9.44130622877504
76.89606773184916 9.504448141595368
76.89607074004932 9.510762332873854
76.89607374970413 9.51707652415169
76.89607676081373 9.523390715428885
76.89607977337826 9.529704906705431
76.89608278739789 9.536019097981331
76.89608580287275 9.54233328925658
76.89608881980304 9.548647480531184
76.89609485803038 9.561275863078444
76.90244606028075 9.504445183801266
76.90244918411216 9.51075937435237
76.90245230945412 9.517073564902779
76.90245543630678 9.52338775545249
76.9024585646703 9.529701946001506
76.90246169454484 9.536016136549819
76.90246482593056 9.542330327097439
76.90246795882764 9.548644517644357
76.90247109323623 9.554958708190576
76.90882115070575 9.498127924660032
76.90882438860201 9.504442114457074
76.90882762806457 9.510756304253366
76.90883086909358 9.517070494048912
76.90883411168923 9.523384683843704
76.90883735585166 9.529698873637749
76.90884060158106 9.53601306343104
76.90884384887757 9.542327253223583
76.90884709774137 9.548641443015374
76.90885034817262 9.554955632806413
76.91517259394489 9.44761123240029
76.91517593444483 9.453925421421554
76.91520271680885 9.504438933562833
76.91520607190247 9.51075312257688
76.91520942861847 9.517067311590123
76.91521278695701 9.523381500602564
76.91521614691827 9.5296956896142
76.91521950850243 9.536009878625029
76.91522287170963 9.542324067635056
76.91522623654006 9.548638256644274
76.91522960299392 9.554952445652688
76.92153952704413 9.42866538259918
76.92154297764304 9.43497957081384
76.92154642991812 9.44129375902765
76.92154988386956 9.4476079472406
76.92155333949752 9.453922135452695
76.92157410848212 9.49180726470726
76.92157757585068 9.498121452913352
76.92158104489717 9.504435641118583
76.92158451562179 9.510749829322952
76.92158798802467 9.517064017526463
76.92159146210602 9.523378205729113
76.92159493786603 9.529692393930905
76.92159841530486 9.536006582131831
76.92160189442266 9.542320770331896
76.92160537521967 9.5486349585311
76.92160885769601 9.554949146729442
76.92791647179831 9.428661988645741
76.92792003735762 9.43497617602399
76.92792360464892 9.441290363401329
76.92792717367243 9.447604550777752
76.92795220535379 9.49180386238709
76.92795578824142 9.498118049756187
76.9279593728629 9.504432237124366
76.9279629592184 9.510746424491629
76.9279665473081 9.517060611857971
76.92797013713218 9.523374799223395
76.92797372869084 9.529688986587898
76.92797732198424 9.536003173951483
76.92798091701258 9.542317361314149
76.92798451377604 9.548631548675894
76.92798811227479 9.554945736036716
76.93429341642694 9.428658483471422
76.93429709694652 9.434972669985848
76.93430077925396 9.441286856499303
76.93430446334945 9.447601043011785
76.93433030209897 9.491800348571854
76.93433400050559 9.49811453507653
76.93433770070196 9.504428721580227
76.93434140268825 9.51074290808295
76.93434510646468 9.51705709458469
76.93434881203139 9.52337128108545
76.93435622853649 9.535999654084035
76.94066656728965 9.422340681452031
76.94067036092592 9.428654867076263
76.9406741564057 9.43496905269946
76.94067795372918 9.441283238321624
76.94068175289657 9.44759742394275
76.94068555390803 9.453911609562837
76.94068935676377 9.460225795181895
76.94070839871355 9.491796723261603
76.94071221263908 9.498110908874429
76.94071602841025 9.504425094486214
76.94071984602725 9.51073928009696
76.94072366549027 9.517053465706663
76.94072748679955 9.523367651315327
76.94073130995521 9.52968183692295
76.9407351349575 9.535996022529527
76.94704730529124 9.428651139460316
76.94705121573112 9.434965324164871
76.94705512807053 9.44127950886833
76.9470590423097 9.447593693570688
76.94706295844881 9.453907878271947
76.94706687648807 9.460222062972106
76.9470786420087 9.479164617065976
76.94708256765054 9.485478801761731
76.94708649519352 9.491792986456378
76.94709042463784 9.498107171149927
76.9470943559837 9.504421355842371
76.94709828923129 9.51073554053371
76.94710222438084 9.517049725223945
76.94710616143254 9.523363909913073
76.94711010038658 9.529678094601097
76.95342424951885 9.428647300623625
76.9534282749187 9.434961484382132
76.95343230227398 9.441275668139475
76.95343633158483 9.447589851895652
76.9534403628515 9.453904035650663
76.95344439607415 9.46021821940451
76.95345650748023 9.479160770659048
76.95346863649775 9.498103321903075
76.95347268341821 9.504417505648748
76.95347673229632 9.510731689393246
76.95348078313228 9.517045873136578
76.95348483592632 9.523360056878735
76.95980119360468 9.428643350566242
76.95980533396444 9.43495753335129
76.95980947633544 9.441271716135105
76.95981362071787 9.447585898917687
76.95981776711197 9.45390008169904
76.95984684821475 9.498099361133924
76.95985101070971 9.504413543905391
76.95985517521822 9.51072772667562
76.9598593417405 9.51704190944461
76.96618239286424 9.434953471072397
76.96618665025088 9.441267652855275
76.96619090970479 9.447581834636848
76.96619517122622 9.453896016417124
76.96619943481538 9.460210198196094
76.9662293378541 9.504409470612355
76.9662336179929 9.51072365238088
76.9662379002014 9.5170378341481
76.96625075924717 9.535980379441895
76.96625504973659 9.542294561203875
76.97256382401622 9.441263478300034
76.97256819854151 9.447577659053188
76.97257257519016 9.453891839804967
76.9726164585109 9.517033647247095
76.97894548722397 9.447573372166758
76.98535969357204 9.498082402835353
77.01089799636101 9.529634530117578
77.02365557352338 9.529624477311465
77.02367691336605 9.554881163341918
77.03003436182391 9.529619283420132
77.03003980877605 9.535933453654406
77.03004525835813 9.542247623886563
77.03005071057042 9.548561794116605
77.03005616541319 9.55487596434453
77.03641314993183 9.52961397787004
77.03641871273658 9.535928146800494
77.0364242782272 9.542242315728739
77.03642984640399 9.548556484654778
77.0364354172672 9.55487065357861
77.03644099081713 9.561184822500234
77.0427976165003 9.535922728260452
77.04280329789933 9.542236895857343
77.04280898204043 9.548551063451935
77.04281466892394 9.554865231044229
77.13848114654961 9.535828047875144
77.14486004660667 9.53582084236752
77.14486758251823 9.542134984930705
77.14487512206696 9.548449127489846
77.14488266525325 9.55476327004494
77.15126191292816 9.55475594745862
77.26573079066848 9.320983187551077
77.26574036924022 9.32729729149031
77.26574995249526 9.333611395422896
77.27204772126173 9.283089217231218
77.27205738541214 9.289403318897444
77.27206705429866 9.29571742055688
77.27207672792181 9.302031522209527
77.27210577721586 9.320973827126684
77.27211546979038 9.327287928752133
77.27212516710397 9.333602030370775
77.27841225159679 9.27676566076672
77.27842202462409 9.283079760099696
77.27843180244273 9.289393859425726
77.2784415850532 9.295707958744806
77.27845137245599 9.302022058056934
77.28477655921142 9.270441998443541
77.28478644100447 9.276756095416223
77.28479632764405 9.283070192381802
77.28480621913064 9.28938428934027
77.28481611546479 9.295698386291626
77.28482601664699 9.302012483235869
77.28483592267771 9.308326580172992
77.29115063471664 9.270432324928752
77.291160630066 9.276746419506836
77.29117063031761 9.28306051407765
77.29118063547193 9.289374608641191
77.2911906455295 9.29568870319746
77.29120066049083 9.302002797746447
77.29121068035641 9.308316892288152
77.2912508088715 9.333573270382077
77.29753481877744 9.276736633038684
77.29754493264079 9.283050725187373
77.29755505146258 9.289364817328625
77.29756517524332 9.295678909462433
77.29757530398354 9.301993001588798
77.29758543768371 9.308307093707711
77.30387835478983 9.257784466868683
77.30390900713478 9.276726736011893
77.30391923460962 9.283040825711096
77.30392946709861 9.28935491540269
77.30393970460226 9.295669005086676
77.30394994712108 9.301983094763047
77.3039601946556 9.308297184431801
77.31024188147754 9.2514603794595
77.31027285911725 9.27040264119647
77.31028319513403 9.276716728426594
77.31029353622013 9.283030815648944
77.31030388237606 9.289344902863519
77.31031423360234 9.295658990070313
77.31032458989952 9.301973077269325
77.31033495126812 9.308287164460546
77.31034531770864 9.31460125164398
77.31661561522778 9.25145027133096
77.31662604942798 9.257764356080852
77.31665738277127 9.276706610282915
77.31666783746833 9.283020695001053
77.31667829729093 9.28933477971124
77.3166887622396 9.295648864413478
77.31669923231485 9.30196294910776
77.31670970751723 9.308277033794079
77.3167201878473 9.314591118472439
77.32296826897183 9.23881188829128
77.32299989620122 9.257754134972615
77.3230104489685 9.264068217183517
77.3230210069154 9.27038229938631
77.32303157004247 9.276696381580987
77.32304213835023 9.283010463767546
77.32305271183922 9.289324545945984
77.32306329051 9.295638628116299
77.32307387436308 9.301952710278481
77.323084463399 9.30826679243253
77.3230950576183 9.314580874578443
77.32933113010505 9.2324874846956
77.32934177537985 9.238801564381195
77.3293737426053 9.257743803388337
77.32938440881594 9.264057883040826
77.32939508026188 9.27037196268503
77.32940575694367 9.276686042320941
77.32941643886186 9.283000121948563
77.32942712601698 9.289314201567887
77.32943781840959 9.295628281178908
77.32944851604022 9.301942360781625
77.32945921890939 9.308256440376034
77.32946992701768 9.314570519962125
77.32948064036563 9.320884599539902
77.33570452292031 9.23247705297673
77.33571528141553 9.23879113007726
77.3357799434709 9.276675592502917
77.33579073899924 9.282989669544236
77.33580153982022 9.289303746577076
77.33581234593439 9.295617823601443
77.33582315734226 9.301931900617323
77.33583397404443 9.308245977624718
77.34207791535958 9.232466510891502
77.34208878707493 9.238780585379619
77.34215412962018 9.276665032127044
77.3421650387584 9.282979106554697
77.34217595324495 9.289293180973695
77.34218687308038 9.295607255384034
77.34219779826525 9.301921329785712
77.34846229235409 9.238769930288406
77.34850628610177 9.264026217593724
77.34853933813532 9.282968432980084
77.34855036628717 9.289282504757875
77.3485613998436 9.295596576526822
77.34857243880519 9.301910648286928
77.34858348317248 9.308224720038183
77.354891369871 9.270329510575056
77.35491363712607 9.282957648820538
77.35492477894292 9.28927171792975
77.35494707895808 9.301899856121109
77.36752623856472 9.20716698373636
77.38013421718325 9.131376007545043
77.38016861495554 9.15031818269945
77.38650580295476 9.131364737734945
77.38654053787882 9.15030690448637
77.39285403583933 9.118725252435755
77.39286570919185 9.125039305221376
77.39287738832343 9.131353357996955
77.39288907323463 9.137667410762498
77.39290076392608 9.143981463517992
77.39291246039835 9.150295516263439
77.3992253963124 9.118713768480328
77.39923718188155 9.12502781841089
77.39924897328531 9.131341868331226
77.39927257359905 9.143969968141183
77.39928438251022 9.150284018030797
77.40558486447947 9.112388127593327
77.40559675637539 9.118702174651942
77.40560865416089 9.125016221700134
