# successful candidates for region at (0.4323520327564676, -15.355593929887615) and radius 1.0
0.3553637840538583 -15.585627539756862
0.3610884456889754 -15.585629438089262
0.36109056954654434 -15.579477167387257
0.36681115355800015 -15.591783460796904
0.36681310742532947 -15.585631189815652
0.3668150606718635 -15.579478918834234
0.3725324179486331 -15.604089608647497
0.3725377692547879 -15.585632794936002
0.3782559779475914 -15.610243339329504
0.3782575920218078 -15.604091067859871
0.37825920558342896 -15.597938796390125
0.3839813229258246 -15.610244652074984
0.383982766171932 -15.604092380396004
0.38971175522046575 -15.585636730660674
0.3954364173410177 -15.585637749356723
0.3954375175317886 -15.579485477329024
0.39544411133650337 -15.54257184516173
0.40116107951401186 -15.585638621446659
0.4011620090935396 -15.57948634927986
0.40116293837766936 -15.573334077113017
0.40116665256116757 -15.54872498844529
0.4011675803690262 -15.54257271627826
0.406885741731316 -15.58563934693048
0.4068865006995794 -15.579487074647957
0.406887259426661 -15.573334802365412
0.40688801791259993 -15.567182530082844
0.406890291923952 -15.548725713234981
0.4068910494457113 -15.54257344095231
0.4068918067265234 -15.536421168669614
0.41261040398479737 -15.58563992580817
0.41261099234177917 -15.579487653433317
0.41261216849487625 -15.567183108683562
0.41261275629105215 -15.561030836308662
0.41261334390035337 -15.554878563933748
0.4126139313228102 -15.548726291558818
0.41261451855845294 -15.542574019183876
0.4126151056073119 -15.536421746808914
0.4126156924694173 -15.53026947443394
0.41833506626632383 -15.58564035807973
0.41833548401201065 -15.579488085635923
0.4183371536674786 -15.554878995860633
0.41833757074963335 -15.548726723416788
0.41833798769914615 -15.542574450972937
0.41833840451603854 -15.536422178529085
0.4183388212003321 -15.53026990608522
0.42405972856776264 -15.585640643745148
0.4240599757021451 -15.579488371255781
0.4240612101963119 -15.548727008808894
0.42406145685968527 -15.542574736319505
0.42406170344460176 -15.536422463830117
0.42406194995107394 -15.530270191340728
0.4240621963791146 -15.524117918851333
0.4297843908809816 -15.585640782804427
0.42978446740405396 -15.579488510292874
0.4297848496547369 -15.548727147735118
0.4297849260319653 -15.542574875223568
0.42978500238490014 -15.536422602712014
0.42978507871354543 -15.530270330200464
0.429785155017905 -15.524118057688913
0.42978523129798285 -15.51796578517736
0.4297858406649345 -15.468747605084923
0.4297859167266534 -15.46259533257337
0.42978599276412977 -15.456443060061819
0.4297862966716883 -15.431833970015589
0.42978637258801067 -15.425681697504034
0.42978644848011405 -15.419529424992481
0.43550905319784805 -15.58564077525756
0.43550895910960863 -15.579488502747212
0.43550848911679896 -15.548727140195476
0.4355083952078806 -15.542574867685126
0.4355083013288321 -15.536422595174777
0.43550820747964875 -15.530270322664427
0.43550811366032555 -15.524118050154078
0.43550801987085774 -15.517965777643726
0.4355074577607436 -15.481052142581618
0.4355073641801283 -15.474899870071265
0.4355072706293298 -15.468747597560908
0.43550717710834336 -15.462595325050554
0.435507083617164 -15.456443052540202
0.435506990155787 -15.450290780029844
0.43550689672420756 -15.44413850751949
0.4355068033224208 -15.437986235009134
0.435506709950422 -15.431833962498784
0.4355066166082064 -15.425681689988423
0.4355065232957691 -15.419529417478067
0.4355064300131053 -15.41337714496771
0.4412337155102297 -15.58564062110455
0.4412334508106806 -15.579488348618794
0.44123318619524665 -15.573336076133032
0.4412321285743891 -15.548726986189957
0.4412318643793261 -15.542574713704179
0.44123160026829644 -15.536422441218399
0.4412313362412865 -15.530270168732617
0.44123080843927137 -15.517965623761045
0.441230544664239 -15.51181335127525
0.44123001736605655 -15.499508806303655
0.4412297538428793 -15.493356533817854
0.44122949040362675 -15.487204261332053
0.4412292270482852 -15.481051988846247
0.44122896377684107 -15.474899716360436
0.441228700589281 -15.468747443874623
0.4412284374855912 -15.462595171388806
0.44122817446575824 -15.456442898902987
0.44122791152976865 -15.450290626417166
0.4412276486776088 -15.44413835393134
0.4412273859092652 -15.437986081445514
0.44122712322472435 -15.431833808959684
0.44122686062397276 -15.42568153647385
0.4412265981069969 -15.41952926398801
0.4412263356737833 -15.41337699150217
0.44695837780999415 -15.585640320345398
0.44695794249914134 -15.579488047907613
0.44695576801939796 -15.548726685718563
0.44695533353819644 -15.542574413280729
0.4469548991951916 -15.536422140842888
0.4469544649903611 -15.530269868405037
0.44695403092368263 -15.524117595967176
0.44695316320469214 -15.51181305109143
0.4469527295523355 -15.505660778653548
0.44695229603804143 -15.499508506215657
0.4469518626617876 -15.493356233777755
0.4469514294235517 -15.487203961339846
0.4469509963233115 -15.481051688901928
0.44695056336104455 -15.474899416464002
0.4469501305367287 -15.468747144026068
0.44694969785034167 -15.462594871588129
0.44694926530186113 -15.456442599150183
0.44694883289126486 -15.450290326712224
0.4469484006185306 -15.444138054274255
0.4469479684836361 -15.43798578183628
0.44694753648655916 -15.431833509398302
0.4469471046272776 -15.425681236960308
0.4469466729057691 -15.419528964522312
0.4469462413220116 -15.413376692084302
0.44694580987598287 -15.407224419646289
0.4469453785676607 -15.401072147208266
0.45268243416686205 -15.579487600613684
0.4526794074437162 -15.548726238781304
0.452678802676386 -15.54257396641478
0.45267819810141574 -15.536421694048238
0.4526775937187747 -15.530269421681682
0.45267698952843144 -15.524117149315112
0.4526763855303549 -15.517964876948524
0.452675781724514 -15.511812604581921
0.45267517811087754 -15.505660332215298
0.45267457468941463 -15.499508059848663
0.45267397146009397 -15.493355787482013
0.45267336842288464 -15.487203515115349
0.4526727655777556 -15.481051242748666
0.4526721629246757 -15.474898970381972
0.45267156046361395 -15.468746698015254
0.45267095819453945 -15.462594425648524
0.4526703561174211 -15.456442153281778
0.45266975423222805 -15.450289880915012
0.4526691525389292 -15.444137608548237
0.4526685510374937 -15.437985336181447
0.45266794972789043 -15.431833063814636
0.4526673486100886 -15.42568079144781
0.45266674768405746 -15.419528519080972
0.45266614694976587 -15.413376246714115
0.452665546407183 -15.407223974347241
0.45266494605627816 -15.401071701980351
0.4526643458970202 -15.394919429613447
0.4584069258057145 -15.579487006736999
0.4584030468392351 -15.548725645378171
0.4584022717857898 -15.542573373106334
0.4584014969788681 -15.53642110083446
0.45840072241843 -15.530268828562567
0.45839994810443574 -15.524116556290643
0.4583991740368452 -15.5179642840187
0.4583984002156188 -15.511812011746725
0.45839762664071637 -15.505659739474725
0.4583968533120982 -15.499507467202697
0.45839608022972456 -15.493355194930647
0.45839530739355544 -15.487202922658566
0.45839453480355125 -15.481050650386463
0.45839376245967206 -15.474898378114329
0.45839299036187825 -15.468746105842175
0.4583922185101299 -15.462593833569997
0.4583914469043875 -15.456441561297787
0.4583906755446113 -15.45028928902555
0.45838990443076144 -15.444137016753292
0.45838913356279853 -15.437984744481009
0.4583883629406827 -15.431832472208693
0.4583875925643744 -15.425680199936359
0.45838682243383405 -15.419527927663992
0.458386052549022 -15.413375655391603
0.4583852829098988 -15.407223383119188
0.4583845135164248 -15.401071110846747
0.45838374436856033 -15.394918838574277
0.45838297546626605 -15.388766566301785
0.46413141740756986 -15.579486266277579
0.46412668619784514 -15.548724905509193
0.46412574085830244 -15.542572633355398
0.4641247958194468 -15.536420361201564
0.46412385108122944 -15.530268089047695
0.4641229066436017 -15.524115816893787
0.46412196250651483 -15.517963544739835
0.4641210186699204 -15.511811272585845
0.4641200751337695 -15.505659000431821
0.46411913189801374 -15.499506728277755
0.4641181889626046 -15.493354456123654
0.4641172463274934 -15.487202183969506
0.4641163039926315 -15.481049911815326
0.46411536195797065 -15.474897639661107
0.4641144202234622 -15.468745367506848
0.4641134787890577 -15.462593095352549
0.4641125376547087 -15.45644082319821
0.4641115968203668 -15.45028855104384
0.46411065628598364 -15.444136278889424
0.46410971605151075 -15.437984006734977
0.46410877611689977 -15.43183173458048
0.4641078364821025 -15.425679462425958
0.46410689714707054 -15.419527190271387
0.46410595811175565 -15.41337491811678
0.46410501937610943 -15.407222645962136
0.46410408094008365 -15.401070373807455
0.4641031428036303 -15.394918101652728
0.4641022049667009 -15.38876582949797
0.4698559089642995 -15.579485379235422
0.4698503255114369 -15.548724019174358
0.4698492098858184 -15.542571747161983
0.4698480946150502 -15.536419475149556
0.469846979699075 -15.530267203137075
0.4698458651378353 -15.524114931124535
0.46984475093127354 -15.517962659111944
0.4698436370793325 -15.511810387099302
0.4698425235819548 -15.505658115086602
0.4698414104390829 -15.499505843073848
0.4698402976506596 -15.493353571061045
0.46983918521662754 -15.487201299048179
0.46983807313692955 -15.481049027035269
0.4698369614115084 -15.4748967550223
0.4698358500403067 -15.468744483009276
0.4698347390232674 -15.4625922109962
0.46983362836033316 -15.456439938983069
0.46983251805144705 -15.450287666969885
0.46983140809655183 -15.444135394956648
0.4698302984955905 -15.437983122943358
0.4698291892485058 -15.431830850930012
0.4698280803552409 -15.425678578916608
0.46982697181573857 -15.419526306903158
0.469825863629942 -15.413374034889651
0.4698247557977942 -15.407221762876093
0.4698236483192382 -15.401069490862477
0.469822541194217 -15.39491721884881
0.46982143442267393 -15.38876494683509
0.4755829776115436 -15.591788889304777
0.4755816888349203 -15.585636617457691
0.4755804004677753 -15.57948434561054
0.4755791125100423 -15.573332073763313
0.4755778249616549 -15.567179801916017
0.4755765378225465 -15.561027530068642
0.475575251092651 -15.554875258221202
0.4755739647719018 -15.54872298637369
0.47557267886023263 -15.542570714526104
0.4755713933575774 -15.536418442678443
0.4755701082638697 -15.530266170830716
0.4755688235790433 -15.524113898982908
0.4755675393030321 -15.517961627135037
0.47556625543576975 -15.511809355287093
0.4755649719771903 -15.505657083439077
0.4755636889272276 -15.49950481159099
0.4755624062858155 -15.493352539742828
0.475561124052888 -15.487200267894597
0.47555984222837916 -15.481047996046295
0.47555856081222286 -15.474895724197918
0.47555727980435325 -15.468743452349468
0.4755559992047043 -15.462591180500953
0.4755547190132102 -15.456438908652359
0.47555343922980503 -15.4502866368037
0.47555215985442306 -15.444134364954968
0.4755508808869983 -15.437982093106163
0.4755496023274651 -15.431829821257283
0.47554832417575776 -15.425677549408338
0.4755470464318104 -15.419525277559323
0.4755457690955574 -15.41337300571023
0.4755444921669331 -15.407220733861068
0.47554321564587193 -15.40106846201184
0.4755419395323082 -15.394916190162531
0.4755406638261765 -15.388763918313158
0.475539388527411 -15.382611646463715
0.48132096618762904 -15.64715815364549
0.48131950256887207 -15.641005881987544
0.4813180394144974 -15.634853610329499
0.48131657672442935 -15.628701338671364
0.48131511449859243 -15.622549067013138
0.4813136527369112 -15.616396795354811
0.48130343339516546 -15.57333089374398
0.48130197534401525 -15.56717862208492
0.4813005177563428 -15.56102635042577
0.48129906063207284 -15.554874078766524
0.48129760397113025 -15.548721807107189
0.4812961477734398 -15.542569535447761
0.4812946920389267 -15.53641726378824
0.4812932367675157 -15.530264992128629
0.4812917819591318 -15.524112720468922
0.4812903276137002 -15.517960448809125
0.48128887373114587 -15.511808177149238
0.4812874203113939 -15.505655905489252
0.4812859673543695 -15.49950363382918
0.4812845148599978 -15.493351362169017
0.48128306282820393 -15.487199090508762
0.48128161125891333 -15.48104681884841
0.48128016015205105 -15.474894547187972
0.4812787095075426 -15.46874227552744
0.4812772593253132 -15.462590003866818
0.4812758096052883 -15.456437732206101
0.4812743603473932 -15.450285460545295
0.4812729115515534 -15.444133188884397
0.4812714632176945 -15.437980917223406
0.48127001534574176 -15.43182864556232
0.48126856793562095 -15.425676373901155
0.4812671209872575 -15.419524102239883
0.4812656745005771 -15.413371830578527
0.48126422847550543 -15.407219558917078
0.48126278291196806 -15.40106728725554
0.48126133780989083 -15.394915015593911
0.48125989316919937 -15.388762743932185
0.48125844898981945 -15.38261047227037
0.48704570249416107 -15.641004553079583
0.487044068240292 -15.634852281633407
0.48704243450502505 -15.62870001018712
0.48704080128827587 -15.622547738740717
0.48703916858996016 -15.616395467294199
0.4870375364099936 -15.610243195847561
0.4870359047482919 -15.604090924400813
0.4870342736047708 -15.597938652953946
0.48703264297934634 -15.591786381506965
0.4870310128719341 -15.585634110059868
0.4870293832824502 -15.579481838612661
0.4870277542108104 -15.573329567165334
0.48702612565693076 -15.567177295717892
0.4870244976207273 -15.561025024270332
0.48702287010211603 -15.55487275282266
0.4870212431010131 -15.548720481374879
0.4870196166173345 -15.542568209926976
0.4870179906509965 -15.536415938478962
0.4870163652019153 -15.53026366703083
0.487014740270007 -15.524111395582583
0.4870131158551882 -15.517959124134219
0.48701149195737475 -15.511806852685744
0.4870098685764834 -15.505654581237154
0.48700824571243034 -15.499502309788452
0.48700662336513195 -15.49335003833963
0.4870050015345048 -15.487197766890693
0.48700338022046535 -15.481045495441645
0.4870017594229302 -15.474893223992483
0.4870001391418159 -15.468740952543206
0.4869985193770389 -15.462588681093811
0.4869969001285161 -15.456436409644304
0.486995281396164 -15.450284138194684
0.48699366317989945 -15.444131866744948
0.48699204547963904 -15.437979595295099
0.48699042829529976 -15.431827323845132
0.48698881162679847 -15.425675052395054
0.4869871954740519 -15.419522780944858
0.48698557983697693 -15.413370509494554
0.48698396471549066 -15.407218238044134
0.48698235010951 -15.4010659665936
0.4869807360189519 -15.39491369514295
0.4869791224437337 -15.388761423692188
0.48697750938377216 -15.382609152241308
0.49277190234143897 -15.64100307735498
0.49277009698811275 -15.634850806144081
0.49276829220768403 -15.628698534933047
0.4927664880000598 -15.62254626372187
0.49276468436514664 -15.616393992510552
0.4927628813028517 -15.610241721299095
0.4927610788130817 -15.604089450087494
0.49275927689574367 -15.597937178875751
0.49275747555074473 -15.59178490766387
0.49275567477799176 -15.585632636451846
0.492753874577392 -15.579480365239684
0.49275207494885237 -15.573328094027383
0.4927502758922803 -15.567175822814937
0.4927484774075829 -15.561023551602357
0.4927466794946673 -15.55487128038963
0.49274488215344103 -15.548719009176766
0.4927430853838112 -15.54256673796376
0.4927412891856853 -15.536414466750614
0.4927394935589709 -15.53026219553733
0.49273769850357524 -15.524109924323904
0.49273590401940587 -15.517957653110338
0.49273411010637047 -15.511805381896632
0.49273231676437645 -15.505653110682786
0.4927305239933316 -15.4995008394688
0.4927287317931435 -15.493348568254671
0.4927269401637199 -15.48719629704041
0.4927251491049685 -15.481044025826005
0.4927233586167972 -15.47489175461146
0.49272156869911377 -15.468739483396774
0.4927197793518262 -15.46258721218195
0.49271799057484217 -15.456434940966982
0.4927162023680699 -15.45028266975188
0.4927144147314173 -15.444130398536636
0.4927126276647924 -15.437978127321253
0.4927108411681032 -15.431825856105728
0.4927090552412581 -15.425673584890065
0.49270726988416497 -15.41952131367427
0.4927054850967323 -15.413369042458328
0.49270370087886806 -15.407216771242249
0.4927019172304808 -15.401064500026028
0.4927001341514787 -15.394912228809671
0.4926983516417702 -15.388759957593173
0.4984981021025389 -15.641001454813752
0.4984961256497965 -15.634849183861538
0.49849414982424706 -15.62869691290916
0.4984921746257886 -15.622544641956612
0.49849020005431915 -15.616392371003892
0.4984882261097368 -15.610240100051008
0.49848625279193953 -15.604087829097951
0.49848428010082557 -15.59793555814473
0.49848230803629306 -15.591783287191335
0.49848033659824037 -15.585631016237773
0.4984783657865656 -15.579478745284046
0.4984763956011672 -15.573326474330146
0.4984744260419435 -15.567174203376078
0.4984724571087929 -15.561021932421847
0.49847048880161404 -15.554869661467444
0.4984685211203051 -15.548717390512873
0.498466554064765 -15.542565119558134
0.4984645876348921 -15.536412848603224
0.49846262183058515 -15.530260577648152
0.49846065665174294 -15.52410830669291
0.498458692098264 -15.517956035737493
0.49845672817004727 -15.511803764781918
0.4984547648669914 -15.50565149382617
0.49845280218899546 -15.499499222870254
0.49845084013595836 -15.493346951914173
0.498448878707779 -15.487194680957916
0.49844691790435647 -15.481042410001502
0.4984449577255897 -15.474890139044918
0.4984429981713778 -15.468737868088166
0.4984410392416202 -15.462585597131248
0.49843908093621575 -15.456433326174157
0.49843712325506395 -15.450281055216903
0.4984351661980639 -15.444128784259478
0.498433209765115 -15.437976513301889
0.4984312539561166 -15.431824242344135
0.4984292987709682 -15.425671971386208
0.4984273442095692 -15.41951970042812
0.4984253902718192 -15.413367429469858
0.4984234369576177 -15.407215158511436
0.4984214842668642 -15.401062887552845
0.4984195321994586 -15.394910616594085
0.4984175807553004 -15.388758345635164
0.5042243017692931 -15.640999685455919
0.5042221542171795 -15.634847414785801
0.5042200073465543 -15.62869514411548
0.5042178611573066 -15.622542873444965
0.5042157156493258 -15.616390602774244
0.5042135708225007 -15.610238332103329
0.5042114266767211 -15.604086061432211
0.5042092832118761 -15.597933790760896
0.504207140427855 -15.591781520089384
0.5042049983245471 -15.585629249417668
0.5042028569018423 -15.579476978745756
0.5042007161596298 -15.573324708073647
0.5041985760977993 -15.56717243740134
0.5041964367162405 -15.561020166728825
0.5041942980148428 -15.55486789605612
0.5041921599934962 -15.548715625383217
0.5041900226520905 -15.542563354710111
0.5041878859905152 -15.53641108403681
0.5041857500086605 -15.530258813363313
0.5041836147064163 -15.524106542689607
0.5041814800836724 -15.51795427201571
0.5041793461403189 -15.511802001341612
0.504177212876246 -15.505649730667319
0.5041750802913436 -15.499497459992828
0.5041729483855021 -15.493345189318136
0.5041708171586115 -15.487192918643247
0.5041686866105622 -15.481040647968166
0.5041665567412447 -15.474888377292883
0.504164427550549 -15.468736106617403
0.5041622990383657 -15.46258383594172
0.5041601712045854 -15.456431565265845
0.5041580440490984 -15.450279294589771
0.5041559175717953 -15.444127023913495
0.504153791772567 -15.437974753237029
0.5041516666513038 -15.43182248256036
0.5041495422078965 -15.4256702118835
0.5041474184422362 -15.419517941206436
0.5041452953542133 -15.413365670529178
0.5041431729437187 -15.407213399851724
0.5041410512106436 -15.40106112917407
0.5041389301548788 -15.39490885849622
0.5041368097763151 -15.388756587818175
0.5099505013335341 -15.640997769281501
0.5099481826820982 -15.634845498916881
0.5099458647664461 -15.628693228552024
0.5099435475864581 -15.622540958186944
0.5099412311420145 -15.616388687821626
0.5099389154329959 -15.610236417456075
0.5099366004592826 -15.604084147090292
0.509934286220755 -15.59793187672428
0.509931972717294 -15.591779606358033
0.5099296599487799 -15.585627335991557
0.5099273479150936 -15.579475065624841
0.5099250366161158 -15.573322795257901
0.5099227260517271 -15.567170524890726
0.5099204162218085 -15.561018254523322
0.5099181071262407 -15.554865984155686
0.5099157987649051 -15.548713713787816
0.5099134911376821 -15.542561443419718
0.5099111842444531 -15.536409173051384
0.5099088780850992 -15.530256902682824
0.5099065726595016 -15.524104632314026
0.5099042679675413 -15.517952361945003
0.5099019640090996 -15.51180009157575
0.5098996607840579 -15.505647821206265
0.5098973582922977 -15.499495550836544
0.5098950565337 -15.493343280466599
0.5098927555081468 -15.487191010096415
0.5098904552155193 -15.481038739726007
0.5098881556556992 -15.474886469355363
0.5098858568285681 -15.468734198984494
0.5098835587340077 -15.46258192861339
0.5098812613718997 -15.45642965824206
0.509878964742126 -15.450277387870498
0.5098766688445684 -15.444125117498707
0.5098743736791087 -15.43797284712668
0.5098720792456289 -15.431820576754433
0.5098697855440113 -15.425668306381947
0.5098674925741375 -15.419516036009238
0.50986520033589 -15.413363765636294
0.5098629088291508 -15.407211495263123
0.5098606180538021 -15.401059224889723
0.5098583280097262 -15.394906954516088
0.5156767007870947 -15.640995706290514
0.5156742110363891 -15.634843436254803
0.5156717220757627 -15.628691166218818
0.515669233905087 -15.62253889618257
0.5156667465242334 -15.61638662614605
0.5156642599330736 -15.610234356109265
0.5156617741314793 -15.604082086072207
0.5156592891193219 -15.59792981603489
0.5156568048964736 -15.591777545997303
0.5156543214628058 -15.585625275959448
0.5156518388181907 -15.579473005921322
0.5156493569624999 -15.573320735882929
0.5156468758956055 -15.567168465844272
0.5156443956173798 -15.561016195805346
0.5156419161276946 -15.554863925766158
0.5156394374264222 -15.548711655726693
0.5156369595134347 -15.542559385686971
0.5156344823886044 -15.536407115646977
0.5156320060518038 -15.530254845606716
0.5156295305029049 -15.524102575566188
0.5156270557417806 -15.5179503055254
0.5156245817683032 -15.511798035484338
0.5156221085823451 -15.50564576544301
0.5156196361837793 -15.49949349540142
0.5156171645724781 -15.493341225359561
0.5156146937483143 -15.487188955317439
0.5156122237111608 -15.481036685275049
0.5156097544608905 -15.474884415232394
0.515607285997376 -15.468732145189472
0.5156048183204908 -15.462579875146286
0.5156023514301075 -15.456427605102833
0.515599885326099 -15.450275335059116
0.5155974200083391 -15.444123065015129
0.5155949554767002 -15.437970794970882
0.5155924917310563 -15.431818524926369
0.51559002877128 -15.425666254881591
0.5155875665972453 -15.419513984836545
0.5155851052088251 -15.413361714791234
0.5155826446058932 -15.407209444745659
0.5155801847883229 -15.40105717469982
0.515577725755988 -15.394904904653716
0.5214029001218076 -15.640993496482992
0.5214002392718889 -15.634841226799592
0.5213975792663449 -15.628688957115884
0.5213949201050381 -15.622536687431872
0.5213922617878309 -15.616384417747554
0.5213896043145867 -15.610232148062929
0.5213869476851678 -15.604079878377997
0.5213842918994372 -15.597927608692757
0.5213816369572579 -15.591775339007215
0.521378982858493 -15.585623069321372
0.5213763296030054 -15.579470799635219
0.5213736771906582 -15.573318529948757
0.5213710256213147 -15.567166260261995
0.5213683748948381 -15.561013990574926
0.5213657250110918 -15.554861720887553
0.5213630759699389 -15.548709451199873
0.5213604277712431 -15.542557181511892
0.5213577804148679 -15.536404911823606
0.5213551339006767 -15.530252642135014
0.5213524882285332 -15.524100372446116
0.521349843398301 -15.517948102756911
0.521347199409844 -15.511795833067406
0.5213445562630258 -15.505643563377596
0.5213419139577103 -15.499491293687484
0.5213392724937618 -15.493339023997066
0.5213366318710437 -15.487186754306347
0.5213339920894203 -15.481034484615318
0.5213313531487559 -15.47488221492399
0.5213287150489145 -15.468729945232354
0.5213260777897603 -15.462577675540423
0.5213234413711575 -15.45642540584818
0.5213208057929707 -15.450273136155637
0.5213181710550641 -15.444120866462793
0.5213155371573023 -15.437968596769643
0.5213129040995499 -15.431816327076191
0.5213102718816713 -15.425664057382438
0.5213076405035312 -15.419511787688378
0.5213050099649945 -15.413359517994017
0.5213023802659258 -15.407207248299356
0.5212997514061899 -15.40105497860439
0.5271262673804341 -15.634838870551272
0.5271234363300328 -15.628686601243244
0.5271206061781554 -15.62253433193487
0.5271177769246553 -15.616382062626151
0.5271149485693869 -15.610229793317082
0.527112121112204 -15.60407752400767
0.5271092945529604 -15.597925254697913
0.5271064688915107 -15.591772985387804
0.5271036441277089 -15.585620716077354
0.5271008202614091 -15.579468446766555
0.5270979972924659 -15.573316177455412
0.5270951752207333 -15.567163908143923
0.5270923540460662 -15.561011638832086
0.5270895337683188 -15.554859369519907
0.5270867143873459 -15.54870710020738
0.5270838959030021 -15.542554830894511
0.527081078315142 -15.536402561581294
0.5270782616236205 -15.530250292267734
0.5270754458282922 -15.524098022953831
0.5270726309290125 -15.517945753639578
0.5270698169256359 -15.511793484324981
0.5270670038180177 -15.505641215010044
0.5270641916060128 -15.499488945694756
0.5270613802894768 -15.493336676379132
0.5270585698682645 -15.487184407063156
0.5270557603422313 -15.481032137746837
0.5270529517112327 -15.474879868430177
0.5270501439751241 -15.468727599113175
0.5270473371337608 -15.462575329795827
0.5270445311869987 -15.456423060478132
0.5270417261346932 -15.450270791160097
0.5270389219767002 -15.444118521841718
0.5270361187128751 -15.437966252522996
0.527033316343074 -15.43181398320393
0.5270305148671528 -15.425661713884521
0.5270277142849673 -15.419509444564769
0.5270249145963737 -15.413357175244677
0.527022115801228 -15.40720490592424
0.5270137247750399 -15.388748097960873
0.5328522953538608 -15.634836367509866
0.5328492932586668 -15.62868409860093
0.532846292116283 -15.622531829691596
0.5328432919265543 -15.616379560781875
0.5328402926893261 -15.61022729187176
0.5328372944044433 -15.60407502296126
0.5328342970717512 -15.597922754050368
0.5328313006910952 -15.59177048513909
0.5328283052623207 -15.585618216227422
0.5328253107852731 -15.579465947315363
0.5328223172597978 -15.573313678402915
0.5328193246857406 -15.56716140949008
0.532816333062947 -15.561009140576857
0.5328133423912628 -15.554856871663242
0.5328103526705338 -15.548704602749245
0.532807363900606 -15.54255233383485
0.5328043760813251 -15.536400064920079
0.5328013892125372 -15.530247796004907
0.5327984032940883 -15.524095527089356
0.5327954183258249 -15.517943258173414
0.5327924343075928 -15.511790989257088
0.5327894512392385 -15.50563872034037
0.5327864691206081 -15.49948645142327
0.5327834879515485 -15.49333418250578
0.5327805077319058 -15.4871819135879
0.5327775284615266 -15.481029644669636
0.5327745501402577 -15.474877375750985
0.5327715727679457 -15.468725106831949
0.5327685963444374 -15.462572837912523
0.5327656208695796 -15.456420568992712
0.5327626463432191 -15.450268300072517
0.5327596727652033 -15.444116031151934
0.5327567001353787 -15.437963762230964
0.5327537284535927 -15.431811493309608
0.5327507577196925 -15.425659224387871
0.5327477879335253 -15.419506955465742
0.5327418512037791 -15.407202417620331
0.5327388842598951 -15.401050148697054
0.5327359182631339 -15.394897879773383
0.5327329532133428 -15.388745610849332
0.5327299891103697 -15.382593341924894
0.5327270259540624 -15.376441073000075
0.5385783231840061 -15.634833717675416
0.5385751500440876 -15.628681449188964
0.5385719779112658 -15.622529180702077
0.5385688067853767 -15.616376912214752
0.5385656366662567 -15.61022464372699
0.5385624675537424 -15.604072375238795
0.5385592994476698 -15.597920106750168
0.5385561323478757 -15.5917678382611
0.5385529662541966 -15.5856155697716
0.538549801166469 -15.579463301281667
0.53854663708453 -15.5733110327913
0.5385434740082159 -15.567158764300498
0.538540311937364 -15.56100649580926
0.5385371508718109 -15.554854227317593
0.5385339908113939 -15.548701958825488
0.53853083175595 -15.54254969033295
0.5385276737053161 -15.536397421839972
0.5385245166593299 -15.53024515334657
0.5385213606178283 -15.524092884852731
0.538518205580649 -15.517940616358457
0.5385150515476291 -15.511788347863755
0.5385118985186065 -15.505636079368616
0.5385087464934185 -15.499483810873043
0.538505595471903 -15.493331542377042
0.5385024454538976 -15.487179273880605
0.5384992964392402 -15.48102700538374
0.5384961484277687 -15.474874736886441
0.5384930014193209 -15.468722468388709
0.5384898554137352 -15.462570199890544
0.5384867104108492 -15.456417931391952
0.5384835664105015 -15.450265662892923
0.5384804234125303 -15.444113394393467
0.5384772814167738 -15.437961125893574
0.5384741404230704 -15.431808857393257
0.5384710004312587 -15.425656588892505
0.5384678614411772 -15.419504320391324
0.5443043508627063 -15.634830921047941
0.5443010066781355 -15.628678653007379
0.5442976635549476 -15.622526384966338
0.5442943214929702 -15.616374116924813
0.5442909804920307 -15.610221848882798
0.5442876405519568 -15.604069580840305
0.5442843016725758 -15.597917312797328
0.5442809638537155 -15.591765044753869
0.5442776270952038 -15.58561277670993
0.5442742913968683 -15.579460508665502
0.5442709567585373 -15.573308240620593
0.5442676231800385 -15.567155972575206
0.5442642906612 -15.561003704529329
0.54426095920185 -15.554851436482979
0.5442576288018168 -15.54869916843614
0.5442542994609285 -15.542546900388823
0.5442509711790137 -15.536394632341025
0.5442476439559006 -15.530242364292741
0.5442443177914181 -15.524090096243976
0.5442409926853946 -15.517937828194738
0.5442376686376588 -15.511785560145013
0.5442343456480395 -15.505633292094807
0.5442310237163654 -15.49948102404412
0.5442277028424657 -15.493328755992952
0.5442243830261693 -15.487176487941305
0.5442210642673052 -15.481024219889182
0.5442177465657025 -15.474871951836574
0.5442144299211906 -15.468719683783485
0.5442111143335987 -15.462567415729918
0.5442077998027564 -15.456415147675873
0.5442044863284927 -15.45026287962135
0.5442011739106375 -15.444110611566343
0.5441978625490205 -15.437958343510864
0.5441945522434711 -15.431806075454901
0.5441912429938193 -15.425653807398461
0.5500303783817979 -15.63482797762747
0.5500268631526508 -15.628675710056209
0.550023349039173 -15.622523442484416
0.5500198360411833 -15.616371174912086
0.5500163241585002 -15.61021890733922
0.5500128133909425 -15.604066639765826
0.550009303738329 -15.597914372191891
0.5500057952004785 -15.591762104617427
0.5500022877772102 -15.585609837042428
0.5499987814683427 -15.579457569466895
0.5499952762736955 -15.573305301890828
0.5499917721930877 -15.567153034314233
0.5499882692263384 -15.561000766737099
0.5499847673732671 -15.554848499159439
0.5499812666336933 -15.548696231581236
0.5499777670074365 -15.54254396400251
0.5499742684943162 -15.536391696423252
0.5499707710941522 -15.530239428843457
0.5499672748067642 -15.52408716126313
0.5499637796319721 -15.517934893682277
0.5499602855695959 -15.511782626100889
0.5499567926194553 -15.505630358518967
0.5499533007813708 -15.499478090936517
0.5499498100551624 -15.493325823353542
0.5499463204406504 -15.487173555770028
0.5499428319376549 -15.481021288185987
0.5499393445459965 -15.474869020601416
0.5499358582654957 -15.468716753016311
0.5499323730959732 -15.462564485430677
0.5499288890372495 -15.45641221784452
0.5499254060891454 -15.45025995025783
0.5499219242514816 -15.444107682670609
0.5499184435240793 -15.437955415082856
0.549914963906759 -15.431803147494577
0.5499114853993422 -15.425650879905769
0.5557600931769072 -15.640977154492013
0.5557564057331175 -15.634824887414046
0.5557527194594737 -15.628672620335484
0.5557490343557859 -15.622520353256341
0.5557453504218638 -15.616368086176609
0.555741667657517 -15.610215819096291
0.5557379860625555 -15.604063552015385
0.5557343056367893 -15.597911284933888
0.5557306263800283 -15.591759017851803
0.555726948292083 -15.585606750769136
0.5557232713727632 -15.579454483685883
0.5557195956218796 -15.573302216602034
0.5557159210392422 -15.567149949517612
0.5557122476246619 -15.560997682432598
0.5557085753779489 -15.554845415347001
0.5557049042989142 -15.548693148260812
0.5557012343873683 -15.542540881174045
0.5556975656431221 -15.536388614086688
0.5556938980659866 -15.53023634699875
0.5556902316557727 -15.524084079910223
0.5556865664122915 -15.517931812821114
0.5556829023353541 -15.511779545731422
0.5556792394247719 -15.505627278641144
0.5556755776803562 -15.499475011550281
0.5556719171019183 -15.493322744458837
0.55566825768927 -15.487170477366808
0.5556645994422226 -15.481018210274195
0.5556609423605877 -15.474865943181
0.5556572864441774 -15.468713676087217
0.5556536316928034 -15.462561408992858
0.5556499781062775 -15.456409141897913
0.555646325684412 -15.450256874802387
0.5556426744270188 -15.444104607706281
0.55563902433391 -15.437952340609586
0.5556353754048983 -15.431800073512314
0.5556317276397954 -15.425647806414464
0.5556280810384143 -15.419495539316026
0.5556244356005674 -15.413343272217015
0.5614862914509992 -15.640973916969505
0.5614824329085015 -15.634821650407698
0.5614785755904452 -15.628669383845248
0.5614747194966313 -15.622517117282158
0.5614708646268604 -15.61636485071842
0.5614670109809337 -15.610212584154038
0.561463158558652 -15.604060317589015
0.5614593073598168 -15.597908051023353
0.5614554573842291 -15.59175578445704
0.5614516086316903 -15.58560351789009
0.5614477611020018 -15.579451251322494
0.5614439147949652 -15.573298984754262
0.5614400697103821 -15.567146718185384
0.5614362258480541 -15.560994451615862
0.561432383207783 -15.554842185045704
0.5614285417893707 -15.548689918474905
0.5614247015926193 -15.542537651903459
0.5614208626173306 -15.536385385331378
0.5614170248633069 -15.530233118758655
0.5614131883303504 -15.524080852185293
0.5614093530182633 -15.517928585611287
0.5614055189268483 -15.511776319036645
0.5614016860559076 -15.505624052461362
0.5613978544052438 -15.499471785885438
0.5613940239746598 -15.493319519308876
0.5613901947639581 -15.487167252731679
0.5613863667729418 -15.481014986153838
0.5613825400014137 -15.474862719575357
0.561378714449177 -15.468710452996243
0.5613748901160345 -15.462558186416485
0.5613710670017896 -15.456405919836097
0.5613672451062456 -15.450253653255066
0.5613634244292058 -15.444101386673399
0.5613596049704739 -15.437949120091092
0.5613557867298531 -15.431796853508153
0.5613519697071473 -15.425644586924573
0.5613481539021602 -15.419492320340359
0.5613443393146957 -15.413340053755508
0.5613405259445575 -15.407187787170018
0.5672124895409043 -15.640970532630702
0.5672084598997866 -15.634818266608463
0.5672044315374056 -15.62866600058553
0.5672004044535531 -15.622513734561888
0.5671963786480212 -15.616361468537546
0.5671923541206021 -15.610209202512506
0.5671883308710879 -15.604056936486758
0.5671843088992712 -15.597904670460316
0.5671802882049441 -15.59175240443317
0.5671762687878995 -15.58560013840532
0.5671722506479299 -15.579447872376774
0.5671682337848277 -15.573295606347527
0.5671642181983861 -15.567143340317582
0.5671602038883979 -15.560991074286934
0.5671561908546561 -15.554838808255585
0.5671521790969537 -15.548686542223543
0.5671481686150838 -15.542534276190798
0.5671441594088399 -15.53638201015735
0.5671401514780153 -15.530229744123213
0.5671361448224034 -15.524077478088373
0.5671321394417977 -15.517925212052832
0.5671281353359919 -15.511772946016594
0.5671241325047799 -15.50562067997966
0.5671201309479553 -15.499468413942031
0.5671161306653121 -15.493316147903702
0.5671121316566443 -15.487163881864674
0.5671081339217462 -15.481011615824952
0.5671041374604118 -15.474859349784532
0.5671001422724352 -15.46870708374342
0.5670961483576114 -15.46255481770161
0.5670921557157342 -15.456402551659101
0.5670881643465987 -15.4502502856159
0.5670841742499991 -15.444098019572003
0.5670801854257307 -15.43794575352741
0.5670761978735879 -15.431793487482128
0.5670722115933658 -15.425641221436146
0.5670682265848596 -15.419488955389465
0.567064242847864 -15.413336689342099
0.5670602603821747 -15.407184423294035
0.5670562791875867 -15.40103215724528
0.5670522992638956 -15.394879891195828
0.5729386874384556 -15.64096700147564
0.5729344866988095 -15.634814736016382
0.5729302872921953 -15.628662470556364
0.5729260892183957 -15.622510205095582
0.5729218924771944 -15.616357939634035
0.5729176970683744 -15.610205674171729
0.5729135029917192 -15.604053408708653
0.5729093102470123 -15.597901143244824
0.5729051188340376 -15.591748877780228
0.5729009287525785 -15.585596612314875
0.5728967400024189 -15.579444346848756
0.5728925525833426 -15.57329208138188
0.5728883664951339 -15.567139815914244
0.5728841817375767 -15.560987550445844
0.5728799983104552 -15.554835284976685
0.5728758162135539 -15.548683019506766
0.5728716354466569 -15.54253075403609
0.5728674560095489 -15.53637848856465
0.5728632779020143 -15.530226223092455
0.5728591011238381 -15.524073957619498
0.5728549256748048 -15.517921692145784
0.5728507515546994 -15.511769426671309
0.572846578763307 -15.505617161196076
0.5728424073004125 -15.499464895720084
0.5728382371658011 -15.493312630243345
0.5728340683592581 -15.48716036476584
0.5728299008805688 -15.48100809928758
0.5728257347295188 -15.47485583380856
0.5728215699058936 -15.468703568328786
0.572817406409479 -15.46255130284826
0.5728132442400603 -15.456399037366973
0.5728090833974239 -15.450246771884927
0.5728049238813554 -15.444094506402129
0.5728007656916411 -15.437942240918577
0.5727966088280668 -15.431789975434269
0.572792453290419 -15.425637709949209
0.5727882990784838 -15.419485444463392
0.5727841461920481 -15.413333178976819
0.5727799946308979 -15.407180913489494
0.5727758443948201 -15.401028648001411
0.5727716954836014 -15.394876382512582
0.5786605132974063 -15.6348110586315
0.5786561428466542 -15.628658793757797
0.5786517737830033 -15.622506528883275
0.5786474061062279 -15.616354264007924
0.5786430398161024 -15.61020199913175
0.5786386749124016 -15.604049734254746
0.5786343113949001 -15.597897469376914
0.5786299492633726 -15.591745204498265
0.5786255885175944 -15.585592939618786
0.57862122915734 -15.579440674738484
0.5786168711823849 -15.57328840985736
0.5786125145925042 -15.567136144975407
0.5786081593874731 -15.560983880092634
0.5786038055670673 -15.55483161520904
0.5785994531310619 -15.548679350324617
0.5785951020792328 -15.542527085439376
0.5785907524113557 -15.536374820553313
0.5785864041272063 -15.530222555666422
0.5785820572265606 -15.524070290778713
0.5785777117091947 -15.517918025890182
0.5785733675748846 -15.511765761000833
0.5785690248234067 -15.505613496110657
0.5785646834545369 -15.499461231219662
0.5785603434680521 -15.493308966327845
0.5785560048637286 -15.487156701435211
0.5785516676413431 -15.481004436541758
0.5785473318006722 -15.47485217164748
0.5785429973414928 -15.468699906752388
0.5785386642635819 -15.462547641856474
0.5785343325667166 -15.456395376959744
0.5785300022506736 -15.450243112062191
0.5785256733152306 -15.44409084716382
0.5785213457601649 -15.437938582264634
0.5785170195852537 -15.431786317364628
0.5785126947902746 -15.425634052463804
0.5785083713750051 -15.419481787562166
0.5785040493392233 -15.413329522659708
0.5784997286827067 -15.407177257756436
0.5784954094052335 -15.401024992852346
0.5784910915065814 -15.394872727947439
0.5843865396874142 -15.634807234453849
0.5843819981926237 -15.628654970189874
0.5843774581392206 -15.622502705925012
0.5843729195269703 -15.616350441659252
0.5843683823556388 -15.610198177392602
0.5843638466249915 -15.604045913125063
0.5843593123347944 -15.597893648856632
0.5843547794848138 -15.591741384587312
0.5843502480748154 -15.585589120317096
0.5843457181045655 -15.579436856045994
0.5843411895738305 -15.573284591774005
0.5843366624823769 -15.567132327501119
0.584332136829971 -15.560980063227348
0.5843276126163796 -15.554827798952688
0.5843230898413693 -15.548675534677141
0.584318568504707 -15.5425232704007
0.5843140486061597 -15.536371006123378
0.5843095301454942 -15.530218741845163
0.584305013122478 -15.524066477566064
0.5843004975368781 -15.51791421328607
0.584295983388462 -15.511761949005198
0.584291470676997 -15.505609684723437
0.5842869594022511 -15.499457420440786
0.5842824495639913 -15.49330515615725
0.584277941161986 -15.487152891872832
0.5842734341960026 -15.481000627587528
0.5842689286658095 -15.474848363301334
0.5842644245711744 -15.46869609901426
0.5842599219118658 -15.4625438347263
0.584255420687652 -15.456391570437459
0.5842509208983013 -15.450239306147733
0.5842464225435822 -15.444087041857115
0.5842419256232633 -15.437934777565617
0.5842374301371133 -15.431782513273241
0.5842329360849011 -15.42563024897998
0.5842284434663957 -15.419477984685837
0.5842239522813659 -15.41332572039081
0.5842194625295811 -15.407173456094906
0.5842149742108104 -15.401021191798115
0.5901078533219438 -15.628650999852637
0.5901031422788919 -15.622498736220832
0.59009843273127 -15.616346472588067
0.5900937246788355 -15.610194208954342
0.590089018121345 -15.604041945319661
0.5900843130585555 -15.597889681684022
0.5900796094902245 -15.59173741804742
0.590074907416109 -15.585585154409856
0.5900702068359666 -15.579432890771335
0.5900655077495547 -15.573280627131862
0.590060810156631 -15.567128363491422
0.5900561140569532 -15.560976099850032
0.5900514194502791 -15.55482383620768
0.5900467263363666 -15.548671572564375
0.5900420347149739 -15.542519308920113
0.590037344585859 -15.536367045274892
0.5900326559487803 -15.530214781628713
0.5900279688034961 -15.524062517981584
0.590023283149765 -15.517910254333499
0.5900185989873455 -15.511757990684451
0.5900139163159963 -15.505605727034458
0.5900092351354762 -15.49945346338351
0.5900045554455443 -15.493301199731604
0.5899998772459594 -15.487148936078741
0.5899952005364808 -15.480996672424936
0.5899905253168677 -15.474844408770169
0.5899858515868794 -15.46869214511445
0.5899811793462756 -15.46253988145778
0.5899765085948155 -15.456387617800159
0.589971839332259 -15.450235354141586
0.589967171558366 -15.444083090482057
0.5899625052728962 -15.437930826821583
0.5899578404756097 -15.431778563160155
0.5899531771662666 -15.425626299497774
0.5899485153446271 -15.419474035834446
0.5899438550104515 -15.413321772170168
0.5899391961635005 -15.40716950850494
0.5958288261938615 -15.622494619770782
0.5958239457109752 -15.616342356794414
0.5958190667775446 -15.610190093817012
0.5958141893933178 -15.60403783083858
0.5958093135580429 -15.597885567859116
0.5958044392714685 -15.591733304878625
0.595799566533343 -15.585581041897106
0.5957946953434148 -15.579428778914554
0.5957898257014329 -15.57327651593097
0.5957849576071459 -15.567124252946362
0.5957800910603028 -15.560971989960725
0.5957752260606528 -15.554819726974062
0.5957703626079449 -15.548667463986371
0.5957655007019284 -15.542515200997652
0.5957606403423527 -15.536362938007903
0.5957557815289672 -15.530210675017127
0.5957509242615218 -15.52405841202533
0.5957460685397657 -15.517906149032502
0.5957412143634492 -15.51175388603865
0.5957363617323223 -15.50560162304377
0.5957315106461347 -15.49944936004787
0.5957266611046368 -15.493297097050945
0.5957218131075788 -15.487144834052991
0.5957169666547111 -15.480992571054019
0.5957121217457843 -15.474840308054022
0.5957072783805489 -15.468688045053
0.5957024365587559 -15.462535782050958
0.5956975962801558 -15.45638351904789
0.5956927575444998 -15.450231256043805
0.5956879203515388 -15.44407899303869
0.5956830847010242 -15.43792673003256
0.5956782505927071 -15.431774467025406
0.595673418026339 -15.425622204017232
0.5956685870016715 -15.41946994100804
0.595663757518456 -15.413317677997828
0.5956589295764445 -15.407165414986594
0.6015494584579338 -15.61633809427833
0.6015444086436181 -15.610185831980653
0.6015393604327659 -15.604033569681867
0.6015343138251165 -15.59788130738198
0.6015292688204096 -15.591729045080987
0.6015242254183846 -15.585576782778887
0.6015191836187815 -15.579424520475689
0.6015141434213402 -15.573272258171388
0.6015091048258007 -15.567119995865985
0.6015040678319031 -15.56096773355948
0.6014990324393877 -15.554815471251874
0.6014939986479949 -15.548663208943164
0.6014889664574652 -15.54251094663336
0.6014839358675391 -15.536358684322453
0.6014789068779572 -15.530206422010442
0.6014738794884606 -15.524054159697338
0.6014688536987904 -15.517901897383132
0.6014638295086873 -15.511749635067826
0.6014588069178928 -15.505597372751422
0.6014537859261478 -15.499445110433921
0.6014487665331941 -15.493292848115324
0.6014437487387733 -15.487140585795629
0.6014387325426268 -15.480988323474833
0.6014337179444963 -15.474836061152944
0.601428704944124 -15.468683798829959
0.6014236935412517 -15.462531536505878
0.6014186837356217 -15.456379274180703
0.601413675526976 -15.45022701185443
0.6014086689150571 -15.444074749527063
0.6014036638996074 -15.437922487198605
0.6013986604803696 -15.43177022486905
0.6013936586570864 -15.425617962538402
0.6013886584295005 -15.419465700206661
0.6013836597973549 -15.413313437873828
0.6072697502689086 -15.610181423445315
0.6072645312315459 -15.604029161849573
0.6072593138516367 -15.597876900252645
0.6072540981289118 -15.591724638654538
0.6072488840631023 -15.585572377055255
0.6072436716539388 -15.579420115454795
0.6072384609011527 -15.573267853853153
0.6072332518044752 -15.567115592250337
0.6072280443636375 -15.56096333064634
0.6072228385783712 -15.554811069041168
0.6072176344484079 -15.548658807434817
0.6072124319734793 -15.54250654582729
0.6072072311533171 -15.536354284218588
0.6072020319876533 -15.53020202260871
0.6071968344762201 -15.524049760997661
0.6071916386187496 -15.517897499385434
0.6071864444149742 -15.511745237772034
0.6071812518646261 -15.505592976157459
0.6071760609674381 -15.499440714541706
0.6071708717231428 -15.493288452924785
0.607165684131473 -15.48713619130669
0.6071604981921614 -15.480983929687426
0.6071553139049415 -15.474831668066985
0.6071501312695461 -15.468679406445373
0.6071449502857085 -15.462527144822591
0.6071397709531622 -15.45637488319864
0.6071345932716408 -15.450222621573515
0.6071294172408778 -15.444070359947224
0.6071242428606067 -15.437918098319761
0.6071190701305619 -15.431765836691133
0.6071138990504772 -15.425613575061332
0.6071087296200867 -15.419461313430368
0.6129897017815135 -15.604024607341739
0.6129843136294629 -15.597872346471172
0.6129789271888388 -15.591720085599345
0.6129735424593631 -15.585567824726262
0.6129681594407579 -15.579415563851917
0.6129627781327455 -15.573263302976326
0.6129573985350485 -15.567111042099466
0.6129520206473891 -15.56095878122136
0.6129466444694902 -15.554806520341995
0.6129412700010748 -15.54865425946137
0.6129358972418655 -15.5425019985795
0.6129305261915855 -15.536349737696366
0.612925156849958 -15.530197476811987
0.6129197892167062 -15.524045215926344
0.6129144232915535 -15.51789295503946
0.6129090590742238 -15.511740694151316
0.6129036965644403 -15.505588433261924
0.6128983357619271 -15.49943617237128
0.6128929766664081 -15.493283911479383
0.6128876192776072 -15.487131650586237
0.6128822635952487 -15.480979389691841
0.6128769096190568 -15.474827128796194
0.6128715573487562 -15.468674867899294
0.612866206784071 -15.462522607001151
0.6128608579247263 -15.456370346101759
0.6128555107704466 -15.450218085201112
0.6128501653209569 -15.44406582429922
0.6128448215759823 -15.437913563396082
0.6128394795352481 -15.431761302491703
0.6128341391984792 -15.42560904158607
0.6128288005654013 -15.419456780679191
0.61282346363574 -15.41330451977107
0.6128181284092207 -15.407152258861698
0.6128127948855694 -15.400999997951086
0.612807463064512 -15.394847737039232
0.6128021329457743 -15.38869547612613
0.6127968045290828 -15.382543215211786
0.6127914778141637 -15.376390954296198
0.6127861528007431 -15.370238693379369
0.6127808294885478 -15.36408643246129
0.6127755078773045 -15.35793417154198
0.6127701879667399 -15.35178191062142
0.6127648697565807 -15.345629649699623
0.6187093131504553 -15.59786764603761
0.6187037559920545 -15.59171538591545
0.618698200599035 -15.585563125791953
0.6186926469711104 -15.579410865667116
0.618687095107994 -15.57325860554094
0.6186815450093995 -15.567106345413434
0.6186759966750409 -15.560954085284585
0.6186704501046317 -15.554801825154403
0.6186649052978862 -15.548649565022878
0.6186593622545185 -15.542497304890027
0.6186538209742427 -15.536345044755837
0.6186482814567733 -15.530192784620311
0.618642743701825 -15.524040524483453
0.6186372077091123 -15.51788826434526
0.61863167347835 -15.511736004205735
0.6186261410092531 -15.505583744064882
0.6186206103015366 -15.499431483922688
0.6186150813549156 -15.493279223779167
0.6186095541691056 -15.487126963634315
0.6186040287438217 -15.480974703488132
0.6185985050787797 -15.474822443340619
0.6185929831736953 -15.468670183191772
0.6185874630282843 -15.462517923041597
0.6185819446422626 -15.456365662890098
0.6185764280153462 -15.450213402737266
0.6185709131472515 -15.444061142583111
0.6185654000376946 -15.437908882427621
0.6185598886863922 -15.431756622270804
0.6185543790930607 -15.425604362112665
0.6185488712574169 -15.419452101953203
0.6185433651791775 -15.413299841792407
0.6185378608580597 -15.407147581630289
0.6185323582937804 -15.400995321466844
0.618526857486057 -15.39484306130208
0.6185213584346066 -15.388690801135986
0.6185158611391469 -15.38253854096857
0.6185103655993954 -15.37638628079983
0.61850487181507 -15.370234020629772
0.6184993797858884 -15.364081760458388
0.6184938895115686 -15.357929500285682
0.6184884009918287 -15.351777240111657
0.6184829142263871 -15.345624979936304
0.6244285845304228 -15.59171053960291
0.6244228584739859 -15.585558280252384
0.6244171342368681 -15.57940602090044
0.624411411818774 -15.573253761547072
0.6244056912194085 -15.56710150219228
0.6243999724384764 -15.560949242836074
0.6243942554756831 -15.554796983478445
0.6243885403307337 -15.548644724119395
0.6243828270033334 -15.542492464758928
0.6243771154931879 -15.536340205397048
0.6243714058000026 -15.53018794603375
0.6243656979234836 -15.524035686669027
0.6243599918633367 -15.517883427302893
0.6243542876192678 -15.511731167935341
0.6243485851909831 -15.505578908566374
0.6243428845781889 -15.499426649195987
0.6243371857805916 -15.493274389824192
0.6243314887978978 -15.48712213045098
0.6243257936298142 -15.480969871076352
0.6243201002760477 -15.474817611700319
0.6243144087363052 -15.468665352322862
0.6243087190102936 -15.462513092944
0.6243030310977202 -15.456360833563723
0.6242973449982927 -15.450208574182037
0.624291660711718 -15.444056314798937
0.6242859782377043 -15.437904055414426
0.6242802975759589 -15.431751796028507
0.62427461872619 -15.425599536641178
0.6242689416881053 -15.419447277252443
0.6242632664614131 -15.413295017862295
0.6242575930458216 -15.40714275847074
0.6242519214410395 -15.40099049907778
0.624246251646775 -15.394838239683406
0.6242405836627368 -15.38868598028763
0.624234917488634 -15.382533720890448
0.6242292531241752 -15.37638146149186
0.6242235905690695 -15.370229202091869
0.6242179298230263 -15.36407694269047
0.6242122708857547 -15.357924683287667
0.6242066137569643 -15.351772423883462
0.6242009584363647 -15.345620164477852
0.6301475160760835 -15.58555328810761
0.6301416212299027 -15.579401029551939
0.6301357282569608 -15.57324877099476
0.6301298371569543 -15.567096512436073
0.630123947929579 -15.56094425387588
0.6301180605745315 -15.554791995314181
0.6301121750915079 -15.54863973675098
0.630106291480205 -15.542487478186272
0.6301004097403194 -15.536335219620058
0.6300945298715482 -15.530182961052349
0.6300886518735883 -15.524030702483127
0.6300827757461367 -15.517878443912403
0.6300769014888908 -15.511726185340187
0.630071029101548 -15.505573926766461
0.6300651585838057 -15.499421668191236
0.6300592899353618 -15.493269409614513
0.6300534231559137 -15.487117151036289
0.6300475582451599 -15.480964892456562
0.6300416952027982 -15.47481263387534
0.6300358340285267 -15.46866037529262
0.6300299747220439 -15.4625081167084
0.6300241172830483 -15.456355858122684
0.6300182617112385 -15.45020359953547
0.6300124080063133 -15.44405134094676
0.6300065561679717 -15.437899082356552
0.6300007061959125 -15.431746823764852
0.629994858089835 -15.425594565171659
0.6299890118494386 -15.419442306576967
0.6299831674744225 -15.413290047980786
0.6299773249644864 -15.407137789383109
0.6299714843193301 -15.40098553078394
0.6299656455386534 -15.394833272183273
0.6299598086221563 -15.388681013581119
0.6299539735695387 -15.382528754977475
0.6299481403805014 -15.376376496372341
0.6299423090547441 -15.370224237765717
0.6299364795919679 -15.364071979157595
0.6299306519918731 -15.357919720547992
0.6299248262541607 -15.351767461936896
0.6358661079420856 -15.579395891621678
0.6358600444144301 -15.573243633884065
0.6358539828139165 -15.567091376144862
0.6358479231402318 -15.560939118404058
0.6358418653930636 -15.554786860661672
0.6358358095721 -15.548634602917678
0.6358297556770282 -15.5424823451721
0.6358237037075365 -15.536330087424925
0.6358176536633128 -15.530177829676163
0.6358116055440455 -15.524025571925808
0.635805559349423 -15.517873314173865
0.6357995150791335 -15.511721056420328
0.635793472732866 -15.505568798665202
0.635787432310309 -15.499416540908486
0.6357813938111516 -15.493264283150188
0.6357753572350828 -15.487112025390294
0.635769322581792 -15.480959767628814
0.6357632898509682 -15.47480750986575
0.6357572590423011 -15.4686552521011
0.6357512301554803 -15.462502994334857
0.6357452031901956 -15.456350736567039
0.6357391781461367 -15.450198478797633
0.635733155022994 -15.444046221026639
0.6357271338204573 -15.437893963254066
0.6357211145382172 -15.431741705479908
0.6357150971759641 -15.425589447704162
0.6357090817333887 -15.41943718992684
0.6357030682101815 -15.413284932147937
0.6356970566060335 -15.40713267436745
0.6356910469206358 -15.400980416585382
0.6356850391536796 -15.394828158801737
0.635679033304856 -15.38867590101651
0.6356730293738566 -15.38252364322971
0.6356670273603728 -15.376371385441326
0.6356610272640967 -15.370219127651367
0.6356550290847198 -15.364066869859828
0.6356490328219342 -15.357914612066711
0.641578128182174 -15.567086093318707
0.6415718980623176 -15.560933836420675
0.6415656699231669 -15.554781579520963
0.6415594437644004 -15.54862932261956
0.6415532195856976 -15.54247706571648
0.6415469973867372 -15.53632480881171
0.6415407771671986 -15.530172551905258
0.6415345589267615 -15.524020294997127
0.6415283426651052 -15.517868038087316
0.6415221283819098 -15.511715781175825
0.641515916076855 -15.505563524262653
0.6415097057496205 -15.499411267347801
0.641503497399887 -15.493259010431267
0.6414972910273345 -15.487106753513054
0.6414910866316438 -15.480954496593164
0.6414848842124952 -15.474802239671599
0.6414786837695694 -15.468649982748353
0.6414724853025475 -15.46249772582344
0.6414662888111106 -15.456345468896846
0.6414600942949396 -15.450193211968571
0.6414539017537161 -15.444040955038629
0.6414477111871214 -15.43788869810701
0.6414415225948372 -15.431736441173717
0.6414353359765452 -15.425584184238751
0.6414291513319273 -15.419431927302114
0.6414229686606657 -15.413279670363808
0.6414167879624425 -15.407127413423828
0.6414106092369399 -15.400975156482174
0.6414044324838406 -15.394822899538854
0.641398257702827 -15.388670642593862
0.641392084893582 -15.382518385647202
0.6413859140557886 -15.376366128698876
0.6413797451891297 -15.370213871748883
0.6413735782932883 -15.364061614797219
0.6472958726877207 -15.560928407925783
0.6472894741567287 -15.554776151892119
0.6472830776603012 -15.548623895856679
0.6472766831981085 -15.542471639819462
0.6472702907698209 -15.536319383780466
0.6472639003751088 -15.530167127739695
0.6472575120136432 -15.524014871697153
0.6472511256850947 -15.517862615652835
0.6472447413891342 -15.511710359606738
0.6472383591254333 -15.505558103558872
0.6472319788936627 -15.49940584750923
0.647225600693494 -15.493253591457815
0.647219224524599 -15.487101335404635
0.6472128503866493 -15.480949079349678
0.6472064782793168 -15.474796823292952
0.6472001082022734 -15.46864456723446
0.6471937401551914 -15.462492311174193
0.647187374137743 -15.456340055112157
0.6471810101496007 -15.450187799048358
0.647174648190437 -15.444035542982789
0.647168288259925 -15.437883286915453
0.6471619303577373 -15.431731030846352
0.647155574483547 -15.425578774775483
0.6471492206370273 -15.41942651870285
0.6471428688178517 -15.413274262628454
0.6471365190256936 -15.407122006552292
0.6471301712602264 -15.400969750474369
0.6471238255211245 -15.39481749439468
0.6471174818080612 -15.388665238313235
0.6471111401207108 -15.382512982230022
0.6471048004587476 -15.376360726145048
0.6530198470083236 -15.560922832919445
0.6530132780856361 -15.554770577775209
0.653006711251693 -15.5486183226291
0.6530001465061557 -15.542466067481115
0.6529935838486861 -15.536313812331258
0.652987023278946 -15.530161557179532
0.6529804647965969 -15.524009302025934
0.6529739084013013 -15.517857046870468
0.6529673540927212 -15.511704791713127
0.652960801870519 -15.505552536553923
0.6529542517343573 -15.499400281392845
0.6529477036838987 -15.493248026229903
0.652941157718806 -15.487095771065093
0.6529346138387422 -15.48094351589841
0.6529280720433704 -15.474791260729868
0.6529215323323541 -15.468639005559462
0.6529149947053565 -15.462486750387189
0.6529084591620413 -15.456334495213047
0.6529019257020723 -15.450182240037044
0.6528953943251132 -15.44402998485918
0.6528888650308282 -15.437877729679457
0.6528823378188815 -15.431725474497869
0.6528758126889372 -15.425573219314423
0.6528692896406603 -15.419420964129108
0.652862768673715 -15.41326870894194
0.6528562497877661 -15.407116453752913
0.6528497329824788 -15.400964198562024
0.6528432182575181 -15.394811943369284
0.6528367056125493 -15.388659688174679
0.6528301950472377 -15.38250743297822
0.6587303445304665 -15.548612602936881
0.6587236095017344 -15.542460348701503
0.6587168766152319 -15.53630809446415
0.6587101458706126 -15.53015584022483
0.6587034172675293 -15.524003585983547
0.6586966908056355 -15.517851331740285
0.6586899664845847 -15.511699077495058
0.6586832443040302 -15.505546823247867
0.6586765242636262 -15.499394568998708
0.6586698063630263 -15.493242314747578
0.6586630906018847 -15.487090060494488
0.6586563769798556 -15.480937806239433
0.6586496654965934 -15.474785551982412
0.6586429561517527 -15.468633297723429
0.6586362489449883 -15.462481043462484
0.6586295438759548 -15.456328789199578
0.6586228409443075 -15.450176534934705
0.6586161401497014 -15.444024280667875
0.6586094414917918 -15.437872026399086
0.6586027449702344 -15.431719772128332
0.6585960505846845 -15.42556751785562
0.6585893583347984 -15.419415263580953
0.6585826682202313 -15.413263009304332
0.65857598024064 -15.40711075502575
0.6644056864178851 -15.505540963640769
0.6643987964733914 -15.499388710326878
0.6643919087228028 -15.49323645701092
0.6643850231657651 -15.487084203692893
0.6643781398019232 -15.480931950372803
0.6643712586309231 -15.474779697050648
0.6643643796524106 -15.468627443726424
0.6643575028660316 -15.462475190400145
0.6643506282714322 -15.456322937071794
0.6643437558682589 -15.45017068374139
0.664336885656158 -15.444018430408926
0.6643300176347761 -15.437866177074392
0.6643231518037601 -15.431713923737805
0.6643162881627567 -15.42556167039916
0.6643025674493769 -15.413257163715686
0.6700858028262691 -15.468621443568521
0.6700787564604319 -15.46246919120024
0.670071712340423 -15.456316938829792
0.6700646704658797 -15.450164686457178
0.67005763083644 -15.444012434082405
