# successful candidates for region at (43.80400718890344, 36.49129332345015) and radius 1.0
43.54102915564277 36.96030238491783
43.564378762202004 37.05492755146447
43.564358935368475 37.061232599968314
43.56433910330421 37.06753764846496
43.5722706702089 37.05494302709719
43.572251496341266 37.061248077645566
43.57223231741518 37.06755312818723
43.58018109738307 37.04865293199502
43.58016258136712 37.054957984525736
43.58014406046664 37.06126303705019
43.580125534679965 37.06756808956838
43.580107004005434 37.073873142080316
43.58008846844138 37.080178194585976
43.588321949971174 36.9603966065711
43.58807235878915 37.04866736931173
43.588054495569345 37.05497242374962
43.58803662763722 37.06127747818169
43.58801875499117 37.06758253260793
43.58800087762958 37.073887587028345
43.58798299555085 37.080192641442935
43.58796510875337 37.08649769585169
43.59625550717274 36.94149533096402
43.59618694617608 36.96671555640462
43.59596362313074 37.04868128849175
43.59594641270826 37.05498634476838
43.595929197745654 37.061291401039604
43.59591197824139 37.067596457305434
43.595894754193914 37.073901513565836
43.59587752560167 37.08020656982084
43.59584305477671 37.092816682314584
43.604135703060024 36.941508701973305
43.60410273152355 36.95411881823171
43.6040862392398 36.96042387635346
43.604069742610406 36.96672893447022
43.60387144355824 37.042389631482706
43.6038548903006 37.048694689534635
43.603838332676546 37.05499974758156
43.60382177068458 37.06130480562348
43.60380520432322 37.067609863660394
43.60378863359097 37.073914921692314
43.60377205848634 37.08021997971921
43.60375547900785 37.086525037741104
43.612031731195934 36.93521649617465
43.61200006793411 36.9478266158332
43.611984230046694 36.9541316756556
43.611952541751755 36.96674179528663
43.61193669134139 36.973046855095255
43.61192083675386 36.97935191489928
43.61190497798776 36.98565697469872
43.611889115041656 36.991962034493554
43.611809737561224 37.023487333398734
43.611793849505176 37.02979239316595
43.61177795725915 37.03609745292855
43.61176206082171 37.04240251268656
43.61174616019144 37.048707572439945
43.611730255366886 37.05501263218871
43.611714346346645 37.06131769193287
43.61169843312926 37.067622751672424
43.611682515713326 37.07392781140734
43.611666594097386 37.08023287113763
43.61165066828003 37.086537930863315
43.6116347382598 37.092842990584366
43.611618804035274 37.09914805030079
43.61160286560502 37.10545311001258
43.61989610283627 36.941533893062356
43.6198353434934 36.96675413885343
43.619820143650216 36.97305920029064
43.61980493980132 36.97936426172363
43.619789731945346 36.9856693231524
43.61977452008094 36.99197438457694
43.61975930420672 36.998279445997255
43.619744084321326 37.00458450741333
43.61972886042341 37.010889568825164
43.619713632511576 37.01719463023278
43.61968316464073 37.02980475303529
43.619667924678986 37.03610981443019
43.61965268069785 37.042414875820846
43.619637432695974 37.04871993720727
43.619622180671975 37.05502499858945
43.61960692462448 37.06133005996737
43.61959166455212 37.067635121341056
43.61957640045352 37.0739401827105
43.61956113232731 37.08024524407569
43.61954586017212 37.08655030543662
43.61953058398657 37.0928553667933
43.619515303769276 37.09916042814572
43.619500019518874 37.1054654894939
43.619484731233975 37.11177055083783
43.61937760015817 37.15590598012592
43.62784891887692 36.910020398018226
43.62779083663537 36.935240650124406
43.627718147728615 36.96676596517023
43.6277035984536 36.97307102816778
43.62768904534431 36.979376091161484
43.627674488399464 36.985681154151294
43.627659927617735 36.991986217137246
43.627645362997825 36.998291280119304
43.627630794538426 37.004596343097504
43.62760164609591 37.01720646904225
43.627587066110195 37.02351153200882
43.627572482279746 37.029816594971486
43.62755789460326 37.03612165793028
43.62754330307943 37.04242672088518
43.62752870770693 37.0487317838362
43.62751410848447 37.05503684678333
43.627499505410725 37.06134190972658
43.627484898484376 37.06764697266593
43.627470287704114 37.07395203560138
43.62745567306863 37.080257098532954
43.6274410545766 37.08656216146063
43.62742643222671 37.0928672243844
43.62741180601764 37.09917228730428
43.62739717594809 37.105477350220255
43.62738254201672 37.11178241313233
43.62735326256327 37.12439253894479
43.635725878082496 36.91003169367094
43.63561484939501 36.96047220974344
43.63560095435068 36.966777274236634
43.63558705564477 36.97308233872629
43.63557315327605 36.97938740321243
43.63555924724326 36.985692467695024
43.63554533754516 36.99199753217409
43.6355314241805 36.99830259664961
43.6355035864465 37.010912725590046
43.63548966207466 37.01721779005496
43.63547573403127 37.02352285451632
43.635461802315056 37.02982791897415
43.63544786692479 37.03613298342843
43.6354339278592 37.04243804787916
43.635419985117046 37.04874311232635
43.63540603869707 37.05504817677
43.63539208859802 37.06135324121009
43.63537813481863 37.06765830564663
43.635364177357665 37.073963370079625
43.635350216213844 37.08026843450905
43.63533625138594 37.086573498934946
43.635322282872664 37.09287856335727
43.635308310672784 37.09918362777605
43.63529433478502 37.10548869219126
43.63528035520813 37.1117937566029
43.63526637194085 37.118098821010996
43.63525238498192 37.124403885415525
43.63523839433006 37.1307089498165
43.63521040194258 37.14331907860774
43.643602839560096 36.9100424726864
43.64358962279314 36.91634753862874
43.64351024905529 36.95417793421563
43.64349700789857 36.960483000135554
43.64348376325286 36.96678806605229
43.64347051511697 36.973093131965804
43.64345726348971 36.97939819787612
43.64343074975632 36.992008329687096
43.64341748764781 36.99831339558777
43.64340422204317 37.00461846148524
43.64339095294122 37.010923527379475
43.643377680340755 37.0172285932705
43.643364404240586 37.02353365915831
43.64335112463953 37.02983872504291
43.64333784153638 37.036143790924285
43.64332455492994 37.04244885680244
43.64331126481903 37.048753922677356
43.64329797120245 37.05505898854907
43.643284674079005 37.061364054417545
43.64327137344749 37.0676691202828
43.64325806930671 37.07397418614483
43.64324476165548 37.08027925200363
43.64323145049259 37.0865843178592
43.64321813581685 37.092889383711544
43.64320481762706 37.09919444956064
43.64319149592201 37.10549951540652
43.64317817070051 37.11180458124916
43.64316484196136 37.11810964708857
43.643151509703344 37.12441471292475
43.65147980320337 36.910052735064255
43.65146723546687 36.91635780235945
43.651454664420605 36.92266286965176
43.651391759503234 36.95418820606987
43.651366574328435 36.966798340616826
43.65135397676341 36.973103407885965
43.651341375878474 36.97940847515219
43.6513161641443 36.99201860967594
43.65130355329281 36.99832367693345
43.65129093911687 37.00462874418806
43.65127832161536 37.01093381143977
43.65126570078712 37.01723887868856
43.65125307663106 37.023543945934435
43.651240449146 37.02984901317742
43.65122781833084 37.03615408041748
43.651215184184416 37.042459147654625
43.65120254670562 37.04876421488886
43.6511899058933 37.05506928212019
43.65117726174631 37.0613743493486
43.651164614263536 37.06767941657408
43.65115196344382 37.07398448379665
43.65113930928604 37.080289551016314
43.65112665178905 37.08659461823304
43.6511139909517 37.09289968544686
43.65110132677286 37.09920475265775
43.65108865925139 37.105509819865716
43.651075988386154 37.11181488707076
43.65106331417599 37.118119954272885
43.65105063661978 37.12442502147207
43.65103795571636 37.13073008866833
43.651025271464604 37.13703515586167
43.65098719860782 37.155950357424096
43.659332928356676 36.92267261796147
43.65932100337269 36.92897768653621
43.65930907524772 36.93528275510835
43.65929714398069 36.94158782367788
43.65928520957054 36.947892892244795
43.6592732720162 36.95419796080913
43.65922549033554 36.97941823504032
43.65920158060223 36.99202837214026
43.659189621008565 36.99833344068632
43.659177658262145 37.00463850922975
43.65916569236188 37.01094357777057
43.65915372330671 37.01724864630878
43.659141751095554 37.02355371484437
43.65912977572733 37.029858783377335
43.65911779720097 37.0361638519077
43.65910581551539 37.042468920435425
43.65909383066952 37.04877398896055
43.659081842662275 37.055079057483034
43.65906985149259 37.061384126002906
43.65905785715937 37.067689194520156
43.659045859661546 37.07399426303478
43.65903385899803 37.080299331546776
43.65902185516776 37.086604400056146
43.65900984816963 37.0929094685629
43.65899783800258 37.09921453706701
43.65898582466551 37.1055196055685
43.658973808157356 37.111824674067364
43.65896178847702 37.11812974256358
43.658949765623426 37.12443481105718
43.658937739595494 37.130739879548145
43.65888960371862 37.155960153485644
43.66721119424728 36.922681849496705
43.667199918637245 36.92898691928863
43.66718864005726 36.93529198907823
43.66717735850633 36.9415970588655
43.667154786487565 36.95420719843305
43.667143496017715 36.960512268213336
43.66713220257286 36.96681733799129
43.667120906151986 36.97312240776691
43.667109606754096 36.97942747754019
43.667098304378165 36.98573254731115
43.66708699902319 36.99203761707977
43.667075690688144 36.99834268684604
43.667064379372015 37.00464775660998
43.66705306507379 37.01095282637158
43.667041747792446 37.01725789613085
43.66703042752698 37.02356296588777
43.66701910427636 37.02986803564236
43.66700777803958 37.0361731053946
43.666996448815624 37.04247817514451
43.66698511660346 37.048783244892064
43.666973781402085 37.05508831463728
43.666962443210465 37.06139338438015
43.66695110202759 37.06769845412068
43.66693975785243 37.07400352385886
43.66692841068397 37.0803085935947
43.66691706052119 37.08661366332818
43.66690570736307 37.09291873305932
43.66689435120858 37.09922380278811
43.6668829920567 37.10552887251454
43.66687162990641 37.111833942238626
43.666860264756686 37.118139011960366
43.666848896606496 37.12444408167975
43.666837525454824 37.13074915139677
43.66682615130065 37.13705422111144
43.66681477414292 37.14335929082375
43.66679201081276 37.15596943024132
43.67507883575062 36.92899563519814
43.67506820671636 36.935300706137056
43.67505757488226 36.9416057770739
43.67504694024735 36.947910848008675
43.675025662571294 36.96052098987203
43.675015019528246 36.966826060800585
43.67500437368057 36.97313113172708
43.67499372502733 36.9794362026515
43.67498307356755 36.985741273573844
43.674972419300296 36.99204634449412
43.67496176222459 36.998351415412316
43.67495110233949 37.00465648632845
43.67494043964403 37.01096155724249
43.67491910581822 37.023571699064355
43.67490843468595 37.02987676997218
43.6748977607395 37.03618184087791
43.674887083977886 37.042486911781566
43.67487640440017 37.04879198268314
43.67486572200539 37.05509705358263
43.67485503679258 37.06140212448004
43.674844348760786 37.06770719537538
43.674833657909026 37.074012266268625
43.67482296423637 37.080317337159784
43.67481226774182 37.086622408048854
43.67480156842444 37.09292747893584
43.67479086628326 37.09923254982074
43.67478016131731 37.10553762070356
43.67476945352563 37.11184269158428
43.67475874290725 37.11814776246292
43.674748029461206 37.12445283333947
43.67473731318654 37.13075790421393
43.67471587214745 37.14336804595657
43.674705147381104 37.149673116824744
43.674694419782256 37.15597818769084
43.67468368934995 37.16228325855483
43.68296773146631 36.92269876224257
43.682957754606335 36.92900383426447
43.68294777511849 36.93530890628454
43.682937793001905 36.94161397830278
43.68292780825567 36.94791905031921
43.68290783087067 36.96052919434659
43.68289783823011 36.96683426635754
43.68288784295633 36.973139338366664
43.682877845048424 36.979444410373965
43.682867844505495 36.98574948237943
43.68285784132665 36.992054554383074
43.682847835510984 36.99835962638488
43.6828378270576 37.00466469838488
43.6828278159656 37.01096977038302
43.6828178022341 37.01727484237935
43.68280778586218 37.02357991437383
43.68279776684894 37.02988498636649
43.6827877451935 37.03619005835732
43.68277772089495 37.04249513034632
43.68276769395237 37.04880020233348
43.682757664364885 37.0551052743188
43.68274763213157 37.06141034630229
43.68273759725155 37.06771541828394
43.6827275597239 37.074020490263756
43.68271751954772 37.08032556224173
43.682707476722115 37.086630634217876
43.682697431246176 37.09293570619217
43.682687383118996 37.09924077816463
43.682677332339665 37.10554585013525
43.68266727890729 37.11185092210403
43.68265722282096 37.118155994070975
43.68264716407976 37.12446106603607
43.682637102682804 37.13076613799932
43.68262703862916 37.13707120996073
43.68260690254822 37.149681353878016
43.68258675582967 37.162291497787926
43.690846002581885 36.922706443452654
43.69083667509793 36.92901151648733
43.69082734515715 36.935316589520404
43.69081801275872 36.94162166255189
43.690799340585556 36.954231808610075
43.69079000080915 36.96053688163678
43.69078065857175 36.96684195466189
43.690771313872496 36.9731470276854
43.690761966710575 36.979452100707306
43.69075261708514 36.98575717372762
43.690743264995355 36.99206224674634
43.69073391044038 36.99836731976346
43.690724553419365 37.004672392778986
43.69071519393148 37.01097746579291
43.69070583197588 37.01728253880523
43.69069646755173 37.02358761181594
43.690687100658195 37.029892684825064
43.690677731294414 37.03619775783258
43.69066835945955 37.042502830838494
43.69065898515277 37.0488079038428
43.69064960837323 37.05511297684551
43.690640229120085 37.061418049846615
43.690630847392484 37.06772312284611
43.69062146318959 37.07402819584401
43.690612076510554 37.080333268840285
43.690602687354534 37.08663834183496
43.69059329572069 37.092943414828035
43.69058390160816 37.0992484878195
43.690574505016116 37.105553560809355
43.6905651059437 37.111858633797596
43.69055570439007 37.11816370678424
43.69054630035438 37.12446877976927
43.69053689383577 37.13077385275268
43.69052748483341 37.137078925734485
43.69051807334644 37.14338399871468
43.69872427522625 36.922713607887175
43.69871559711891 36.92901868186649
43.698706916725804 36.935323755844415
43.69869823404614 36.94162882982097
43.69868954907915 36.94793390379615
43.698680861824045 36.95423897776994
43.69867217228005 36.96054405174235
43.69866348044639 36.96684912571339
43.698654786322294 36.97315419968303
43.698646089906966 36.9794592736513
43.698637391199625 36.98576434761819
43.69862869019951 36.992069421583686
43.698619986905825 36.99837449554781
43.698611281317795 37.004679569510536
43.69860257343463 37.01098464347189
43.69859386325555 37.01728971743185
43.69858515077978 37.02359479139044
43.69857643600654 37.02989986534763
43.69856771893504 37.03620493930343
43.69855899956448 37.042510013257846
43.698550277894114 37.048815087210876
43.69854155392312 37.05512016116253
43.69853282765074 37.06142523511277
43.698524099076174 37.067730309061645
43.69851536819865 37.07403538300912
43.69850663501737 37.08034045695519
43.698497899531546 37.086645530899894
43.6984891617404 37.09295060484319
43.69848042164315 37.09925567878511
43.69847167923899 37.10556075272563
43.69846293452715 37.11186582666475
43.69845418750684 37.11817090060248
43.69844543817726 37.124475974538825
43.698436686537626 37.130781048473764
43.69842793258715 37.13708612240731
43.69841041775054 37.149696270270226
43.70659452056282 36.929025330401714
43.70658648971794 36.935330405256344
43.706578456757605 36.94163548010979
43.7065704216811 36.94794055496206
43.7065623844877 36.95424562981316
43.70655434517669 36.96055070466306
43.706546303747345 36.966855779511796
43.70653826019895 36.97316085435933
43.70653021453078 36.9794659292057
43.70652216674211 36.985771004050875
43.706514116832224 36.99207607889487
43.706506064800394 36.998381153737675
43.70649801064591 37.0046862285793
43.706489954368024 37.01099130341974
43.70648189596604 37.01729637825899
43.70647383543921 37.02360145309707
43.706465772786835 37.029906527933946
43.70645770800817 37.03621160276964
43.7064496411025 37.04251667760414
43.706441572069096 37.04882175243747
43.70643350090723 37.0551268272696
43.70642542761618 37.06143190210054
43.706417352195224 37.06773697693029
43.706409274643626 37.07404205175886
43.70640119496067 37.08034712658623
43.70639311314562 37.08665220141241
43.70638502919775 37.092957276237414
43.70637694311633 37.099262351061206
43.70636885490064 37.10556742588382
43.70636076454994 37.11187250070524
43.70635267206351 37.118177575525465
43.70634457744062 37.12448265034448
43.706336480680534 37.130787725162335
43.70632838178253 37.13709279997897
43.706320280745864 37.143397874794424
43.706312177569814 37.14970294960869
43.70630407225365 37.15600802442174
43.70629596479665 37.16231309923361
43.70628785519806 37.168618174044276
43.71488371498575 36.575947223374044
43.71487644152748 36.5822522990925
43.71444390846988 36.9542517647395
43.71443651939237 36.96055684039871
43.71442912836787 36.9668619160569
43.7144217353957 36.973166991714095
43.71441434047521 36.979472067370274
43.71440694360573 36.98577714302547
43.714399544786595 36.99208221867966
43.71439214401715 36.998387294332865
43.714384741296726 37.00469236998506
43.71437733662466 37.01099744563624
43.71436993000028 37.01730252128643
43.71436252142292 37.023607596935626
43.71435511089193 37.029912672583805
43.714347698406634 37.03621774823099
43.71434028396636 37.04252282387717
43.71433286757045 37.04882789952235
43.71432544921824 37.05513297516652
43.71431802890905 37.06143805080969
43.71431060664222 37.06774312645186
43.71430318241708 37.07404820209302
43.71429575623298 37.08035327773317
43.71428832808922 37.08665835337231
43.71428089798515 37.092963429010446
43.714273465920094 37.09926850464759
43.714266031893395 37.10557358028372
43.71425859590437 37.111878655918844
43.71425115795235 37.11818373155296
43.71424371803667 37.12448880718606
43.714236276156655 37.13079388281817
43.71422883231163 37.13709895844926
43.714221386500945 37.14340403407934
43.7142139387239 37.149709109708404
43.714199037268095 37.16231926096352
43.71419158358798 37.16862433658955
43.72237255590074 36.91012184772377
43.722365829469965 36.91642692412983
43.72232543366395 36.95425738254881
43.72231869482042 36.96056245894907
43.72231195420123 36.96686753534849
43.72230521180577 36.973172611747096
43.722298467633436 36.979477688144854
43.722291721683625 36.98578276454179
43.72228497395573 36.992087840937884
43.72227822444915 36.998392917333156
43.72227147316327 37.004697993727596
43.722264720097485 37.0110030701212
43.7222579652512 37.017308146513976
43.722251208623796 37.02361322290591
43.722244450214674 37.029918299297016
43.72223769002322 37.036223375687285
43.72223092804883 37.04252845207672
43.7222241642909 37.048833528465316
43.72221739874882 37.055138604853084
43.72221063142197 37.06144368124003
43.722203862309755 37.06774875762611
43.722197091411566 37.07405383401138
43.72219031872679 37.080358910395795
43.72218354425481 37.08666398677939
43.72217676799502 37.092969063162144
43.72216998994682 37.09927413954405
43.72216321010959 37.10557921592513
43.72215642848272 37.111884292305376
43.7221496450656 37.11818936868477
43.72214285985762 37.124494445063334
43.72213607285816 37.130799521441055
43.722129284066625 37.13710459781793
43.72212249348238 37.14340967419399
43.72211570110483 37.14971475056919
43.72210890693336 37.15601982694355
43.722102110967356 37.162324903317085
43.7305693610814 36.57595785762258
43.73024953535159 36.91012694371014
43.73020695996325 36.95426248324086
43.73020087135414 36.96056756031398
43.7301947811407 36.96687263738641
43.73018868932239 36.97317771445817
43.730182595898654 36.979482791529236
43.73017650086895 36.98578786859964
43.73017040423272 36.99209294566935
43.73016430598944 36.998398022738385
43.73015820613855 37.00470309980675
43.7301521046795 37.01100817687443
43.730146001611736 37.017313253941424
43.73013989693472 37.02361833100774
43.73013379064791 37.02992340807339
43.73012768275075 37.03622848513834
43.73012157324268 37.042533562202614
43.73011546212317 37.048838639266215
43.730109349391654 37.05514371632912
43.730103235047594 37.06144879339136
43.73009711909044 37.067753870452904
43.730091001519625 37.07405894751377
43.730084882334616 37.08036402457395
43.730078761534855 37.08666910163345
43.7300726391198 37.09297417869227
43.730066515088886 37.09927925575041
43.73006038944157 37.10558433280786
43.730054262177305 37.111889409864624
43.73004813329552 37.118194486920714
43.73004200279568 37.124499563976116
43.73003587067722 37.13080464103083
43.7300297369396 37.13710971808486
43.73002360158226 37.1434147951382
43.73001746460464 37.149719872190865
43.7300113260062 37.156024949242834
43.73000518578638 37.16233002629412
43.72999904394462 37.16863510334473
43.738093924202936 36.947961989137234
43.73808304888686 36.96057214449327
43.73807760907956 36.966877222170474
43.73807216783879 36.97318229984714
43.73806672516404 36.97948737752327
43.73806128105483 36.98579245519885
43.73805583551068 36.992097532873885
43.7380503885311 36.99840261054839
43.73804494011558 37.00470768822234
43.73803949026365 37.01101276589576
43.738034038974824 37.01731784356863
43.7380285862486 37.02362292124096
43.738023132084486 37.02992799891274
43.73801767648201 37.03623307658398
43.73801221944066 37.04253815425469
43.73800676095996 37.04884323192484
43.738001301039425 37.05514830959445
43.73799583967854 37.06145338726352
43.73799037687684 37.06775846493204
43.737984912633806 37.07406354260002
43.73797944694898 37.08036862026746
43.73797397982183 37.08667369793435
43.73796851125189 37.0929787756007
43.73796304123867 37.0992838532665
43.73795756978167 37.10558893093175
43.7379520968804 37.11189400859646
43.73794662253435 37.118199086260624
43.737941146743054 37.12450416392424
43.737935669506 37.130809241587315
43.7379301908227 37.13711431924984
43.73792471069265 37.14341939691182
43.73791922911538 37.14972447457325
43.73791374609036 37.15602955223414
43.73790826161713 37.162334629894474
43.74597958794599 36.941660976843025
43.74597480232889 36.947966055058025
43.745970015450986 36.95427113327262
43.745965227311856 36.96057621148678
43.74596043791107 36.96688128970054
43.74595564724819 36.97318636791386
43.74595085532279 36.97949144612678
43.74594606213444 36.985796524339264
43.74594126768271 36.992101602551344
43.74593647196717 36.998406680763
43.74593167498739 37.004711758974224
43.74592687674294 37.01101683718504
43.745922077233395 37.01732191539542
43.745917276458314 37.0236269936054
43.74591247441726 37.02993207181495
43.74590767110982 37.03623715002407
43.74590286653555 37.04254222823278
43.74589806069402 37.04884730644107
43.745893253584796 37.05515238464893
43.745888445207456 37.06145746285637
43.74588363556156 37.067762541063395
43.74587882464667 37.07406761926999
43.74587401246236 37.08037269747617
43.74586919900819 37.08667777568192
43.74586438428374 37.09298285388726
43.745859568288566 37.09928793209217
43.745854751022236 37.105593010296644
43.74584993248431 37.11189808850071
43.74584511267437 37.11820316670435
43.74584029159196 37.124508244907574
43.74583546923666 37.13081332311036
43.74583064560804 37.137118401312726
43.74582582070565 37.14342347951467
43.74582099452906 37.1497285577162
43.74581616707784 37.156033635917304
43.74581133835155 37.16233871411797
43.74580650834975 37.16864379231822
43.75385981696395 36.941664525246345
43.753855681239834 36.947969603929344
43.753851544426134 36.95427468261203
43.75384740652248 36.96057976129441
43.7538432675285 36.966884839976466
43.753839127443825 36.97318991865823
43.75383498626808 36.979494997339664
43.7538308440009 36.98580007602079
43.75382670064191 36.9921051547016
43.75382255619073 36.99841023338209
43.753818410647 37.004715312062274
43.75381426401034 37.01102039074214
43.75381011628038 37.0173254694217
43.75380596745675 37.02363054810095
43.75380181753908 37.02993562677986
43.753797666526985 37.036240705458475
43.7537935144201 37.04254578413678
43.753789361218054 37.04885086281476
43.75378520692047 37.05515594149243
43.75378105152697 37.06146102016979
43.7537768950372 37.06776609884681
43.75377273745076 37.07407117752353
43.753768578767286 37.08037625619994
43.75376441898641 37.08668133487604
43.753760258107754 37.092986413551806
43.753756096130935 37.09929149222727
43.75375193305558 37.105596570902414
43.75374776888133 37.11190164957725
43.753743603607795 37.11820672825176
43.75373943723461 37.12451180692596
43.75373526976138 37.130816885599835
43.753731101187746 37.1371219642734
43.75372693151333 37.143427042946655
43.75372276073775 37.14973212161959
43.75371858886063 37.156037200292204
43.7537144158816 37.162342278964495
43.75371024180028 37.16864735763649
43.761740046660044 36.941667556668236
43.76173656082917 36.94797263575105
43.76173307407994 36.954277714833644
43.76172958641203 36.96058279391601
43.76172609782513 36.966887872998164
43.76172260831893 36.97319295208008
43.76171911789311 36.97949803116178
43.76171562654736 36.98580311024326
43.76171213428137 36.99210818932453
43.76170864109482 36.99841326840555
43.76170514698741 37.00471834748637
43.7617016519588 37.01102342656696
43.76169815600871 37.01732850564732
43.7616946591368 37.02363358472746
43.761691161342775 37.02993866380738
43.761687662626294 37.03624374288707
43.76168416298707 37.04254882196655
43.76168066242478 37.04885390104579
43.7616771609391 37.055158980124816
43.76167365852973 37.061464059203615
43.76167015519634 37.06776913828219
43.76166665093862 37.07407421736055
43.761663145756266 37.08037929643868
43.76165963964895 37.086684375516576
43.76165613261635 37.09298945459426
43.76165262465817 37.09929453367172
43.76164911577408 37.105599612748954
43.76164560596376 37.11190469182595
43.761642095226904 37.11820977090274
43.7616385835632 37.12451484997929
43.76163507097232 37.130819929055626
43.761631557453946 37.13712500813174
43.76162804300777 37.143430087207626
43.76162452763347 37.14973516628329
43.76162101133073 37.15604024535872
43.761617494099234 37.16234532443393
43.76161397593866 37.16865040350891
43.76967401811754 36.82187356220634
43.7696174409903 36.947975150523064
43.76961460430576 36.95428022993736
43.76961176687382 36.9605853093515
43.769608928694225 36.966890388765506
43.769606089766725 36.973195468179355
43.76960325009105 36.97950054759306
43.769600409666964 36.98580562700662
43.769597568494206 36.99211070642003
43.769594726572514 36.99841578583329
43.76959188390164 37.00472086524641
43.76958904048133 37.01102594465937
43.76958619631132 37.01733102407219
43.76958335139136 37.02363610348486
43.7695805057212 37.02994118289739
43.76957765930058 37.03624626230977
43.76957481212924 37.04255134172199
43.769571964206925 37.048856421134076
43.76956911553338 37.055161500546006
43.769566266108356 37.06146657995779
43.769563415931586 37.067771659369434
43.76956056500282 37.07407673878093
43.7695577133218 37.08038181819226
43.76955486088826 37.08668689760345
43.76955200770197 37.092991977014485
43.76954915376264 37.09929705642539
43.769546299070036 37.105602135836136
43.76954344362389 37.11190721524673
43.76954058742395 37.118212294657184
43.76953773046995 37.12451737406748
43.76953487276164 37.130822453477634
43.76953201429876 37.13712753288765
43.76952915508105 37.143432612297495
43.769526295108264 37.14973769170721
43.76952343438013 37.15604277111676
43.7695205728964 37.16234785052616
43.777548455308214 36.802960315631886
43.77754193332496 36.821875554671024
43.77749832161661 36.947977148245286
43.777496134996944 36.954282227923095
43.77749394780116 36.96058730760079
43.77749176002906 36.96689238727842
43.777489571680434 36.97319746695595
43.7774873827551 36.979502546633405
43.77748519325286 36.98580762631076
43.777483003173515 36.99211270598802
43.77748081251686 36.99841778566522
43.77747862128272 37.0047228653423
43.77747642947088 37.01102794501933
43.77747423708114 37.01733302469624
43.777472044113324 37.02363810437307
43.777469850567215 37.02994318404982
43.777467656442624 37.03624826372648
43.777465461739354 37.04255334340304
43.777463266457204 37.04885842307953
43.77746107059598 37.055163502755924
43.777458874155485 37.06146858243222
43.77745667713552 37.06777366210845
43.7774544795359 37.07407874178458
43.777452281356396 37.080383821460615
43.777450082596836 37.08668890113657
43.77744788325702 37.09299398081244
43.77744568333674 37.09929906048822
43.7774434828358 37.1056041401639
43.77744128175401 37.1119092198395
43.77743908009116 37.118214299515024
43.77743687784706 37.12451937919044
43.77743467502151 37.13082445886578
43.77743247161431 37.137129538541025
43.77743026762527 37.143434618216176
43.777428063054174 37.14973969789125
43.77742585790083 37.15604477756623
43.77742365216505 37.162349857241125
43.78541901137081 36.784046552201964
43.78541748529404 36.79035163207618
43.78541137697271 36.81557195157262
43.78540984888814 36.821877031446625
43.78538073875143 36.94167354904454
43.785379202601504 36.947978628917674
43.785377666046855 36.95428370879076
43.78537612908736 36.960588788663834
43.78537459172289 36.96689386853684
43.7853730539533 36.97319894840981
43.785371515778436 36.97950402828273
43.78536997719819 36.98580910815562
43.785368438212394 36.99211418802847
43.78536689882093 36.99841926790126
43.78536535902365 37.004724347774015
43.78536381882042 37.011029427646726
43.7853622782111 37.01733450751939
43.78536073719557 37.02363958739202
43.78535919577366 37.0299446672646
43.78535765394524 37.036249747137134
43.785356111710186 37.04255482700963
43.78535456906834 37.04885990688207
43.785353026019585 37.055164986754484
43.78535148256376 37.06147006662685
43.78534993870075 37.06777514649917
43.78534839443039 37.07408022637146
43.785346849752564 37.080385306243684
43.785345304667125 37.08669038611586
43.78534375917393 37.09299546598802
43.785342213272834 37.099300545860125
43.78534066696371 37.10560562573218
43.78533912024641 37.111910705604195
43.78533757312081 37.11821578547616
43.78533602558675 37.124520865348096
43.785334477644106 37.13082594521998
43.78533292929273 37.13713102509181
43.78533138053249 37.14343610496361
43.78532983136323 37.149741184835364
43.78532828178483 37.15604626470708
43.785326731797134 37.16235134457875
43.79328481103733 36.77143735252864
43.793280408814475 36.802962752531535
43.79327776470132 36.82187799253309
43.79326185611702 36.935369432539716
43.7932609700944 36.94167451253994
43.79326008383837 36.94797959254016
43.79325919734884 36.95428467254037
43.79325831062575 36.96058975254055
43.793257423669004 36.966894832540724
43.79325653647853 36.97319991254089
43.79325564905425 36.97950499254104
43.793254761396085 36.98581007254117
43.79325387350396 36.992115152541274
43.79325298537778 36.998420232541385
43.793252097017465 37.004725312541474
43.793251208422944 37.01103039254156
43.79325031959415 37.01733547254161
43.793249430530985 37.02364055254166
43.793248541233375 37.02994563254168
43.793247651701236 37.036250712541694
43.79324676193448 37.0425557925417
43.79324587193305 37.048860872541695
43.79324498169686 37.05516595254166
43.793244091225816 37.06147103254162
43.793243200519846 37.06777611254156
43.79324230957888 37.07408119254149
43.793241418402815 37.08038627254141
43.79324052699159 37.086691352541294
43.79323963534512 37.09299643254119
43.79323874346331 37.09930151254106
43.793237851346106 37.10560659254091
43.793236958993404 37.11191167254076
43.79323606640514 37.11821675254058
43.79323517358123 37.1245218325404
43.79323428052158 37.1308269125402
43.79323338722614 37.137131992539985
43.793232493694795 37.14343707253975
43.79323159992748 37.14974215253951
43.79323070592412 37.15604723253926
43.79322981168462 37.16235231253897
43.80114638583652 36.80296319775298
43.801146150839074 36.809268277812116
43.801145915779806 36.81557335787124
43.801142854375406 36.89753939863983
43.80114143788251 36.93536987899451
43.80114120158268 36.941674959053614
43.80114096522061 36.94798003911273
43.801140728796256 36.95428511917182
43.80114049230962 36.960590199230936
43.801140255760664 36.966895279290036
43.80114001914938 36.97320035934915
43.80113978247573 36.979505439408236
43.80113954573971 36.98581051946735
43.80113930894129 36.99211559952645
43.80113907208045 36.99842067958555
43.80113883515717 37.00472575964464
43.80113859817142 37.01103083970374
43.8011383611232 37.01733591976284
43.80113812401247 37.023640999821936
43.801137886839214 37.029946079881036
43.801137649603405 37.03625115994013
43.80113741230503 37.04255623999922
43.80113717494407 37.04886132005831
43.801136937520496 37.0551664001174
43.801136700034284 37.061471480176486
43.801136462485424 37.06777656023558
43.801136224873886 37.074081640294665
43.80113598719965 37.08038672035376
43.8011357494627 37.086691800412844
43.801135511663006 37.092996880471915
43.801135273800554 37.099301960531
43.80113503587532 37.10560704059009
43.80113479788728 37.111912120649166
43.80113455983641 37.11821720070825
43.8011343217227 37.12452228076733
43.801134083546124 37.130827360826395
43.801133845306644 37.13713244088548
43.80113360700427 37.14343752094456
43.80113336863895 37.14974260100363
43.80113313021068 37.156047681062695
43.80113289171944 37.162352761121774
43.80901277404137 36.80926820753872
43.80902101968674 36.93536980853572
43.80902143310972 36.941674888585524
43.80902184664161 36.94797996863535
43.80902226028246 36.95428504868516
43.809022674032285 36.96059012873497
43.80902308789114 36.96689520878477
43.80902350185905 36.97320028883457
43.80902391593606 36.979505368884375
43.80902433012219 36.98581044893417
43.809024744417506 36.99211552898396
43.80902515882202 36.998420609033744
43.80902557333578 37.00472568908353
43.809025987958826 37.011030769133306
43.80902640269119 37.01733584918309
43.8090268175329 37.02364092923287
43.80902723248402 37.02994600928264
43.80902764754457 37.03625108933242
43.80902806271458 37.04255616938218
43.8090284779941 37.04886124943194
43.80902889338316 37.05516632948171
43.809029308881804 37.06147140953146
43.80902972449006 37.06777648958121
43.80903014020797 37.07408156963097
43.80903055603558 37.08038664968072
43.809030971972916 37.08669172973046
43.80903138802002 37.092996809780196
43.80903180417693 37.099301889829945
43.80903222044368 37.10560696987967
43.80903263682031 37.11191204992941
43.80903305330687 37.118217129979136
43.80903346990337 37.124522210028864
43.80903388660987 37.130827290078585
43.809034303426394 37.1371323701283
43.80903472035299 37.14343745017802
43.809035137389685 37.14974253022773
43.809035554536536 37.15604761027745
43.81687939717643 36.809267621711875
43.81689422842473 36.89753874132876
43.81689528989207 36.903843821301244
43.81690060142318 36.935369221163334
43.81690166456896 36.9416743011357
43.816902727994794 36.947979381108034
43.8169037917008 36.95428446108034
43.81690485568708 36.96058954105264
43.816905919953705 36.96689462102491
43.81690698450078 36.973199700997164
43.81690804932841 36.97950478096941
43.81690911443668 36.985809860941615
43.8169101798257 36.9921149409138
43.81691124549554 36.99842002088597
43.81691231144632 37.004725100858124
43.81691337767813 37.01103018083025
43.81691444419105 37.017335260802355
43.81691551098519 37.02364034077444
43.81691657806065 37.02994542074651
43.81691764541751 37.03625050071855
43.816918713055884 37.04255558069058
43.81691978097586 37.04886066066258
43.816920849177535 37.05516574063458
43.81692191766099 37.06147082060653
43.816922986426356 37.06777590057847
43.81692405547369 37.07408098055039
43.81692512480311 37.08038606052229
43.81692619441471 37.08669114049417
43.81692726430859 37.09299622046602
43.816928334484835 37.099301300437865
43.816929404943544 37.105606380409675
43.81693047568482 37.11191146038147
43.81693154670876 37.118216540353245
43.81693261801545 37.12452162032499
43.816933689605 37.13082670029674
43.8169347614775 37.13713178026845
43.816935833633046 37.14343686024014
43.81693690607173 37.14974194021181
43.81693797879366 37.15604702018345
43.816939051798926 37.16235210015508
43.82478189585382 36.941673196704116
43.82478360917354 36.9479782765308
43.82478532294464 36.95428335635742
43.82478703716729 36.96058843618398
43.82478875184162 36.9668935160105
43.824790466967805 36.973198595836955
43.82479218254599 36.97950367566336
43.824793898576324 36.98580875548971
43.824795615058974 36.992113835316005
43.82479733199408 36.99841891514225
43.8247990493818 37.004723994968444
43.82480076722229 37.01102907479457
43.82480248551571 37.01733415462066
43.82480420426221 37.023639234446684
43.824805923461945 37.02994431427265
43.824807643115065 37.03624939409857
43.824809363221725 37.04255447392444
43.82481108378208 37.04885955375026
43.824812804796295 37.055164633576005
43.82481452626451 37.06146971340172
43.82481624818689 37.067774793227365
43.824817970563586 37.07407987305295
43.82481969339476 37.0803849528785
43.82482141668054 37.086690032703984
43.824823140421124 37.092995112529415
43.82482486461664 37.09930019235479
43.82482658926724 37.10560527218012
43.824828314373086 37.111910352005395
43.82483003993434 37.11821543183061
43.82483176595116 37.124520511655774
43.82483349242369 37.13082559148088
43.82483521935209 37.13713067130593
43.82483694673651 37.14343575113093
43.824838674577116 37.14974083095587
43.82484040287405 37.15604591078077
43.82484213162749 37.16235099060561
43.83264560177851 36.897536017998206
43.83266212685776 36.941671575290854
43.832664490071245 36.94797665490368
43.832666853907334 36.9542817345164
43.83266921836624 36.96058681412903
43.83267158344817 36.96689189374155
43.832673949153346 36.97319697335397
43.83267631548197 36.979502052966275
43.832678682434256 36.985807132578486
43.83268105001043 36.99211221219061
43.832683418210685 36.99841729180261
43.832685787035246 37.00472237141452
43.832688156484316 37.01102745102633
43.83269052655811 37.01733253063802
43.832692897256855 37.02363761024962
43.83269526858075 37.02994268986112
43.83269764053001 37.03624776947251
43.83270001310485 37.0425528490838
43.832702386305485 37.04885792869498
43.832704760132124 37.055163008306074
43.83270713458498 37.061468087917056
43.83270950966427 37.06777316752792
43.832711885370216 37.07407824713871
43.83271426170301 37.08038332674938
43.83271663866288 37.086688406359954
43.832719016250046 37.09299348597042
43.83272139446472 37.09929856558078
43.8327237733071 37.10560364519104
43.83272615277742 37.111908724801204
43.832728532875876 37.118213804411255
43.832730913602695 37.124518884021214
43.83273329495809 37.13082396363105
43.83273567694228 37.1371290432408
43.83273805955547 37.143434122850444
43.83274044279788 37.14973920245998
43.83274282666972 37.15604428206941
43.832745211171215 37.16234936167874
43.84053633364041 36.92905927823385
43.840539345160664 36.935364357564985
43.840542357474206 36.941669436895936
43.8405453705813 36.94797451622674
43.84054838448223 36.95427959555737
43.84055139917724 36.96058467488783
43.84055441466661 36.96688975421813
43.840557430950625 36.97319483354826
43.84056044802954 36.97949991287821
43.84056346590363 36.985804992208024
43.840566484573166 36.992110071537645
43.84056950403842 36.998415150867125
43.84057252429966 37.00472023019641
43.84057554535716 37.01102530952555
43.84057856721119 37.01733038885452
43.84058158986202 37.02363546818331
43.840584613309915 37.02994054751195
43.84058763755517 37.03624562684041
43.84059066259803 37.042550706168704
43.84059368843878 37.04885578549683
43.840596715077695 37.055160864824806
43.84059974251504 37.061465944152594
43.84060277075109 37.06777102348022
43.84060579978612 37.074076102807695
43.84060882962039 37.08038118213498
43.84061186025419 37.086686261462106
43.84061489168779 37.09299134078908
43.84061792392146 37.09929642011586
43.84062095695546 37.105601499442486
43.840623990790085 37.11190657876895
43.8406270254256 37.11821165809524
43.84063006086227 37.12451673742135
43.84063309710038 37.13082181674731
43.8406361341402 37.1371268960731
43.840639171982 37.14343197539872
43.84064221062606 37.14973705472417
43.84064525007265 37.15604213404944
43.840648290322044 37.16234721337456
43.848364110566706 36.84078551779683
43.84841160438203 36.92275154457623
43.84841526448939 36.92905662355755
43.84841892556081 36.93536170253862
43.84842991456268 36.954276939480366
43.84843357949361 36.96058201846045
43.84843724539023 36.9668870974403
43.84844091225288 36.97319217641989
43.84844458008189 36.979497255399245
43.84844824887759 36.985802334378356
43.84845191864029 36.99210741335722
43.848455589370346 36.998412492335824
43.848459261068065 37.0047175713142
43.8484629337338 37.011022650292325
43.848466607367854 37.01732772927019
43.84847028197058 37.023632808247825
43.84847395754229 37.0299378872252
43.84847763408333 37.036242966202344
43.84848131159402 37.04254804517924
43.848484990074695 37.04885312415588
43.84848866952568 37.055158203132265
43.84849234994732 37.06146328210842
43.84849603133993 37.06776836108432
43.84849971370385 37.074073440059976
43.84850339703941 37.080378519035385
43.84850708134694 37.08668359801053
43.848510766626774 37.09298867698545
43.848514452879236 37.09929375596012
43.848518140104666 37.105598834934526
43.848521828303404 37.111903913908705
43.848525517475764 37.118208992882614
43.84852920762209 37.1245140718563
43.84853289874272 37.13081915082972
43.848536590837966 37.1371242298029
43.848540283908186 37.14342930877583
43.848543977953696 37.149734387748495
43.84854767297483 37.15603946672094
43.84855136897193 37.162344545693124
43.856233965035905 36.840782352120364
43.85629419473824 36.92905345203607
43.85631144404205 36.95427376628549
43.85631575920865 36.96057884484699
43.856320075512286 36.96688392340815
43.85632439295334 36.97318900196897
43.8563287115322 36.97949408052944
43.856333031249264 36.98579915908958
43.8563373521049 36.992104237649386
43.85634167409952 36.998409316208836
43.85634599723349 37.00471439476795
43.85635032150721 37.01101947332673
43.856354646921055 37.01732455188517
43.85635897347543 37.02362963044325
43.85636330117072 37.02993470900099
43.85636763000731 37.036239787558394
43.85637195998559 37.042544866115456
43.856376291105946 37.048849944672185
43.85638062336878 37.055155023228565
43.856384956774455 37.061460101784604
43.856389291323396 37.06776518034029
43.85639362701596 37.07407025889565
43.856397963852565 37.080375337450654
43.85640230183358 37.08668041600533
43.856406640959406 37.09298549455964
43.85641098123043 37.09929057311363
43.85641532264705 37.10559565166726
43.856419665209664 37.111900730220555
43.85642400891864 37.118205808773496
43.856428353774376 37.12451088732611
43.85643269977727 37.13081596587838
43.85643704692772 37.13712104443028
43.856441395226106 37.14342612298186
43.856445744672826 37.14973120153309
43.85645009526827 37.15603628008397
43.85645444701283 37.16234135863451
43.86416320785253 36.916439607515194
43.86419793821568 36.96057515404754
43.86420787294523 36.973185310195575
43.864212842273666 36.97949038826892
43.86421781291181 36.98579546634182
43.864222784860104 36.99210054441426
43.86422775811899 36.998405622486246
43.86423273268893 37.00471070055778
43.864237708570364 37.01101577862887
43.86424268576373 37.0173208566995
43.86424766426948 37.023625934769676
43.864252644088054 37.02993101283941
43.86425762521991 37.03623609090868
43.864262607665495 37.0425411689775
43.86426759142526 37.04884624704587
43.86427257649964 37.05515132511379
43.864277562889086 37.06145640318125
43.86428255059406 37.067761481248255
43.864287539615006 37.074066559314815
43.864292529952365 37.08037163738092
43.864297521606595 37.08667671544656
43.864302514578135 37.09298179351176
43.864307508867434 37.09928687157649
43.86431250447496 37.10559194964077
43.864317501401146 37.11189702770461
43.86432249964645 37.11820210576798
43.86432749921133 37.12450718383089
43.86433250009621 37.13081226189336
43.86433750230157 37.13711733995536
43.86434250582784 37.143422418016925
43.864347510675486 37.14972749607801
43.86435251684495 37.156032574138656
43.87204083799412 36.916435403412365
43.87208573352479 36.96687602358132
43.87209135212177 36.97318110109985
43.872096972199465 36.97948617861779
43.87210259375837 36.985791256135165
43.87210821679899 36.992096333651965
43.87211384132185 36.998401411168174
43.87211946732742 37.00470648868381
43.87212509481624 37.011011566198874
43.87213072378879 37.01731664371334
43.87213635424558 37.02362172122725
43.87214198618713 37.02992679874057
43.87214761961394 37.03623187625332
43.8721532545265 37.04253695376548
43.87215889092535 37.04884203127706
43.872164528810956 37.055147108788056
43.87217016818386 37.06145218629849
43.87217580904454 37.067757263808325
43.87218145139353 37.0740623413176
43.87218709523132 37.08036741882628
43.872192740558425 37.08667249633438
43.872198387375356 37.0929775738419
43.872204035682614 37.09928265134884
43.87220968548071 37.1055877288552
43.87221533677016 37.11189280636098
43.87222098955147 37.118197883866166
43.872226643825144 37.12450296137078
43.872232299591694 37.13080803887481
43.872237956851635 37.13711311637826
43.87224361560548 37.143418193881125
43.87224927585372 37.14972327138341
43.872254937596885 37.15602834888511
43.879912212886644 36.91012560569952
43.87991846721687 36.916430682600996
43.87993098081921 36.92904083640177
43.87996856120178 36.966871297786895
43.8799748303762 36.97317637468191
43.87998110120278 36.9794814515762
43.879987373682084 36.98578652846977
43.87999364781468 36.99209160536262
43.879999923601126 36.99839668225475
43.88000620104197 37.004701759146165
43.88001248013781 37.01100683603686
43.880018760889186 37.01731191292683
43.88002504329666 37.023616989816084
43.88003132736081 37.029922066704614
43.8800376130822 37.03622714359242
43.88004390046138 37.042532220479515
43.88005018949893 37.04883729736588
43.880056480195414 37.05514237425153
43.88006277255138 37.061447451136445
43.880069066567415 37.06775252802065
43.880075362244085 37.07405760490413
43.88008165958194 37.08036268178689
43.88008795858156 37.08666775866892
43.880094259243506 37.09297283555022
43.880100561568355 37.099277912430814
43.88010686555666 37.105582989310676
43.880113171209004 37.111888066189806
43.88011947852595 37.118193143068225
43.88012578750806 37.124498219945906
43.880132098155904 37.13080329682287
43.88013841047006 37.13710837369911
43.880144724451085 37.14341345057462
43.88015104009957 37.149718527449416
43.88015735741606 37.15602360432347
43.8878513878503 36.966866054738674
43.887858307601746 36.97317113094192
43.88788600484988 36.998391435746136
43.88789293372561 37.00469651194501
43.88789986442805 37.011001588142996
43.88790679695784 37.017306664340104
43.8879137313156 37.02361174053634
43.887920667501945 37.029916816731685
43.8879276055175 37.03622189292617
43.88793454536288 37.04252696911977
43.88794148703874 37.04883204531248
43.88794843054567 37.05513712150432
43.88795537588431 37.06144219769528
43.88796232305529 37.06774727388537
43.887969272059216 37.07405235007456
43.88797622289673 37.080357426262886
43.88798317556846 37.08666250245032
43.88799013007501 37.092967578636866
43.88799708641704 37.09927265482255
43.88800404459514 37.105577731007344
43.888011004609965 37.111882807191265
43.88801796646213 37.11818788337428
43.88802493015226 37.12449295955642
43.888031895680996 37.13079803573769
43.888038863048955 37.137103111918066
43.888045832256765 37.14340818809756
43.88805280330506 37.149713264276166
43.88805977619446 37.15601834045389
43.89574178369163 36.97316536988004
43.89575693033356 36.98577552076338
43.895764506648824 36.992080596203465
43.89577208496119 36.99838567164252
43.89577966527133 37.0046907470805
43.89578724757994 37.01099582251746
43.8957948318877 37.01730089795335
43.895802418195274 37.023605973388186
43.89581000650336 37.02991104882199
43.895817596812634 37.03621612425473
43.895825189123784 37.042521199686426
43.89583278343748 37.04882627511706
43.89584037975442 37.05513135054664
43.89584797807528 37.061436425975174
43.895855578400734 37.06774150140265
43.89586318073148 37.07404657682908
43.895870785068205 37.08035165225444
43.89587839141157 37.086656727678765
43.89588599976229 37.09296180310203
43.895893610121036 37.09926687852424
43.89590122248849 37.105571953945386
43.89590883686534 37.11187702936547
43.895916453252276 37.11818210478453
43.89592407164998 37.12448718020251
43.895931692059136 37.13079225561942
43.895939314480444 37.13709733103531
43.895946938914584 37.1434024064501
43.89595456536224 37.14970748186386
43.895962193824104 37.15601255727655
43.90361703763497 36.966854016881484
43.903649934253494 36.99207431533401
43.9036581638281 36.99837938994404
43.90366639557217 37.00468446455285
43.903674629486446 37.01098953916041
43.903682865571675 37.01729461376674
43.903691103828585 37.023599688371824
43.90369934425792 37.029904762975676
43.90370758686042 37.036209837578284
43.90371583163683 37.04251491217964
43.90372407858789 37.04881998677977
43.90373232771434 37.055125061378654
43.90374057901692 37.061430135976295
43.90374883249637 37.0677352105727
43.903757088153434 37.074040285167854
43.90376534598886 37.08034535976177
43.90377360600339 37.08665043435444
43.90378186819777 37.09295550894586
43.90379013257274 37.09926058353605
43.90379839912904 37.105565658124995
43.90380666786742 37.11187073271269
43.90381493878863 37.11817580729913
43.9038232118934 37.12448088188434
43.9038314871825 37.130785956468294
43.90383976465665 37.13709103105099
43.90384804431662 37.14339610563246
43.903856326163144 37.14970118021267
43.90386461019697 37.15600625479163
43.911508732037355 36.97315229579141
43.9115264820114 36.98576244322406
43.91153536050736 36.99206751693823
43.91154424134368 36.99837259065096
43.91155312452114 37.00467766436224
43.911562010040555 37.01098273807209
43.91157089790272 37.01728781178049
43.911579788108426 37.023592885487446
43.911588680658475 37.02989795919296
43.911597575553664 37.036203032897035
43.9116064727948 37.042508106599655
43.91161537238268 37.048813180300826
43.91162427431809 37.055118254000575
43.91163317860186 37.06142332769886
43.91164208523477 37.06772840139572
43.91165099421762 37.074033475091106
43.91165990555122 37.08033854878505
43.91166881923636 37.08664362247755
43.91167773527386 37.092948696168605
43.91168665366452 37.09925376985821
43.91169557440913 37.10555884354637
43.91170449750851 37.11186391723307
43.911713422963444 37.11816899091832
43.91172235077476 37.124474064602126
43.91173128094324 37.13077913828447
43.91174021346971 37.137084211965366
43.91174914835497 37.14338928564481
43.911758085599814 37.14969435932281
43.91176702520506 37.15599943299935
43.91942078530353 36.99206020101634
43.91943031740098 36.998365273763454
43.91943985201126 37.004670346508895
43.91944938913524 37.01097541925269
43.91945892877376 37.0172804919948
43.919468470927676 37.02358556473526
43.91947801559787 37.02989063747406
43.919487562785164 37.03619571021119
43.919497112490454 37.042500782946675
43.91950666471457 37.04880585568048
43.91951621945839 37.05511092841262
43.91952577672275 37.06141600114309
43.91953533650853 37.067721073871894
43.91954489881659 37.074026146599046
43.91955446364778 37.08033121932451
43.91956403100296 37.086636292048325
43.919573600883005 37.092941364770454
43.919583173288764 37.09924643749092
43.919592748221106 37.10555151020973
43.91960232568089 37.11185658292685
43.91961190566899 37.11816165564231
43.91962148818625 37.12446672835609
43.919631073233546 37.1307718010682
43.91964066081174 37.13707687377864
43.9196502509217 37.143381946487395
43.91965984356429 37.149687019194495
43.91966943874037 37.15599209189991
43.92731639189307 36.99835743928178
43.927326577935546 37.004662510993064
43.92733676666346 37.010967582702456
43.92734695807771 37.017272654409936
43.92735715217924 37.02357772611554
43.92736734896894 37.02988279781924
43.92737754844774 37.03618786952104
43.927387750616546 37.04249294122092
43.92739795547629 37.04879801291893
43.92740816302788 37.05510308461502
43.927418373272225 37.06140815630923
43.927428586210254 37.06771322800151
43.92743880184289 37.07401829969191
43.92744902017105 37.08032337138041
43.927459241195656 37.08662844306698
43.927469464917614 37.09293351475166
43.92747969133786 37.09923858643443
43.9274899204573 37.10554365811531
43.92750015227688 37.11184872979427
43.92751038679749 37.11815380147133
43.92752062402008 37.124458873146466
43.92753086394557 37.13076394481971
43.927541106574864 37.13706901649103
43.9275513519089 37.143374088160456
43.9275718506949 37.15598423149356
43.93518079833261 36.98573894598216
43.93519163009519 36.99204401659526
43.93520246471301 36.99834908720619
43.935213302187016 37.00465415781499
43.93522414251821 37.01095922842165
43.935234985707545 37.01726429902615
43.935245831756 37.02356936962851
43.93525668066456 37.02987444022872
43.93526753243418 37.03617951082678
43.93527838706586 37.042484581422684
43.93528924456055 37.048789652016445
43.93530010491924 37.055094722608054
43.935310968142915 37.06139979319751
43.93532183423253 37.06770486378481
43.93533270318909 37.07400993436997
43.93534357501355 37.080315004952965
43.9353544497069 37.0866200755338
43.93536532727011 37.09292514611248
43.935376207704174 37.099230216689016
43.93538709101006 37.10553528726338
43.93539797718875 37.1118403578356
43.93540886624123 37.11814542840565
43.93541975816848 37.12445049897354
43.93543065297148 37.13075556953926
43.93544155065122 37.13706064010283
43.93545245120867 37.14336571066425
43.93546335464481 37.149670781223485
43.93547426096065 37.15597585178056
43.943065567026785 36.98573007865375
43.94307704987689 36.992035148096555
43.94308853575385 36.99834021753696
43.9431000246587 37.00464528697494
43.94311151659246 37.01095035641053
43.94312301155617 37.0172554258437
43.94313450955085 37.023560495274445
43.94314601057756 37.029865564702774
43.943157514637306 37.03617063412871
43.94316902173114 37.04247570355221
43.94318053186008 37.04878077297331
43.94319204502518 37.055085842391975
43.943203561227456 37.061390911808225
43.943215080467965 37.067695981222066
43.94322660274772 37.07400105063347
43.943238128067776 37.08030612004247
43.94324965642917 37.08661118944904
43.943261187832924 37.09291625885319
43.9432727222801 37.09922132825491
43.94328425977171 37.10552639765421
43.94329580030881 37.11183146705108
43.94330734389244 37.118136536445526
43.94331889052364 37.12444160583754
43.943330440203454 37.13074667522713
43.94334199293291 37.13705174461429
43.943353548713056 37.14335681399902
43.94336510754494 37.14966188338132
43.943376669429604 37.15596695276119
43.95097460490866 36.99833083027438
43.95098674524359 37.004635898473225
43.95099888877918 37.01094096666939
43.951011035516515 37.01724603486287
43.95103533860079 37.02985617124173
43.95104749494992 37.036161239427116
43.95105965450516 37.0424663076098
43.951071817267604 37.04877137578979
43.95108398323835 37.055076443967074
43.95109615241849 37.061381512141665
43.95110832480913 37.06768658031355
43.95112050041135 37.07399164848273
43.95113267922625 37.080296716649215
43.95114486125493 37.086601784813
43.95115704649848 37.09290685297407
43.95116923495801 37.099211921132415
43.9511814266346 37.10551698928808
43.951193621529356 37.111822057441024
43.95120581964339 37.11812712559126
43.951218020977784 37.12443219373879
43.95123022553365 37.13073726188361
43.951242433312075 37.13704233002571
43.95125464431417 37.14334739816509
43.95126685854104 37.14965246630177
43.95127907599377 37.15595753443572
43.95889905748153 37.01723612608397
43.95893747326482 37.036151326722305
43.95895028528068 37.04245639359574
43.95896310067584 37.04876146046621
43.95897591945145 37.055066527333665
43.958988741608664 37.061371594198135
43.95900156714864 37.067676661059586
43.959014396072526 37.073981727918046
43.95902722838147 37.080286794773514
43.959040064076646 37.08659186162597
43.9590529031592 37.09289692847541
43.959065745630284 37.09920199532186
43.959078591491064 37.1055070621653
43.95909144074269 37.11181212900574
43.95910429338632 37.118117195843176
43.959117149423115 37.124422262677584
43.95913000885423 37.13072732950898
43.95914287168083 37.13703239633738
43.959168607525136 37.149642529985144
43.96677362706197 37.01092063399832
43.966787077344144 37.01722569950734
43.9668813286906 37.06136115797794
43.96689480737908 37.0676662234605
43.96690828962379 37.07397128893974
43.96692177542596 37.080276354415666
43.96693526478679 37.086581419888276
43.96694875770751 37.09288648535757
43.966962254189326 37.09919155082354
43.966975754233445 37.1054966162862
43.96698925784109 37.11180168174554
43.96700276501349 37.11810674720156
43.967016275751845 37.124411812654245
43.96702979005739 37.130716878103605
44.57897080763595 36.71218917804726
