# successful candidates for region at (287.17088047732227, -36.57701290271411) and radius 1.0
286.24944052745565 -36.46988375476005
286.2495897706579 -36.45733673690248
286.24966436310524 -36.45106322781903
286.2497389361254 -36.444789718632556
286.24981348972494 -36.43851620934306
286.2498880239102 -36.4322426999506
286.2499625386878 -36.425969190455206
286.25003703406423 -36.419695680856904
286.25011151004594 -36.41342217115576
286.25018596663944 -36.40714866135178
286.25033482168766 -36.39460164143549
286.2504835992607 -36.382054621108345
286.2505579590102 -36.3757811107908
286.25720093494454 -36.47621734342756
286.25749688410514 -36.45112327642727
286.25757082322394 -36.44484975942386
286.25764474308716 -36.438576242319165
286.2577186437011 -36.43230272511326
286.2577925250724 -36.42602920780615
286.25786638720723 -36.41975569039789
286.25801405379383 -36.40720865527806
286.2580878582584 -36.400935137566556
286.2581616435124 -36.39466161975403
286.25823540956213 -36.38838810184054
286.2583091564141 -36.3821145838261
286.2583828840747 -36.37584106571076
286.25845659255043 -36.36956754749456
286.25875123473196 -36.3444734736218
286.265109386946 -36.470003386006425
286.2651827494689 -36.46372986155161
286.265256092882 -36.457456336997154
286.2653294171917 -36.4511828123431
286.2654027224044 -36.444909287589475
286.2654760085266 -36.43863576273631
286.2655492755646 -36.43236223778365
286.2656225235247 -36.42608871273152
286.2656957524134 -36.419815187579964
286.265768962237 -36.41354166232902
286.265842153002 -36.407268136978715
286.2659153247146 -36.40099461152908
286.2659884773813 -36.39472108598016
286.26606161100847 -36.388447560332
286.26613472560234 -36.38217403458461
286.2729438347388 -36.4700624322887
286.2730165628554 -36.46378890014526
286.2730892720275 -36.457515367903895
286.2731619622613 -36.45124183556463
286.2732346335633 -36.444968303127524
286.2733072859398 -36.43869477059258
286.27345253394134 -36.4261477052294
286.27367026416044 -36.40732710645182
286.27374280311653 -36.401053573330685
286.27381532319134 -36.394780040111975
286.27396030672236 -36.382232973381974
286.2740327701912 -36.37595943987075
286.28070618193357 -36.47639450534356
286.2807782944249 -36.470120965674525
286.28085038813066 -36.46384742590923
286.2809945192105 -36.45130034608997
286.2813545186013 -36.41993264485973
286.281498387166 -36.4073855636955
286.28157029336086 -36.40111202296951
286.2816421808391 -36.394838482147605
286.28171404960705 -36.38856494122988
286.28185773103684 -36.376017859107
286.2892552299279 -36.41371705687794
286.2893265219152 -36.407443508707914
286.28939779534437 -36.40116996044365
286.2894690502215 -36.394896412085195
286.28954028655295 -36.388622863632555
286.2970840092526 -36.413774497130525
286.29715466830487 -36.4075009414872
286.2972253089637 -36.4012273857513
286.30498282623165 -36.40755786203152
286.3127416024235 -36.41388784072907
286.3356874892339 -36.46424274687088
286.46292057427195 -36.2580199501331
286.47860278627724 -36.25183776776145
286.5100129092003 -36.23319347210542
286.51011922681295 -36.22064600452048
286.5102254892008 -36.208098536725
286.51787621840407 -36.226962665840674
286.5179287421786 -36.22068892645199
286.51798125230994 -36.21441518701191
286.52568637044266 -36.227005082988995
286.5257382660873 -36.22073133809664
286.5349778982898 -36.045108210400386
286.54287042354923 -36.03260193734826
286.5429206571879 -36.02632818017402
286.5496662866416 -36.15811789867483
286.54981585354926 -36.139296613982275
286.55080999693183 -36.01382137205189
286.55756804291013 -36.14561068330152
286.5576172595798 -36.139336916467194
286.5585499544481 -36.02013533804045
286.5586478658273 -36.00758780252399
286.5652728638354 -36.15819802536198
286.5653700829617 -36.14565048151019
286.56541867360215 -36.139376709518146
286.565467251633 -36.133102937482
286.56643617067755 -36.00762748752638
286.5732200955146 -36.13941599313385
286.5732680476756 -36.133142216007165
286.5742244833538 -36.00766666447666
286.5742721750775 -36.00139288645148
286.5805950353208 -36.19591880478979
286.5806424723183 -36.189645023015636
286.5809741866427 -36.145728549422515
286.58196572230617 -36.013979116358485
286.5820128037552 -36.007705333373565
286.58210693005935 -35.99515776727919
286.58215397492245 -35.98888398416974
286.58844892256553 -36.18968332746517
286.5897546729701 -36.014017282137466
286.58980113178103 -36.00774349421592
286.5898475785538 -36.001469706253935
286.58989401329256 -35.99519591825151
286.5899404360012 -35.9889221302087
286.5975894673303 -36.00778114700249
286.59763529162325 -36.00150735417065
286.59768110404343 -35.99523356129947
286.59772690459477 -35.988959768388966
286.5977726932811 -35.98268597543913
286.60533259677663 -36.014092089329786
286.6053778103023 -36.0078182917321
286.60542301211257 -36.00154449409613
286.6054682022113 -35.99527069642187
286.60551338060236 -35.98899689870933
286.6055585472896 -35.982723100958545
286.61074161814946 -36.34664020095608
286.61307696728073 -36.02040253304067
286.61325530769534 -35.99530732361752
286.61334440860867 -35.982759718682566
286.61338894175526 -35.976485916159284
286.61343346336685 -35.97021211359881
286.6194088243293 -36.22747428075705
286.61967479862363 -36.189831445576324
286.61971908738985 -36.18355763958471
286.62082257923043 -36.02671247793991
286.6208665702564 -36.02043867100144
286.62091054988207 -36.01416486402675
286.6210424203948 -35.99534344288531
286.62108635445696 -35.989069635765766
286.6211302771376 -35.98279582861004
286.6211741884406 -35.97652202141814
286.62121808836963 -35.9702482141901
286.62739392872186 -36.20241482132644
286.62743761298066 -36.19614101076927
286.62748128589567 -36.18986720017651
286.62752494747053 -36.183593389548186
286.62856943301387 -36.033021923832216
286.6286128123072 -36.02674811231891
286.6286561803579 -36.020474300770374
286.62874288274634 -36.00792667756761
286.62878621709154 -36.00165286591344
286.62882954020904 -35.995379054224074
286.6288728521025 -35.989105242499534
286.6289161527757 -35.98283143073983
286.62895944223226 -35.97655761894499
286.629002720476 -35.970283807115
286.6290459875106 -35.96400999524989
286.63520167796986 -36.20245007509753
286.63524473470875 -36.196176259967736
286.63533081464755 -36.18362862960446
286.63636029625775 -36.03305705449784
286.6364030524116 -36.02678323843918
286.63644579748427 -36.020509422346294
286.63648853147953 -36.01423560621919
286.63657396625234 -36.001687973862374
286.63661666703723 -35.99541415763269
286.6366593567593 -35.98914034136884
286.6367020354223 -35.98286652507083
286.6367447030298 -35.976592708738664
286.6367873595855 -35.97031889237237
286.63683000509315 -35.96404507597195
286.6368726395562 -35.95777125953743
286.63691526297845 -35.95149744306882
286.64313668881886 -36.18366335975244
286.6431790849921 -36.17738954001553
286.6435178584328 -36.12719898091441
286.64356015567455 -36.1209251608762
286.64415116643096 -36.033091676837834
286.64419329944263 -36.026817856299616
286.64423542153463 -36.02054403572813
286.64427753271065 -36.01427021512344
286.64431963297426 -36.007996394485524
286.644361722329 -36.0017225738144
286.64440380077866 -35.99544875311008
286.64444586832667 -35.989174932372585
286.6444879249768 -35.98290111160191
286.6445299707325 -35.9766272907981
286.6445720055975 -35.97035346996113
286.6446140295754 -35.964079649091026
286.64465604266974 -35.9578058281878
286.64469804488414 -35.95153200725146
286.65090078989823 -36.189971404132685
286.6509425698826 -36.18369757999099
286.651318102022 -36.12723316125228
286.65135977369016 -36.12095933678559
286.6514430845945 -36.10841168775489
286.6514847238379 -36.10213786319091
286.65223238670393 -35.98920901550968
286.65227382133844 -35.98293519033202
286.6523152452398 -35.976661365122176
286.65235665841146 -35.97038753988017
286.65243945257987 -35.95783988929968
286.6524808335838 -35.951566063961224
286.65252220387225 -35.94529223859062
286.6587484577369 -36.18373129031906
286.65878959983417 -36.17745746177359
286.65883073124996 -36.17118363319655
286.65887185198784 -36.164909804587936
286.65920043391225 -36.11471917458429
286.6592414587086 -36.10844534569215
286.65928247286246 -36.10217151676856
286.65932347637744 -36.09589768781353
286.659364469257 -36.089623858827075
286.65940545150465 -36.08335002980921
286.65997808859817 -35.9955164202668
286.66001891179025 -35.989242590779064
286.66022286918616 -35.957873442872
286.660263628977 -35.95159961319701
286.6603043782132 -35.94532578349084
286.6663921868019 -36.20885982183152
286.6665948673351 -36.177490657884974
286.66663537187173 -36.17121682500379
286.66667586589324 -36.16494299209197
286.666716349403 -36.158669159149575
286.6667568224046 -36.15239532617659
286.6667972849015 -36.146121493173034
286.666999439938 -36.114752327697026
286.66703983948014 -36.108478494510265
286.6670802285419 -36.102204661292994
286.6671206071269 -36.095930828045255
286.6671609752386 -36.08965699476703
286.66728201676835 -36.0708354947496
286.66748354350904 -36.039466327445425
286.6680464309632 -35.9516326549578
286.67331951889184 -36.34691693511744
286.67335967736983 -36.34064309880317
286.67339982540176 -36.334369262458935
286.6742005977383 -36.20889252930081
286.67440014142016 -36.177523344149876
286.67444001907506 -36.17124950703062
286.6744798863775 -36.1649756698817
286.6745197433311 -36.15870183270312
286.67455958993895 -36.1524279954949
286.6745994262048 -36.14615415825705
286.6746392521319 -36.13988032098957
286.6746790677238 -36.133606483692475
286.6747188729839 -36.12733264636579
286.67475866791557 -36.12105880900949
286.67479845252234 -36.11478497162362
286.6748382268076 -36.10851113420819
286.6748779907747 -36.10223729676319
286.6749177444272 -36.095963459288654
286.67495748776844 -36.089689621784565
286.6754732144367 -36.008129731548166
286.6812208311214 -36.33440154347689
286.6820483169397 -36.202650885444484
286.6821268898633 -36.19010320306341
286.6821661610236 -36.18382936182971
286.68220542198736 -36.177555520567246
286.68224467275803 -36.17128167927604
286.68228391333906 -36.16500783795609
286.6823231437337 -36.15873399660741
286.68236236394546 -36.15246015523001
286.68240157397764 -36.1461863138239
286.68244077383366 -36.139912472389085
286.68247996351687 -36.13363863092558
286.68251914303073 -36.12736478943341
286.68255831237855 -36.121090947912556
286.68259747156367 -36.11481710636306
286.68263662058956 -36.1085432647849
286.6826757594595 -36.10226942317811
286.682714888177 -36.09599558154269
286.6827540067453 -36.089721739878655
286.6827931151678 -36.08344789818602
286.68283221344785 -36.07717405646477
286.68287130158893 -36.07090021471494
286.68291037959426 -36.064626372936544
286.6831056177033 -36.03325716361621
286.6832616260906 -36.008161795646615
286.689002957523 -36.34070715765897
286.68908071893037 -36.32815946829089
286.68919728521854 -36.309337934028186
286.68927494556806 -36.296790244379466
286.6898947770877 -36.19640872316019
286.6899334310727 -36.19013487784668
286.6899720750206 -36.183861032505305
286.6900107089349 -36.17758718713607
286.6900493328189 -36.171313341739015
286.6900879466759 -36.165039496314115
286.69012655050926 -36.158765650861405
286.6901651443223 -36.15249180538088
286.6902037281184 -36.14621795987256
286.69024230190075 -36.13994411433645
286.69028086567283 -36.13367026877255
286.69031941943797 -36.12739642318089
286.6903579631994 -36.12112257756147
286.6903964969605 -36.1148487319143
286.6904350207245 -36.10857488623939
286.6904735344949 -36.10230104053674
286.69051203827485 -36.096027194806375
286.6905505320678 -36.0897533490483
286.6905890158769 -36.08347950326253
286.6906274897056 -36.07720565744906
286.69066595355713 -36.070931811607906
286.6907044074349 -36.064657965739094
286.6908581232738 -36.0395625819873
286.6908965273321 -36.03328873598027
286.69093492143634 -36.02701488994563
286.69097330558986 -36.02074104388339
286.6915096407609 -35.93290719611922
286.6967863425897 -36.34701226843331
286.69682460716456 -36.34073841972734
286.6970157808045 -36.309369175789776
286.6975116706956 -36.227809138379115
286.6976639154735 -36.202713741333085
286.69770195195815 -36.1964398920041
286.6977399785653 -36.19016604264815
286.6977779952985 -36.18389219326522
286.69785399915565 -36.17134449441854
286.69789198628627 -36.16507064495479
286.69792996355585 -36.15879679546411
286.69796793096776 -36.152522945946544
286.6980058885253 -36.146249096402045
286.6980438362317 -36.13997524683066
286.6980817740902 -36.133701397232386
286.6981197021041 -36.12742754760723
286.69815762027673 -36.12115369795522
286.69819552861134 -36.11487984827636
286.6982334271112 -36.108605998570646
286.69827131577944 -36.10233214883809
286.6983091946195 -36.0960582990787
286.6983470636345 -36.08978444929251
286.69838492282787 -36.083510599479496
286.6984227722027 -36.07723674963969
286.6984606117624 -36.07096289977307
286.69849844151014 -36.064689049879696
286.6986874431833 -36.033319800011434
286.69872521412765 -36.02704594995756
286.69876297528276 -36.020772099876986
286.69883846823836 -36.00822439963574
286.6988762000454 -36.00195054947507
286.6992906054029 -35.932938195949305
286.69932822010855 -35.926664345469156
286.70460862977666 -36.34704302292487
286.70513460591343 -36.25920908268514
286.7052470662372 -36.240387523393814
286.70528453353324 -36.23411367024438
286.70532199109545 -36.227839817068805
286.7053594389271 -36.22156596386709
286.7053968770313 -36.21529211063926
286.7054343054115 -36.20901825738531
286.70547172407066 -36.202744404105246
286.70550913301224 -36.196470550799084
286.7055465322394 -36.190196697466824
286.7055839217553 -36.1839228441085
286.70562130156327 -36.1776489907241
286.7056586716665 -36.17137513731364
286.7056960320683 -36.16510128387712
286.70573338277177 -36.15882743041456
286.7057707237801 -36.152553576925975
286.7058080550967 -36.14627972341136
286.70584537672465 -36.140005869870734
286.7058826886672 -36.133732016304094
286.7059199909276 -36.12745816271146
286.70595728350906 -36.12118430909283
286.70599456641474 -36.11491045544824
286.7060318396479 -36.10863660177768
286.70606910321175 -36.102362748081156
286.7061063571095 -36.09608889435869
286.7061436013443 -36.08981504061026
286.70618083591944 -36.083541186835916
286.70621806083807 -36.07726733303565
286.70625527610343 -36.07099347920946
286.7062924817187 -36.06471962535737
286.70632967768717 -36.0584457714794
286.70647836515604 -36.03335035570871
286.7065155129381 -36.027076501701394
286.7065526510924 -36.02080264766823
286.7065897796222 -36.01452879360925
286.7066268985307 -36.00825493952444
286.7070715761285 -35.93296868849603
286.7071085702493 -35.926694834076386
286.7071455547934 -35.92042097963105
286.7123939115138 -36.35334712238375
286.71243092310254 -36.34707326577459
286.71246792506315 -36.34079940913999
286.71250491739875 -36.334525552479974
286.7129111987593 -36.265513127543954
286.71294807584525 -36.25923927057948
286.7129849433479 -36.252965413589706
286.71302180127043 -36.24669155657462
286.71305864961596 -36.24041769953425
286.7130954883878 -36.23414384246859
286.71313231758904 -36.227869985377644
286.7131691372229 -36.22159612826145
286.71320594729247 -36.215322271119994
286.71324274780113 -36.20904841395328
286.713279538752 -36.20277455676134
286.71331632014807 -36.19650069954417
286.71335309199276 -36.190226842301755
286.7133898542891 -36.18395298503415
286.7134266070404 -36.177679127741335
286.7134633502497 -36.171405270423335
286.7135000839203 -36.16513141308013
286.7135368080552 -36.158857555711776
286.71357352265767 -36.15258369831823
286.71361022773095 -36.14630984089954
286.71364692327813 -36.1400359834557
286.71368360930234 -36.133762125986706
286.7137202858068 -36.12748826849259
286.7137569527947 -36.12121441097335
286.71379361026914 -36.11494055342901
286.71383025823326 -36.10866669585955
286.7138668966903 -36.10239283826499
286.7139035256434 -36.09611898064536
286.7139401450956 -36.08984512300064
286.7139767550502 -36.08357126533085
286.71401335551036 -36.07729740763602
286.71404994647907 -36.07102354991611
286.71408652795964 -36.06474969217117
286.7141230999551 -36.0584758344012
286.714378838606 -36.01455882931121
286.71488892637103 -35.926724815464844
286.7149252904886 -35.92045095714639
286.72028959311416 -36.340829136482355
286.7203259543033 -36.33455527595862
286.72036230603476 -36.32828141541033
286.72065277979095 -36.278090530140915
286.7206890465457 -36.27181666937197
286.7207253038744 -36.26554280857857
286.72076155178013 -36.2592689477607
286.72079779026603 -36.25299508691837
286.7208340193352 -36.246721226051605
286.72087023899087 -36.240447365160385
286.72090644923605 -36.234173504244744
286.72094265007394 -36.22789964330468
286.7209788415077 -36.22162578234021
286.72101502354036 -36.215351921351335
286.72105119617515 -36.209078060338065
286.7210873594152 -36.20280419930042
286.72112351326365 -36.19653033823838
286.7211596577235 -36.19025647715199
286.72119579279797 -36.18398261604124
286.72123191849016 -36.17770875490613
286.72126803480324 -36.17143489374668
286.7213041417403 -36.1651610325629
286.7213402393044 -36.158887171354785
286.72137632749866 -36.152613310122376
286.7214124063263 -36.14633944886563
286.7214484757904 -36.14006558758461
286.7214845358939 -36.133791726279284
286.72152058664017 -36.12751786494969
286.7215566280322 -36.121244003595805
286.72159266007304 -36.114970142217686
286.72162868276587 -36.10869628081529
286.7216646961138 -36.10242241938865
286.72170070011987 -36.09614855793778
286.72173669478724 -36.089874696462665
286.721772680119 -36.08360083496335
286.7218086561182 -36.0773269734398
286.721844622788 -36.07105311189206
286.7218805801315 -36.06477925032013
286.7219165281517 -36.058505388724
286.7227407664986 -35.91420656535751
286.7227764916856 -35.90793270318349
286.72843250315424 -36.28439357250593
286.72846814966493 -36.27811970797185
286.72850378691 -36.271845843414134
286.72853941489257 -36.26557197883279
286.7285750336157 -36.259298114227825
286.7286106430825 -36.25302424959925
286.728646243296 -36.24675038494706
286.7286818342594 -36.24047652027129
286.7287174159757 -36.23420265557191
286.728752988448 -36.22792879084897
286.7287885516793 -36.22165492610245
286.7288241056728 -36.21538106133237
286.7288596504315 -36.20910719653873
286.7288951859585 -36.20283333172155
286.72893071225684 -36.19655946688083
286.72896622932967 -36.19028560201657
286.72900173718 -36.184011737128806
286.72903723581084 -36.17773787221751
286.72907272522536 -36.17146400728274
286.72910820542654 -36.165190142324455
286.72914367641755 -36.158916277342676
286.72917913820135 -36.15264241233743
286.7292145907811 -36.14636854730871
286.72925003415975 -36.140094682256525
286.72928546834044 -36.13382081718089
286.72932089332613 -36.12754695208181
286.72935630911996 -36.121273086959285
286.729391715725 -36.114999221813335
286.7294271131442 -36.10872535664397
286.72946250138074 -36.10245149145119
286.7294978804376 -36.096177626235004
286.7295332503178 -36.089903760995426
286.7295686110244 -36.08362989573246
286.7296039625605 -36.07735603044611
286.7296393049291 -36.07108216513639
286.72967463813325 -36.06480829980332
286.7305198935797 -35.9142355248223
286.7305549986569 -35.907961658907865
286.7362485085089 -36.28442224314615
286.7362835253439 -36.27814837488882
286.73631853307694 -36.27187450660867
286.73635353171113 -36.26560063830572
286.73638852124947 -36.259326769979964
286.7364235016949 -36.25305290163143
286.73645847305056 -36.24677903326011
286.73649343531946 -36.24050516486603
286.73652838850455 -36.23423129644918
286.73656333260897 -36.22795742800958
286.73659826763566 -36.22168355954724
286.73663319358764 -36.21540969106215
286.736668110468 -36.20913582255434
286.7367030182797 -36.202861954023795
286.7367379170257 -36.19658808547055
286.7367728067092 -36.19031421689459
286.73680768733306 -36.18404034829594
286.73684255890043 -36.1777664796746
286.7368774214141 -36.17149261103058
286.7369122748773 -36.165218742363884
286.73694711929295 -36.15894487367452
286.73698195466403 -36.15267100496251
286.73701678099354 -36.14639713622784
286.73705159828455 -36.14012326747053
286.7370864065401 -36.13384939869059
286.737121205763 -36.127575529888034
286.7371559959565 -36.12130166106286
286.73719077712343 -36.11502779221507
286.73722554926684 -36.10875392334468
286.7372603123897 -36.10248005445169
286.7372950664951 -36.09620618553613
286.73732981158594 -36.08993231659798
286.7373645476652 -36.08365844763727
286.7373992747359 -36.077384578654005
286.7374339928011 -36.07111070964819
286.73746870186363 -36.064836840619826
286.73750340192663 -36.05856297156892
286.73829902633634 -35.91426397719658
286.7383335113015 -35.90799010760721
286.74403012346977 -36.29072427469742
286.7440645195682 -36.28445040280516
286.7440989067253 -36.27817653089091
286.74413328494416 -36.27190265895466
286.74416765422774 -36.26562878699641
286.744202014579 -36.259354915016196
286.7442363660009 -36.253081043013985
286.74427070849646 -36.24680717098983
286.7443050420686 -36.2405332989437
286.74433936672034 -36.23425942687563
286.74437368245464 -36.22798555478561
286.74440798927446 -36.22171168267366
286.7444422871828 -36.21543781053978
286.74447657618254 -36.20916393838399
286.74451085627675 -36.20289006620627
286.74454512746837 -36.19661619400666
286.74457938976025 -36.19034232178515
286.7446136431555 -36.18406844954174
286.744647887657 -36.17779457727647
286.74468212326775 -36.17152070498931
286.74471634999065 -36.165246832680296
286.7447505678287 -36.158972960349416
286.74478477678485 -36.1526990879967
286.744818976862 -36.14642521562213
286.74485316806323 -36.140151343225725
286.74488735039137 -36.1338774708075
286.74492152384937 -36.12760359836747
286.74495568844026 -36.1213297259056
286.7449898441669 -36.11505585342196
286.7450239910323 -36.1087819809165
286.74505812903936 -36.102508108389266
286.74509225819105 -36.09623423584025
286.7451263784903 -36.08996036326946
286.74516048994 -36.08368649067691
286.74519459254316 -36.077412618062596
286.74522868630265 -36.07113874542654
286.7452627712215 -36.06486487276874
286.74539902254844 -36.039769381920294
286.74601040866014 -35.92683966881242
286.74604429104954 -35.92056579565672
286.74607816466823 -35.914291922479464
286.74611202951917 -35.90801804928065
286.74614588560524 -35.90174417606029
286.75184676997503 -36.29075192696564
286.7518805362296 -36.28447805148202
286.7519142937067 -36.27820417597722
286.75194804240914 -36.27193030045121
286.7519817823399 -36.265656424904
286.75201551350193 -36.259382549335626
286.7520492358981 -36.253108673746056
286.75208294953137 -36.24683479813531
286.7521166544047 -36.24056092250343
286.7521503505208 -36.23428704685036
286.75218403788284 -36.22801317117617
286.75221771649365 -36.22173929548084
286.7522513863561 -36.215465419764364
286.7522850474731 -36.20919154402679
286.7523186998476 -36.20291766826807
286.7523523434825 -36.19664379248826
286.75238597838074 -36.19036991668734
286.7524196045452 -36.18409604086532
286.7524532219787 -36.177822165022214
286.7524868306843 -36.17154828915804
286.7525204306648 -36.16527441327279
286.7525540219231 -36.15900053736648
286.7525876044621 -36.15272666143911
286.7526211782848 -36.14645278549069
286.75265474339403 -36.14017890952123
286.7526882997926 -36.13390503353073
286.75272184748354 -36.12763115751921
286.7527553864697 -36.121357281486674
286.7527889167539 -36.11508340543312
286.7528224383391 -36.10880952935856
286.7528559512282 -36.10253565326302
286.75288945542405 -36.09626177714646
286.75292295092953 -36.08998790100895
286.75295643774757 -36.08371402485046
286.752989915881 -36.07744014867099
286.75302338533277 -36.07116627247057
286.7530568461057 -36.06489239624919
286.7531571763803 -36.04607076745944
286.75319060246676 -36.03979689115433
286.75389055320977 -35.90804548392729
286.7596965583906 -36.28450518917588
286.75972968618544 -36.27823131014687
286.75976280536935 -36.271957431097434
286.7597959159452 -36.2656835520276
286.7598290179159 -36.259409672937366
286.7598621112841 -36.25313579382672
286.759895196053 -36.24686191469571
286.75992827222524 -36.2405880355443
286.75996133980374 -36.23431415637253
286.7599943987913 -36.22804027718039
286.76002744919094 -36.22176639796789
286.7600604910054 -36.21549251873505
286.76009352423756 -36.20921863948185
286.76012654889024 -36.20294476020832
286.76015956496633 -36.19667088091447
286.7601925724687 -36.19039700160029
286.7602255714002 -36.184123122265795
286.7602585617637 -36.177849242910995
286.76029154356195 -36.1715753635359
286.76032451679794 -36.165301484140514
286.7603574814744 -36.159027604724834
286.7603904375942 -36.15275372528888
286.7604233851602 -36.146479845832644
286.7604563241753 -36.140205966356156
286.76048925464227 -36.13393208685941
286.76052217656394 -36.12765820734241
286.76055508994324 -36.121384327805174
286.7605879947829 -36.115110448247705
286.7606208910858 -36.10883656866999
286.7606537788548 -36.10256268907207
286.7606866580927 -36.09628880945394
286.7607195288024 -36.0900149298156
286.76075239098657 -36.08374105015706
286.76078524464816 -36.07746717047833
286.76081808979006 -36.07119329077941
286.76085092641495 -36.064919411060316
286.76088375452576 -36.05864553132105
286.76091657412525 -36.05237165156163
286.7616038245939 -35.920620171968686
286.7617016984453 -35.90179853130509
286.7674800793879 -36.29080569835308
286.7675125859485 -36.28453181588587
286.76754508405907 -36.27825793339901
286.76757757372235 -36.271984050892506
286.76761005494114 -36.26571016836635
286.7676425277183 -36.25943628582056
286.7676749920567 -36.25316240325516
286.76770744795897 -36.246888520670126
286.76773989542806 -36.24061463806549
286.76777233446677 -36.234340755441245
286.76780476507787 -36.22806687279739
286.76783718726426 -36.22179299013396
286.76786960102856 -36.215519107450945
286.76790200637373 -36.209245224748344
286.76793440330255 -36.202971342026174
286.7679667918178 -36.196697459284444
286.7679991719222 -36.19042357652316
286.7680315436187 -36.18414969374232
286.76806390690996 -36.17787581094194
286.76809626179886 -36.17160192812202
286.76812860828824 -36.16532804528257
286.76816094638076 -36.159054162423615
286.7681932760793 -36.15278027954514
286.76822559738656 -36.14650639664714
286.7682579103054 -36.14023251372965
286.76829021483866 -36.13395863079267
286.76832251098904 -36.127684747836206
286.76835479875933 -36.12141086486026
286.76838707815244 -36.11513698186483
286.7684193491709 -36.108863098849945
286.76845161181774 -36.1025892158156
286.7684838660956 -36.0963153327618
286.7685161120073 -36.09004144968855
286.76854834955566 -36.08376756659587
286.7685805787434 -36.07749368348375
286.7686127995733 -36.0712198003522
286.7686450120481 -36.064945917201264
286.76867721617066 -36.058672034030884
286.7687094119437 -36.05239815084112
286.7692234110332 -35.952016017171495
286.76938359933104 -35.920646599385854
286.76941561211294 -35.91437271577094
286.7694476166087 -35.90809883213679
286.769479612821 -35.90182494848337
286.7695116007527 -35.89555106481076
286.77529674209035 -36.2908318174706
286.77532861880087 -36.28455793161115
286.77536048722504 -36.27828404573279
286.7753923473656 -36.272010159835546
286.7754241992253 -36.265736273919416
286.7754560428069 -36.2594623879844
286.77548787811327 -36.25318850203051
286.77551970514696 -36.24691461605776
286.7755515239109 -36.24064073006615
286.7755833344077 -36.23436684405567
286.7756151366403 -36.22809295802636
286.7756469306113 -36.22181907197821
286.7756787163235 -36.215545185911225
286.7757104937796 -36.2092712998254
286.7757422629825 -36.20299741372077
286.7757740239348 -36.196723527597335
286.77580577663923 -36.19044964145509
286.77583752109865 -36.18417575529404
286.77586925731566 -36.1779018691142
286.77590098529316 -36.17162798291557
286.7759327050338 -36.165354096698174
286.7759644165403 -36.159080210461994
286.77599611981555 -36.15280632420705
286.77602781486206 -36.146532437933345
286.77605950168265 -36.14025855164089
286.77609118028016 -36.133984665329685
286.77612285065715 -36.12771077899975
286.77615451281656 -36.12143689265108
286.7761861667609 -36.11516300628368
286.77621781249303 -36.10888911989757
286.77624945001565 -36.10261523349274
286.77628107933145 -36.0963413470692
286.7763127004432 -36.09006746062697
286.7763443133536 -36.083793574166044
286.77637591806547 -36.077519687686426
286.7764075145813 -36.071245801188134
286.776439102904 -36.06497191467117
286.7764706830363 -36.058698028135545
286.7765022549808 -36.052424141581255
286.7765338187403 -36.046150255008314
286.7771633792445 -35.92067251964269
286.7771947717433 -35.914398632679585
286.7772261561166 -35.90812474569796
286.777257532367 -35.901850858697834
286.7772889004971 -35.895576971679226
286.78308215500283 -36.297131314703364
286.7831134099866 -36.2908574255362
286.78314465684497 -36.28458353635087
286.78317589558077 -36.278309647147395
286.7832071261966 -36.27203575792574
286.7832383486952 -36.265761868685956
286.7832695630792 -36.259487979428016
286.7833007693515 -36.25321409015194
286.78333196751464 -36.24694020085774
286.7833631575714 -36.24066631154543
286.7833943395243 -36.234392422214995
286.78342551337636 -36.228118532866446
286.78345667913 -36.22184464349981
286.783487836788 -36.21557075411506
286.7835189863531 -36.20929686471222
286.783550127828 -36.20302297529132
286.7835812612153 -36.19674908585233
286.7836123865178 -36.19047519639526
286.7836435037381 -36.184201306920144
286.78367461287894 -36.17792741742696
286.783705713943 -36.17165352791574
286.78373680693295 -36.165379638386455
286.7837678918515 -36.159105748839146
286.7837989687013 -36.1528318592738
286.7838300374851 -36.14655796969043
286.7838610982055 -36.14028408008904
286.78389215086514 -36.13401019046964
286.78392319546685 -36.127736300832225
286.78395423201323 -36.12146241117683
286.7839852605069 -36.11518852150343
286.7840162809506 -36.108914631812034
286.784047293347 -36.10264074210268
286.7840782976988 -36.09636685237534
286.78410929400854 -36.09009296263003
286.78414028227905 -36.08381907286676
286.784171262513 -36.07754518308553
286.7842022347129 -36.071271293286365
286.78423319888145 -36.064997403469256
286.78426415502145 -36.05872351363421
286.78429510313543 -36.052449623781236
286.7849431642338 -35.9206979327384
286.785035456983 -35.90187626194764
286.78506620530965 -35.89560237164849
286.7850969456791 -35.8893284813316
286.7908994580082 -36.29715641497648
286.79093008297406 -36.29088252254909
286.79096069997837 -36.284608630104245
286.79099130902375 -36.27833473764198
286.7910219101128 -36.272060845162265
286.79105250324835 -36.26578695266515
286.79108308843286 -36.259513060150596
286.7911136656691 -36.253239167618645
286.79114423495963 -36.24696527506929
286.7911747963072 -36.24069138250254
286.79120534971435 -36.23441748991839
286.7912358951838 -36.22814359731686
286.79126643271815 -36.22186970469794
286.79129696231996 -36.21559581206165
286.79132748399206 -36.209321919408
286.791357997737 -36.20304802673697
286.7913885035574 -36.1967741340486
286.79141900145595 -36.19050024134288
286.79144949143523 -36.18422634861982
286.79147997349787 -36.177952455879414
286.7915104476465 -36.17167856312168
286.7915409138838 -36.16540467034663
286.7915713722124 -36.15913077755426
286.79160182263485 -36.15285688474457
286.79163226515385 -36.14658299191758
286.791662699772 -36.1403090990733
286.791693126492 -36.13403520621171
286.79172354531636 -36.12776131333284
286.7917539562478 -36.121487420436694
286.7917843592889 -36.11521352752326
286.7918147544422 -36.10893963459257
286.7918451417105 -36.10266574164461
286.7918755210962 -36.096391848679396
286.79190589260213 -36.09011795569694
286.7919362562307 -36.083844062697224
286.7919666119847 -36.07757016968028
286.7919969598667 -36.071296276646095
286.79202729987924 -36.06502238359469
286.79205763202503 -36.05874849052607
286.79208795630655 -36.05247459744023
286.79269279446476 -35.92699673211808
286.7927229541989 -35.92072283867216
286.7927531061259 -35.91444894520917
286.7927832502484 -35.90817505172911
286.7928133865689 -35.90190115823198
286.79284351509017 -35.89562726471779
286.79287363581454 -35.88935337118655
286.79871676600413 -36.29718100412967
286.79874676095017 -36.290907108508435
286.79877674809836 -36.28463321287046
286.7988067274514 -36.27835931721577
286.7988366990119 -36.272085421544354
286.7988666627823 -36.265811525856215
286.7988966187654 -36.259537630151385
286.79892656696364 -36.25326373442985
286.79895650737967 -36.246989838691604
286.79898644001605 -36.240715942936674
286.7990163648754 -36.23444204716507
286.7990462819604 -36.228168151376785
286.79907619127346 -36.22189425557182
286.7991060928173 -36.2156203597502
286.7991359865944 -36.209346463911906
286.7991658726075 -36.20307256805695
286.799195750859 -36.19679867218537
286.7992256213517 -36.19052477629714
286.7992554840879 -36.18425088039228
286.7992853390705 -36.17797698447077
286.7993151863018 -36.171703088532645
286.7993450257845 -36.1654291925779
286.7993748575212 -36.15915529660655
286.79940468151443 -36.15288140061858
286.79943449776675 -36.14660750461403
286.79946430628087 -36.14033360859287
286.7994941070591 -36.134059712555114
286.7995239001043 -36.12778581650079
286.7995536854188 -36.12151192042989
286.7995834630053 -36.115238024342396
286.79961323286636 -36.108964128238355
286.79964299500455 -36.10269023211775
286.79967274942237 -36.09641633598059
286.79970249612245 -36.090142439826884
286.7997322351073 -36.08386854365665
286.7997619663795 -36.07759464746985
286.79979168994157 -36.07132075126654
286.7998214057962 -36.06504685504671
286.7998511139458 -36.05877295881035
286.79988081439296 -36.05249906255748
286.8005027490393 -35.92074723744321
286.80056180467176 -35.90819944419751
286.80059132102457 -35.9019255475501
286.8006208297385 -35.89565165088632
286.8006503308159 -35.88937775420619
286.806504706327 -36.30347898089483
286.80653407888786 -36.29720508216217
286.80656344381214 -36.29093118341347
286.80659280110245 -36.284657284648745
286.80662215076126 -36.27838338586798
286.80665149279116 -36.2721094870712
286.80668082719467 -36.26583558825838
286.80671015397434 -36.25956168942956
286.8067394731327 -36.25328779058473
286.80676878467233 -36.2470138917239
286.80679808859566 -36.24073999284707
286.80682738490543 -36.23446609395425
286.80685667360393 -36.228192195045445
286.80688595469394 -36.22191829612067
286.80691522817773 -36.215644397179915
286.80694449405803 -36.20937049822319
286.80697375233734 -36.2030965992505
286.8070030030181 -36.196822700261855
286.80703224610295 -36.19054880125726
286.80706148159436 -36.18427490223673
286.80709070949484 -36.17800100320025
286.80711992980696 -36.17172710414785
286.80714914253326 -36.16545320507951
286.80717834767614 -36.15917930599524
286.80720754523827 -36.15290540689506
286.80723673522203 -36.14663150777897
286.8072659176301 -36.14035760864698
286.80729509246487 -36.13408370949908
286.8073242597289 -36.1278098103353
286.8073534194247 -36.121535911155625
286.8073825715548 -36.11526201196007
286.8074117161217 -36.108988112748634
286.80744085312784 -36.10271421352134
286.80746998257587 -36.09644031427816
286.8074991044682 -36.09016641501913
286.8075282188074 -36.08389251574424
286.80755732559595 -36.07761861645351
286.8076155165311 -36.06507081782452
286.80764460068264 -36.058796918486266
286.8076736772936 -36.052523019132195
286.8081089232792 -35.95841452692579
286.8081378795792 -35.95214062731927
286.808166828381 -35.94586672769701
286.808195769687 -35.93959282805903
286.8082536298214 -35.92704502873592
286.8083403638666 -35.90822332963344
286.80839814915447 -35.89567553015332
286.8084270305832 -35.88940163038975
286.81432265418346 -36.303502550867634
286.81435139655684 -36.29722864907323
286.81438013145754 -36.290954747263456
286.81440885888804 -36.284680845438324
286.81443757885074 -36.27840694359786
286.8144662913482 -36.27213304174203
286.8144949963829 -36.26585913987088
286.8145236939573 -36.259585237984375
286.814552384074 -36.253311336082554
286.8145810667353 -36.24703743416542
286.8146097419438 -36.240763532232954
286.81463840970196 -36.234489630285175
286.81466707001226 -36.228215728322105
286.8146957228772 -36.22194182634371
286.81472436829927 -36.215667924350036
286.81475300628085 -36.20939402234108
286.81478163682453 -36.203120120316825
286.8148102599327 -36.1968462182773
286.8148388756079 -36.1905723162225
286.8148674838526 -36.18429841415243
286.8148960846692 -36.178024512067104
286.81492467806027 -36.1717506099665
286.8149532640282 -36.165476707850665
286.8149818425755 -36.159202805719566
286.8150104137046 -36.15292890357324
286.81503897741806 -36.14665500141168
286.81506753371815 -36.14038109923488
286.81509608260757 -36.13410719704286
286.81512462408864 -36.12783329483563
286.81515315816387 -36.12155939261317
286.8151816848357 -36.11528549037551
286.81521020410656 -36.10901158812265
286.8152387159789 -36.10273768585459
286.81526722045527 -36.09646378357132
286.8152957175381 -36.090189881272885
286.81532420722976 -36.08391597895927
286.8153526895328 -36.077642076630475
286.8154096319827 -36.06509427192736
286.8156086981745 -36.02117695498927
286.81563710672555 -36.014903052509005
286.81589245269885 -35.95843792950707
286.815920787742 -35.95216402687589
286.8159491154478 -35.94589012422965
286.8159774358185 -35.939616221568336
286.8160057488568 -35.93334231889199
286.81603405456485 -35.92706841620058
286.8160623529452 -35.92079451349412
286.81609064400027 -35.91452061077265
286.81611892773253 -35.908246708036145
286.82214060672425 -36.30352560965184
286.8221687189084 -36.29725170486207
286.82219682378366 -36.29097780005761
286.82222492135253 -36.284703895238465
286.82225301161725 -36.27842999040464
286.8222810945805 -36.272156085556134
286.8223091702446 -36.26588218069295
286.82233723861196 -36.25960827581509
286.82236529968503 -36.25333437092257
286.8223933534662 -36.247060466015405
286.82242139995805 -36.24078656109357
286.8224494391629 -36.234512656157094
286.8224774710831 -36.22823875120599
286.8225054957212 -36.22196484624023
286.82253351307963 -36.21569094125985
286.82256152316074 -36.20941703626483
286.822589525967 -36.203143131255196
286.8226175215008 -36.196869226230945
286.82264550976447 -36.190595321192085
286.8226734907606 -36.18432141613862
286.82270146449156 -36.17804751107055
286.8227294309598 -36.17177360598789
286.82275739016757 -36.16549970089064
286.8227853421174 -36.1592257957788
286.82281328681177 -36.152951890652375
286.82284122425295 -36.14667798551138
286.8228691544434 -36.140404080355815
286.8228970773856 -36.134130175185696
286.822924993082 -36.12785627000101
286.8229529015348 -36.12158236480176
286.8229808027465 -36.11530845958798
286.82300869671957 -36.10903455435964
286.82303658345637 -36.10276064911677
286.8230644629593 -36.096486743859366
286.82309233523074 -36.09021283858745
286.82312020027314 -36.08393893330098
286.82314805808886 -36.077665028000006
286.82317590868035 -36.071391122684524
286.8233984536257 -36.0211998796388
286.82367598670373 -35.95846082453002
286.8237314070962 -35.945913013335115
286.82375910653 -35.93963910771607
286.82378679879196 -35.9333652020826
286.8238144838845 -35.927091296434746
286.8238421618101 -35.92081739077251
286.8238698325709 -35.91454348509589
286.8238974961694 -35.90826957940488
286.823925152608 -35.901995673699496
286.8299310747062 -36.309822064951355
286.82995856384673 -36.30354815724668
286.82998604583986 -36.29727424952798
286.8300135206879 -36.29100034179522
286.83004098839325 -36.28472643404842
286.8300684489584 -36.278452526287595
286.83009590238555 -36.27217861851275
286.8301233486772 -36.265904710723866
286.8301507878357 -36.25963080292097
286.83017821986346 -36.253356895104055
286.8302056447628 -36.247082987273124
286.8302330625362 -36.24080907942821
286.83026047318583 -36.23453517156929
286.83028787671424 -36.22826126369638
286.83031527312374 -36.22198735580948
286.8303426624168 -36.21571344790859
286.83037004459555 -36.209439539993724
286.8303974196626 -36.20316563206489
286.8304247876202 -36.19689172412208
286.8304521484707 -36.190617816165314
286.8304795022166 -36.184343908194585
286.83050684886007 -36.17807000020991
286.8305341884036 -36.17179609221128
286.83056152084947 -36.1655221841987
286.83058884620016 -36.15924827617219
286.8306161644579 -36.152974368131744
286.83064347562515 -36.146700460077376
286.83067077970423 -36.140426552009075
286.83069807669744 -36.13415264392687
286.8307253666072 -36.127878735830734
286.8307526494359 -36.121604827720695
286.8307799251858 -36.11533091959675
286.8308071938593 -36.109057011458916
286.8308344554587 -36.102783103307175
286.83086170998644 -36.09650919514156
286.83091619783613 -36.08396137876866
286.83094343116284 -36.0776874705614
286.83102508877823 -36.05886574585643
286.8310522938696 -36.05259183759372
286.8310794919081 -36.046317929317155
286.83113386683544 -36.03377011272252
286.831161043729 -36.02749620440444
286.8314595251932 -35.95848321199392
286.83148661771736 -35.95220930351022
286.83151370322577 -35.94593539501274
286.83154078172083 -35.93966148650149
286.8315678532049 -35.93338757797648
286.8315949176802 -35.92711366943773
286.8316219751491 -35.92083976088521
286.831649025614 -35.91456585231895
286.83167606907705 -35.908291943738945
286.8317031055407 -35.902018035145204
286.8377496666644 -36.30984410421934
286.83777652544825 -36.303570193651495
286.83783022206757 -36.29102237247556
286.8378570599078 -36.28474846186749
286.8378838907715 -36.27847455124602
286.8379107146609 -36.27220064061117
286.83793753157835 -36.265926729962914
286.8379643415263 -36.25965281930129
286.83799114450693 -36.253378908626274
286.83801794052266 -36.2471049979379
286.8380447295758 -36.240831087236145
286.8380715116686 -36.234557176521044
286.8380982868035 -36.22828326579257
286.83812505498264 -36.222009355050744
286.83815181620844 -36.21573544429556
286.83817857048325 -36.20946153352703
286.83820531780935 -36.203187622745176
286.838232058189 -36.19691371194999
286.8382587916246 -36.19063980114146
286.83828551811837 -36.18436589031962
286.8383122376727 -36.17809197948444
286.8383389502899 -36.17181806863595
286.83836565597215 -36.16554415777416
286.8383923547219 -36.159270246899055
286.8384190465414 -36.15299633601064
286.83844573143296 -36.14672242510894
286.83847240939883 -36.14044851419395
286.8384990804414 -36.134174603265656
286.83852574456296 -36.1279006923241
286.83855240176575 -36.121626781369244
286.83857905205207 -36.115352870401125
286.83860569542423 -36.10907895941974
286.83871219981745 -36.083983315361586
286.83876541058885 -36.071435493253034
286.8388185937679 -36.05888767109153
286.83884517501593 -36.05261375999094
286.8388717493728 -36.04633984887713
286.8388983168407 -36.040065937750086
286.83892487742196 -36.033792026609845
286.83924306806693 -35.958505091898076
286.8392695393289 -35.9522311805865
286.839296003736 -35.94595726926178
286.8393489119951 -35.933409446572924
286.8393753558515 -35.92713553520879
286.83940179286213 -35.920861623831534
286.8394282230293 -35.91458771244115
286.83945464635525 -35.90831380103764
286.8394810628423 -35.90203988962102
286.8395074724926 -35.89576597819131
286.8455420277532 -36.31613954558199
286.84556826300053 -36.30986563223015
286.84559449142597 -36.30359171886554
286.8456207130318 -36.297317805488134
286.84564692782016 -36.29104389209793
286.8456731357935 -36.28476997869496
286.84569933695394 -36.278496065279214
286.8457255313039 -36.27222215185069
286.8457517188455 -36.26594823840941
286.8457778995812 -36.25967432495536
286.8458040735131 -36.253400411488556
286.84583024064347 -36.247126498008996
286.8458564009747 -36.24085258451668
286.845882554509 -36.23457867101164
286.8459087012485 -36.228304757493845
286.8459348411957 -36.222030843963324
286.84596097435264 -36.21575693042008
286.8459871007217 -36.209483016864084
286.84601322030517 -36.203209103295386
286.84603933310524 -36.196935189713976
286.8460654391242 -36.19066127611984
286.8460915383642 -36.18438736251299
286.8461176308277 -36.17811344889346
286.84614371651674 -36.17183953526123
286.84616979543375 -36.165565621616295
286.8461958675809 -36.15929170795867
286.84622193296036 -36.15301779428836
286.8462479915745 -36.14674388060537
286.8462740434256 -36.14046996690972
286.8463000885158 -36.134196053201386
286.8463261268474 -36.127922139480376
286.84635215842263 -36.12164822574672
286.8463781832437 -36.115374312000405
286.8464042013129 -36.10910039824143
286.84643021263247 -36.1028264844698
286.8465082061158 -36.0840047430791
286.84653419045924 -36.07773082925693
286.84656016806423 -36.071456915422125
286.846586138933 -36.06518300157471
286.84661210306786 -36.05890908771466
286.8466380604709 -36.05263517384201
286.84668995509077 -36.040087346058904
286.8470266152242 -35.9585264642418
286.84705246522236 -35.952252550167955
286.84707830852665 -35.945978636081584
286.84710414513916 -35.93970472198267
286.8471299750622 -35.93343080787123
286.8471816148487 -35.92088297961078
286.8533868636119 -36.30988664898312
286.8534124616773 -36.30361273288814
286.8534380530869 -36.297338816781
286.85346363784294 -36.29106490066166
286.8534892159477 -36.28479098453016
286.85351478740336 -36.278517068386485
286.8535403522122 -36.272243152230644
286.8535659103763 -36.26596923606265
286.853591461898 -36.259695319882496
286.8536170067795 -36.25342140369019
286.8536425450229 -36.247147487485734
286.8536680766305 -36.24087357126914
286.85369360160456 -36.23459965504042
286.8537191199472 -36.22832573879955
286.8537446316607 -36.22205182254655
286.85377013674713 -36.21577790628143
286.8537956352088 -36.20950399000418
286.853821127048 -36.20323007371482
286.85384661226675 -36.19695615741334
286.8538720908674 -36.190682241099765
286.8538975628521 -36.18440832477408
286.853923028223 -36.1781344084363
286.85394848698235 -36.17186049208642
286.8539739391324 -36.16558657572444
286.85399938467526 -36.159312659350384
286.8540248236132 -36.15303874296424
286.8540502559483 -36.14676482656602
286.85407568168284 -36.14049091015573
286.85410110081904 -36.13421699373337
286.854126513359 -36.127943077298944
286.854151919305 -36.12166916085245
286.8541773186593 -36.1153952443939
286.85420271142385 -36.109121327923305
286.85422809760104 -36.102847411440656
286.8543042166299 -36.084025661920485
286.8543295764792 -36.0777517453897
286.85435492975205 -36.07147782884687
286.8543802764505 -36.06520391229202
286.85440561657697 -36.058929995725165
286.8548353952973 -35.95227341225391
286.854860617497 -35.94599949547145
286.85488583316584 -35.939725578677056
286.85491104230596 -35.933451661870734
286.85496144100864 -35.9209038282223
286.8549866305755 -35.91462991138019
286.8612054683958 -36.30990715447756
286.86123043609945 -36.30363323571865
286.86125539731125 -36.29735931694815
286.86128035203336 -36.29108539816607
286.86130530026793 -36.28481147937241
286.8613302420172 -36.27853756056717
286.8613551772832 -36.27226364175036
286.8613801060682 -36.26598972292198
286.8614050283743 -36.25971580408204
286.86142994420373 -36.25344188523053
286.86145485355854 -36.24716796636747
286.861479756441 -36.24089404749285
286.86150465285317 -36.2346201286067
286.86152954279726 -36.22834620970899
286.8615544262754 -36.222072290799744
286.8615793032898 -36.21579837187896
286.8616041738425 -36.20952445294666
286.86162903793576 -36.20325053400282
286.86165389557164 -36.196976615047454
286.8616787467523 -36.190702696080564
286.86170359148 -36.18442877710216
286.86172842975685 -36.17815485811227
286.8617532615849 -36.17188093911085
286.8617780869663 -36.16560702009793
286.8618029059033 -36.15933310107351
286.861827718398 -36.153059182037595
286.86185252445244 -36.1467852629902
286.8618773240689 -36.14051134393131
286.8619021172495 -36.13423742486094
286.86192690399633 -36.127963505779086
286.8619516843115 -36.12168958668577
286.86197645819726 -36.11541566758097
286.86200122565566 -36.10914174846471
286.86202598668876 -36.102867829336994
286.862075489488 -36.090319991047174
286.8621002312583 -36.08404607188509
286.862124966612 -36.07777215271157
286.862149695551 -36.0714982335266
286.8621744180777 -36.06522431433019
286.86219913419404 -36.058950395122345
286.86261832945314 -35.95229376684369
286.8626429305467 -35.94601984743074
286.8626675252703 -35.93974592800643
286.8626921136259 -35.933472008570774
286.86271669561563 -35.92719808912377
286.8627412712416 -35.92092416966542
286.862765840506 -35.91465025019573
286.86279040341077 -35.9083763307147
286.8689997335789 -36.31620107005823
286.8690240772494 -36.309927148712816
286.86904841458977 -36.30365322735639
286.8690727456022 -36.297379305988954
286.8690970702888 -36.29110538461052
286.8691213886516 -36.284831463221074
286.8691457006928 -36.278557541820625
286.8691700064145 -36.272283620409176
286.8691943058188 -36.26600969898675
286.8692185989077 -36.25973577755333
286.8692428856835 -36.25346185610893
286.8692671661481 -36.24718793465354
286.86929144030375 -36.24091401318718
286.8693157081525 -36.234640091709856
286.8693399696965 -36.22836617022154
286.8693642249378 -36.22209224872228
286.8693884738784 -36.21581832721205
286.86941271652057 -36.209544405690856
286.86943695286635 -36.20327048415872
286.8694611829178 -36.19699656261564
286.8694854066771 -36.19072264106161
286.86950962414613 -36.18444871949664
286.8695338353272 -36.17817479792073
286.8695580402224 -36.17190087633389
286.8695822388337 -36.165626954736126
286.8696064311632 -36.159353033127424
286.8696306172131 -36.1530791115078
286.8696547969854 -36.14680518987727
286.8696789704822 -36.140531268235826
286.8697031377056 -36.13425734658347
286.8697272986576 -36.12798342492019
286.8697514533405 -36.12170950324603
286.86977560175615 -36.115435581560966
286.8697997439067 -36.109161659865
286.86982387979424 -36.10288773815815
286.86987213278877 -36.09033989471179
286.86989624989985 -36.0840659729723
286.8699203607562 -36.07779205122193
286.86994446536 -36.07151812946068
286.8699685637132 -36.065244207688565
286.8704252475754 -35.94603969195881
286.8704731889216 -35.93349184797073
286.87049715028604 -35.927217925960505
286.8705211054473 -35.92094400393952
286.8705450544076 -35.91467008190775
286.87684269006996 -36.30994663168826
286.87686639704555 -36.303672707800736
286.87689009785703 -36.297398783902764
286.8769137925065 -36.29112485999436
286.87693748099605 -36.28485093607551
286.87700850952547 -36.26602916425632
286.8770321733957 -36.25975524029573
286.8770558311163 -36.25348131632473
286.8770794826893 -36.24720739234331
286.8771031281166 -36.24093346835147
286.87712676740034 -36.23465954434923
286.8771504005427 -36.22838562033657
286.87717402754555 -36.2221116963135
286.87719764841097 -36.21583777228005
286.87722126314105 -36.209563848236186
286.8772448717378 -36.203289924181924
286.8772684742033 -36.197016000117294
286.87729207053945 -36.190742076042255
286.8773156607484 -36.184468151956864
286.8773392448323 -36.17819422786107
286.87736282279303 -36.171920303754916
286.87738639463265 -36.16564637963838
286.8774099603532 -36.15937245551149
286.87743351995675 -36.153098531374226
286.8774570734453 -36.14682460722661
286.8774806208209 -36.140550683068625
286.8775041620856 -36.1342767589003
286.87752769724136 -36.12800283472163
286.8775512262903 -36.1217289105326
286.8775747492343 -36.11545498633324
286.8775982660756 -36.10918106212355
286.87762177681606 -36.10290713790352
286.87764528145783 -36.09663321367316
286.87766878000286 -36.09035928943247
286.87769227245315 -36.084085365181465
286.8777157588107 -36.07781144092013
286.8782776088304 -35.92723725556208
286.8846613067548 -36.30996560340329
286.884684383364 -36.30369167705109
286.8847074539731 -36.297417750688986
286.884730518584 -36.29114382431698
286.8847535771987 -36.28486989793509
286.88477662981927 -36.278595971543304
286.8847996764477 -36.272322045141635
286.8848227170859 -36.26604811873008
286.88484575173595 -36.25977419230865
286.88486878039987 -36.25350026587735
286.88489180307954 -36.24722633943617
286.8849148197771 -36.24095241298512
286.88493783049444 -36.23467848652421
286.8849608352336 -36.228404560053434
286.8849838339965 -36.22213063357281
286.88500682678523 -36.215856707082324
286.8850298136017 -36.209582780581975
286.8850527944479 -36.2033088540718
286.8850757693259 -36.197034927551776
286.8850987382376 -36.190761001021905
286.885121701185 -36.18448707448219
286.8851446581701 -36.17821314793267
286.8851676091949 -36.17193922137329
286.8851905542613 -36.16566529480411
286.88521349337145 -36.15939136822507
286.88523642652723 -36.15311744163625
286.88525935373053 -36.146843515037595
286.8852822749834 -36.14056958842912
286.8853051902879 -36.13429566181085
286.8853280996459 -36.128021735182784
286.88535100305944 -36.12174780854489
286.88537390053045 -36.115473881897216
286.88539679206093 -36.10919995523973
286.88541967765286 -36.102926028572476
286.8854425573081 -36.09665210189542
286.8855111606742 -36.07783032180558
286.8860580711483 -35.927256077927865
286.8925023734426 -36.30371013510681
286.89252481384773 -36.29743620634698
286.89254724841857 -36.291162277577776
286.892569677157 -36.28488834879922
286.8926145171446 -36.272340491214045
286.8926369283976 -36.266066562407424
286.89265933382603 -36.25979263359146
286.89268173343174 -36.25351870476615
286.89270412721675 -36.247244775931506
286.892726515183 -36.24097084708752
286.89274889733247 -36.234696918234214
286.892771273667 -36.228422989371566
286.89279364418854 -36.22214906049958
286.89281600889905 -36.21587513161829
286.89283836780044 -36.20960120272767
286.8928607208947 -36.20332727382774
286.8928830681838 -36.197053344918494
286.8929054096695 -36.19077941599993
286.89292774535386 -36.184505487072066
286.8929500752388 -36.178231558134904
286.8929723993262 -36.171957629188434
286.892994717618 -36.16568370023267
286.8930170301162 -36.15940977126761
286.89303933682265 -36.15313584229327
286.8930616377393 -36.14686191330962
286.8930839328681 -36.14058798431671
286.8931062222109 -36.13431405531451
286.89312850576977 -36.128040126303034
286.8931507835464 -36.121766197282284
286.8931730555429 -36.11549226825226
286.89319532176114 -36.10921833921297
286.893217582203 -36.102944410164426
286.90032036717844 -36.30372808196734
286.9003639819076 -36.29118021977617
286.90049469010955 -36.25353663299059
286.9005164549985 -36.24726270182875
286.90053821423203 -36.2409887706581
286.90055996781217 -36.234714839478634
286.9005817157406 -36.22844090829036
286.9006034580194 -36.22216697709326
286.9006251946503 -36.21589304588736
286.9006469256352 -36.20961911467266
286.9006686509761 -36.20334518344916
286.9006903706748 -36.197071252216865
286.90071208473313 -36.190797320975776
286.90073379315305 -36.18452338972589
286.9007554959364 -36.178249458467214
286.90077719308505 -36.171975527199756
286.9007988846008 -36.165701595923515
286.9008205704857 -36.15942766463849
286.90084225074145 -36.15315373334471
286.90086392537 -36.14687980204213
286.9008855943732 -36.140605870730795
286.90090725775303 -36.1343319394107
286.9009289155112 -36.12805800808182
286.90095056764966 -36.1217840767442
286.9009722141702 -36.11551014539781
286.9009938550748 -36.10923621404268
286.9010154903652 -36.10296228267879
286.9081171789674 -36.31001945097983
286.9081383644689 -36.30374551763209
286.908159544462 -36.29747158427601
286.90818071894853 -36.29119765091159
286.9082018879302 -36.284923717538824
286.90822305140887 -36.27864978415773
286.90824420938657 -36.2723758507683
286.90826536186484 -36.26610191737054
286.9082865088457 -36.25982798396446
286.9083287863224 -36.247280117127325
286.90834991682186 -36.24100618369628
286.90837104183123 -36.23473225025691
286.9083921613523 -36.22845831680925
286.9084132753869 -36.22218438335327
286.9084343839368 -36.21591044988898
286.90845548700395 -36.209636516416396
286.90847658459 -36.20336258293551
286.9084976766969 -36.197088649446336
286.9085187633266 -36.190814715948854
286.90853984448063 -36.18454078244309
286.908560920161 -36.17826684892903
286.90858199036944 -36.17199291540669
286.90860305510785 -36.16571898187607
286.90862411437803 -36.15944504833717
286.90864516818175 -36.15317111478999
286.9086662165208 -36.14689718123454
286.9086872593972 -36.14062324767083
286.9087082968125 -36.13434931409884
286.9087293287687 -36.12807538051859
286.9087503552675 -36.12180144693008
286.90877137631077 -36.11552751333331
286.90879239190036 -36.10925357972828
286.908813402038 -36.10297964611501
286.91595636521134 -36.30376244210052
286.9159769149964 -36.29748850654592
286.91599745943864 -36.29121457098347
286.91601799853987 -36.284940635413165
286.9160385323019 -36.27866669983502
286.9160590607265 -36.27239276424903
286.9161411210861 -36.24729702182669
286.9161616228502 -36.241023086201515
286.9161821192875 -36.23474915056851
286.9162026103998 -36.2284752149277
286.91622309618884 -36.22220127927905
286.9162435766564 -36.215927343622596
286.9162640518044 -36.20965340795832
286.9162845216344 -36.20337947228624
286.9163049861483 -36.19710553660632
286.9163254453478 -36.19083160091863
286.91634589923467 -36.18455766522312
286.9163663478107 -36.17828372951981
286.9163867910777 -36.17200979380869
286.91640722903736 -36.16573585808979
286.91642766169144 -36.15946192236308
286.9164480890418 -36.1531879866286
286.91646851109016 -36.14691405088631
286.9164889278382 -36.14064011513625
286.9165093392878 -36.1343661793784
286.91652974544064 -36.12809224361278
286.91655014629856 -36.121818307839376
286.9165705418632 -36.11554437205819
286.91659093213644 -36.10927043626924
286.91661131711993 -36.102996500472536
286.92375444454666 -36.31005279305142
286.923774369303 -36.303778855372094
286.92379428887864 -36.29750491768537
286.92381420327536 -36.291230979991276
286.9238341124949 -36.28495704228981
286.92385401653894 -36.27868310458098
286.92397333221464 -36.241039478173256
286.9239932000786 -36.23476554041289
286.92401306278083 -36.22849160264516
286.9240329203231 -36.22221766487009
286.92405277270706 -36.215943727087655
286.9240726199345 -36.2096697892979
286.92409246200714 -36.20339585150079
286.9241122989267 -36.19712191369634
286.9241321306948 -36.19084797588456
286.9241519573132 -36.18457403806544
286.92417177878366 -36.178300100239
286.9241915951078 -36.172026162405224
286.92421140628744 -36.16575222456412
286.92423121232423 -36.159478286715704
286.92425101321993 -36.15320434885996
286.9242708089762 -36.146930410996916
286.9242905995947 -36.14065647312654
286.92431038507726 -36.13438253524885
286.92433016542554 -36.128108597363855
286.92434994064115 -36.12183465947155
286.9243697107259 -36.115560721571946
286.9243894756815 -36.10928678366503
286.9244092355096 -36.103012845750825
286.92442899021194 -36.09673890782932
286.92444873979014 -36.09046496990052
286.92480335791714 -35.97753408593776
286.92482301046016 -35.971260147870865
286.9315151689966 -36.32889051638675
286.9315344784388 -36.322616576662014
286.93155378285905 -36.31634263693036
286.93157308225926 -36.31006869719178
286.9315923766411 -36.303794757446276
286.9316116660061 -36.29752081769385
286.93163095035607 -36.291246877934505
286.93165022969254 -36.284972938168245
286.93178504481295 -36.241055359610996
286.93180428410227 -36.234781419789506
286.93182351839323 -36.22850747996111
286.9318427476874 -36.222233540125835
286.93186197198656 -36.215959600283654
286.93188119129223 -36.209685660434594
286.9319004056062 -36.20341172057866
286.9319196149301 -36.19713778071583
286.9319388192656 -36.19086384084613
286.93195801861424 -36.18458990096954
286.93197721297787 -36.1783159610861
286.931996402358 -36.17204202119577
286.93201558675634 -36.16576808129857
286.9320347661746 -36.15949414139452
286.9320539406143 -36.15322020148359
286.9320731100773 -36.1469462615658
286.93209227456504 -36.14067232164116
286.9321114340792 -36.13439838170965
286.93213058862165 -36.1281244417713
286.9321497381938 -36.12185050182609
286.9321688827974 -36.11557656187403
286.93218802243405 -36.10930262191512
286.9322071571055 -36.10302868194937
286.9322262868134 -36.09675474197678
286.9322454115592 -36.090480801997344
286.9323027560415 -36.07165898201802
286.932321860956 -36.06538504201125
286.9325888103631 -35.97754988120067
286.93260784114375 -35.97127594109175
286.9393170185319 -36.33517985698403
286.93933570196555 -36.328905915264706
286.93935438053984 -36.3226319735389
286.93939172311696 -36.31008409006782
286.93941038712296 -36.303810148322576
286.93944770057806 -36.291262264812644
286.9394663500304 -36.28498832304796
286.9396153712563 -36.234796788697864
286.93963397713475 -36.22852284687505
286.9396525781796 -36.222248905045795
286.9396711743927 -36.21597496321008
286.9396897657754 -36.209701021367934
286.9397083523295 -36.20342707951934
286.9397269340565 -36.19715313766431
286.9397455109581 -36.190879195802836
286.9397640830359 -36.18460525393493
286.9397826502914 -36.1783313120606
286.93980121272637 -36.17205737017983
286.9398197703422 -36.165783428292634
286.93983832314063 -36.15950948639901
286.93985687112325 -36.153235544498976
286.93987541429163 -36.1469616025925
286.93989395264737 -36.140687660679625
286.9399124861921 -36.13441371876033
286.9399310149274 -36.12813977683461
286.9399495388549 -36.12186583490249
286.9399680579761 -36.115591892963955
286.93998657229275 -36.109317951019015
286.9400235865184 -36.09677006710993
286.9400420864307 -36.09049612514577
286.9400975573843 -36.07167429921495
286.94011603811316 -36.06540035722523
286.9401345140501 -36.05912641522911
286.9471381855797 -36.33519474633291
286.94715623798027 -36.32892080267853
286.94719232869727 -36.316372915351614
286.94722840064594 -36.303825028000496
286.947246429586 -36.29755108431586
286.94742646143845 -36.2348116471375
286.9474444389031 -36.22853770338651
286.9474624116976 -36.22226375962949
286.9474803798233 -36.215989815866465
286.94749834328195 -36.20971587209741
286.947516302075 -36.203441928322356
286.94753425620405 -36.197167984541274
286.9475522056706 -36.1908940407542
286.9475701504762 -36.1846200969611
286.9475880906225 -36.17834615316201
286.9476060261109 -36.17207220935691
286.9476239569432 -36.16579826554582
286.94764188312064 -36.15952432172872
286.9476598046449 -36.15325037790562
286.9476777215176 -36.146976434076535
286.9476956337402 -36.14070249024145
286.9477135413142 -36.134428546400386
286.9477314442413 -36.128154602553316
286.9477493425229 -36.12188065870028
286.9477672361606 -36.11560671484125
286.9477851251559 -36.109332770976245
286.9478030095105 -36.10305882710525
286.94782088922574 -36.096784883228274
286.94783876430324 -36.090510939345336
286.94785663474454 -36.08423699545642
286.9549593555716 -36.335209124150694
286.9549767769379 -36.328935178627745
286.9549941937731 -36.32266123309914
286.9550116060787 -36.31638728756492
286.95504641710727 -36.30383939647957
286.95506381583317 -36.29756545092843
286.95523755454633 -36.234825995107926
286.95525490359614 -36.228552049494986
286.955272248139 -36.22227810387645
286.95528958817636 -36.21600415825232
286.9553069237097 -36.20973021262256
286.95532425474056 -36.203456266987224
286.95534158127043 -36.19718232134628
286.9553589033008 -36.190908375699735
286.95537622083316 -36.1846344300476
286.95539353386914 -36.17836048438987
286.95541084241 -36.17208653872655
286.9554281464574 -36.16581259305765
286.95544544601273 -36.15953864738315
286.95546274107755 -36.153264701703065
286.9554800316534 -36.14699075601741
286.9554973177417 -36.140716810326175
286.955514599344 -36.13444286462935
286.95553187646163 -36.128168918926946
286.95554914909627 -36.12189497321898
286.9555664172493 -36.115621027505426
286.9555836809223 -36.10934708178632
286.9556009401166 -36.10307313606163
286.9556181948339 -36.09679919033138
286.95563544507553 -36.09052524459556
286.9557044013155 -36.06542946159669
286.95572162920126 -36.05915551583308
286.9627973187357 -36.32894904311186
286.96284766353244 -36.31012720110531
286.9628644364042 -36.30385325375932
286.9628812049149 -36.2975793064081
286.9630653711116 -36.22856588520006
286.96308208740174 -36.222291937786224
286.96309879934955 -36.21601799036718
286.9631155069565 -36.20974404294294
286.96313221022416 -36.2034700955135
286.96314890915374 -36.197196148078845
286.96316560374686 -36.190922200638994
286.963182294005 -36.184648253193956
286.96319897992936 -36.17837430574373
286.9632156615216 -36.17210035828829
286.96323233878303 -36.16582641082768
286.9632490117152 -36.15955246336187
286.9632656803195 -36.15327851589087
286.9632823445974 -36.14700456841469
286.9632990045503 -36.14073062093332
286.96331566017966 -36.13445667344677
286.9633323114869 -36.12818272595504
286.96334895847343 -36.121908778458135
286.9633656011407 -36.115634830956054
286.96338223949016 -36.109360883448794
286.96339887352326 -36.10308693593637
286.96341550324144 -36.09681298841877
286.9634653665206 -36.07799114583495
286.96348197899334 -36.07171719829669
286.96349858715826 -36.06544325075327
286.9635151910168 -36.059169303204676
286.970569372773 -36.347784243297916
286.97061786327066 -36.328962396130486
286.97065016925245 -36.31641449799461
286.9706663159426 -36.310140548919385
286.9706824584341 -36.30386659983934
286.9708758413472 -36.228579210501266
286.97089192938364 -36.222305261358365
286.9709080132409 -36.216031312210646
286.9709240929204 -36.209757363058095
286.9709401684237 -36.203483413900734
286.970956239752 -36.19720946473856
286.9709723069068 -36.19093551557156
286.9709883698894 -36.184661566399754
286.97100442870135 -36.17838761722313
286.9710204833438 -36.1721136680417
286.97103653381834 -36.16583971885547
286.9710525801263 -36.15956576966443
286.971068622269 -36.153291820468574
286.97108466024787 -36.14701787126793
286.9711006940643 -36.14074392206248
286.9711167237197 -36.134469972852216
286.97113274921537 -36.12819602363717
286.9711487705528 -36.12192207441733
286.9711647877333 -36.11564812519268
286.97118080075825 -36.109374175963254
286.971196809629 -36.10310022672902
286.9712128143471 -36.09682627749001
286.97122881491373 -36.090552328246204
286.97124481133034 -36.08427837899762
286.9712608035983 -36.07800442974424
286.971276791719 -36.07173048048609
286.9712927756938 -36.06545653122315
286.9713087555241 -36.05918258195544
286.9783918135473 -36.34779708985912
286.9784073498858 -36.34152313913828
286.9784228821829 -36.33524918841296
286.97843841043994 -36.32897523768315
286.9784539346582 -36.322701286948885
286.97846945483917 -36.31642733621013
286.9784849709841 -36.3101533854669
286.9787326814992 -36.209770172967616
286.97874812923715 -36.203496222148516
286.9787635729631 -36.19722227132498
286.97877901267856 -36.19094832049699
286.97879444838475 -36.184674369664556
286.9788098800831 -36.178400418827685
286.97882530777485 -36.17212646798637
286.97884073146145 -36.16585251714061
286.9788561511441 -36.159578566290406
286.9788715668242 -36.15330461543578
286.97888697850306 -36.147030664576704
286.978902386182 -36.14075671371321
286.97891778986246 -36.134482762845266
286.9789331895456 -36.12820881197291
286.9789485852329 -36.121934861096115
286.97896397692557 -36.115660910214885
286.978979364625 -36.10938695932925
286.97899474833247 -36.10311300843917
286.97901012804937 -36.096839057544685
286.9790255037769 -36.09056510664576
286.97904087551655 -36.08429115574243
286.97905624326955 -36.07801720483468
286.9790716070372 -36.07174325392251
286.97908696682094 -36.06546930300592
286.979102322622 -36.059195352084934
286.9861993480058 -36.354083377074566
286.986214256856 -36.34780942475449
286.9862291618277 -36.34153547243028
286.98624406292214 -36.335261520101945
286.98625896014073 -36.328987567769495
286.9862738534847 -36.32271361543291
286.9865560925623 -36.20350852025644
286.986570908685 -36.197234567837704
286.98658572096014 -36.19096061541489
286.98660052938897 -36.18468666298796
286.9866153339728 -36.178412710556955
286.98663013471287 -36.17213875812186
286.98664493161044 -36.165864805682666
286.9866597246668 -36.15959085323941
286.9866745138834 -36.15331690079206
286.9866892992613 -36.14704294834063
286.9867040808018 -36.14076899588511
286.98671885850626 -36.13449504342552
286.98673363237594 -36.12822109096185
286.9867484024121 -36.12194713849411
286.98677793098886 -36.10939923354639
286.9867926895321 -36.10312528106642
286.98680744424684 -36.09685132858238
286.98682219513444 -36.09057737609428
286.9868369421961 -36.08430342360211
286.9868664248469 -36.07175551860556
286.9868958922093 -36.05920761359276
286.9940224252781 -36.35409520184092
286.99403670259613 -36.34782124798363
286.9940509762 -36.34154729412257
286.9940652460909 -36.33527334025771
286.9940795122701 -36.32899938638908
286.99409377473876 -36.32272543251666
286.99436405829726 -36.203520308224114
286.9944066128001 -36.18469844636958
286.9944349640558 -36.17215053844781
286.9944491341636 -36.165876584481296
286.9944633005928 -36.159602630511046
286.9944774633448 -36.15332867653704
286.9944916224208 -36.1470547225593
286.994505777822 -36.14078076857782
286.99451992954954 -36.134506814592584
286.99454822198885 -36.121958906610914
286.99457649974846 -36.109410998614294
286.99459063312645 -36.103137044610385
286.99460476283815 -36.09686309060274
286.99461888888476 -36.09058913659136
286.99463301126764 -36.084315182576255
286.9946471299878 -36.07804122855742
286.9946894641849 -36.059219366478544
286.99470356826674 -36.05294541244481
286.99473176546206 -36.04039750436617
287.00183185554357 -36.36038047019866
287.00184550487967 -36.354106514874154
287.0018591506647 -36.34783255954619
287.00187279289986 -36.341558604214754
287.00188643158623 -36.33528464887989
287.0019000667251 -36.32901069354155
287.002239795702 -36.17216180896384
287.002253339019 -36.1658878535361
287.00226687882014 -36.159613898104936
287.0022804151067 -36.15333994267036
287.0022939478799 -36.147065987232345
287.0023074771408 -36.14079203179093
287.0024020837219 -36.09687434360536
287.0024155849268 -36.09060038813662
287.0024290826298 -36.08432643266449
287.0024425768322 -36.078052477188955
287.00245606753526 -36.07177852171001
287.00246955473995 -36.06550456622766
287.0024830384475 -36.05923061074191
287.0024965186591 -36.052956655252764
287.0096164958242 -36.3792131430709
287.0096295236291 -36.372939186351374
287.00964254804387 -36.366665229628694
287.00965556906965 -36.36039127290287
287.00966858670756 -36.35411731617389
287.00968160095874 -36.347843359441775
287.0096946118243 -36.34156940270651
287.00970761930535 -36.3352954459681
287.0097206234031 -36.329021489226555
287.0100575460748 -36.165898612846725
287.01007045924706 -36.15962465602073
287.01008336906733 -36.15335069919164
287.01009627553685 -36.14707674235942
287.01010917865665 -36.1408027855241
287.01019940679674 -36.0968850875899
287.0102251561813 -36.084337173866494
287.01023802586514 -36.078063217000135
287.0102766148961 -36.05924134638251
287.0102894712366 -36.05296738950376
287.01742970871896 -36.38549739604583
287.0174421075582 -36.37922343799032
287.01745450317077 -36.37294947993197
287.0174668955576 -36.366675521870775
287.0174792847199 -36.36040156380672
287.0174916706588 -36.35412760573981
287.0175040533752 -36.34785364767006
287.01751643287037 -36.34157968959746
287.01752880914523 -36.33530573152203
287.0176029992295 -36.29766198300964
287.01788632512495 -36.15336094610054
287.01789860529 -36.14708698794018
287.0179108822678 -36.140813029777
287.017947694089 -36.121991155270585
287.0180457189741 -36.07179948979654
287.0180579577885 -36.06552553159966
287.0180701934294 -36.05925157339998
287.018082425898 -36.05297761519749
287.0253030023912 -36.36041134290988
287.025350001003 -36.33531550554131
287.02568928317777 -36.15337068339675
287.0257009370375 -36.14709672397429
287.02571258787265 -36.14082276454929
287.0257242356842 -36.13454880512176
287.0257358804731 -36.12827484569169
287.0257940591138 -36.096905048503395
287.03352531720003 -36.13455802921762
287.0335363361704 -36.12828406859231
287.0335473522817 -36.12201010796472
287.04132640050545 -36.13456674389831
287.0413367936567 -36.12829278214376
287.0413575718695 -36.11574485862859
287.0725701784655 -36.10322668039523
287.0803753963352 -36.09695887758647
287.09598808069956 -36.078147772693875
287.1661620222932 -35.83348629758128
287.173933748918 -35.84603429354165
287.173933505987 -35.83976032268941
287.17393326311895 -35.833486351837166
287.18170708792985 -35.85230781220916
287.1817062263656 -35.84603384141528
287.1817053650242 -35.83975987062137
287.1894801838088 -35.852306853562816
287.1894787036741 -35.846032882892644
287.1972532794488 -35.852305388454894
287.19725118074376 -35.84603141797379
287.19724908258155 -35.839757447492595
287.212796133767 -35.846026968947626
287.23674626219776 -36.598892720416174
287.244606111558 -36.611436082241184
287.2445941217486 -36.59888814644916
287.2524552466086 -36.611430992603296
287.25242872094714 -36.58633512367244
287.25241546849486 -36.573787189202136
287.260304380571 -36.61142538848866
287.26029710823553 -36.60515142198848
287.2602753026126 -36.58632952248209
287.26026803786397 -36.580055555978
287.26026077501047 -36.573781589472944
287.2681535133405 -36.61141926989745
287.2681456026815 -36.605145304195716
287.2681376940867 -36.598871338492835
287.2681297875555 -36.59259737278879
287.2681218830871 -36.586323407083604
287.2681139806808 -36.58004944137726
287.268106080336 -36.57377547566976
287.268098182052 -36.56750150996111
287.27599409583047 -36.605138671993714
287.27598554907917 -36.59886470715622
287.275977004558 -36.592590742317384
287.27596846226606 -36.58631677747721
287.2759599222027 -36.580042812635675
287.2759513843671 -36.5737688477928
287.2759428487585 -36.56749488294858
287.2759257842195 -36.55494695325609
287.28386096458485 -36.61767945318795
287.28385177488224 -36.611405489286085
287.2838425875777 -36.60513152538268
287.2838334026705 -36.59885756147771
287.2838242201599 -36.59258359757118
287.283815040045 -36.58630963366309
287.28380586232504 -36.58003566975345
287.2837966869992 -36.573761705842266
287.28378751406666 -36.56748774192951
287.28377834352665 -36.56121377801521
287.2837691753784 -36.55493981409936
287.2917107316362 -36.61767179016817
287.2916910778186 -36.60512386436284
287.29168125475604 -36.5988499014575
287.2916714342566 -36.59257593855039
287.2916616163193 -36.586301975641504
287.2916518009433 -36.58002801273083
287.2916419881279 -36.57375404981838
287.291632177872 -36.56748008690416
287.2916223701749 -36.56120612398814
287.2916027624534 -36.54865819815081
287.2915733700404 -36.529836309381494
287.29953956644846 -36.60511568893445
287.2995291052312 -36.59884172709588
287.29951864674354 -36.59256776525528
287.2995081909845 -36.58629380341267
287.2994977379532 -36.580019841568046
287.2994872876487 -36.5737458797214
287.2994768400701 -36.567471917872744
287.2994663952164 -36.56119795602206
287.299403783268 -36.52355418487574
287.3073769539914 -36.598833038393074
287.3073658575161 -36.59255907768611
287.3073547639361 -36.58628511697687
287.30734367325005 -36.580011156265364
287.3073325854572 -36.573737195551594
287.30731041854705 -36.561189274117226
287.3152130664699 -36.59254987584315
287.3152013350694 -36.58627591633438
287.3151896067294 -36.58000195682306
287.3151778814489 -36.57372799730922
287.3151661592269 -36.567454037792835
287.31391794263504 -35.88986639527828
287.3138837667838 -35.87104451590796
287.31384961745096 -35.852222636515705
287.3230726459482 -36.59881411796507
287.3230602735001 -36.59254015972669
287.32304790428 -36.58626620148547
287.32302317551944 -36.57371828499459
287.32301081597683 -36.567444326744905
287.3229984596578 -36.56117036849241
287.3216707098741 -35.87730890228254
287.32165870166745 -35.87103494372587
287.32163469457316 -35.85848702660435
287.33089447146335 -36.586255972430486
287.33086846756424 -36.573708058608005
287.3308554707018 -36.56743410169208
287.34503897907547 -35.89609900505681
287.34499736009747 -35.87727714170866
287.34496963205646 -35.86472923279181
287.3527729058253 -35.8772655414118
287.35275842081035 -35.870991588452696
287.3605635573367 -35.88352738578798
287.3683554491971 -35.88978872018363
287.36833971764355 -35.8835147704251
287.36832399016055 -35.87724082066191
287.3780411882332 -36.61127958971989
287.3761158754092 -35.88350164827871
287.37609952856803 -35.87722770020965
287.3760831859563 -35.87095375213556
287.3838920305337 -35.883488019349215
287.3838750643353 -35.87721407303972
287.391668182917 -35.883473883637066
287.3994807564147 -35.8960071263122
287.39942612754936 -35.87718529854857
287.4072769810883 -35.90226591374136
287.4072581422039 -35.895991973123074
287.42519782029365 -36.630010665270056
