# # ids of objects in overdense bins for (48.12103033328982, 33.054264798471685)
# 
1.373778618575024640e+17
1.373778962172441600e+17
1.253582799155258880e+17
1.253615054368117760e+17
1.253602040618033920e+17
1.253552519643991040e+17
1.253519920834654720e+17
1.253575884262085120e+17
1.253606808027923200e+17
1.253584860737123840e+17
1.253599936079815680e+17
1.253571761094369280e+17
1.253609556812200960e+17
1.253610931196336640e+17
1.253616128098807040e+17
1.253602341261768960e+17
1.253549770861099520e+17
1.253569012337550080e+17
1.253543929705125120e+17
1.253575884262146560e+17
1.253516785511850240e+17
1.253568668717685760e+17
1.253569355935037440e+17
1.253578675996096000e+17
1.253516441914615040e+17
1.253610931196350720e+17
1.253562140367290880e+17
1.253567294328037120e+17
1.253560808932020480e+17
1.253573135483882240e+17
1.253570086061368320e+17
1.253597230254708480e+17
1.253562183321560320e+17
1.253605820190270720e+17
1.253605433638177280e+17
1.253604746449569280e+17
1.253571116853491200e+17
1.253591689742440960e+17
1.253570386704670720e+17
1.253551832445541120e+17
1.253617459547119360e+17
1.253549770861131520e+17
1.253599592504563200e+17
1.253616772352256000e+17
1.253579320236163840e+17
1.253617803144449280e+17
1.253565232743655680e+17
1.374233885112165120e+17
1.373950073668125440e+17
1.374201586957812480e+17
1.375008010010867200e+17
1.375058218201629440e+17
1.375058862423976960e+17
1.373977260823138560e+17
1.375029313048812800e+17
1.374106066880595200e+17
1.375058561783232000e+17
1.253851835918860800e+17
1.253876531975132160e+17
1.254929013721203200e+17
1.253862100884679680e+17
1.253856603326506240e+17
1.253812966458265600e+17
1.254921411615878400e+17
1.254928970758384640e+17
1.253882373130832640e+17
1.253813997250522880e+17
1.253864162469036800e+17
1.253863131676893440e+17
1.253846982599656960e+17
1.253800253354778880e+17
1.253803388684785920e+17
1.253865880456046080e+17
1.254929314355870720e+17
1.253811291419705600e+17
1.254931032342821120e+17
1.253803732282164480e+17
1.253858364266119680e+17
1.253851835915843840e+17
1.253844620370805760e+17
1.253850117928953600e+17
1.253841184396974080e+17
1.253845307553672960e+17
1.253813696606263040e+17
1.254931719537730560e+17
1.253809917035089920e+17
1.253801327100492800e+17
1.254931032342888960e+17
1.253857977716193280e+17
1.253815414596513280e+17
1.253844577417679360e+17
1.253860726495343360e+17
1.253805750937062400e+17
1.253828428340687360e+17
1.254932750342851840e+17
1.253852823755065600e+17
1.253830833522498560e+17
1.253880311546382080e+17
1.253848356989158400e+17
1.254906293330193920e+17
1.253860769443155200e+17
1.253880998741223680e+17
1.253807812497310720e+17
1.253846295404835840e+17
