# successful candidates for region at (320.2041887960289, 75.94369924696679) and radius 1.0
321.50658344797455 75.47824683010964
321.5279449131895 75.4406933933379
321.55145366481975 75.4280815932859
321.5520185091617 75.43431747839178
321.55655474131225 75.48420450805227
321.55712396439463 75.49044038033402
321.576071485007 75.42793910228096
321.57664664284897 75.43417492636256
321.5772222935478 75.44041074897434
321.5812657017704 75.48406146594209
321.5818453182164 75.49029727672685
321.59893542103003 75.4090867367318
321.60068882954863 75.42779403171197
321.60127430027944 75.4340297936658
321.6235213974514 75.40893927604525
321.62411565284316 75.41517497948729
321.6247104167838 75.42141068135818
321.6253056899259 75.42764638165598
321.62590147292326 75.43388208037864
321.6264977664308 75.44011777752405
321.64750285914255 75.40255359835824
321.6481068830832 75.4087892392545
321.6487114237011 75.41502487852685
321.649316481659 75.42126051617315
321.64992205762087 75.42749615219142
321.6505281522517 75.43373178657957
321.6745379241166 75.42734334339816
321.6751543297368 75.43357891234851
321.75659746966227 76.21301099023485
321.7572861729023 76.21924632807581
321.6991532808973 75.42718795535728
321.699779996852 75.43342345776684
321.70040724978867 75.43965895843108
321.72141242215156 75.64542948637586
321.7818857084579 76.20661147870999
321.78258529630494 76.21284674427032
321.78328551741686 76.21908200777234
321.7839863726534 76.2253172692133
321.78468786287567 76.23155252859037
321.72376811944827 75.42702998815136
321.72440514507156 75.43326542291709
321.72504271649836 75.43950085587956
321.72568083443014 75.44573628703657
321.80786141648105 76.20644458226775
321.8085725109687 76.21267977232547
321.80928424912145 76.2189149602566
321.809996631813 76.22515014605823
321.81070965991876 76.2313853297275
321.81142333431563 76.23762051126154
321.74579862482784 75.40192795921607
321.7464437480479 75.40816333265924
321.7477356505537 75.42063407398575
321.7483824312559 75.42686944186431
321.7490297658709 75.43310480788327
321.74967765511 75.43934017204013
321.7503260996858 75.44557553433262
321.83455910360306 76.21251007449929
321.8352823579518 76.2187451856277
321.8360062672522 76.2249802945571
321.8367308323935 76.23121540128452
321.8374560542671 76.23745050580699
321.8389084717829 76.24992070822506
321.8462102684228 76.31227158699328
321.77102665249095 75.40800041656689
321.7723391276095 75.42047101849262
321.7729962078077 75.42670631658137
321.7736538507267 75.43294161275077
321.7743120570891 75.43917690699836
321.7762900640824 75.45788277818545
321.7769505314701 75.464118064721
321.86054506415877 76.21233765089256
321.86127983384523 76.21857268398645
321.8620152688945 76.22480771481078
321.86275137021 76.23104274336238
321.86348813869716 76.2372777696383
321.8649636808151 76.24974781535043
321.7962752533938 75.41407015601726
321.7969420615956 75.42030538519198
321.7976094405923 75.42654061238922
321.79827739111664 75.43277583760637
321.7989459139025 75.43901106084103
321.7996150096852 75.44524628209054
321.80028467920124 75.45148150135238
321.80095492318827 75.45771671862403
321.8016257423852 75.46395193390289
321.88653038258826 76.21216250160748
321.88727666674043 76.21839745543534
321.88802362666496 76.2246324069219
321.8887712632796 76.23086735606394
321.88951957750356 76.23710230285835
321.8910182424656 76.24957218939139
321.8215444440126 75.42013717417173
321.82222212109946 75.42637232937574
321.8229003785196 75.43260748253816
321.8235792170182 75.43884263365638
321.82425863734187 75.44507778272768
321.8249386402384 75.45131292974948
321.8256192264567 75.45754807471918
321.82630039674734 75.46378321763409
321.8269821518619 75.47001835849154
321.9132728465777 76.21821950007839
321.9140313304904 76.22445437099462
321.91479050151526 76.23068923949347
321.8454588802871 75.41373130131024
321.8461462663624 75.41996638552108
321.84683424082016 75.42620146763042
321.84752280441563 75.43243654763563
321.8482119579052 75.43867162553396
321.8489017020469 75.44490670132275
321.8495920375996 75.45114177499926
321.850282965324 75.45737684656072
321.85097448598157 75.4636119160045
321.8516666003355 75.46984698332781
321.93849905288573 76.21180402641963
321.94080907483163 76.23050839375686
321.95794298665174 76.36767306218533
321.8700498462238 75.41355800925253
321.87074752014803 75.4197930193307
321.8714457912466 75.42602802724397
321.872144660286 75.43226303298961
321.87284412803393 75.43849803656484
321.8735441952597 75.44473303796686
321.8742448627337 75.45096803719287
321.87494613122755 75.45720303424005
321.87564800151443 75.46343802910567
321.8763504743688 75.4696730217868
321.95593972928555 76.14303873749353
321.9644823846662 76.21162070072948
321.9810294059423 76.34254903927956
321.98902099380155 76.40489546091628
321.9898241870478 76.41113008845318
321.99062811787115 76.41736471331605
321.8953481968737 75.4196170756925
321.896056763872 75.42585200830842
321.89676593761305 75.43208693869235
321.8974757188759 75.4383218668413
321.89818610844094 75.44455679275245
321.8988971070899 75.45079171642294
321.89960871560595 75.45702663784985
321.9003209347735 75.46326155703031
321.9010337653783 75.4694964739615
321.9825809475734 76.14908826090112
321.9833661598394 76.15532291154912
321.98415207985545 76.16155755959332
321.9873028565787 76.1864961256616
321.99046503414536 76.21143464978634
322.00887193532344 76.35483033800674
322.0153653809403 76.40470676416852
322.0161804141911 76.41094130510456
321.9213866278806 75.43190826483736
321.9221067219038 75.43814311645701
321.92282743305236 75.44437796577336
321.9235487621193 75.45061281278335
321.9242707098992 75.45684765748418
321.9249932771877 75.4630824998727
321.925716464782 75.46931733994604
321.92644027348064 75.47555217770122
322.0084483746875 76.14890033480559
322.009244993611 76.15513490079886
322.01004233054636 76.1613694641121
322.01243865913733 76.1800731379353
322.0132388778426 76.18630769049211
322.01403981942974 76.19254224035069
322.03512127691766 76.35463957748303
322.0359421123559 76.36087405308554
321.94600672257366 75.43172701151967
321.94673712859174 75.43796178550708
321.9474681605571 75.44419655712471
321.94819981927407 75.4504313263695
321.94893210554835 75.4566660932384
321.9496650201872 75.46290085772833
321.950398563999 75.46913561983627
321.9511327377937 75.4753703795591
322.0351231335087 76.15494417604444
322.03593188642515 76.16117865340594
322.03836252465896 76.17988206890891
322.0613698937564 76.35444606333913
322.0622024809426 76.36068045045913
321.97136693041494 75.43777787408794
321.9721082824194 75.44401256690313
321.9728502700074 75.45024725727804
321.97359289399583 75.4564819452094
321.97433615520333 75.46271663069419
321.97508005444973 75.46895131372914
321.97582459255625 75.4751859943112
321.99922669571134 75.66845985823474
322.0544657296821 76.10487551411707
322.056910787946 76.12357874399194
322.06100056961736 76.15475073739805
322.06182073756327 76.16098512758717
322.06264164503784 76.16721951493669
322.06346329304114 76.17345389944276
322.06428568257473 76.17968828110148
322.0725505837622 76.24203194023504
322.0884621134101 76.36048409307325
321.99599611885 75.43759138229733
321.9967477901051 75.44382599520655
321.9975001057741 75.45006060560694
321.99825306668544 75.45629521349535
321.999006673669 75.46252981886849
321.9997609275559 75.46876442172317
322.0794266285205 76.09844573808822
322.08025150765855 76.10468006598128
322.08107712755327 76.11091439099032
322.08190348920226 76.11714871311146
322.0827305936049 76.12338303234074
322.08355844176214 76.12961734867437
322.08521637335417 76.14208597263882
322.0860464588002 76.14832028026181
322.0868772920233 76.15455458497347
322.08770887403375 76.16078888676978
322.08854120584346 76.16702318564684
322.0893742884661 76.1732574816007
322.09020812291755 76.17949177462742
322.091042710215 76.18572606472301
322.0985880427582 76.24183454302545
322.11044837143885 76.3291139187094
322.1147209993906 76.3602849810469
322.0213866750809 75.4436368421342
322.0221493180302 75.44987137145573
322.0229126150622 75.45610589819579
322.023676567018 75.462340422351
322.02444117474056 75.4685749439181
322.1052003693601 76.09824767490431
322.106036569784 76.1044819139059
322.10687352111 76.11071614994368
322.1077112243492 76.11695038301369
322.10854968051456 76.12318461311195
322.1093888906208 76.12941884023444
322.1102288556846 76.13565306437708
322.1110695767244 76.1418872855359
322.1119110547604 76.14812150370693
322.11275329081474 76.15435571888601
322.1135962859113 76.16058993106923
322.1144400410759 76.16682414025243
322.1152845573363 76.17305834643165
322.1178226829955 76.19176094690431
322.11867025395196 76.1979951410266
322.1331970517104 76.30397597499766
322.1340585758618 76.31021011404646
322.13664786411823 76.32891251257938
322.1383779968816 76.34138076271428
322.13924424867855 76.3476148831029
322.14011129219574 76.35384900036648
322.1409791285183 76.36008311450084
322.14184775873326 76.36631722550165
322.1427171839298 76.37255133336461
322.04602492881526 75.44344510778681
322.0467978982329 75.44967955492517
322.0475715305723 75.4559139994116
322.04834582668605 75.46214844124276
322.05067270622 75.48085175077009
322.12759089260896 76.07311028314355
322.12843537937164 76.07934444418082
322.13266918803413 76.11051520386167
322.1335182318842 76.11674934666807
322.13436803883127 76.12298348642163
322.13521860990363 76.12921762311828
322.13606994613184 76.13545175675387
322.13692204854783 76.14168588732419
322.1377749181857 76.14792001482522
322.1386285560813 76.15415413925275
322.13948296327237 76.16038826060269
322.1403381407985 76.1666223788708
322.1437665751112 76.19155882104182
322.1446256199724 76.1977929238383
322.1454854414456 76.20402702352783
322.1515260255746 76.24766563400598
322.1567342739403 76.28507003483456
322.159349069219 76.30377219255767
322.16022225574403 76.31000623877858
322.16109623812645 76.31624028181558
322.1654781260389 76.34741044908871
322.16635690647735 76.35364447293028
322.167236490429 76.35987849355733
322.16811687899565 76.36611251096532
322.168998073281 76.37234652514992
322.07144583784094 75.4494851561174
322.07222980466366 75.45571951724517
322.07301444410956 75.46195387564613
322.0737997570441 75.46818823131689
322.07773645443586 75.49935996859307
322.078525826557 75.50559430780805
322.1593245019784 76.11654560419217
322.16018565871286 76.12277965238765
322.16104758975547 76.12901369744388
322.1619102961501 76.1352477393567
322.16277377894266 76.14148177812186
322.163638039181 76.14771581373513
322.1645030779146 76.15394984619223
322.1653688961951 76.16018387548888
322.16623549507585 76.16641790162078
322.1723236329344 76.21005599557192
322.1749446500106 76.22875798793554
322.17581990556533 76.23499197897142
322.17757279792465 76.2474599513891
322.1828506028954 76.28486379109306
322.18461627617705 76.29733171169376
322.18550031866465 76.30356566710527
322.1863851665137 76.30979961925168
322.1872708208243 76.31603356812847
322.18815728269874 76.32226751373113
322.1917112279483 76.34720326331147
322.19260174424477 76.35343719247646
322.1934930747605 76.35967111834034
322.19438522061176 76.36590504089862
322.1952781829169 76.37213896014678
322.1961719627964 76.37837287608029
322.0976824107268 75.46175672566503
322.1024666624623 75.49916230987002
322.10326643933075 75.50539656403959
322.1833873630219 76.1038712352069
322.18425830272366 76.11010519706298
322.1851300248048 76.1163391557052
322.1860025303192 76.12257311112924
322.18687582032254 76.12880706333074
322.18774989587257 76.13504101230534
322.1886247580288 76.14127495804878
322.18950040785285 76.14750890055663
322.1903768464079 76.15374283982455
322.1912540747594 76.15997677584807
322.19213209397446 76.16621070862288
322.1947709075026 76.18491248741105
322.1974168774082 76.2036142368021
322.1983004627129 76.20984814671243
322.1991848474885 76.21608205333862
322.2009560197934 76.22854985672093
322.2018428094979 76.23478375346808
322.20273040302385 76.2410176469133
322.20361880146396 76.24725153705201
322.2045080059126 76.25348542387978
322.2053980174664 76.25971930739205
322.2062888372238 76.26595318758432
322.2071804662854 76.27218706445214
322.2080729057536 76.2784209379909
322.208966156733 76.2846548081961
322.20986022033014 76.29088867506312
322.2107550976534 76.2971225385875
322.21165078981346 76.30335639876465
322.21254729792287 76.30959025558995
322.2134446230962 76.31582410905888
322.21434276645005 76.32205795916677
322.2170421167917 76.34075948927867
322.218845795152 76.35322715913044
322.22065277320706 76.36569481542742
322.2215575024489 76.37192863848126
322.1223497179773 75.46155699140454
322.1247698395356 75.48025953880179
322.1263867218133 75.49272788930286
322.12719620600615 75.49896206021309
322.12800638676407 75.50519622822478
322.1288172649858 75.51143039333425
322.2109347905379 76.11613000132785
322.2118186438115 76.12236386276734
322.2127032917532 76.12859772089988
322.2135887354342 76.13483157572107
322.21447497592794 76.14106542722632
322.2153620143095 76.1472992754113
322.2162498516562 76.15353312027139
322.21713848904693 76.15976696180216
322.2207010607005 76.18470229454192
322.22159371456615 76.1909361193584
322.2224871749913 76.19716994081847
322.2233814430687 76.2034037589175
322.22427651989324 76.20963757365098
322.22517240656157 76.21587138501435
322.2269666138264 76.22833899761238
322.2278649366264 76.23457279883789
322.2287640736769 76.24080659667493
322.2296640260848 76.2470403911189
322.2305647949586 76.25327418216513
322.23146638140906 76.2595079698091
322.23236878654893 76.26574175404606
322.233272011493 76.27197553487147
322.23417605735796 76.27820931228064
322.23508092526265 76.28444308626888
322.23598661632786 76.29067685683157
322.2368931316764 76.29691062396401
322.2387086397256 76.3093781479194
322.239617634682 76.315611904733
322.24052745843386 76.32184565809756
322.24417506408787 76.34678063697095
322.2450890488546 76.35301437301942
322.24600386924647 76.35924810559042
322.14864978714394 75.47382286706694
322.14946755441025 75.48005695967939
322.15028602444465 75.4862910493299
322.1527456602205 75.50499330047114
322.2349507995615 76.10345059853941
322.2358443931173 76.10968437155263
322.2367387893541 76.1159181411825
322.23763398935307 76.12215190742448
322.2385299941972 76.12838567027404
322.2394268049717 76.13461942972657
322.2403244227634 76.14085318577749
322.2412228486614 76.1470869384222
322.24212208375627 76.15332068765615
322.24302212914114 76.15955443347467
322.2439229859108 76.16578817587316
322.24482465516195 76.17202191484702
322.24663043550595 76.18448938250225
322.24753454880226 76.19072311117432
322.2484394789871 76.19695683640316
322.2493452271673 76.20319055818409
322.25025179445134 76.20942427651244
322.25115918195013 76.21565799138355
322.2520673907764 76.2218917027927
322.25297642204487 76.22812541073519
322.25388627687227 76.23435911520632
322.2547969563774 76.2405928162014
322.25570846168114 76.24682651371563
322.25662079390634 76.25306020774434
322.25753395417775 76.25929389828273
322.25844794362246 76.2655275853261
322.2593627633693 76.27176126886967
322.2602784145494 76.27799494890868
322.26119489829574 76.28422862543835
322.26211221574357 76.29046229845386
322.2639493562942 76.3029296339233
322.2648691816777 76.3091632963676
322.2657898453238 76.31539695527853
322.2667113483781 76.32163061065125
322.2750428392767 76.37773334898522
322.1725090333574 75.46738378106977
322.17333645639997 75.4736177886367
322.1741645901838 75.47985179316996
322.1749934356245 75.48608579466558
322.17582299363903 75.49231979311968
322.17665326514583 75.49855378852833
322.17748425106515 75.50478778088757
322.2571197915206 76.07830148360485
322.2580214700371 76.08453517421268
322.25982725356585 76.09700254507051
322.2607313607538 76.10323622531125
322.2625420114316 76.11570357539301
322.2634485571088 76.12193724522473
322.2643559178066 76.1281709115774
322.2652640946236 76.13440457444634
322.2670829010201 76.14687188971418
322.2679935328069 76.15310554210373
322.26890498512745 76.15933919099065
322.2698172590905 76.16557283637027
322.2725590219505 76.18427375141775
322.27347459360954 76.1905073827206
322.27439099248414 76.19674101049232
322.27530821969503 76.20297463472815
322.2762262763649 76.20920825542328
322.27714516361846 76.21544187257287
322.2780648825824 76.22167548617219
322.2789854343856 76.22790909621638
322.2799068201589 76.23414270270055
322.2808290410351 76.24037630561996
322.2817520981492 76.2466099049697
322.28267599263813 76.25284350074496
322.2836007256411 76.25907709294083
322.28452629829906 76.26531068155246
322.28545271175534 76.27154426657495
322.2863799671551 76.27777784800342
322.28730806564573 76.28401142583297
322.2882370083767 76.29024500005873
322.28916679649944 76.29647857067572
322.2900974311677 76.30271213767904
322.2910289135371 76.30894570106375
322.2919612447654 76.3151792608249
322.2928944260127 76.32141281695753
322.2938284584409 76.32764636945674
322.2985114291164 76.3588140772762
322.1971846590511 75.46717620558135
322.1980224388506 75.4734101240373
322.19886093826716 75.47964403938309
322.1997001582277 75.4858779516147
322.2005400996605 75.49211186072816
322.28285437221075 76.07808479619966
322.28376733459044 76.08431838970817
322.28468111553167 76.09055197967862
322.2855957161348 76.0967855661063
322.2865111375024 76.10301914898648
322.2874273807388 76.10925272831425
322.2883444469504 76.11548630408492
322.2892623372456 76.12171987629372
322.29018105273474 76.1279534449358
322.29110059453023 76.1341870100063
322.29202096374644 76.14042057150051
322.29294216149964 76.14665412941355
322.29386418890834 76.1528876837406
322.2947870470928 76.15912123447677
322.29571073717557 76.16535478161727
322.296635260281 76.17158832515717
322.29756061753557 76.17782186509167
322.2984868100677 76.18405540141585
322.29941383900797 76.19028893412482
322.30034170548896 76.19652246321367
322.3012704106452 76.20275598867752
322.3021999556135 76.20898951051144
322.30313034153244 76.21522302871054
322.30406156954285 76.22145654326984
322.3049936407875 76.22769005418441
322.3059265564114 76.23392356144927
322.3068603175614 76.24015706505956
322.3077949253867 76.24639056501023
322.3087303810383 76.25262406129625
322.3096666856695 76.25885755391276
322.31060384043565 76.26509104285468
322.311541846494 76.27132452811703
322.3124807050043 76.27755800969481
322.31342041712793 76.28379148758296
322.3143609840288 76.29002496177648
322.31530240687266 76.29625843227032
322.3162446868275 76.3024918990594
322.31718782506334 76.3087253621387
322.31813182275255 76.31495882150315
322.3190766810694 76.32119227714762
322.32002240119044 76.32742572906709
322.3247639701853 76.35859293261011
322.32571488595795 76.36482636207202
322.2210121821498 75.4607322137205
322.2218595902572 75.46696604514187
322.22270772591924 75.47319987337973
322.2235565900726 75.47943369843
322.2244061836553 75.4856675202886
322.2252565076073 75.4919013389514
322.2261075628699 75.49813515441427
322.2269593503862 75.50436896667314
322.3076647452832 76.07163191183056
322.3085881629246 76.07786541065494
322.30951240810555 76.08409890585811
322.3104374819379 76.0903323974352
322.3113633855358 76.09656588538138
322.3122901200152 76.10279936969171
322.31321768649406 76.10903285036127
322.3141460860923 76.11526632738524
322.315075319932 76.12149980075861
322.31600538913716 76.12773327047654
322.3169362948338 76.13396673653406
322.3178680381499 76.14020019892625
322.31880062021565 76.1464336576482
322.3197340421631 76.15266711269483
322.32066830512645 76.15890056406131
322.3216034102418 76.16513401174258
322.3225393586475 76.1713674557337
322.32347615148376 76.17760089602965
322.324413789893 76.18383433262545
322.3253522750196 76.19006776551608
322.32629160801 76.19630119469649
322.32723179001283 76.20253462016171
322.3281728221786 76.20876804190668
322.3291147056601 76.21500145992634
322.33005744161204 76.22123487421563
322.3310010311913 76.22746828476949
322.33194547555695 76.23370169158288
322.33289077587 76.23993509465069
322.33383693329347 76.24616849396782
322.3347839489928 76.25240188952914
322.3357318241354 76.2586352813296
322.3366805598906 76.26486866936406
322.3376301574302 76.2711020536274
322.3385806179279 76.27733543411442
322.3395319425596 76.28356881082006
322.3404841325032 76.28980218373906
322.341437188939 76.29603555286636
322.34239111304925 76.30226891819672
322.34334590601844 76.30850227972498
322.2465338184114 75.46675329986341
322.24739230903054 75.47298703677625
322.2482515370136 75.47922077042311
322.24911150330996 75.48545450079983
322.2499722088711 75.49168822790219
322.2508336546496 75.49792195172598
322.2516958416001 75.50415567226696
322.25255877067866 75.5103893895209
322.2534224428431 75.51662310348355
322.2542868590527 75.52285681415067
322.3333864646316 76.07140992769597
322.3343211539245 76.07764332709826
322.33525668083155 76.08387672279031
322.33619304647823 76.09011011476716
322.337130251992 76.09634350302383
322.3380682985023 76.10257688755532
322.33900718714085 76.10881026835655
322.33994691904104 76.11504364542257
322.3408874953386 76.12127701874833
322.34182891717114 76.12751038832874
322.3427711856783 76.1337437541588
322.3437143020019 76.13997711623344
322.34465826728564 76.14621047454762
322.3456030826754 76.15244382909617
322.3465487493191 76.1586771798741
322.34749526836663 76.16491052687624
322.34844264097023 76.17114387009757
322.3493908682839 76.17737720953289
322.35033995146387 76.18361054517712
322.35128989166833 76.1898438770251
322.35224069005784 76.19607720507172
322.35319234779473 76.2023105293118
322.35414486604367 76.2085438497402
322.35509824597125 76.21477716635174
322.35605248874634 76.22101047914124
322.3570075955398 76.22724378810351
322.3579635675247 76.23347709323335
322.3589204058761 76.23971039452553
322.35987811177137 76.2459436919749
322.36083668638986 76.25217698557614
322.36179613091315 76.25841027532407
322.3627564465248 76.26464356121348
322.3637176344109 76.27087684323904
322.36467969575915 76.27711012139551
322.3656426317599 76.28334339567765
322.36660644360535 76.28957666608012
322.36757113249007 76.29580993259768
322.3685366996107 76.30204319522495
322.271207334951 75.46653796985963
322.27207617961085 75.47277161434054
322.2729457705055 75.47900525547622
322.273816108596 75.48523889326236
322.27468719484506 75.49147252769467
322.2755590302167 75.49770615876876
322.2764316156771 75.5039397864803
322.2773049521936 75.51017341082502
322.27817904073567 75.5164070317985
322.27905388227407 75.52264064939645
322.35816226230764 76.0649519443124
322.3600533354746 76.07741854565877
322.36100014301974 76.08365184063406
322.36194779939063 76.08988513180397
322.36289630572827 76.09611841916337
322.3638456631757 76.1023517027071
322.36479587287795 76.10858498243007
322.36574693598226 76.11481825832715
322.3666988536378 76.1210515303931
322.3676516269959 76.12728479862287
322.36860525720977 76.13351806301117
322.369559745435 76.13975132355291
322.37051509282895 76.14598458024284
322.37147130055126 76.1522178330758
322.37242836976355 76.15845108204651
322.37338630162964 76.16468432714984
322.3743450973153 76.17091756838053
322.37530475798854 76.1771508057333
322.37626528481934 76.18338403920295
322.37722667898 76.18961726878423
322.3781889416446 76.19585049447178
322.3791520739898 76.20208371626046
322.3801160771939 76.20831693414485
322.38108095243774 76.21455014811976
322.38204670090397 76.22078335817982
322.38301332377756 76.22701656431974
322.38398082224563 76.2332497665342
322.38494919749735 76.23948296481785
322.3859184507241 76.24571615916535
322.3868885831194 76.25194934957138
322.38785959587904 76.2581825360305
322.38883149020074 76.26441571853744
322.3898042672847 76.27064889708666
322.390777928333 76.27688207167296
322.3917524745502 76.28311524229082
322.3927279071427 76.28934840893484
322.3937042273194 76.2955815715996
322.2976392819651 75.47878715370466
322.2985199909191 75.48502069779165
322.29940145692376 75.4912542384443
322.3002836809548 75.49748777565823
322.3011666639896 75.50372130942897
322.3020504070071 75.50995483975207
322.3029349109881 75.5161883666231
322.303820176915 75.52242189003756
322.30470620577194 75.52865540999103
322.3838710957986 76.06472466869191
322.3848274685162 76.07095786952266
322.38674278492306 76.08342425952024
322.3877017309151 76.08965744867668
322.38866153697154 76.09589063393116
322.38962220424895 76.10212381527853
322.39058373390594 76.10835699271348
322.3915461271033 76.1145901662307
322.39250938500385 76.12082333582502
322.39347350877244 76.12705650149104
322.3944384995761 76.1332896632235
322.3954043585839 76.13952282101712
322.39637108696706 76.1457559748666
322.39733868589883 76.15198912476653
322.39830715655467 76.15822227071166
322.3992765001121 76.1644554126966
322.4002467177507 76.17068855071604
322.4012178106523 76.17692168476452
322.4021897800008 76.18315481483675
322.4031626269823 76.18938794092732
322.4041363527849 76.19562106303087
322.4051109585989 76.20185418114197
322.4090182058512 76.22678661355329
322.40999722965273 76.2330197116207
322.41097714065296 76.23925280566301
322.4119579400573 76.24548589567478
322.4129396290735 76.25171898165054
322.4139222089114 76.25795206358477
322.414905680783 76.26418514147196
322.4158900459026 76.2704182153066
322.41687530548654 76.27665128508319
322.4178614607536 76.28288435079621
322.4188485129246 76.28911741244008
322.4198364632226 76.29535047000925
322.3223320628105 75.47856646522496
322.32322314168636 75.48479991450436
322.3241149865035 75.49103336026806
322.32500759824904 75.49726680251149
322.3259009779117 75.50350024123014
322.32679512648207 75.50973367641942
322.3276900449523 75.5159671080748
322.3285857343164 75.52220053619172
322.3294821955698 75.52843396076558
322.4144259359506 76.09566014746011
322.4153979119378 76.10189322540255
322.4163707604274 76.1081262993399
322.4173444825937 76.11435936926665
322.418319079613 76.1205924351775
322.4192945526639 76.126825497067
322.42027090292703 76.1330585549297
322.4212481315852 76.13929160876026
322.4222262398232 76.1455246585531
322.4232052288282 76.15175770430291
322.4241850997891 76.15799074600413
322.4251658538974 76.16422378365131
322.4261474923465 76.17045681723899
322.42713001633194 76.17668984676166
322.4281134270515 76.18292287221387
322.42909772570516 76.18915589358998
322.4310689916249 76.20162192409215
322.43502223170947 76.2265539359407
322.4360127796811 76.23278692862964
322.4370042252644 76.23901991719805
322.4379965696789 76.24525290164041
322.43898981414634 76.25148588195111
322.4399839598907 76.25771885812448
322.4409790081383 76.26395183015492
322.4419749601175 76.27018479803678
322.44297181705895 76.27641776176443
322.4439695801956 76.28265072133217
322.44496825076254 76.28888367673436
322.44596782999724 76.2951166279653
322.3479255523068 75.48457654351866
322.3488277749821 75.49080989328417
322.3497307734861 75.49704323944697
322.3506345488192 75.5032765820024
322.3515391019831 75.50950992094579
322.3524444339817 75.51574325627253
322.3533505458203 75.5219765879779
322.354257438506 75.52820991605724
322.4362651611884 76.07049502568834
322.44314199264466 76.11412586756984
322.4441279276434 76.1203588285857
322.4451147488353 76.12659178548599
322.44610245741444 76.13282473826523
322.4470910545774 76.13905768691781
322.44808054152276 76.1452906314382
322.4490709194512 76.15152357182086
322.45006218956553 76.15775650806006
322.4510543530709 76.16398944015035
322.4520474111746 76.17022236808602
322.453041365086 76.17645529186147
322.45403621601656 76.18268821147115
322.4550319651802 76.1889211269093
322.4560286137928 76.19515403817036
322.4570261630725 76.20138694524866
322.4580246142398 76.20761984813845
322.45902396851704 76.2138527468341
322.461025391303 76.2263185316203
322.4620274622679 76.23255141769937
322.46303044125517 76.23878429956153
322.46403432949853 76.24501717720098
322.46503912823385 76.25125005061197
322.4660448386993 76.25748291978871
322.46705146213526 76.26371578472563
322.4680589997843 76.26994864541675
322.4700768227035 76.28241435403861
322.4710871104702 76.2886472019578
322.47209831744306 76.29488004560807
322.37353981375884 75.4905838376123
322.37445319805437 75.49681708658444
322.3753673680891 75.50305033186572
322.37628232487634 75.50928357345134
322.37719806943124 75.51551681133658
322.3781146027708 75.52175004551661
322.3790319259135 75.52798327598666
322.39288724751873 75.62148128455853
322.3938173474915 75.62771445501093
322.4609925972962 76.06402667109093
322.4689386474497 76.1138896612768
322.4739339821929 76.14505389365932
322.4749357478819 76.15128672745792
322.4759384159847 76.1575195570173
322.47694198772007 76.16375238233164
322.4779464643091 76.16998520339524
322.47895184697506 76.17621802020236
322.4799581369432 76.1824508327472
322.48096533544134 76.188683641024
322.48197344369913 76.19491644502702
322.48399239442443 76.20738204018843
322.4850032393628 76.21361483133524
322.48601499900246 76.21984761818499
322.48702767458445 76.22608040073187
322.4880412673521 76.2323131789701
322.4890557785507 76.23854595289373
322.49007120942815 76.24477872249687
322.49108756123445 76.25101148777378
322.49210483522177 76.25724424871846
322.49312303264475 76.26347700532502
322.49414215476014 76.26970975758763
322.49822791536195 76.29464072307948
322.3991748633437 75.49658834404516
322.40009942710043 75.50282149094149
322.40102478652955 75.50905463405758
322.4019509426578 75.51528777338858
322.40287789651336 75.5215209089296
322.40380564912664 75.52775404067575
322.499786551963 76.1448144453554
322.5007997042363 76.15104717135343
322.5018137691492 76.15727989301517
322.5028287479342 76.16351261033478
322.50384464182605 76.1697453233064
322.5048614520618 76.17597803192413
322.5058791798807 76.1822107361821
322.5068978265243 76.18844343607437
322.50791739323626 76.19467613159506
322.510981626253 76.21337419186828
322.51200488572056 76.21960686984329
322.51302907150875 76.22583954341692
322.514054184875 76.2320722125833
322.5150802270787 76.23830487733643
322.5161071993818 76.2445375376702
322.5171351030483 76.25077019357875
322.5181639393447 76.25700284505594
322.51919370953965 76.26323549209583
322.4248307172336 75.50259005935236
322.4257664783121 75.50882310288733
322.42670304501934 75.51505614255157
322.4276404183952 75.52128917834008
322.4285785994813 75.52752221024787
322.44370020243696 75.62725018887211
322.4446522757229 75.63348315403275
322.44560517577924 75.63971611522103
322.5215492940744 76.11964177451901
322.52666277863256 76.15080490364801
322.5276882391639 76.15703751619466
322.52871462380466 76.16327012430094
322.52974193380345 76.16950272796083
322.5307701704111 76.17573532716841
322.5317993348805 76.18196792191758
322.53282942846715 76.18820051220233
322.53386045242866 76.1944330980166
322.53489240802475 76.20066567935433
322.5379938772538 76.21936339644766
322.5390295720328 76.22559595981848
322.54006620478 76.23182851868236
322.5411037767689 76.2380610730331
322.5421422892755 76.24429362286462
322.54422214095683 76.25675870894534
322.4495612298707 75.50235603722251
322.450507391595 75.50858898006491
322.451454367876 75.51482191895002
322.4533507683153 75.52728778482783
322.45430019458166 75.53352071181028
322.4686404374816 75.62701413631166
322.46960309217576 75.6332469990266
322.4705665828016 75.63947985768031
322.5452930326641 76.1069322823878
322.5525249611907 76.1505599244841
322.5577185919959 76.18172239009695
322.55876013130984 76.18795486955138
322.55980261130287 76.1941873444353
322.5629357081052 76.21288474160255
322.563981963575 76.21911719814264
322.56502916611566 76.22534965008124
322.5660773170124 76.23158209741207
322.5671264175531 76.23781454012884
322.56817646902743 76.24404697822534
322.5692274727279 76.25027941169523
322.4742909563956 75.50211942467737
322.4752475177511 75.50835226571594
322.4762049025895 75.51458510270972
322.4800426980556 75.53951641013155
322.48100421628726 75.54574922682247
322.49455310083704 75.63300823006708
322.4955271809804 75.63924098505473
322.5836369412825 76.18147414086518
322.58468992509455 76.18770650826663
322.59314813936527 76.23756527877036
322.59420972855804 76.24379760389928
322.5952722804049 76.25002992429926
322.49998684815466 75.50811295996752
322.5009546405229 75.51434569395784
322.5019232663728 75.5205784238095
322.5058061261388 75.5455093017222
322.50970240803576 75.57044011298663
322.6000175732342 76.12513267347823
322.6106187998655 76.18745542849477
322.6116841882139 76.19368767784721
322.62024205778994 76.24354550003487
322.6213161565178 76.24977770613157
322.63870139985374 76.19966589500378
322.63978018760446 76.20589801998159
322.6408599508869 76.21213014006263
322.64627344664785 76.24329066678237
322.6473590909779 76.24952275734246
322.58422891164696 75.56970347956573
322.6807293264474 76.14306242453505
322.6090694090796 75.56945273084487
322.6111065991709 75.58191725742456
322.63271177885 75.71279367440528
322.63375047783273 75.71902583355228
322.6431397391803 75.77511505363596
322.63390905674447 75.56919938022543
322.63493770354506 75.57543153629564
322.6359672399031 75.58166368771008
322.64009430400523 75.60659224668889
322.6411283054893 75.61282437473356
322.6421632034802 75.61905649808604
322.65779505136936 75.71253778113527
322.6588444533275 75.71876982857546
322.65989477187935 75.72500187121831
322.6672727674464 75.76862603486171
322.6683304621311 75.77485803889819
322.669389084287 75.78109003808031
322.6566722616589 75.55647932271624
322.6597869836148 75.57517547329384
322.66499617441326 75.6063356291475
322.6660407212149 75.61256764599628
322.6670861736343 75.6187996580566
322.6681325328482 75.62503166532223
322.681818260224 75.70604732060436
322.6839375430771 75.71851119467459
322.68499857276 75.7247431243692
322.6913842629553 75.76213459936439
322.6924518080552 75.76836649460795
322.69352028882076 75.77459838490404
322.6945897064814 75.78083027024617
322.7068890632335 75.70578628580827
322.70795893365874 75.71201811139476
322.70902973808114 75.71824993199253
322.71762994448466 75.76810431639413
322.71870921014255 75.774336091798
322.7197894221173 75.78056786214735
322.7208705816528 75.78679962743546
322.70524795371546 75.54972822620533
322.70630532692036 75.5559600618495
322.7308793463299 75.69929090902592
322.7319589648603 75.70552262465968
322.7330395254533 75.71175433521107
322.74389721699174 75.7740711597262
322.7311205403368 75.55569653268871
322.73218929612125 75.5619282496217
322.73325897521977 75.56815996152406
322.7343295788281 75.57439166838923
322.7679834684361 75.76757204667135
322.75809424318277 75.5678936034957
322.7591753331263 75.57412519525951
322.7602573578099 75.5803567818802
322.7831979654184 75.7112189009447
322.9211688117609 76.04686791207702
322.9456342329034 76.04035095407082
322.9468347854751 76.04658163099238
322.94803641104903 76.05281230177926
322.9737125584705 76.05252320203905
322.9799332691814 75.95254407135451
322.9908867246043 75.8774866740761
323.10913399016965 75.70748249555497
