# successful candidates for region at (103.18817090332936, 54.63139626720635) and radius 1.0
102.64807270788901 54.678702301856234
102.64798940928151 54.684963870728794
102.64782272203408 54.69748700824506
102.6595713600725 54.62865741057087
102.65900100606085 54.67248845540605
102.65891940955267 54.67875003294732
102.65859272948954 54.70379634238011
102.6585109858883 54.710057919555
102.65842921282172 54.71631949665653
102.6719140408419 54.50973395033206
102.6704047268231 54.62870410612683
102.67032500351 54.63496569257686
102.66992595645611 54.66627362377678
102.6698460608414 54.67253520980647
102.66976613645656 54.678796795765955
102.66960620131566 54.69131996747423
102.66952619052911 54.697581553222925
102.6694461509115 54.70384313890127
102.66936608244755 54.71010472450926
102.669285985122 54.71636631004682
102.66920585891955 54.722627895513945
102.68155005922645 54.60370345543446
102.68116006280763 54.63501142947264
102.68108197934593 54.64127302407921
102.68100386779035 54.647534618618685
102.68092572812598 54.65379621309101
102.680847560338 54.66005780749616
102.68076936441152 54.6663194018341
102.68069114033166 54.6725809961048
102.68061288808353 54.67884259030821
102.6805346076522 54.685104184444306
102.68045629902282 54.69136577851304
102.6803779621804 54.69762737251439
102.68029959711005 54.703888966448304
102.68022120379679 54.710150560314766
102.68014278222567 54.716412154113726
102.68006433238173 54.72267374784515
102.69222422615792 54.61627139094421
102.6921478936335 54.62253299379597
102.69207153365899 54.62879459658356
102.6919187313016 54.64131780196611
102.6918422888897 54.64757940456099
102.6917658189696 54.653841007091586
102.69168932152678 54.660102609557846
102.69161279654669 54.66636421195973
102.69153624401474 54.67262581429722
102.69145966391638 54.678887416570255
102.69138305623702 54.68514901877884
102.69130642096204 54.69141062092289
102.69122975807684 54.69767222300242
102.69115306756684 54.70393382501737
102.69107634941739 54.710195426967715
102.69099960361385 54.7164570288534
102.69092283014155 54.72271863067441
102.69084602898587 54.72898023243072
102.70320358213812 54.60379194846572
102.70312897003002 54.61005355931051
102.70305433109947 54.61631517009397
102.70297966533232 54.62257678081606
102.70290497271438 54.62883839147678
102.70283025323145 54.635100002076065
102.70275550686935 54.64136161261388
102.70268073361389 54.647623223090214
102.70260593345083 54.65388483350501
102.70253110636594 54.660146443858274
102.70215656661556 54.69145449470004
102.70200656176361 54.70397771460469
102.70193151879079 54.71023932446432
102.7017062275131 54.72902415367193
102.71403037838381 54.60383474568295
102.71388445908781 54.61635798269629
102.71381146009034 54.62261960111499
102.71373843484142 54.628881219475005
102.71366538332717 54.63514283777632
102.7135923055337 54.64140445601888
102.71351920144713 54.64766607420266
102.71344607105357 54.65392769232764
102.7133729143391 54.66018931039378
102.7129334205331 54.697759017553246
102.71286007918202 54.70402063520663
102.71263989647751 54.72280548781213
102.71190423115176 54.78542165931203
102.7247859161856 54.610138202750036
102.72471460960854 54.6163998287476
102.72464327739291 54.622661454689165
102.72457191952516 54.6289230805747
102.72450053599174 54.63518470640415
102.72442912677907 54.64144633217754
102.7243576918736 54.64770795789478
102.72428623126174 54.653969583555885
102.72378528605684 54.69780096160877
102.72371361930374 54.70406258681959
102.72364192672158 54.710324211973955
102.72349846401535 54.72284746211332
102.72342669386387 54.72910908709826
102.72335489782859 54.73537071202664
102.72328307589572 54.74163233689846
102.72306745457452 54.76041721117416
102.72299552891407 54.766678835819384
102.72285159968055 54.77920208493963
102.72277959607992 54.7854637094146
102.73561442252957 54.61017907490034
102.73554478214722 54.61644070824443
102.73547511672531 54.6227023415351
102.73526597008996 54.64148724108635
102.73519620437749 54.64774887416307
102.73512641355924 54.65401050718624
102.73449716424176 54.71036520197988
102.73442712163413 54.7166268344659
102.73421684224382 54.73541173160054
102.73407652954356 54.74793499608723
102.73400633522118 54.754196628249574
102.7339361155661 54.76045826035785
102.73379560020399 54.772981524412174
102.73365498334967 54.78550478824997
102.74718905691218 54.54134093162903
102.74712135073219 54.54760257270398
102.74705362025311 54.55386421372834
102.74644295036549 54.61021898066642
102.7463749761894 54.616480621183364
102.74535242344032 54.710405222815275
102.74487333792054 54.754236699632386
102.74473623399979 54.766759978260005
102.74466764491662 54.77302161749648
102.74459903106741 54.77928325668141
102.744530392439 54.78554489581474
102.74446172901827 54.791806534896416
102.75806533961918 54.53511814608395
102.75799931677912 54.54137979417916
102.75793327024803 54.54764144222626
102.75786720001344 54.553903090225205
102.75747028013167 54.59147297720642
102.75733778330876 54.6039962724805
102.75600755883907 54.72922921454472
102.75553971090379 54.77306073965743
102.75547277895079 54.77932238590603
102.75540582282596 54.7855840321055
102.76887396076425 54.535156037353154
102.76880959698877 54.54141769224508
102.76874521011754 54.54767934709129
102.76855191080755 54.566464311355276
102.7684874314315 54.57272596601833
102.7664770241376 54.76683723770816
102.76641179764405 54.77309889089174
102.76634654759852 54.7793605440287
102.77722033648885 54.77939773104624
102.79006348229083 54.579060601846216
102.79000228309722 54.58532226952431
102.78951189707026 54.63541560946069
102.80100279527589 54.56657229609444
102.80094330209523 54.57283397014393
102.80088378754846 54.57909564415439
102.80076469431141 54.591618992058095
102.80034719328918 54.63545070848843
102.81181979412342 54.566606360633884
102.81176196302802 54.572868040798994
102.81170411116338 54.579129720927206
102.81164623851852 54.58539140101851
102.81158834508248 54.591653081072906
102.81153043084431 54.59791476109035
102.81129856565042 54.6229614807903
102.81124054723664 54.629223160622715
102.81118250795471 54.635484840418094
102.82291735358535 54.53533102892324
102.82286128528729 54.541592715204374
102.82274908832272 54.55411608766252
102.82269295963503 54.560377773839505
102.82263681079623 54.56663945998174
102.82258064179568 54.57290114608919
102.82252445262279 54.57916283216183
102.82246824326687 54.585424518199666
102.82207421175553 54.6292563194882
102.82201784055148 54.63551800524686
102.8219614490683 54.64177969097053
102.83372608599254 54.53536313426177
102.83367167681892 54.541624826301856
102.83361724812136 54.54788651830926
102.83356279988956 54.55414821028397
102.83350833211321 54.56040990222596
102.83339933788568 54.57293328601177
102.83334481141384 54.57919497785551
102.83329026535621 54.58545666966648
102.83290789368101 54.629288511423866
102.83285319056424 54.63555020297192
102.83268896309771 54.65433527741843
102.84437652823902 54.554179368054776
102.84432372138306 54.56044106558864
102.84427089556853 54.56670276309175
102.84421805078541 54.57296446056405
102.84416518702372 54.57922615800558
102.84405940252451 54.59174955279616
102.84395354199071 54.60427294746335
102.84374159249799 54.629319736427036
102.84368855747759 54.635581433590644
102.84358243018958 54.64810482782493
102.84352933790181 54.65436652489558
102.84347622650472 54.66062822193524
102.84342309598823 54.66688991894387
102.85508796264348 54.56673296684865
102.85503677998237 54.5729946697435
102.85498557893959 54.579256372609436
102.85493435950542 54.5855180754465
102.85488312167017 54.591779778254626
102.85483186542412 54.5980414810338
102.85478059075753 54.60430318378404
102.85457530769143 54.629349994495136
102.85452394077625 54.63561169710037
102.85447255538209 54.641873399676584
102.85442115149917 54.64813510222371
102.85436972911775 54.65439680474177
102.86540903874626 54.62937928562564
102.86535933994486 54.63564099349864
102.86530962326452 54.64190270134444
102.86525988869585 54.648164409163044
102.87667428521762 54.5730521919738
102.87619475446807 54.63566932278298
102.87614670650989 54.64193103572445
102.87609864126372 54.6481927486405
102.87605055872044 54.65445446153114
102.8760024588709 54.66071617439635
102.88749306023075 54.5730795050199
102.88703018383056 54.635696684951014
102.88693740868686 54.648220120653704
102.89777619044939 54.64824652520036
102.89768668899912 54.66076997031221
102.9089160617208 54.60443987169998
102.90887309728718 54.61070159898653
102.91978448158068 54.59820257883233
102.95222468020825 54.604531829474915
102.95186107837664 54.66714926695173
102.9518246461873 54.6734110106193
102.95178820087823 54.67967275427229
102.95156925312016 54.7172432158833
102.96294791998189 54.6233376457612
102.96273969497788 54.660908130388215
102.97384608891177 54.61083376183419
102.97381310725397 54.617095512856686
102.98467495947543 54.610852406450064
102.98464364420877 54.61711416082396
102.99553347791891 54.604608327064476
102.99544453130231 54.623393599719144
102.99535548868771 54.64217887228664
102.99532578645697 54.64844062978975
102.99529607353723 54.65470238728314
102.9946995617171 54.779937535104416
103.00563013659303 54.76743080764978
103.00560190097983 54.77369256798831
103.00557365517098 54.77995432831811
103.01650087524096 54.767446623996825
103.01647432110866 54.77370838719067
103.45293010211309 55.01149081260493
103.46386677951983 55.011466655738495
103.4755205261713 55.111629102885296
103.47556548267386 55.11789082655477
103.48653120794216 55.117864633435836
103.50841251171678 55.11154759629865
