# successful candidates for region at (66.33205437395728, 76.3972335570626) and radius 1.0
64.55991559167654 75.89668323099568
64.58787404458813 75.87795120722292
64.5863450063222 75.89056359771443
64.58557946129856 75.89686978918516
64.61350489565594 75.87813479844206
64.6127519346285 75.88444107699053
64.61199830029685 75.89074735309784
64.61124399175812 75.89705362676075
64.6406178963641 75.86570294672286
64.63839465155462 75.88462203196234
64.66622762851352 75.86588094464729
64.66476853377004 75.87849382953401
64.6640380082334 75.88480026853692
64.69255537013228 75.85974970362872
64.6918379882289 75.86605622770546
64.71815515791677 75.85992219472988
64.74514369704029 75.84747861204437
64.77072233713606 75.84764552639122
64.76455702317031 75.90440625275441
64.76386892089727 75.9107129900034
64.79091339489732 75.89826430385965
64.79023716066747 75.90457111689588
64.81989886345745 75.86689191652042
64.81591788228363 75.90473325839973
64.84616301715644 75.86074394044363
64.84551278644652 75.86705090831376
64.8448619749463 75.87335787436113
64.84421058187777 75.87966483858342
64.84355860646154 75.88597180097807
64.84225290546142 75.89858572027477
64.87431675755442 75.83567197900341
64.87176630576134 75.86090014696524
64.87112726961477 75.8672071845663
64.87048766266433 75.87351422040688
64.86984748414538 75.87982125448464
64.86920673329189 75.88612828679719
64.86856540933648 75.89243531734219
64.89987591438165 75.83582519763152
64.8992503093132 75.84213231052782
64.89799742495742 75.85474653124743
64.89737014417688 75.86105363906624
64.89674230333016 75.86736074518797
64.89611390166732 75.87366784961044
64.8954849384371 75.87997495233131
64.8948554128868 75.8862820533483
64.89422532426246 75.89258915265918
64.89359467180877 75.89889625026157
64.89296345476902 75.90520334615327
64.92604951022835 75.82966852498569
64.92543560851743 75.83597570658112
64.92482115964944 75.84228288654826
64.92420616289299 75.84859006488496
64.9223578779594 75.86751159009023
64.9217406823091 75.87381876188313
64.9211229350938 75.88012593203463
64.92050463557423 75.8864331005425
64.91988578300982 75.89274026740456
64.95220080333212 75.82350900939525
64.9515985851199 75.82981625836435
64.95099583039132 75.83612350576585
64.95039253842953 75.84243075159769
64.94978870851635 75.8487379958577
64.94918433993237 75.85504523854385
64.94797398386795 75.86765971918604
64.94736799494224 75.87396695713788
64.94676146445518 75.88027419350739
64.94615439168089 75.88658142829242
64.97773925793624 75.8236539695859
64.97714817748623 75.82996128309844
64.97655657043171 75.83626859510079
64.97596443606902 75.84257590559108
64.97537177369331 75.84888321456712
64.97299582991806 75.87411243528915
64.97240051685964 75.88041973666392
65.00095534882543 75.84902572092963
64.99979080351838 75.86164046151825
64.99804008264438 75.88056256142013
64.99745546545269 75.88686992511795
65.02938597611086 75.81762832693214
65.02653942431314 75.8491655148633
65.02368015214545 75.8807026676935
65.1070422379005 75.80541529417098
65.46570139278329 75.78173550453212
65.46532439799317 75.78804381978021
65.4645694031625 75.80066044842718
65.49153600182788 75.77551766243309
65.49117041144189 75.78182601845036
65.49080449639311 75.78813437388793
65.49043825624909 75.79444272874507
65.51628490834912 75.78822222634962
65.51592975820394 75.79453062023231
65.5155742923836 75.80083901356848
