# # ids of objects in overdense bins for (246.15128370625843, -20.454190785830647)
# 
6.244464569541772288e+18
6.244396739122590720e+18
6.244414365668669440e+18
6.244436768219943936e+18
6.244408180915466240e+18
6.244421718654484480e+18
6.244423574079421440e+18
6.244391928761922560e+18
6.244431721636103168e+18
6.244410487313199104e+18
6.244434500480146432e+18
6.244443502727819264e+18
6.244398697629177856e+18
6.244424609168619520e+18
6.244441136203825152e+18
6.244422783806389248e+18
6.244427254868281344e+18
6.244412475882880000e+18
6.244423883317087232e+18
6.244402271040408576e+18
6.244461545888868352e+18
6.244437764652364800e+18
6.244435874870448128e+18
6.244391860042438656e+18
6.244444018123913216e+18
6.244463126436429824e+18
6.244435050233006080e+18
6.244418076521199616e+18
6.244397426318851072e+18
6.244425429505368064e+18
6.244464805765947392e+18
6.244418007801720832e+18
6.244416809508124672e+18
6.244384541418049536e+18
6.244414571827144704e+18
6.244410517377838080e+18
6.244461335431029760e+18
6.244412583261652992e+18
6.244440891388063744e+18
6.244421375056109568e+18
6.244436630780981248e+18
6.244461545884681216e+18
6.244464290368713728e+18
6.244435187671967744e+18
6.244421821732722688e+18
6.244435325111165952e+18
6.244415160237742080e+18
6.244392031838298112e+18
6.244417324903825408e+18
6.244385984527164416e+18
6.244412304085619712e+18
6.244430141086470144e+18
6.244463951070174208e+18
6.244431717337546752e+18
6.244448248665885696e+18
6.244439963675054080e+18
6.244396915216467968e+18
6.244391310286610432e+18
6.244424059412556800e+18
6.244391726895793152e+18
6.244398182231639040e+18
6.244468039879091200e+18
6.244443262209634304e+18
6.244413678473830400e+18
6.244391829979085824e+18
6.244421065818531840e+18
6.244397735557086208e+18
6.244402172257647616e+18
6.244424501792367616e+18
6.244448862847947776e+18
6.244431171878464512e+18
6.244397254520741888e+18
6.244390520012570624e+18
6.244414503107650560e+18
6.244430244162672640e+18
6.244439413919241216e+18
6.244439212056010752e+18
6.244448862848116736e+18
6.244393337509540864e+18
6.244397838636298240e+18
6.244410242499865600e+18
6.244393887265355776e+18
6.244423677158626304e+18
6.244394956715295744e+18
6.244384644500661248e+18
6.244415366397515776e+18
6.244438318705878016e+18
6.244392787754097664e+18
6.244393234430321664e+18
6.244391314582994944e+18
6.244391585164504064e+18
6.244409593964410880e+18
6.244394991070992384e+18
6.244414816644226048e+18
6.244397151441520640e+18
6.244408868110319616e+18
6.244397185801260032e+18
6.244415813072859136e+18
6.244395399092705280e+18
6.244439761814307840e+18
6.244393062631627776e+18
6.244409005549298688e+18
6.244408047771722752e+18
6.244393062631627776e+18
6.244461575949265920e+18
6.244430033710286848e+18
6.244444606536173568e+18
6.244412548901472256e+18
6.244445289434278912e+18
6.244402167962172416e+18
6.244436325836554240e+18
6.244415847436407808e+18
6.244448210012909568e+18
6.244448106933696512e+18
6.244436257117073408e+18
6.244438967242629120e+18
6.244465016218384384e+18
6.244445358153758720e+18
6.244441823398856704e+18
6.244397980370599936e+18
6.244397602411145216e+18
6.244436871299155968e+18
6.244392134920364032e+18
6.244389179982861312e+18
6.244419936241037312e+18
6.244464260305381376e+18
6.244415499545545728e+18
6.244406531648101376e+18
6.244410212436502528e+18
6.244395128514000896e+18
6.244414129449482240e+18
6.244409486585635840e+18
6.244396292445947904e+18
6.244434642211530752e+18
6.244441273641149440e+18
6.244435187671965696e+18
6.244425085907960832e+18
6.244402000458927104e+18
6.244424879750455296e+18
6.244389252999242752e+18
6.244384644497253376e+18
6.244412686336565248e+18
6.244437322268898304e+18
6.244423406574695424e+18
6.244443369586761728e+18
6.244389970253995008e+18
6.244421065818527744e+18
6.244389901537383424e+18
6.244421104475285504e+18
6.244394952418925568e+18
6.244384438338821120e+18
6.244430583466141696e+18
6.244468207380081664e+18
6.244430136789510144e+18
6.244391177142299648e+18
6.244419176032857088e+18
6.244393612387452928e+18
6.244417015663222784e+18
6.244438520566632448e+18
6.244393165714293760e+18
6.244435191968045056e+18
6.244438726725079040e+18
6.244410281158689792e+18
6.244412956919269376e+18
6.244442815533969408e+18
6.244411238933712896e+18
6.244431992215467008e+18
6.244431236301178880e+18
6.244415465181561856e+18
6.244431201941440512e+18
6.244385503490746368e+18
6.244418076521204736e+18
6.244402481498086400e+18
6.244417290544361472e+18
6.244435638641744896e+18
6.244442678095011840e+18
6.244411994847961088e+18
6.244423784532613120e+18
6.244416289815298048e+18
6.244440960107552768e+18
6.244406535947251712e+18
6.244411513811608576e+18
6.244419661363107840e+18
6.244437352334616576e+18
6.244410929696057344e+18
6.244437799012110336e+18
6.244384610137540608e+18
6.244444709613302784e+18
6.244411037069688832e+18
6.244385645222087680e+18
6.244411861703414784e+18
6.244394093424800768e+18
6.244410517377816576e+18
6.244468241740341248e+18
6.244410246798946304e+18
6.244391172847749120e+18
6.244385610862347264e+18
6.244391035408790528e+18
6.244390318147867648e+18
6.244412819480328192e+18
6.244431481116056576e+18
6.244390902263299072e+18
6.244425365082622976e+18
6.244410620458401792e+18
6.244436802583268352e+18
6.244395987503492096e+18
6.244425124565660672e+18
6.244437013033932800e+18
6.244440139769007104e+18
6.244420550426908672e+18
6.244392615956462592e+18
6.244390313851412480e+18
6.244438009466349568e+18
6.244390829250244608e+18
6.244390348211152896e+18
6.244396807842076672e+18
6.244399144305790976e+18
6.244393646747191296e+18
6.244411032775269376e+18
6.244438589286109184e+18
6.244443300866058240e+18
6.244392512874679296e+18
6.244415228958537728e+18
6.244431201941431296e+18
6.244431167581693952e+18
6.244420653501638656e+18
6.244390245131931648e+18
6.244403267472887808e+18
6.244435531268756480e+18
6.244463229513178112e+18
6.244487758071201792e+18
6.244487551912771584e+18
6.244487551912760320e+18
6.244490098831081472e+18
6.244489995748123648e+18
6.244488209041740800e+18
6.244488857582863360e+18
6.244488518280751104e+18
6.244488415200182272e+18
6.244491709444276224e+18
6.244487281330092032e+18
6.244487418767706112e+18
6.052231174928640000e+18
6.052218397402940416e+18
6.052233786267368448e+18
6.052221558496279552e+18
6.052218496184157184e+18
6.052231209288392704e+18
6.052217469687870464e+18
6.052231935139515392e+18
6.052233790565386240e+18
6.052234473462185984e+18
6.052193379218436096e+18
6.052217740269358080e+18
6.052221966517315584e+18
6.052216228443500544e+18
6.052232824196139008e+18
6.052220042371698688e+18
6.052217160448908288e+18
6.052221725999137792e+18
6.052230801265418240e+18
6.052234031080013824e+18
6.052220592128221184e+18
6.052229834898065408e+18
6.052169224319328256e+18
6.052233618763141120e+18
6.052220351609450496e+18
6.052230934409674752e+18
6.052221317976709120e+18
6.052220390263714816e+18
6.052221725999115264e+18
6.052219423898092544e+18
6.052233717547865088e+18
6.052216640757637120e+18
6.052230934409698304e+18
6.052231827763707904e+18
6.052232446238997504e+18
6.052234305959221248e+18
6.052234817059576832e+18
6.052231282302072832e+18
6.052219977948140544e+18
6.052233477030124544e+18
6.052234198584651776e+18
6.052232656691619840e+18
6.052217087434158080e+18
6.052221176243190784e+18
6.052234129865169920e+18
6.052216915635461120e+18
6.052221799014287360e+18
6.052215511183174656e+18
6.052237119163467776e+18
6.052236431968699392e+18
6.052259040675350528e+18
6.052262682806057984e+18
6.052246877327882240e+18
6.052259075035089920e+18
6.052235332455805952e+18
6.052245365499215872e+18
6.052262339208615936e+18
6.052248496531360768e+18
6.052241551568709632e+18
6.052237054738008064e+18
6.052258559638937600e+18
6.052240903028114432e+18
6.052261823814135808e+18
6.052245094915662848e+18
6.052259796587964416e+18
6.052239666078427136e+18
6.052239352543603712e+18
6.052239421263080448e+18
6.052236363247839232e+18
6.052239593061803008e+18
6.052262687102016512e+18
6.052260793025025024e+18
6.052237256602424320e+18
6.052257395703630848e+18
6.052242273122709504e+18
6.052247083486355456e+18
6.052260174545110016e+18
6.052262992043663360e+18
6.052241762022865920e+18
6.052263236858138624e+18
6.052258770095230976e+18
6.052262480944553984e+18
6.052271036518746112e+18
6.052265397225479168e+18
6.052260243264598016e+18
6.052261793749929984e+18
6.052263820973690880e+18
6.052261037834499072e+18
6.052241276690211840e+18
6.052257425767785472e+18
6.052264710030720000e+18
6.052260793020684288e+18
6.052245919551213568e+18
6.052238665350368256e+18
6.052246194429118464e+18
6.052246293212303360e+18
6.052240005379781632e+18
6.052258559639168000e+18
6.052261759388998656e+18
6.052238012515365888e+18
6.052265057925087232e+18
6.052246121413599232e+18
6.052241074828111872e+18
6.052259006318706688e+18
6.052247598882628608e+18
6.052262614086563840e+18
6.052257838084404224e+18
6.052238154252227584e+18
6.052244059829327872e+18
6.052262201769677824e+18
6.052261862471712768e+18
6.052240933092732928e+18
6.052240967452508160e+18
6.052263099420201984e+18
6.052239799221949440e+18
6.052261961251458048e+18
6.052235847853258752e+18
6.052264125915113472e+18
6.052242792814964736e+18
6.052236230104281088e+18
6.052240421992627200e+18
6.052242376201942016e+18
6.052239558702024704e+18
6.052245644671523840e+18
6.052244579520825344e+18
6.052239769156731904e+18
6.052242243058764800e+18
6.052259903964514304e+18
6.052258868876634112e+18
6.052246572386204672e+18
6.052261308416556032e+18
6.052258632653166592e+18
6.052235607334950912e+18
6.052243063396714496e+18
6.052263851037221888e+18
6.052236706846599168e+18
6.052245159340838912e+18
6.052264920486306816e+18
6.052239940954697728e+18
6.052237153523204096e+18
6.052242238762932224e+18
6.052242101323996160e+18
6.052241929525369856e+18
6.052259216768326656e+18
6.052259835247100928e+18
6.052236638127120384e+18
6.052248290372592640e+18
6.052258289056460800e+18
6.052237943795857408e+18
6.244813316590533632e+18
6.244816413264571392e+18
6.244814798355085312e+18
6.052661500585426944e+18
6.052659434705667072e+18
6.052658472632946688e+18
6.052658884949809152e+18
6.052658442568827904e+18
