# successful candidates for region at (36.577530060261, 38.41779111562747) and radius 1.0
36.55909035922715 39.041707247534774
36.56721075839647 39.0227995973188
36.57532624657508 39.02280002738297
36.57532605092413 39.029102906800226
36.575325855220505 39.03540578621746
36.6159377942208 39.08582260252251
36.61594121015485 39.09212548110047
36.61594462700947 39.09842835967823
36.62405222085544 39.07321392789596
36.62406049422339 39.0858196842651
36.6316752852534 38.41771116779549
36.63168000978993 38.42401404555272
36.631865255128496 38.669826277777936
36.632163763472086 39.060604696993636
36.632183193493155 39.0858162078576
36.63218805427091 39.09211908557257
36.63965748935171 38.34207266347133
36.63971164795176 38.40510143577221
36.63972249702547 38.41770719022621
36.63972792373486 38.42401006745244
36.63973335189327 38.43031294467816
36.6403003102071 39.07950929612909
36.64030589190214 39.08581217330013
36.647684075016706 38.32946238961712
36.64769018104764 38.33576526624808
36.64769628870706 38.34206814287839
36.64770239799553 38.34837101950805
36.647708508913624 38.35467389613705
36.647714621461915 38.36097677276538
36.64772073564097 38.36727964939308
36.64773908796852 38.38618827927222
36.64775133101792 38.39879403252169
36.647757454993666 38.40509690914545
36.647769707850124 38.41770266239097
36.647775836731974 38.42400553901277
36.64778196725035 38.43030841563389
36.64841598317776 39.0732018274894
36.64842228540105 39.07950470404147
36.64845382200099 39.11101908679153
36.65572147401245 38.329457320990066
36.65572827959747 38.33576019694535
36.65573508699754 38.34206307289982
36.655741896213286 38.348365948853484
36.65574870724536 38.35466882480632
36.6557555200944 38.360971700758355
36.65576233476104 38.36727457670956
36.655769151245934 38.37357745265997
36.6557759695497 38.37988032860956
36.65578278967299 38.38618320455833
36.65578961161645 38.392486080506295
36.655796435380715 38.39878895645343
36.65580326096642 38.40509183239976
36.655810088374224 38.41139470834527
36.65581691760476 38.41769758428997
36.65582374865866 38.42400046023384
36.655830581536584 38.430303336176905
36.65584425276705 38.44290908806058
36.6562230917272 38.78956726357121
36.65653723522418 39.07319667802223
36.656544259478814 39.079499553879494
36.65655128562608 39.08580242973592
36.65658644477567 39.117316809005274
36.663766376960886 38.33575457833037
36.663773884101126 38.342057453535766
36.663781393243674 38.34836032874019
36.663788904389264 38.3546632039436
36.66379641753858 38.36096607914604
36.66380393269233 38.36726895434748
36.663811449851224 38.37357182954793
36.66381896901597 38.37987470474739
36.663826490187255 38.386177579945844
36.663834013365815 38.39248045514333
36.66384153855235 38.39878333033981
36.66384906574754 38.40508620553532
36.66385659495212 38.411389080729826
36.66386412616681 38.417691955923324
36.66387165939228 38.42399483111585
36.66387919462926 38.430297706307364
36.66388673187846 38.4366005814979
36.663894271140585 38.44290345668743
36.664304400298754 38.78325871543569
36.66466623231252 39.07949384564336
36.66470499506256 39.1110082210638
36.671804473015946 38.33574841040337
36.67181267989583 38.342051284786464
36.67182088896467 38.34835415916838
36.671829100223235 38.3546570335491
36.671837313672306 38.360959907928645
36.67184552931264 38.36726278230701
36.671853747145015 38.373565656684185
36.6718619671702 38.379868531060175
36.671870189388976 38.386171405435
36.671878413802105 38.39247427980862
36.671886640410364 38.39877715418107
36.67189486921453 38.40508002855231
36.67190310021537 38.41138290292238
36.67191133341366 38.41768577729127
36.671919568810175 38.42398865165897
36.6719278064057 38.430291526025485
36.67193604620099 38.436594400390796
36.67283057959535 39.111001950523836
36.67984256764069 38.33574169316456
36.67985147425965 38.3420445666521
36.6798603832542 38.348347440138255
36.67986929462518 38.35465031362304
36.679878208373424 38.360953187106404
36.67988712449977 38.36725606058838
36.67989604300505 38.373558934068974
36.67990496389012 38.37986180754817
36.67991388715579 38.38616468102597
36.67992281280292 38.39246755450236
36.679931740832345 38.39877042797737
36.67994067124489 38.40507330145099
36.67994960404141 38.4113761749232
36.67995853922275 38.417679048394014
36.679967476789734 38.42398192186344
36.67997641674321 38.43028479533145
36.67998535908402 38.43658766879808
36.679994303813004 38.44289054226331
36.68000325093101 38.44919341572712
36.68788066071318 38.33573442661414
36.68789026707059 38.34203729913292
36.68789987599023 38.34834017165008
36.68790948747299 38.35464304416561
36.687919101519796 38.36094591667953
36.68792871813153 38.36724878919183
36.687938337309106 38.3735516617025
36.68794795905342 38.37985453421156
36.68795758336537 38.386157406719
36.68796721024587 38.3924602792248
36.68797683969583 38.39876315172898
36.687986471716144 38.405066024231544
36.68799610630773 38.41136889673248
36.68800574347148 38.41767176923179
36.68801538320831 38.42397464172947
36.68802502551912 38.430277514225544
36.68803467040482 38.43658038671996
36.688044317866314 38.44288325921277
36.689032142070545 39.07947337249214
36.689071818286145 39.10468486177608
36.69592905820665 38.342029482229165
36.695939367050705 38.34833235370407
36.695949678644595 38.354635225177105
36.69595999298928 38.36093809664829
36.695970310085734 38.36724096811761
36.695980629934915 38.37354383958505
36.695990952537805 38.379846711050625
36.69600127789537 38.386149582514335
36.696011606008575 38.392452453976176
36.696021936878395 38.398755325436156
36.6960322705058 38.40505819689426
36.696042606891766 38.411361068350494
36.696052946037256 38.41766393980486
36.696063287943254 38.42396681125735
36.69607363261073 38.430269682707966
36.69608398004064 38.43657255415671
36.696094330233976 38.44287542560359
36.69610468319172 38.44917829704858
36.69611503891482 38.45548116849171
36.703978856313576 38.348323986300535
36.703989868017864 38.3546268566578
36.70400088265971 38.36092972701296
36.70401190024017 38.367232597365984
36.704022920760245 38.37353546771687
36.704033944220996 38.37983833806563
36.70404497062344 38.386141208412276
36.70405599996863 38.39244407875678
36.70406703225759 38.39874694909915
36.70407806749137 38.40504981943939
36.704089105670995 38.4113526897775
36.70410014679751 38.41765556011349
36.70411119087195 38.423958430447314
36.704122237895355 38.43026130077903
36.704133287868764 38.43656417110859
36.70414434079321 38.44286704143603
36.704155396669755 38.449169911761324
36.70516264655649 39.016428232183785
36.70517397549686 39.02273110231119
36.71201834365681 38.34831506943973
36.71203005547073 38.35461793860797
36.71204177040897 38.36092080777381
36.71205348847264 38.36722367693724
36.712065209662846 38.37352654609827
36.71207693398068 38.37982941525688
36.71208866142725 38.38613228441309
36.712100392003656 38.39243515356688
36.71211212571098 38.39873802271828
36.71212386255036 38.405040891867245
36.71213560252287 38.41134376101381
36.71214734562963 38.41764663015796
36.71215909187175 38.423949499299695
36.71217084125031 38.430252368439014
36.71218259376644 38.43655523757592
36.71219434942124 38.442858106710396
36.71316910053057 38.95969336742633
36.71318112060606 38.96599623635702
36.720095074660975 38.36721420683171
36.720107496520484 38.373517074729534
36.7201199216946 38.37981994262468
36.72013235018446 38.3861228105171
36.720144781991245 38.39242567840681
36.72015721711613 38.398728546293825
36.720169655560284 38.40503141417813
36.720182097324866 38.41133428205972
36.72019454241106 38.4176371499386
36.72020699082002 38.42394001781477
36.720219442552924 38.43024288568822
36.72023189761095 38.436545753558974
36.72024435599526 38.442848621427004
36.72126464058564 38.95338090962806
36.72127737577142 38.95968377727001
36.721290114382874 38.965986644909144
36.721302856421204 38.97228951254549
36.72814978121091 38.37350705361104
36.72816290724042 38.37980992016935
36.72817603677271 38.38611278672463
36.72818916980903 38.392415653276906
36.728202306350596 38.398718519826154
36.72821544639865 38.405021386372376
36.72822858995443 38.41132425291557
36.72824173701918 38.417627119455744
36.728254887594126 38.42392998599289
36.7282680416805 38.43023285252702
36.72828119927955 38.436535719058114
36.72829436039252 38.44283858558617
36.72921103470738 38.877736368641045
36.72922444490887 38.88403923495421
36.72938564876254 38.95967363046911
36.729399105909046 38.96597649674173
36.72941256667572 38.97227936301123
36.736205890495874 38.37979934789125
36.73621972106968 38.38610221303605
36.7362335553346 38.3924050781775
36.73624739329193 38.398707943315586
36.73626123494298 38.40501080845032
36.73627508028905 38.41131367358171
36.73628892933143 38.41761653870973
36.736302782071434 38.423919403834404
36.73631663851036 38.43022226895572
36.736330498649515 38.43652513407366
36.7363443624902 38.44282799918825
36.73635823003373 38.449130864299484
36.736372101281404 38.45543372940734
36.73728174086125 38.86511995414148
36.73729585950264 38.8714228190245
36.73730998193716 38.87772568390407
36.737338238191015 38.89033141365286
36.73749391937702 38.95966292702401
36.73750809505762 38.965965791855155
36.737522274551694 38.97226865668282
36.74426340295302 38.386091089451696
36.74427793844558 38.39239395310895
36.74429247781771 38.3986968167625
36.74430702107078 38.40499968041236
36.74437979559811 38.43651399860602
36.74439436216555 38.44281686223362
36.74440893262352 38.44911972585751
36.74536442382515 38.85880585338028
36.74537925412447 38.865108716756055
36.74539408840778 38.871411580128026
36.74543861517577 38.890320170221074
36.74560218748797 38.95965166693508
36.74561708170165 38.965954530249775
36.745631979922095 38.97225739356064
36.74572145346704 39.01007457334534
36.75232231901957 38.39238227807167
36.75233755980549 38.39868514016731
36.75242909000259 38.43650231265556
36.75244435929577 38.44280517472267
36.753461219025134 38.85879406205917
36.75350786879913 38.877702647417806
36.75371045296848 38.95963985020273
36.75372606571419 38.96594271192601
36.753788558712614 38.991154158777064
36.75380419247363 38.997457020479295
36.753819830442204 39.0037598821773
36.76047838174024 38.43649007622269
36.76190041602398 38.991141777065856
36.761916769283054 38.997444637099726
36.76193312694333 39.00374749712899
36.770029343201266 38.99743169662755
36.770046420552084 39.00373455491299
36.778141914101056 38.99741819906323
36.78625448185522 38.99740414440723
36.809892485361374 38.78306178655972
36.810118153320495 38.85239312174068
36.810138701655866 38.85869597034971
36.818192949955176 38.84607404261281
36.8182142078272 38.85237688904738
36.818235471408855 38.85867973547411
36.8182567407022 38.86498258189302
36.826222402277416 38.82714872422415
36.826266318637295 38.839754412622185
