# successful candidates for region at (226.6368860282132, -34.65470961069462) and radius 1.0
226.07623372231703 -34.465908548174504
226.98301880199014 -34.92990430737118
226.98296611863333 -34.9173855044457
226.991015931196 -35.011254665030506
226.99096190369414 -34.99873586808707
226.99093490036768 -34.992476469594145
226.9908539320592 -34.973698274030646
226.99074607146332 -34.94866067974841
226.99071912364744 -34.94240128114261
226.99866995314792 -35.01123232735998
226.99864235200224 -35.004972931772656
226.9985871710127 -34.99245414055372
226.99855959116422 -34.98619474492213
226.99853201841026 -34.979935349275806
226.9985044527485 -34.97367595361475
226.9984768941767 -34.967416557938954
226.9984493426925 -34.96115716224845
226.9984217982937 -34.954897766543205
226.99839426097796 -34.94863837082326
226.99836673074302 -34.942378975088594
226.9983392075866 -34.93611957933924
226.99831169150644 -34.92986018357517
226.99828418250027 -34.92360078779642
227.0062676080122 -34.99869072674787
227.0062394374498 -34.992431334068606
227.00621127413433 -34.98617194137396
227.00618311806343 -34.97991254866395
227.00615496923479 -34.97365315593857
227.00612682764606 -34.967393763197826
227.00609869329492 -34.961134370441734
227.006070566179 -34.95487497767029
227.00604244629602 -34.94861558488351
227.00601433364363 -34.94235619208139
227.00598622821954 -34.93609679926393
227.00595813002136 -34.92983740643115
227.00593003904683 -34.92357801358304
227.00590195529358 -34.91731862071962
227.01394921534515 -35.004926829483836
227.01392045376784 -34.99866743981966
227.01389169958998 -34.99240805013947
227.01386295280915 -34.98614866044324
227.01383421342297 -34.97988927073101
227.0138054814291 -34.97362988100277
227.01377675682508 -34.96737049125853
227.01374803960863 -34.96111110149828
227.0137193297773 -34.95485171172206
227.01369062732874 -34.948592321929844
227.01366193226056 -34.942332932121644
227.0136332445704 -34.936073542297464
227.0216613538182 -35.01742183514543
227.02163199337042 -35.01116244857587
227.0216026404771 -35.004903061989594
227.02157329513585 -34.99864367538663
227.0215439573442 -34.992384288767
227.0215146270997 -34.98612490213069
227.02148530439993 -34.9798655154777
227.0214559892425 -34.97360612880806
227.02142668162497 -34.96734674212174
227.02139738154486 -34.96108735541879
227.0213680889998 -34.95482796869917
227.02133880398733 -34.94856858196293
227.02130952650506 -34.942309195210036
227.02128025655054 -34.93604980844052
227.02934589466466 -35.02365696726623
227.0293159424469 -35.01739758383809
227.0292859979364 -35.01113820039258
227.02925606113064 -35.00487881692971
227.02922613202713 -34.99861943344948
227.02919621062344 -34.992360049951905
227.029166296917 -34.986100666436975
227.0291363909054 -34.97984128290471
227.02910649258615 -34.97358189935511
227.02907660195675 -34.96732251578818
227.02904671901476 -34.96106313220392
227.0290168437577 -34.95480374860235
227.02898697618303 -34.948544364983476
227.02895711628838 -34.942284981347285
227.0289272640712 -34.936025597693806
227.02889741952907 -34.92976621402303
227.02883775346004 -34.91724744662963
227.02880793192816 -34.910988062907016
227.03736811389433 -35.09874479657622
227.03724563754201 -35.07370727636868
227.03697052650463 -35.017372854842776
227.03693999793313 -35.01111347458287
227.03690947721668 -35.004854094304925
227.0368789643527 -34.998594714008924
227.03684845933867 -34.992335333694896
227.03681796217208 -34.98607595336283
227.0367874728504 -34.97981657301274
227.03675699137105 -34.97355719264464
227.03672651773158 -34.967297812258536
227.03669605192945 -34.96103843185441
227.0366655939621 -34.9547790514323
227.03663514382706 -34.9485196709922
227.03660470152178 -34.9422602905341
227.0365742670437 -34.93600091005803
227.03654384039038 -34.92974152956397
227.03645260735357 -34.910963387974064
227.04503029975797 -35.09871954761736
227.0445628886461 -35.004828894115924
227.04446962277595 -34.986050762908974
227.04443855014594 -34.979791385802535
227.04440748550837 -34.973532008677395
227.04437642886063 -34.96727263153354
227.04434538020013 -34.96101325437098
227.04431433952433 -34.95475387718973
227.04428330683064 -34.948494499989806
227.0442522821165 -34.94223512277118
227.04422126537935 -34.935975745533895
227.04409727814928 -34.91093823639813
227.05278793886384 -35.11747194040517
227.05275611132848 -35.11121256701329
227.05272429199087 -35.10495319360186
227.0526924808484 -35.098693820170865
227.0525017859431 -35.06113757917453
227.05212127863962 -34.986025095076165
227.0520896227032 -34.97976572127484
227.05205797490916 -34.9735063474541
227.05202633525494 -34.96724697361394
227.05199470373793 -34.960987599754375
227.05196308035548 -34.954728225875414
227.05193146510499 -34.948468851977054
227.05189985798384 -34.942209478059304
227.05186825898943 -34.93595010412217
227.0518366681191 -34.92969073016566
227.05180508537026 -34.923431356189795
227.05177351074033 -34.91717198219457
227.0604518740375 -35.11744572432855
227.06041946003575 -35.111186354318484
227.06038705438277 -35.104926984288134
227.06035465707595 -35.0986676142375
227.0597406904331 -34.97973957943039
227.05970845948448 -34.97348020897551
227.05967623682568 -34.967220838500495
227.059644022454 -34.96096146800535
227.05961181636678 -34.954702097490085
227.05957961856134 -34.9484427269547
227.05954742903504 -34.94218335639921
227.05951524778519 -34.93592398582361
227.05948307480915 -34.92966461522791
227.05945091010423 -34.92340524461213
227.0594187536678 -34.91714587397627
227.05932233394284 -34.898367761948265
227.05929021055374 -34.89210839123215
227.0682148566785 -35.13619712915386
227.0681488132219 -35.12367839612609
227.068115804253 -35.11741902958063
227.06808280378672 -35.11115966301412
227.06804981182032 -35.10490029642659
227.06801682835106 -35.098640929818025
227.0678849793903 -35.07360346317364
227.06732613348396 -34.96719422619396
227.06729333625952 -34.96093485912466
227.0672605474694 -34.95467549203451
227.06722776711092 -34.948416124923504
227.067096729939 -34.9233786562711
227.06706399169798 -34.91711928905594
227.06703126187233 -34.910859921819984
227.0669658274563 -34.89834118728565
227.06693312286052 -34.89208181998732
227.06690042666926 -34.885822452668194
227.07577972942056 -35.11739185616221
227.07574614249177 -35.11113249310101
227.0757125642139 -35.10487313001803
227.07567899458408 -35.098613766913246
227.07561188125774 -35.0860950406384
227.07504281105525 -34.979685863794344
227.07497602514093 -34.96716713669514
227.07494264506565 -34.96090777311312
227.0747758733973 -34.929610954879024
227.07474254478595 -34.923351591167474
227.07470922474224 -34.91709222743437
227.07467591326346 -34.9108328636797
227.0746426103468 -34.90457349990348
227.07460931598962 -34.89831413610573
227.07457603018904 -34.89205477228644
227.07454275294236 -34.88579540844563
227.07450948424687 -34.87953604458331
227.08337531147376 -35.10484548506323
227.08330700869348 -35.09232676596218
227.08327287049488 -35.086067406377836
227.0832387410869 -35.07980804677099
227.08242226511805 -34.92958340946949
227.0823883545564 -34.92332404930206
227.08235445271197 -34.91706468911233
227.08232055958203 -34.910805328900274
227.08228667516372 -34.904545968665914
227.08225279945427 -34.89828660840926
227.08221893245087 -34.89202724813032
227.08218507415071 -34.88576788782909
227.08215122455107 -34.87950852750559
227.09093385451484 -35.08603929375698
227.09006865167171 -34.9295553872376
227.09003415916175 -34.92329603067567
227.0899996755186 -34.91703667409063
227.08996520073944 -34.91077731748253
227.08993073482145 -34.90451796085134
227.08989627776177 -34.89825860419707
227.08982739020593 -34.885739890819366
227.09796080686777 -34.973342357780645
227.0979256692151 -34.96708300505293
227.09771503296963 -34.92952688818422
227.09767995851334 -34.92326753528911
227.09764489307352 -34.917008182370125
227.0976098366472 -34.91074882942726
227.09753975082364 -34.89823012346997
227.09743468961747 -34.87945206435522
227.0973996872116 -34.87319271126931
227.09736469379902 -34.866933358159585
227.10564699045838 -34.97957270475615
227.10561126062336 -34.97331335578696
227.10557553997802 -34.96705400679303
227.10536140892307 -34.92949791231016
227.1053257525226 -34.92323856314324
227.10529010528808 -34.91697921395163
227.1052544672167 -34.91071986473534
227.10521883830543 -34.904460515494414
227.10514760795155 -34.89194181693858
227.10511200650305 -34.88568246762371
227.1050764142029 -34.879423118284215
227.10504083104817 -34.873163768920094
227.10500525703597 -34.86690441953137
227.11333434422505 -34.985802566864436
227.11329802190681 -34.97954322171684
227.1132617089312 -34.97328387654368
227.11322540529522 -34.967024531344954
227.1131891109959 -34.96076518612067
227.1130440271047 -34.9357278049682
227.11300777944345 -34.9294684596163
227.1129715411008 -34.923209114238894
227.11293531207374 -34.916949768835984
227.11289909235938 -34.91069042340761
227.11286288195458 -34.90443107795375
227.11279048906198 -34.891912386969665
227.11275430656815 -34.885653041439454
227.11271813337197 -34.8793936958838
227.1126819694705 -34.873134350302706
227.12098595342303 -34.98577260265662
227.12094904781634 -34.97951326136733
227.12091215170233 -34.97325392005165
227.12087526507787 -34.966994578709574
227.12083838793998 -34.96073523734112
227.1208015202856 -34.9544758959463
227.12076466211167 -34.94821655452511
227.12072781341513 -34.94195721307758
227.12069097419294 -34.93569787160369
227.12065414444203 -34.929438530103475
227.12061732415938 -34.92317918857693
227.12058051334193 -34.916919847024076
227.12054371198667 -34.91066050544492
227.1205069200905 -34.90440116383946
227.12047013765041 -34.89814182220771
227.12043336466337 -34.89188248054968
227.12039660112634 -34.885623138865384
227.12035984703627 -34.87936379715483
227.12032310239016 -34.87310445541802
227.1202863671849 -34.86684511365497
227.1285625888478 -34.97322348631176
227.12852511923708 -34.966964148887776
227.12848765926282 -34.96070481143657
227.12845020892195 -34.95444547395816
227.12841276821132 -34.94818613645254
227.12837533712792 -34.941926798919745
227.12833791566854 -34.935667461359756
227.1283005038302 -34.92940812377259
227.1282631016097 -34.923148786158265
227.12822570900397 -34.91688944851678
227.12818832601 -34.910630110848146
227.1281509526246 -34.90437077315239
227.12811358884474 -34.898111435429506
227.12807623466733 -34.891852097679504
227.12803889008924 -34.885592759902394
227.12800155510743 -34.87933342209819
227.1279642297188 -34.8730740842669
227.1362510826632 -34.979451908741275
227.1362130202788 -34.97319257532491
227.13617496768398 -34.966933241880454
227.13613692487556 -34.960673908407934
227.1360988918504 -34.95441457490734
227.1360608686053 -34.948155241378686
227.13602285513718 -34.941895907821994
227.13598485144288 -34.93563657423728
227.1359468575192 -34.92937724062452
227.1359088733631 -34.92311790698375
227.13587089897135 -34.916858573314975
227.1358329343408 -34.91059923961821
227.13579497946841 -34.90433990589346
227.13575703435095 -34.89808057214072
227.13571909898533 -34.89182123836003
227.13568117336843 -34.88556190455137
227.13564325749704 -34.87930257071477
227.1356053513681 -34.873043236850236
227.13556745497846 -34.866783902957756
227.1438248103297 -34.96690185768852
227.14378618468933 -34.960642528256095
227.14374756898212 -34.95438319879473
227.14370896320483 -34.948123869304446
227.14367036735425 -34.94186453978526
227.1436317814272 -34.93560521023717
227.1435932054205 -34.92934588066018
227.14355463933094 -34.92308655105432
227.1435160831554 -34.91682722141959
227.14347753689057 -34.91056789175599
227.14343900053336 -34.90430856206354
227.14340047408055 -34.89804923234226
227.14336195752895 -34.89178990259215
227.1433234508754 -34.88553057281321
227.1432464672497 -34.873011913168924
227.1432079902712 -34.866752583303594
227.15155309428738 -34.97938864688522
227.15151386564165 -34.973129321613975
227.15147464708537 -34.96686999631289
227.15143543861538 -34.96061067098198
227.15139624022837 -34.95435134562126
227.15135705192108 -34.94809202023075
227.15131787369035 -34.94183269481044
227.15123954744536 -34.92931404388049
227.15120039942468 -34.923054718370885
227.15116126146754 -34.916795392831524
227.1511221335707 -34.91053606726241
227.15108301573096 -34.904276741663594
227.15104390794502 -34.89801741603505
227.15100481020974 -34.891758090376804
227.15096572252182 -34.88549876468885
227.15092664487807 -34.87923943897121
227.15088757727526 -34.87298011322391
227.15924391318438 -34.98561562107406
227.15912447786215 -34.96683765775451
227.15908468656477 -34.96057833658654
227.15904490550028 -34.95431901538788
227.15900513466536 -34.94805969415852
227.15896537405672 -34.94180037289848
227.15888588350512 -34.929281730286405
227.15884615355557 -34.923022408934386
227.1588064338192 -34.91676308755172
227.15876672429263 -34.91050376613843
227.15872702497265 -34.90424444469453
227.15868733585592 -34.89798512322002
227.15864765693922 -34.89172580171491
227.15860798821925 -34.88546648017921
227.15856832969268 -34.87920715861294
227.16685508197745 -34.97932347580662
227.1666935647091 -34.954286208095525
227.1666532113489 -34.94802689108872
227.1666128683647 -34.94176757405034
227.16653221351115 -34.929248939878846
227.1664919016351 -34.922989622745774
227.16645160012177 -34.91673030558114
227.1664113089678 -34.910470988384986
227.16637102816992 -34.9042116711573
227.16633075772472 -34.89795235389812
227.16629049762892 -34.89169303660742
227.16625024787922 -34.88543371928524
227.16621000847223 -34.87917440193159
227.16616977940464 -34.87291508454647
227.17434221776605 -34.954252923745166
227.17430128188286 -34.94799361102232
227.17417853737473 -34.92921567265879
227.17413764357457 -34.922956359805994
227.17409676028666 -34.91669704692073
227.1740558875077 -34.91043773400302
227.17401502523424 -34.90417842105287
227.17397417346297 -34.89791910807029
227.17393333219044 -34.89165979505531
227.17389250141335 -34.88540048200791
227.17385168112827 -34.87914116892813
227.17381087133185 -34.872881855815955
227.18178337928535 -34.92292262011604
227.1817419142253 -34.916663311571476
227.1817004598237 -34.91040400299353
227.1816590160771 -34.90414469438221
227.1816175829821 -34.897885385737546
227.1815761605353 -34.891626077059534
227.18153474873318 -34.885366768348185
227.18149334757243 -34.879107459603524
227.1893870618491 -34.91662909953436
227.18934502582727 -34.9103697953575
227.18930300060995 -34.90411049114632
227.1892609861937 -34.89785118690086
227.18921898257497 -34.89159188262109
227.18917698975034 -34.88533257830706
227.1970322030694 -34.91659441081041
227.19698958542986 -34.91033511109594
227.19694697874434 -34.9040758113462
227.1969043830092 -34.89781651156122
227.19686179822108 -34.891557211740995
227.19681922437636 -34.88529791188553
227.20467733779768 -34.91655924540061
227.20463413854293 -34.91029995020986
227.20459095039163 -34.90404065498288
227.20454777334024 -34.897781359719666
227.20450460738516 -34.89152206442024
227.20446145252285 -34.88526276908462
227.2122349154634 -34.904005022057376
227.21219115709823 -34.897745731377235
227.21214740997877 -34.891486440659904
227.2121036741014 -34.88522714990537
227.21197253388573 -34.86644927741887
227.2119288429406 -34.86018998651576
227.21983453419472 -34.89770962653495
227.21979020591343 -34.89145034046096
227.21974588902359 -34.885191054348816
227.21961300666595 -34.86641319578345
227.22743299510068 -34.89141376382453
227.22725347270918 -34.8663766379555
227.2429029109578 -34.91637626810088
227.24285680366575 -34.91011699644843
227.24281070822448 -34.9038577247547
227.24271855287924 -34.89133918124347
227.24267249296767 -34.88507990942599
227.2426264448917 -34.878820637567294
227.25045463909066 -34.90381970903429
227.25040797419584 -34.897560442188805
227.25036132129364 -34.89130117530102
227.25805131665754 -34.897521954863485
227.25800408260685 -34.891262692925444
