# successful candidates for region at (297.82081543916775, -37.78654631974518) and radius 1.0
297.6900319906449 -37.27498099875044
297.69004299310234 -37.26867177096505
297.6978478303501 -37.274989404951604
297.6978581752849 -37.26868017605953
297.7056539817871 -37.28130652324001
297.7056733591652 -37.26868806338057
297.7134704824784 -37.281313894728214
297.7134795147476 -37.275004663828796
297.7134885446353 -37.2686954329279
297.7134975721424 -37.262386202025525
297.7212869846527 -37.28132074830611
297.72129535922403 -37.27501151650432
297.7213037315873 -37.26870228470128
297.72131210174325 -37.26239305289696
297.72132046969267 -37.25608382109139
297.7213288354362 -37.249774589284534
297.72133719897477 -37.243465357476424
297.721345560309 -37.23715612566705
