# successful candidates for region at (83.63440449106812, -12.644230545834882) and radius 1.0
83.67931929984749 -12.562789227442497
83.69217315411156 -12.58785756767673
83.81422982983277 -12.56900050712372
83.82065408672038 -12.568996130930591
83.8270830527812 -12.575259288049928
83.82707834338493 -12.568991601142203
83.82707363575541 -12.562723914233297
83.8335074662374 -12.575254603789118
83.83350259981869 -12.568986917758616
83.83349773522565 -12.56271923172685
83.83994193199189 -12.58778513614939
83.8399369047809 -12.58151745102757
83.83993187945502 -12.575249765904408
83.83992685601399 -12.568982080779895
83.83991179699743 -12.550179025398286
83.84636147483329 -12.58151245858418
83.84635111196313 -12.568977090206106
83.84634593344344 -12.562709406014921
83.84634075686698 -12.556441721822306
83.85277003217561 -12.562704262809575
83.85276469869494 -12.556436579580312
83.85275936721614 -12.550168896349533
83.85917766567415 -12.5438959193218
83.86559001359838 -12.531355109602117
83.88488440376217 -12.556408565310862
83.89131461881001 -12.56267017869073
83.9041628119765 -12.562657588791385
84.0454126193603 -12.512337430999217
84.05186597626036 -12.531130459517351
84.05185579797572 -12.524862820391016
84.05184562351594 -12.518595181259144
84.05183545288052 -12.512327542121735
84.05827894402785 -12.52485277441532
84.05826861302394 -12.518585137166198
84.05825828590321 -12.512317499911369
84.05824796266515 -12.506049862650832
84.05821701624167 -12.487246950835008
84.05801159858989 -12.361894204088607
84.06469160202644 -12.51857493971176
84.0646811184207 -12.512307304368257
84.06467063875647 -12.50603966901887
84.0646601630332 -12.499772033663607
84.06464969125032 -12.493504398302465
84.0644930869934 -12.399489867181783
84.06447227330672 -12.386954596266248
84.06444108225632 -12.36815168984918
84.06443069309861 -12.361884054365163
84.06442030786957 -12.35561641887532
84.07116785099223 -12.549902755822217
84.07114653479465 -12.537367489069917
84.0711145905158 -12.518564588895973
84.07110395042534 -12.512296955492538
84.07109331433522 -12.506029322083043
84.07108268224488 -12.499761688667496
84.07107205415376 -12.493494055245895
84.07106143006135 -12.487226421818242
84.0709131123257 -12.39947955319713
84.07086033133406 -12.368141385546375
84.07084978710142 -12.361873751998202
84.07762409728005 -12.568695135971154
84.0775808053867 -12.543624610395058
84.07755918381389 -12.531089347569504
84.077548379119 -12.524821716147363
84.07752678190948 -12.512286453284357
84.07751598939375 -12.506018821843497
84.07750520093664 -12.499751190396402
84.07749441653756 -12.49348355894308
84.07746208768319 -12.474680664545732
84.07733313714277 -12.399469086396973
84.07732241759754 -12.39320145484426
84.077279579898 -12.368130928571512
84.07726888059074 -12.36186329698786
84.08404833871222 -12.568684462446067
84.08403735268892 -12.56241683306044
84.08399344981521 -12.53734631545358
84.0839824843988 -12.531078686035785
84.0839715231021 -12.524811056611568
84.0839605659245 -12.518543427180921
84.08394961286547 -12.51227579774386
84.08393866392444 -12.506008168300376
84.08392771910084 -12.499740538850476
84.08388398096957 -12.474670020986764
84.08374228652413 -12.393190837222848
84.08373141571859 -12.38692320765787
84.08372054901987 -12.380655578086527
84.09047257960584 -12.568673635330017
84.0903835528285 -12.51853261628195
84.09037244328564 -12.51226498887119
84.09036133791962 -12.505997361453824
84.09035023672983 -12.49972973402986
84.09030587372196 -12.474659224268036
84.09021734799379 -12.424518204428301
84.0901621549206 -12.393180066814917
84.09015112880638 -12.386912439272562
84.09014010685765 -12.380644811723654
84.09009606070624 -12.35557430146254
84.09004109667276 -12.324236163488997
84.09003011634789 -12.317968535874694
84.09681780945137 -12.524789277371134
84.09680653918873 -12.518521652022212
84.09679527316234 -12.512254026666499
84.09678401137162 -12.505986401303993
84.09677275381597 -12.4997187759347
84.09673900655379 -12.480915899786117
84.09672776593271 -12.474648274389697
84.09669406946038 -12.455845398159791
84.09668284576465 -12.449577772736285
84.09664920005453 -12.430774896425186
84.09663799327494 -12.424507270974635
84.09662679072294 -12.41823964551733
84.09655966415836 -12.38063389263179
84.0965484911835 -12.374366267127275
84.09650384150842 -12.349295765041894
84.09647039857178 -12.330492888407248
84.09645925936503 -12.324225262848932
84.09644812437672 -12.317957637283902
84.1032638182992 -12.537313404175714
84.10321810248793 -12.512242911129936
84.10320668427282 -12.505975287851033
84.1031952703516 -12.49970766456515
84.10318386072375 -12.493440041272294
84.1031724553886 -12.487172417972465
84.10316105434562 -12.480904794665665
84.1031496575942 -12.474637171351896
84.10313826513378 -12.468369548031164
84.10312687696376 -12.462101924703472
84.10311549308354 -12.455834301368814
84.10310411349255 -12.449566678027205
84.10309273819023 -12.44329905467864
84.1030586380093 -12.424496184591247
84.10304727985573 -12.41822856121489
84.10300189009301 -12.393158067640083
84.10299055336232 -12.38689044422905
84.10297922091445 -12.380622820811087
84.10296789274884 -12.3743551973862
84.1029565688649 -12.36808757395439
84.10293393393971 -12.355552327070015
84.1029226228973 -12.349284703617455
84.10291131613424 -12.34301708015798
84.10290001364997 -12.3367494566916
84.1028887154439 -12.33048183321831
84.10287742151544 -12.324214209738118
84.10286613186402 -12.317946586251026
84.10967568129463 -12.531034505718281
84.10965251024723 -12.51849926342104
84.10964093125473 -12.512231642261655
84.10962935661556 -12.505964021095094
84.1096177863291 -12.499696399921367
84.10960622039481 -12.493428778740466
84.10959465881206 -12.487161157552404
84.10958310158026 -12.480893536357177
84.10957154869881 -12.474625915154792
84.10956000016715 -12.468358293945249
84.10954845598465 -12.462090672728554
84.10953691615074 -12.455823051504703
84.10952538066483 -12.449555430273707
84.10951384952631 -12.443287809035564
84.10946776843446 -12.418217324011584
84.10942175685379 -12.393146838873482
84.10941026481532 -12.386879217571149
84.10939877711837 -12.380611596261694
84.10938729376232 -12.374343974945122
84.1093758147466 -12.36807635362144
84.10936434007063 -12.361808732290646
84.10935286973381 -12.355541110952743
84.10934140373556 -12.349273489607734
84.1093184847524 -12.336738246896413
84.10930703176632 -12.330470625530106
84.10929558311646 -12.324203004156704
84.10928413880225 -12.317935382776211
84.10927269882309 -12.311667761388627
84.11611072783447 -12.537290696089991
84.11609897911929 -12.531023077094009
84.11608723481805 -12.52475545809065
84.1160754949302 -12.518487839079915
84.11606375945512 -12.512220220061812
84.11605202839219 -12.505952601036338
84.11604030174081 -12.499684982003497
84.1160285795004 -12.493417362963294
84.11601686167035 -12.487149743915731
84.11600514825004 -12.48088212486081
84.1159934392389 -12.474614505798536
84.1159817346363 -12.468346886728908
84.11597003444167 -12.462079267651934
84.11588825645153 -12.418205933907567
84.11587659149895 -12.4119383147719
84.11582997570827 -12.386867838156025
84.11581833276253 -12.380600218983767
84.11580669421637 -12.3743325998042
84.1157950600692 -12.368064980617328
84.11578343032042 -12.361797361423148
84.11572534753154 -12.33045926534279
84.1157137441606 -12.324191646104847
84.1157021451839 -12.317924026859616
84.11569055060083 -12.311656407607103
84.12253418174286 -12.537279111877455
84.12252227636887 -12.531011495052091
84.1225103754677 -12.524743878219153
84.12249847903875 -12.518476261378641
84.1224865870814 -12.51220864453056
84.12247469959505 -12.505941027674915
84.12246281657907 -12.499673410811704
84.12245093803288 -12.493405793940934
84.12243906395585 -12.487138177062606
84.12223788783939 -12.380588688977463
84.12222609410344 -12.374321071963585
84.12212015100144 -12.317912518501398
84.12210840181478 -12.311644901412619
84.12209665707978 -12.305377284316362
84.12894557303574 -12.530999759592685
84.12892146256522 -12.518464530317376
84.12890941412594 -12.512196915668065
84.1288973702165 -12.505929301010989
84.12888533083625 -12.499661686346148
84.12866939578367 -12.386844621054736
84.12852625245745 -12.311633242805327
84.12851435317775 -12.305365627901269
84.13534444550199 -12.518452645896284
84.13533224058109 -12.512185033474486
84.13532004024889 -12.505917421044717
84.13491999944134 -12.29908620641111
84.13489591463157 -12.286550981005359
84.14176742784134 -12.518440608115524
84.1417550664392 -12.512172997949985
84.14174270968456 -12.505905387776268
84.14173035757678 -12.499637777594382
84.14170566729923 -12.487102557206102
84.14169332912822 -12.480834946999718
84.14132534077413 -12.292806637027672
84.14820293216569 -12.524696024847415
84.14819040957566 -12.518428416975265
84.14817789169261 -12.512160809094729
84.14816537851588 -12.505893201205806
84.14815287004483 -12.499625593308505
84.1481278672172 -12.487090377488771
84.14774272620244 -12.29279452801683
84.15462606982673 -12.524683678033867
84.15461339069729 -12.518416072475675
84.15460071633366 -12.512148466908885
84.15458804673519 -12.505880861333498
84.15457538190121 -12.499613255749523
84.15456272183108 -12.493345650156956
84.15453741597983 -12.480810438946076
84.15421017136427 -12.31785269009155
84.15419764916469 -12.311585084251345
84.15417261899837 -12.299049872545469
84.1611005978007 -12.54974159060618
84.16103637119855 -12.518403574616924
84.16102354035469 -12.512135971392622
84.16101071433482 -12.505868368159517
84.16099789313829 -12.499600764917602
84.16098507676442 -12.493333161666886
84.16097226521256 -12.487065558407371
84.16095945848205 -12.480797955139066
84.16094665657225 -12.474530351861965
84.16065354165339 -12.33037547406988
84.16064085524411 -12.324107870582784
84.16062817363921 -12.317840267086984
84.16061549683806 -12.311572663582476
84.16060282483997 -12.305305060069267
84.16059015764434 -12.29903745654736
84.1675373775907 -12.555996528327865
84.16752436095605 -12.549728927529022
84.16751134920823 -12.54346132672113
84.16749834234655 -12.537193725904197
84.16744636374807 -12.512123322546117
84.16743338130715 -12.505855721684027
84.1674204037484 -12.499588120812918
84.16740743107111 -12.493320519932787
84.16739446327466 -12.487052919043645
84.16738150035837 -12.480785318145491
84.16736854232157 -12.474517717238331
84.16709754953669 -12.342898096113325
84.1670846986811 -12.336630495008869
84.16707185268977 -12.330362893895485
84.16705901156212 -12.324095292773173
84.16704617529741 -12.317827691641945
84.16703334389503 -12.311560090501795
84.17397447535495 -12.562251307735124
84.17396129694126 -12.55598370934684
84.17393495495232 -12.543448512542469
84.17392179137572 -12.537180914126392
84.17390863274348 -12.530913315701056
84.1738954790549 -12.524645717266466
84.17386918650611 -12.512110520369541
84.17385604764452 -12.505842921907211
84.1738429137239 -12.499575323435641
84.17382978474357 -12.493307724954835
84.1738166607029 -12.487040126464795
84.17380354160116 -12.480772527965527
84.17379042743772 -12.474504929457035
84.17377731821188 -12.468237330939319
84.17352918017438 -12.349152957355171
84.17350316386914 -12.336617759943175
84.17349016310119 -12.330350161223459
84.17347716725546 -12.3240825624946
84.18041189126204 -12.56850592874118
84.1803985509512 -12.562238332792663
84.1803852156463 -12.555970736834654
84.18037188534666 -12.549703140867154
84.18033192447253 -12.530900352907754
84.18029200862118 -12.512097564863069
84.18026542305715 -12.49956237278595
84.18025213777416 -12.493294776733205
84.18023885748961 -12.487027180671003
84.18021231191307 -12.474491988518253
84.18019904661972 -12.468224392427711
84.1799216284243 -12.336604872351362
84.17990847288007 -12.330337276053982
84.17989532231667 -12.324069679747241
84.17988217673341 -12.317802083431145
84.18683612315444 -12.568492797779717
84.18682262589385 -12.56222520429046
84.18680913369812 -12.55595761079149
84.18672828684679 -12.518352049593778
84.18670137838376 -12.505816862450295
84.18634009233905 -12.336591832233603
84.18631347673818 -12.32405664453127
84.18630017649622 -12.317789050665734
84.19327401371956 -12.574747104221203
84.1932603543852 -12.568479513229926
84.19324670017527 -12.5622119222287
84.19323305108908 -12.555944331217527
84.19321940712594 -12.549676740196412
84.19320576828514 -12.54340914916536
84.19315126413136 -12.518338784941845
84.19313765089179 -12.512071193861159
84.19305607891084 -12.47446564716895
84.19279898148808 -12.355381413631312
84.19275855560588 -12.336578639590078
84.19274509051017 -12.330311048223377
84.19273163051248 -12.32404345684687
84.19972604952628 -12.587268840484207
84.1997122228152 -12.581001252030322
84.19969840128888 -12.57473366356625
84.19968458494662 -12.568466075091994
84.19967077378772 -12.562198486607558
84.19965696781146 -12.555930898112948
84.19964316701713 -12.549663309608167
84.19962937140401 -12.543395721093216
84.199560471032 -12.512057778366083
84.19947796141801 -12.474452246758792
84.19946422792438 -12.46818465812213
84.19945049960279 -12.46191706947535
84.20613676677353 -12.58098765521262
84.2061227881808 -12.57472006929457
84.20610881483104 -12.568452483366103
84.20609484672356 -12.562184897427226
84.20608088385758 -12.55591731147794
84.20606692623244 -12.54964972551825
84.2060529738474 -12.54338213954816
84.20603902670175 -12.537114553567672
84.20602508479476 -12.53084696757679
84.20601114812571 -12.524579381575524
84.20589984325387 -12.474438693191873
84.20588595369424 -12.468171107097287
84.20587206936541 -12.461903520992353
84.20585819026668 -12.455635934877073
84.20584431639735 -12.449368348751452
84.21251891897505 -12.562171154687888
84.21250479921979 -12.555903571312689
84.21249068476422 -12.549635987926848
84.21247657560762 -12.543368404530376
84.21246247174929 -12.537100821123271
84.21244837318848 -12.530833237705536
84.21243427992448 -12.52456565427718
84.21233577532635 -12.480692569981578
84.21232172441077 -12.474424986468382
84.2123076787855 -12.468157402944598
84.21227960340303 -12.455622235865288
84.21894299053456 -12.562157258389734
84.21892871389036 -12.555889677617383
84.21891444260476 -12.549622096834156
84.218900176677 -12.543354516040052
84.21888591610637 -12.537086935235084
84.21887166089215 -12.530819354419249
84.21885741103358 -12.524551773592554
84.2187578119207 -12.480678707501937
84.21874360488111 -12.474411126588505
84.21872940319061 -12.468143545664251
84.22535262786161 -12.555875630392215
84.22533819974637 -12.549608052240359
84.22532377704785 -12.543340474077388
84.22530935976535 -12.537072895903307
84.22529494789808 -12.53080531771812
84.22528054144533 -12.524537739521838
84.22526614040636 -12.518270161314454
84.22517984782047 -12.480664691837372
84.22516548465725 -12.474397113552437
84.2251511269019 -12.468129535256436
84.22513677455369 -12.461861956949377
84.2317765411259 -12.555861429637378
84.23176195618139 -12.54959385414565
84.23174737671252 -12.543326278642565
84.2317328027185 -12.537058703128132
84.23171823419861 -12.530791127602347
84.23170367115208 -12.524523552065219
84.23160188301802 -12.480650522988082
84.23158736373156 -12.474382947360365
84.23157284991176 -12.468115371721344
84.2382299538287 -12.568382220923926
84.23821520098409 -12.562114648144302
84.2382004536755 -12.55584707535307
84.23818571190216 -12.549579502550232
84.2381562449582 -12.53704435690975
84.23812680014618 -12.524509211222902
84.23800924209641 -12.47436862801249
84.24465417948947 -12.5683677076743
84.24462436550274 -12.555832567539486
84.24460946690095 -12.549564997454294
84.24459457389256 -12.543297427357256
84.24457968647677 -12.537029857248369
84.24456480465281 -12.530762287127642
84.24441629379669 -12.468086585270118
84.25106333768277 -12.562085473523501
84.25101817139257 -12.543282771507158
84.25100312726651 -12.537015204144181
84.2509730559657 -12.52448006938195
84.25095802878943 -12.51821250198271
84.25092799138127 -12.505677367148003
84.25088297761847 -12.486874664805438
84.25086798432098 -12.480607097333802
84.25085299666723 -12.474339529850113
84.25083801465651 -12.468071962354381
84.25082303828802 -12.461804394846608
84.25080806756098 -12.455536827326798
84.25747218695942 -12.55580309132529
84.25745697470201 -12.549535526761675
84.25744176815572 -12.543267962185705
84.25742656731977 -12.537000397597387
84.25741137219342 -12.530732832996723
84.25738099906624 -12.51819770375838
84.2573658210639 -12.511930139120711
84.257350648768 -12.505662574470715
84.25732032129243 -12.493127445133764
84.2573051661112 -12.48685988044682
84.25729001663329 -12.48059231574757
84.25727487285795 -12.474324751036015
84.2572597347844 -12.468057186312162
84.25724460241184 -12.461789621576015
84.25722947573954 -12.455522056827583
84.25721435476666 -12.449254492066864
84.26388072748887 -12.549520561165398
84.26386536417428 -12.543252999393099
84.2638500066289 -12.536985437608195
84.26381930884263 -12.524450314000589
84.26377330541266 -12.505647628494758
84.26375798246602 -12.499380066634323
84.26374266528312 -12.493112504761315
84.2637273538631 -12.486844942875742
84.26371204820524 -12.480577380977603
84.2636967483087 -12.474309819066908
84.26368145417274 -12.468042257143663
84.26366616579656 -12.46177469520787
84.26365088317937 -12.45550713325953
84.26363560632039 -12.449239571298655
84.27027344518618 -12.53697032417681
84.27025793675908 -12.530702765211213
84.27024243415845 -12.524435206232765
84.27014954086657 -12.486829852092406
84.27013407902915 -12.480562293024116
84.27011862301185 -12.474294733943006
84.27010317281392 -12.468027174849091
84.27008772843453 -12.461759615742368
84.27007228987289 -12.455492056622848
84.27005685712822 -12.449224497490532
84.27669688298398 -12.53695505730344
84.27668121790714 -12.530687501198505
84.27666555871565 -12.524419945080453
84.27658735101025 -12.493082164293657
84.27657172711397 -12.48681460809702
84.27655610909743 -12.480547051887307
84.2765404969598 -12.474279495664515
84.27652489070029 -12.468011939428655
84.2765092903181 -12.46174438317973
84.27649369581245 -12.455476826917742
84.27647810718253 -12.449209270642699
84.28312032001462 -12.536939636988292
84.28310449828848 -12.530672083772771
84.28308868250653 -12.52440453054387
84.28307287266799 -12.518136977301594
84.28299391259765 -12.4867992108898
84.28296237014487 -12.474264104231642
84.28294660782423 -12.467996550882562
84.2829308514397 -12.461728997520153
84.28291510099046 -12.455461444144424
84.2828993564757 -12.449193890755375
84.2895597406493 -12.54319161351529
84.2895437562704 -12.536924063231584
84.2895277778954 -12.530656512934227
84.28951180552346 -12.524388962623222
84.28949583915374 -12.51812141229858
84.28947987878544 -12.5118538619603
84.28943203368082 -12.493051210863714
84.28941609731 -12.48678366047095
84.28936832417814 -12.467981009211023
84.28935241179168 -12.461713458763858
84.28933650539929 -12.455445908303101
84.28932060500013 -12.449178357828764
84.29598333282986 -12.54317588337005
84.2959671917437 -12.536908336033527
84.29591880485832 -12.51810569394046
84.29588657723735 -12.505570599142224
84.2958543738508 -12.493035504288418
84.29583828124333 -12.486767956840689
84.29577397136644 -12.461697766911053
84.29575790903134 -12.455430219393994
84.30229296819307 -12.499287188933
84.30227671323371 -12.493019644473193
84.30226046439007 -12.48675209999923
84.30224422166134 -12.48048455551112
84.30868264674253 -12.486736089946792
84.31523749339183 -12.53686023379345
84.32167769356919 -12.54311142809244
84.32796606274184 -12.492954672817401
