# successful candidates for region at (48.36596013890322, 18.65863249862373) and radius 1.0
48.528819827235 19.256220144157602
48.53531730922244 19.21325388247786
48.535323573515946 19.219391093058753
48.535336107393455 19.23166551421636
48.53534237697813 19.23780272479308
48.53534864832721 19.243939935368406
48.54185047881185 19.207110663181716
48.54185698316633 19.213247872912365
48.541869997369005 19.22552229236917
48.54187650721791 19.231659502095322
48.54188301889898 19.237796711819975
48.5418895324126 19.243933921543125
48.54835620803299 19.17641838258094
48.5483629447208 19.182555591435754
48.54838316616987 19.200967217990534
48.54839665662761 19.21324163568567
48.54840340470509 19.219378844530812
48.548410154682145 19.22551605337435
48.54841690655912 19.23165326221627
48.5484236603364 19.237790471056574
48.54843041601434 19.24392767989527
48.54843717359332 19.250064888732343
48.55488048062505 19.164137507304623
48.554887454866645 19.170274715247324
48.55489443107286 19.1764119231883
48.55490140924407 19.182549131127548
48.554915371482984 19.194823547000862
48.55493632958832 19.213235170797862
48.55494331955748 19.219372378726742
48.55495031149428 19.22550958665389
48.554957305399135 19.2316467945793
48.5549643012724 19.23778400250298
48.554971299114456 19.243921210424933
48.554978298925704 19.25005841834515
48.56141100682878 19.157993615342754
48.561418220385356 19.164130822339736
48.561425435974144 19.170268029334874
48.56143265359553 19.17640523632816
48.56143987324992 19.182542443319605
48.56144709493769 19.188679650309194
48.561454318659244 19.194816857296935
48.561461544414975 19.20095406428283
48.561468772205274 19.207091271266872
48.561476002030524 19.21322847824906
48.56148323389113 19.2193656852294
48.561490467787486 19.22550289220788
48.561497703719986 19.231640099184517
48.56150494168901 19.237777306159295
48.56151218169497 19.24391451313222
48.561519423738254 19.250051720103286
48.56793360140323 19.145712291914084
48.56794105203965 19.15184949793534
48.567948504775444 19.157986703954624
48.56795595961102 19.164123909971934
48.567963416546775 19.170261115987277
48.56797087558312 19.17639832200064
48.56797833672046 19.182535528012032
48.567985799959196 19.188672734021452
48.56799326529974 19.194809940028893
48.5680007327425 19.200947146034355
48.56800820228788 19.207084352037846
48.56801567393627 19.213221558039358
48.56802314768811 19.21935876403889
48.568030623543784 19.225495970036448
48.5680381015037 19.231633176032027
48.56804558156827 19.237770382025623
48.5680530637379 19.243907588017237
48.568060548013 19.25004479400688
48.568068034393974 19.256181999994528
48.574462926831586 19.139567950167073
48.57447061644396 19.145705155178785
48.574478308223235 19.1518423601884
48.57448600216983 19.157979565195912
48.57449369828416 19.164116770201325
48.57450139656665 19.170253975204634
48.57450909701771 19.17639118020584
48.57451679963777 19.18252838520494
48.5745399205161 19.20094000018961
48.57454763181632 19.207077205180294
48.57455534528764 19.213214410168863
48.574563060930465 19.219351615155333
48.57457077874522 19.225488820139688
48.57457849873233 19.231626025121933
48.57458622089221 19.237763230102065
48.57459394522527 19.243900435080093
48.57460167173195 19.25003764005601
48.574609400412655 19.25617484502981
48.58099177177531 19.133423383199265
48.580999700227956 19.139560587169484
48.58101556383689 19.151834995103222
48.58102349899405 19.157972199066737
48.581031436386894 19.16410940302802
48.58103937601588 19.170246606987067
48.58104731788143 19.17638381094388
48.58105526198396 19.182521014898445
48.58106320832392 19.188658218850772
48.58107115690174 19.194795422800865
48.58107910771785 19.20093262674872
48.58108706077268 19.207069830694326
48.58109501606666 19.213207034637698
48.581102973600245 19.219344238578824
48.58111093337384 19.22548144251771
48.58111889538789 19.231618646454354
48.58112685964282 19.23775585038875
48.58113482613909 19.243893054320903
48.58114279487711 19.250030258250806
48.58115076585731 19.256167462178468
48.58116671454603 19.268441870027047
48.587536473037034 19.139552996898207
48.58754464479852 19.145690199790252
48.58755281886277 19.151827402679924
48.587560995230234 19.157964605567216
48.58756917390136 19.16410180845214
48.58757735487658 19.170239011334687
48.587585538156354 19.17637621421486
48.58759372374112 19.18251341709265
48.58760191163132 19.18865061996807
48.58761010182741 19.19478782284112
48.587618294329815 19.20092502571178
48.587626489139005 19.207062228580064
48.58763468625541 19.213199431445968
48.58764288567949 19.219336634309496
48.58765108741168 19.22547383717064
48.587659291452425 19.2316110400294
48.58766749780217 19.23774824288578
48.58767570646138 19.24388544573977
48.58768391743048 19.250022648591386
48.58769213070993 19.25615985144061
48.58770034630018 19.26229705428745
48.59405642667995 19.127270775778065
48.594064834775565 19.13340797756697
48.59407324524097 19.139545179353366
48.59408165807663 19.145682381137245
48.59409007328299 19.15181958291861
48.59409849086051 19.15795678469746
48.59410691080964 19.164093986473794
48.59411533313086 19.17023118824761
48.5941237578246 19.17636839001891
48.59414061433152 19.188642793553953
48.59414904614562 19.1947799953177
48.59415748033408 19.200917197078923
48.59416591689737 19.207054398837624
48.59418279715026 19.21932880234746
48.59419124084078 19.22546600409859
48.59419968690796 19.231603205847193
48.594208135352275 19.237740407593275
48.59421658617416 19.243877609336835
48.60057542556061 19.114988331934484
48.60058406972034 19.121125532588618
48.60059271631681 19.127262733240094
48.60060136535052 19.133399933888914
48.600635985866994 19.157948736457598
48.60064464709388 19.164085937093112
48.60065331076082 19.170223137725966
48.60068798983846 19.194771940230737
48.60074008173655 19.231595143907864
48.607102350427624 19.108842865046807
48.60711123288523 19.114980064531753
48.60712011784699 19.121117264013893
48.60712900531338 19.127254463493227
48.6071378952849 19.133391662969753
48.60714678776202 19.139528862443466
48.60715568274522 19.145666061914373
48.607164580235 19.151803261382465
48.60717348023183 19.157940460847755
48.60718238273619 19.16407766031022
48.60719128774858 19.170214859769878
48.607218017838704 19.188626458131964
48.60722693288802 19.19476365758036
48.60723585044777 19.200900857025935
48.607244770518456 19.207038056468697
48.61362879574081 19.102697173419884
48.613637916360766 19.10883437170375
48.61364703955226 19.114971569984654
48.61365616531578 19.1211087682626
48.61366529365181 19.12724596653759
48.61367442456086 19.133383164809608
48.61368355804342 19.139520363078667
48.61370183273105 19.15179475960789
48.61371097393712 19.157931957868055
48.613720117718685 19.164069156125247
48.61372926407624 19.170206354379477
48.613738413010296 19.176343552630737
48.61374756452133 19.182480750879026
48.61375671860985 19.18861794912435
48.61376587527636 19.194755147366696
48.613775034521346 19.20089234560607
48.61378419634532 19.207029543842474
48.613793360748765 19.2131667420759
48.6138116972961 19.225441138533824
48.61382086944097 19.231578336758318
48.61383004416733 19.237715534979838
48.62016412033307 19.102688454200866
48.620173481618785 19.108825651248658
48.62018284554389 19.11496284829333
48.620192212108876 19.121100045334884
48.62020158131426 19.127237242373315
48.62021095316056 19.13337443940862
48.62022032764827 19.13951163644081
48.62022970477791 19.14564883346988
48.62023908454999 19.151786030495824
48.62024846696501 19.15792322751864
48.620257852023485 19.16406042453833
48.62027663007285 19.17633481856834
48.62028602306476 19.182472015578647
48.62029541870216 19.188609212585828
48.62030481698557 19.194746409589875
48.62031421791551 19.200883606590793
48.62036126228089 19.23156959154838
48.62037067910069 19.237706788530485
48.626709046183876 19.10881670368167
48.626718650842285 19.114953899457905
48.62672825820845 19.121091095230863
48.62675709655873 19.13950268253004
48.626766714761146 19.14563987828986
48.62677633567393 19.151777074046397
48.626785959297614 19.157914269799644
48.626795585632706 19.1640514655496
48.62681484643924 19.176325857039657
48.62682448091172 19.182463052779745
48.62683411809771 19.18860024851654
48.62684375799774 19.19473744425004
48.62687269398726 19.21314903143078
48.62690165442198 19.231560618581835
48.633254455429636 19.11494472347853
48.633284008259785 19.13335630688467
48.633293864756915 19.139493501346486
48.63330372403182 19.145630695804844
48.63331358608502 19.151767890259755
48.63332345091706 19.15790508471121
48.63336293804432 19.182453862482458
48.633372816778596 19.188591056916632
48.63338269829492 19.194728251347332
48.63984073257208 19.145621286014986
48.63985083576539 19.151758479136042
48.6399115147269 19.18858163778624
48.63998243653584 19.231541989379515
48.64638808469716 19.15174884067541
48.646491688431055 19.21312075801611
48.646502064857145 19.219257949729226
48.64651244420416 19.22539514143854
48.65289358539055 19.13332740379596
48.652904164899475 19.13946459416062
48.65291474738992 19.1456017845213
48.65292533286247 19.151738974878
48.652935921317706 19.157876165230725
48.65294651275618 19.16401335557947
48.65295710717848 19.17015054592423
48.652967704585194 19.176287736265007
48.65297830497687 19.1824249266018
48.65298890835411 19.188562116934605
48.65301012406757 19.20083649758825
48.65302073640493 19.206973687909095
48.65303135173017 19.213110878225944
48.653041970043844 19.219248068538807
48.65305259134654 19.225385258847666
48.659397666312124 19.11490574812442
48.65940847767952 19.121042937071415
48.65941929209459 19.127180126014242
48.65946258024347 19.15172888174398
48.65947340990577 19.15786607066601
48.659484242619286 19.164003259583875
48.659495078384595 19.170140448497577
48.65950591720229 19.17627763740711
48.659516759072964 19.182414826312478
48.6595276039972 19.18855201521367
48.659560157097225 19.20696358189223
48.659571014241635 19.21310077077673
48.65958187444256 19.21923795965706
48.66596663292416 19.13330699887007
48.66599982682227 19.1517185612735
48.66601089769131 19.157855748732615
48.66602197167952 19.163992936187377
48.66603304878749 19.170130123637783
48.666055212365166 19.182404498525532
48.666066298836064 19.18854168596287
48.666077388429144 19.194678873395855
48.66608848114501 19.200816060824472
48.66609957698426 19.20695324824873
48.66611067594751 19.21309043566863
48.66612177803535 19.219227623084162
48.672469267023715 19.114884897587565
48.67248055998929 19.121022083578765
48.67249185613829 19.127159269565436
48.67251445798909 19.13943364152515
48.672559699919 19.16398238539012
48.67258234000795 19.17625675729534
48.67259366483557 19.182393943241127
48.67260499285279 19.188531129182365
48.6726163240602 19.194668315119056
48.672627658458445 19.200805501051192
48.67263899604812 19.206942686978774
48.672650336829854 19.2130798729018
48.672661680804254 19.219217058820274
48.672673027971946 19.225354244734184
48.672695731889675 19.23762861654833
48.67270708864094 19.243765802448557
48.67271844858797 19.24990298834423
48.67272981173139 19.256040174235327
48.672741178071796 19.262177360121864
48.67897048434401 19.09646257818135
48.678982008357934 19.102599762660542
48.678993535621295 19.108736947135007
48.67900506613473 19.114874131604743
48.67901659989885 19.121011316069755
48.679028136914305 19.127148500530037
48.679039677181706 19.13328568498558
48.67905122070167 19.139422869436395
48.679062767474846 19.14556005388248
48.67913211646628 19.18238316045943
48.67914368602945 19.188520344872323
48.67915525885085 19.19465752928047
48.67916683493111 19.20079471368387
48.67917841427085 19.206931898082516
48.679201582731324 19.219206266865555
48.67922476423732 19.231480635629577
48.67923635988396 19.237617820004456
48.67924795879387 19.24375500437457
48.6792595609677 19.249892188739928
48.67927116640605 19.25602937310052
48.685482041346134 19.084177223872242
48.685505560613954 19.096451589729813
48.68551732522251 19.10258877265121
48.685529093148354 19.10872595556768
48.685540864392124 19.114863138479226
48.685587982559184 19.13941187007611
48.685599770402156 19.145549052963
48.68561156156688 19.15168623584495
48.68567056723939 19.18237215018061
48.685682378348154 19.18850933303291
48.685694192783174 19.19464651588027
48.68570601054508 19.200783698722674
48.685717831634534 19.206920881560126
48.68572965605216 19.213058064392634
48.68576514928059 19.231469612860415
48.685776987017384 19.2376067956731
48.685788828085585 19.24374397848082
48.68580067248582 19.249881161283575
48.68581252021876 19.25601834408138
48.68582437128504 19.262155526874206
48.685836225685286 19.26829270966207
48.69201663576067 19.084166011554103
48.69202863419522 19.090303192895774
48.6920526412164 19.102577555563734
48.692064649804344 19.108714736890022
48.692124743543786 19.139400643444475
48.69213677245617 19.14553782473995
48.6921608404507 19.157812187315493
48.692209017136996 19.18236091240484
48.692221069790975 19.188498093664304
48.692233125839245 19.194635274918618
48.69231761327196 19.237595543554438
48.692329696498064 19.243732724767476
48.69234178312437 19.249869905975356
48.698600205571445 19.108703291102202
48.698612458274766 19.11484047080078
48.69864923711312 19.133252009864453
48.69866150363761 19.13938918954166
48.69871060431179 19.163937908197
48.698747466141185 19.182349447132296
48.69875976034002 19.18848662676668
48.698772058001154 19.194623806395704
48.70508582190983 19.08414290597375
48.705148253864365 19.1148287962482
48.70516075081904 19.12096597428645
48.70523580655048 19.157789042399227
48.7052483281793 19.163926220398558
48.705260853335716 19.170063398392323
48.70528591423406 19.182337754363154
48.71169678628043 19.120954070904695
48.71177328821784 19.157777128889794
48.711786051118764 19.16391430520042
48.71179881761526 19.170051481505265
48.71831076893969 19.157764988013067
48.71832377311231 19.163902162602767
48.718336780948476 19.17003933718646
