# # ids of objects in overdense bins for (44.2452145639638, 81.84522793311017)
# 
5.684263803213949440e+17
5.684263116019208960e+17
5.684255943431320320e+17
5.684279651648706560e+17
5.684277547109404160e+17
5.684032218584277760e+17
5.684247009905425920e+17
5.684256287027759360e+17
5.684030844194688000e+17
5.684273423940898560e+17
5.684260367247079680e+17
5.684269644376441600e+17
5.684031874986873600e+17
5.684226351105934080e+17
5.684266208402556160e+17
5.684029169156573440e+17
5.684033292328412160e+17
5.684264834006137600e+17
5.684227081243142400e+17
5.684021223501917440e+17
5.684227038300773120e+17
5.684276559263866880e+17
5.691781370410472960e+17
5.691543257393227520e+17
5.691540165016673280e+17
5.691536385445427200e+17
5.691535354653214720e+17
5.691782401166652160e+17
5.691777247211568640e+17
5.691778278003831040e+17
