# successful candidates for region at (183.20579530705803, 60.494416953164745) and radius 1.0
183.45055026513887 59.96642564839189
183.46217078728904 59.94926431931422
183.46221506367917 59.954977310034096
183.4622593570375 59.9606903007358
183.46230366737367 59.966403291419375
183.4623479946974 59.972116282084784
183.46239233901832 59.97782927273203
183.46243670034613 59.983542263361095
183.4624810786905 59.98925525397195
183.46252547406112 59.994968244564625
183.46256988646775 60.00068123513908
183.46261431592006 60.00639422569534
183.47391808475493 59.949240927363675
183.47396438986829 59.954953913602886
183.4740107127273 59.96066689982227
183.4740570533421 59.966379886021805
183.47410341172272 59.972092872201465
183.47414978787936 59.97780585836125
183.47419618182207 59.98351884450116
183.474242593561 59.98923183062118
183.47428902310634 59.99494481672128
183.4743354704682 60.00065780280146
183.47438193565674 60.00637078886172
183.47442841868212 60.01208377490204
183.47447491955452 60.017796760922394
183.4745214382841 60.0235097469228
183.4856170499241 59.943503506013386
183.4856653652384 59.949216487592864
183.48571369906526 59.95492946915074
183.4857620514152 59.96064245068698
183.48581042229878 59.96635543220162
183.48585881172656 59.972068413694615
183.48590721970908 59.97778139516594
183.4859556462569 59.98349437661562
183.48600409138064 59.989207358043615
183.48605255509082 59.99492033944994
183.48614953831304 60.006346302197414
183.48619805784625 60.01205928353857
183.48624659600839 60.017772264857996
183.48634372826186 60.02919822743157
183.48639232237448 60.03491120868572
183.49731196079279 59.937765046582335
183.49736228475484 59.94347802330507
183.49741262799546 59.949191000004355
183.4974629905256 59.954903976680185
183.4975133723563 59.960616953332554
183.4975637734985 59.96632992996144
183.49761419396316 59.97204290656683
183.4976646337614 59.9777558831487
183.4977150929041 59.98346885970708
183.49776557140234 59.9891818362419
183.4978160692672 59.994894812753174
183.49791712314072 60.00632076570503
183.49796767917152 60.01203374214557
183.5090551500246 59.93773852133851
183.5091075011258 59.94345149298234
183.5091598722821 59.94916446460083
183.509212263505 59.95487743619395
183.50926467480576 59.96059040776163
183.50931710619594 59.96630337930393
183.50936955768688 59.972016350820795
183.50942202929014 59.97772932231221
183.50947452101707 59.98344229377819
183.5095270328792 59.9891552652187
183.50968468939143 60.006294179387226
183.5097372819091 60.012007150725715
183.52074396265456 59.93199798229184
183.5207983200641 59.93771094868363
183.52085269829345 59.94342391504805
183.5209070973544 59.949136881385115
183.5209615172589 59.95484984769478
183.52101595801875 59.96056281397705
183.5210704196458 59.966275780231896
183.52112490215197 59.971988746459324
183.52117940554916 59.97770171265928
183.52123392984925 59.983414678831785
183.52128847506415 59.989127644976826
183.53248508641806 59.931969367706714
183.53254147016818 59.9376823286206
183.5325978755142 59.94339528950507
183.53265430246836 59.94910825036008
183.532710751043 59.954821211185624
183.5327672212504 59.9605341719817
183.53282371310289 59.966247132748265
183.53288022661278 59.97196009348531
183.5329367617924 59.97767305419283
183.53299331865412 59.98338601487079
183.53304989721025 59.98909897551919
183.54422618951483 59.931939705916896
183.54428459959368 59.93765266115246
183.54434303204448 59.943365616356395
183.54440148688 59.94907857152876
183.54445996411286 59.954791526669496
183.54451846375594 59.9605044817786
183.54457698582192 59.96621743685603
183.5446355303236 59.971930391901786
183.54469409727372 59.97764334691586
183.54475268668511 59.98335630189823
183.5560881671408 59.94333489560519
183.55614864984528 59.949047844894295
183.5562091557241 59.954760794149536
183.5562696847905 59.96047374337089
183.55633023705764 59.96618669255837
183.55639081253872 59.97189964171192
183.55645141124702 59.977612590831534
183.56764589194913 59.926164297422304
183.56770833073764 59.93187724073587
183.5677707934366 59.937590184013345
183.56783328005963 59.94330312725469
183.56789579062036 59.94901607045991
183.56795832513237 59.95472901362894
183.5680208836093 59.96044195676181
183.56946637441052 60.09183963878346
183.58119928112737 60.08609372271138
183.58126444198396 60.09180665866182
183.58132962792388 60.09751959457311
