# successful candidates for region at (95.61984250372728, -30.016541782126087) and radius 1.0
95.52781760766072 -29.50899341779175
95.52782338046103 -29.502675153687214
95.52782915179502 -29.496356889581918
95.53506343153713 -29.508998260104626
95.53506874980157 -29.50267999538668
95.54230925608175 -29.509002705520043
96.3012979287554 -30.303371875942158
96.30807136708303 -30.227517573823743
96.31550334496595 -30.246433504344473
96.31541411004825 -30.233797434884206
96.31536950964913 -30.227479400086843
96.32280288600128 -30.246394913187633
96.32275779468438 -30.240076883404715
96.3227127148621 -30.23375885357602
96.3226676465312 -30.227440823701578
96.32257754433017 -30.214804763815472
96.32248748805486 -30.202168703746526
96.32244247713106 -30.195850673643523
96.33010242128637 -30.246355919229202
96.33005686180122 -30.240037894422485
96.33001131393009 -30.233719869569043
96.32996577766959 -30.227401844668893
96.32982923851854 -30.208447769688306
96.32978374866721 -30.202129744601457
96.3297382704098 -30.19581171946798
96.33735592311038 -30.239998502691027
96.33726390300471 -30.22736246298973
96.33708000348516 -30.20209038301534
96.3443298395312 -30.19573260394867
96.35167249549966 -30.202010452523773
96.35162561525482 -30.195692442606827
96.35157874695787 -30.18937443264035
96.35153189060534 -30.183056422624343
96.35143821371986 -30.17042040244385
96.3589213850077 -30.195651878878163
96.35887404950523 -30.189333874085523
96.35882672606624 -30.183015869242368
96.35877941468728 -30.17669786434872
96.35868482809553 -30.164061854409994
96.36621714873034 -30.195610912763662
96.36616934602466 -30.189292913196176
96.36612155550151 -30.182974913577187
96.36607377715741 -30.17665691390669
96.37351290636323 -30.19556954426432
96.37346463645666 -30.189251549973324
96.37341637885169 -30.182933555629788
96.37336813354477 -30.17661556123375
96.38080865784686 -30.19552777338115
96.38075992074175 -30.189209784417937
96.3807111960573 -30.182891795401186
96.38066248378992 -30.176573806330893
96.38805519882045 -30.189167616531073
96.38795682783342 -30.17653164919916
