# successful candidates for region at (2.675017355251371, 4.354531330702125) and radius 1.0
3.374296744495989 5.062987858170074
3.374303168958561 5.069216310808314
3.3805584900446273 5.062981737895514
3.3555115071794424 5.06300589164848
3.361760650824623 5.050543018627741
3.361766949177655 5.056771476839905
3.36177325306239 5.06299993504663
3.361779562479135 5.06922839324791
3.3617858774281975 5.075456851443742
3.3680222817024728 5.050537013005859
3.368028637477622 5.056765468449268
3.368034998834908 5.062993923887136
3.3680413657746406 5.069222379319463
3.368047738297131 5.07545083474624
3.3742775049043225 5.044302500221511
3.374283912469182 5.050530952876668
3.3742903256663004 5.056759405526192
3.374296744495989 5.062987858170074
3.374303168958561 5.069216310808314
3.374309599054331 5.075444763440904
3.3743160347836105 5.081673216067842
3.3805455431237474 5.050524838240239
3.380552013742685 5.056753288070746
3.3805584900446273 5.062981737895514
3.3805649720298896 5.0692101877145355
3.3805714596987886 5.075438637527805
3.3868071736651646 5.050518669096644
3.386813701705771 5.056747116083008
3.3868202354798154 5.062975563063527
3.3868267749876173 5.069204010038199
3.3868333202294942 5.075432457007017
3.393081980800547 5.062969333674188
3.3555177590730523 5.069234352593584
3.361766949177655 5.056771476839905
3.36177325306239 5.06299993504663
3.361779562479135 5.06922839324791
3.3617858774281975 5.075456851443742
3.3617921979098853 5.081685309634122
3.368028637477622 5.056765468449268
3.368034998834908 5.062993923887136
3.3680413657746406 5.069222379319463
3.368047738297131 5.07545083474624
3.3680541164026887 5.081679290167465
3.374283912469182 5.050530952876668
3.3742903256663004 5.056759405526192
3.374296744495989 5.062987858170074
3.374303168958561 5.069216310808314
3.374309599054331 5.075444763440904
3.3743160347836105 5.081673216067842
3.3743224761467143 5.0879016686891205
3.380552013742685 5.056753288070746
3.3805584900446273 5.062981737895514
3.3805649720298896 5.0692101877145355
3.3805714596987886 5.075438637527805
3.38057795305164 5.081667087335322
3.386813701705771 5.056747116083008
3.3868202354798154 5.062975563063527
3.3868267749876173 5.069204010038199
3.3868333202294942 5.075432457007017
3.386839871205767 5.081660903969978
3.393088577830735 5.069197777779379
3.36177325306239 5.06299993504663
3.3680222817024728 5.050537013005859
3.368028637477622 5.056765468449268
3.368034998834908 5.062993923887136
3.3680413657746406 5.069222379319463
3.368047738297131 5.07545083474624
3.374283912469182 5.050530952876668
3.3742903256663004 5.056759405526192
3.374296744495989 5.062987858170074
3.374303168958561 5.069216310808314
3.374309599054331 5.075444763440904
3.3805390781874993 5.044296388403996
3.3805455431237474 5.050524838240239
3.380552013742685 5.056753288070746
3.3805584900446273 5.062981737895514
3.3805649720298896 5.0692101877145355
3.3805714596987886 5.075438637527805
3.38057795305164 5.081667087335322
3.3868071736651646 5.050518669096644
3.386813701705771 5.056747116083008
3.3868202354798154 5.062975563063527
3.3868267749876173 5.069204010038199
3.3868333202294942 5.075432457007017
3.393068804092429 5.050512445445959
3.393075389554552 5.056740889563045
3.393081980800547 5.062969333674188
3.393088577830735 5.069197777779379
3.393095180645439 5.075426221878613
3.399343726005815 5.06296304972757
