# # ids of objects in overdense bins for (228.39520878751838, -21.371391934332863)
# 
6.252665723697575936e+18
6.252666548331040768e+18
6.252665620618452992e+18
6.252666960647698432e+18
6.252665826777523200e+18
6.252664211869399040e+18
6.252665002139724800e+18
6.252666548331150336e+18
6.252666891928216576e+18
6.252666960647694336e+18
6.252664795981199360e+18
6.252677367353353216e+18
6.252663829614522368e+18
6.252666445254424576e+18
6.252665758057067520e+18
6.252666445252314112e+18
6.252666445252191232e+18
6.252665036499436544e+18
6.252665620619466752e+18
6.252666788850217984e+18
6.252666582690795520e+18
6.252664894766139392e+18
6.252666548331165696e+18
6.252678539876718592e+18
6.252665242657909760e+18
6.252678574239484928e+18
6.252665689340184576e+18
6.252677062411413504e+18
6.252666754489486336e+18
6.252666720130744320e+18
6.252676989394332672e+18
6.252664211865658368e+18
6.252664143149932544e+18
6.252664933420167168e+18
6.252666548331061248e+18
6.252663868272143360e+18
6.252666479611692032e+18
6.252665105222743040e+18
6.252678535582564352e+18
6.252665689338606592e+18
6.252664143151976448e+18
6.252665204006107136e+18
6.252664830340963328e+18
6.252665105222737920e+18
6.252664040072775680e+18
6.252666445252216832e+18
6.252664967785693184e+18
6.252678574239500288e+18
6.252666857568652288e+18
6.252666857568513024e+18
6.252665826776565760e+18
6.252665242662019072e+18
6.252666720130033664e+18
6.252666720131052544e+18
6.252665620619141120e+18
6.252678677318520832e+18
6.252664005711134720e+18
6.252660771600860160e+18
6.252662386507879424e+18
6.252666445252281344e+18
6.252663799554606080e+18
6.252666685769837568e+18
6.252664933420199936e+18
6.252665723697474560e+18
6.252664967779923968e+18
6.252664692905928704e+18
6.252665311380873216e+18
6.252665414460144640e+18
6.252665311377427456e+18
6.252666685769842688e+18
6.252666513972632576e+18
6.252665689338630144e+18
6.252664967783647232e+18
6.252666857568536576e+18
6.252665002139686912e+18
6.252665208301830144e+18
6.252666479611739136e+18
6.252664830344866816e+18
6.252665723697496064e+18
6.252666784554100736e+18
6.252666651410114560e+18
6.252678604304057344e+18
6.252666788849352704e+18
6.252664967779909632e+18
6.252666720129902592e+18
6.252665135284334592e+18
6.252660775893844992e+18
6.252667269885309952e+18
6.252664211869425664e+18
6.252665414460048384e+18
6.252666445252257792e+18
6.252677096767709184e+18
6.252665654978852864e+18
6.252677096767711232e+18
6.252663829614170112e+18
6.252677337285883904e+18
6.252665414460218368e+18
6.252665204004283392e+18
6.252666926288048128e+18
6.252664211869438976e+18
6.252664761625411584e+18
6.252677126835265536e+18
6.252666891928205312e+18
6.252665105218949120e+18
6.252664211869393920e+18
6.252677092473351168e+18
6.252666651410186240e+18
6.252676989397312512e+18
6.252666788849465344e+18
6.252666857568618496e+18
6.252665345740705792e+18
6.252664830345220096e+18
6.252664211869447168e+18
6.252677126833095680e+18
6.252665414460183552e+18
6.252665002143474688e+18
6.252664177511307264e+18
6.252665311380966400e+18
6.252678673023660032e+18
6.252663967053136896e+18
6.252664040070904832e+18
6.252678741740844032e+18
6.252665826776487936e+18
6.252665654978178048e+18
6.252666754489538560e+18
6.252665036504781824e+18
6.252665620618632192e+18
6.252666857568647168e+18
6.252664967783603200e+18
6.252665826776596480e+18
6.252677367351284736e+18
6.252665002139711488e+18
6.252666754489534464e+18
6.252678638661605376e+18
6.252660775891765248e+18
6.252678947899294720e+18
6.252666513971520512e+18
6.252664967783612416e+18
6.252663936991566848e+18
6.252665689338110976e+18
6.252665380100255744e+18
6.252666788851456000e+18
6.252666548333608960e+18
6.252665208301888512e+18
6.252666513971539968e+18
6.252664177509750784e+18
6.252664207571931136e+18
6.252666548333608960e+18
6.252666440954928128e+18
6.252678535582379008e+18
6.252664143150008320e+18
6.252678879179796480e+18
6.252663795254444032e+18
6.252665826776517632e+18
6.252666823209926656e+18
6.252665689338066944e+18
6.252666857571213312e+18
6.252666479611664384e+18
6.252666513971546112e+18
6.252665723699899392e+18
6.252664040070897664e+18
6.252663936991557632e+18
6.252665002139727872e+18
6.252666754490464256e+18
