# successful candidates for region at (96.87182357645364, -61.88171033389906) and radius 1.095.86049872132087 -62.69506332002454
95.9027495267378 -62.663791282526574
95.91627168036608 -62.67019712907127
95.91667796394043 -62.65757262012615
95.93020029780764 -62.66397713210096
95.81928023020633 -62.69476217058301
95.83257711020345 -62.707488124076015
95.83279842354078 -62.70117600730118
95.83301963401094 -62.69486389011614
95.83324074168513 -62.68855177252119
95.83346174663447 -62.68223965451659
95.84632245834788 -62.70758855391828
95.8465408456587 -62.701276413792975
95.8467591314616 -62.69496427326826
95.84697731582688 -62.6886521323444
95.84719539882471 -62.682339991021664
95.8598523375922 -62.71399980951942
95.8600678990299 -62.70768764674341
95.86028336024965 -62.70137548357836
95.86049872132087 -62.69506332002454
95.86071398231283 -62.688751156082176
95.86092914329483 -62.68243899175157
95.86114420433604 -62.67612682703299
95.87381343101029 -62.70778540253685
95.87402596607535 -62.701473216642746
95.87423840235124 -62.69516103037036
95.87445073990637 -62.68884884371992
95.87466297880906 -62.6825366566917
95.8875590530498 -62.7078818212841
95.88776866189735 -62.70156961297167
95.88797817331522 -62.69525740429129
95.88818758737084 -62.68894519524319
95.88839690413158 -62.682632985827674
95.9017180329752 -62.6953524417731
95.86157402687257 -62.66350249643293
95.87487511912754 -62.676224469285984
95.87508716093001 -62.669912281503024
95.87529910428461 -62.66360009334304
95.8755109492594 -62.65728790480637
95.87572269592236 -62.6509757158932
95.88860612366477 -62.67632077604496
95.88881524603767 -62.67000856589531
95.88902427131744 -62.66369635537899
95.88923319957124 -62.65738414449625
95.88944203086612 -62.651071933247316
95.90213091802656 -62.68272797914525
95.90233721671277 -62.6764157472957
95.90254341959441 -62.670103515089416
95.9027495267378 -62.663791282526574
95.90295553820908 -62.657479049607495
95.90316145407441 -62.651166816332385
95.90336727439983 -62.64485458270153
95.91606839703641 -62.67650938302422
95.91627168036608 -62.67019712907127
95.91647486931232 -62.66388487477183
95.91667796394043 -62.65757262012615
95.91688096431558 -62.65126036513446
95.92979966340063 -62.67660168321671
95.93000002711838 -62.67028940782715
95.93020029780764 -62.66397713210096
95.93040047553275 -62.65766485603842
95.93060056035797 -62.651352579639756
95.94392581099028 -62.664068054500405
95.87508716093001 -62.669912281503024
95.88839690413158 -62.682632985827674
95.88860612366477 -62.67632077604496
95.88881524603767 -62.67000856589531
95.88902427131744 -62.66369635537899
95.88923319957124 -62.65738414449625
95.90213091802656 -62.68272797914525
95.90233721671277 -62.6764157472957
95.90254341959441 -62.670103515089416
95.9027495267378 -62.663791282526574
95.90295553820908 -62.657479049607495
95.91566154696554 -62.68913388988971
95.91586501925802 -62.68282163663045
95.91606839703641 -62.67650938302422
95.91627168036608 -62.67019712907127
95.91647486931232 -62.66388487477183
95.91667796394043 -62.65757262012615
95.91688096431558 -62.65126036513446
95.92959920659004 -62.68291395826946
95.92979966340063 -62.67660168321671
95.93000002711838 -62.67028940782715
95.93020029780764 -62.66397713210096
95.93040047553275 -62.65766485603842
95.94333347878658 -62.68300494404862
95.94353101457027 -62.676692647859554
95.94372845861702 -62.67038035134342
95.94392581099028 -62.664068054500405
95.94412307175345 -62.657755757330754
95.95745697362763 -62.67046995960667
95.8755109492594 -62.65728790480637
95.88881524603767 -62.67000856589531
95.88902427131744 -62.66369635537899
95.88923319957124 -62.65738414449625
95.88944203086612 -62.651071933247316
95.8896507652691 -62.64475972163249
95.90254341959441 -62.670103515089416
95.9027495267378 -62.663791282526574
95.90295553820908 -62.657479049607495
95.90316145407441 -62.651166816332385
95.90336727439983 -62.64485458270153
95.91606839703641 -62.67650938302422
95.91627168036608 -62.67019712907127
95.91647486931232 -62.66388487477183
95.91667796394043 -62.65757262012615
95.91688096431558 -62.65126036513446
95.9170838705029 -62.64494810979699
95.91728668256751 -62.63863585411402
95.93000002711838 -62.67028940782715
95.93020029780764 -62.66397713210096
95.93040047553275 -62.65766485603842
95.93060056035797 -62.651352579639756
95.9308005523475 -62.645040302905166
95.94372845861702 -62.67038035134342
95.94392581099028 -62.664068054500405
95.94412307175345 -62.657755757330754
95.94432024096984 -62.65144345983471
95.94451731870275 -62.64513116201246
95.9578457513699 -62.65784532398973
95.88902427131744 -62.66369635537899
95.90233721671277 -62.6764157472957
95.90254341959441 -62.670103515089416
95.9027495267378 -62.663791282526574
95.90295553820908 -62.657479049607495
95.90316145407441 -62.651166816332385
95.91606839703641 -62.67650938302422
95.91627168036608 -62.67019712907127
95.91647486931232 -62.66388487477183
95.91667796394043 -62.65757262012615
95.91688096431558 -62.65126036513446
95.92959920659004 -62.68291395826946
95.92979966340063 -62.67660168321671
95.93000002711838 -62.67028940782715
95.93020029780764 -62.66397713210096
95.93040047553275 -62.65766485603842
95.93060056035797 -62.651352579639756
95.9308005523475 -62.645040302905166
95.94353101457027 -62.676692647859554
95.94372845861702 -62.67038035134342
95.94392581099028 -62.664068054500405
95.94412307175345 -62.657755757330754
95.94432024096984 -62.65144345983471
95.95726244931008 -62.67678227693935
95.95745697362763 -62.67046995960667
95.95765140762677 -62.66415764195673
95.9578457513699 -62.65784532398973
95.95804000491945 -62.65153300570594
95.97137708648356 -62.66424589445677
