# successful candidates for region at (33.2692528712688, -21.760444543444475) and radius 1.032.82515501148859 -20.96760644733381
32.831866968212786 -20.980112589588906
32.8319039487698 -20.967624211548248
32.83865288766157 -20.96764170373885
32.80490820955677 -20.967551522550703
32.81161844938866 -20.98005846633533
32.811637798242906 -20.973814284591025
32.811657141857225 -20.967570102834724
32.811676480232734 -20.961325921066436
32.811695813370555 -20.95508173928616
32.818367954010064 -20.98007677951625
32.81838701750774 -20.97383259531188
32.81840607584278 -20.967588411095868
32.81842512901627 -20.96134422686821
32.81844417702931 -20.95510004262892
32.82509867706616 -20.986339007217474
32.82511746029306 -20.980094820600883
32.82513623843351 -20.973850633973
32.82515501148859 -20.96760644733381
32.825173779459384 -20.961362260683334
32.825192542346976 -20.955118074021566
32.82521130015245 -20.948873887348505
32.831866968212786 -20.980112589588906
32.83188546099534 -20.97386840057406
32.8319039487698 -20.967624211548248
32.83192243153724 -20.96138002251148
32.831940909298716 -20.955135833463768
32.838616477744374 -20.980130086480006
32.83863468516838 -20.97388589511474
32.83865288766157 -20.96764170373885
32.83867108522499 -20.96139751235234
32.8386892778597 -20.95515332095522
32.845401828139025 -20.96765892390532
32.81161844938866 -20.98005846633533
32.81832981152235 -20.992565147890048
32.81834888534863 -20.986320963708977
32.818367954010064 -20.98007677951625
32.81838701750774 -20.97383259531188
32.81840607584278 -20.967588411095868
32.82507988875171 -20.992583193822753
32.82509867706616 -20.986339007217474
32.82511746029306 -20.980094820600883
32.82513623843351 -20.973850633973
32.82515501148859 -20.96760644733381
32.831811459805884 -20.99884515656769
32.83182996761913 -20.992600967585734
32.83184847042107 -20.986356778592803
32.831866968212786 -20.980112589588906
32.83188546099534 -20.97386840057406
32.8319039487698 -20.967624211548248
32.83192243153724 -20.96138002251148
32.838580048099715 -20.992618469178666
32.8385982653885 -20.98637427783465
32.838616477744374 -20.980130086480006
32.83863468516838 -20.97388589511474
32.83865288766157 -20.96764170373885
32.84533013016858 -20.99263569860126
32.84534806194357 -20.986391504942716
32.845365988862945 -20.98014731127388
32.84538391092776 -20.973903117594745
32.845401828139025 -20.96765892390532
32.852115501543636 -20.98016426397021
32.811657141857225 -20.967570102834724
32.818367954010064 -20.98007677951625
32.81838701750774 -20.97383259531188
32.81840607584278 -20.967588411095868
32.81842512901627 -20.96134422686821
32.81844417702931 -20.95510004262892
32.82511746029306 -20.980094820600883
32.82513623843351 -20.973850633973
32.82515501148859 -20.96760644733381
32.825173779459384 -20.961362260683334
32.825192542346976 -20.955118074021566
32.83184847042107 -20.986356778592803
32.831866968212786 -20.980112589588906
32.83188546099534 -20.97386840057406
32.8319039487698 -20.967624211548248
32.83192243153724 -20.96138002251148
32.831940909298716 -20.955135833463768
32.8319593820553 -20.94889164440511
32.838616477744374 -20.980130086480006
32.83863468516838 -20.97388589511474
32.83865288766157 -20.96764170373885
32.83867108522499 -20.96139751235234
32.8386892778597 -20.95515332095522
32.845365988862945 -20.98014731127388
32.84538391092776 -20.973903117594745
32.845401828139025 -20.96765892390532
32.84541974049779 -20.961414730205608
32.845437648005095 -20.955170536495615
32.85215077017734 -20.967675872047355
32.81840607584278 -20.967588411095868
32.82511746029306 -20.980094820600883
32.82513623843351 -20.973850633973
32.82515501148859 -20.96760644733381
32.825173779459384 -20.961362260683334
32.825192542346976 -20.955118074021566
32.831866968212786 -20.980112589588906
32.83188546099534 -20.97386840057406
32.8319039487698 -20.967624211548248
32.83192243153724 -20.96138002251148
32.831940909298716 -20.955135833463768
32.8385982653885 -20.98637427783465
32.838616477744374 -20.980130086480006
32.83863468516838 -20.97388589511474
32.83865288766157 -20.96764170373885
32.83867108522499 -20.96139751235234
32.8386892778597 -20.95515332095522
32.83870746556675 -20.948909129547484
32.845365988862945 -20.98014731127388
32.84538391092776 -20.973903117594745
32.845401828139025 -20.96765892390532
32.84541974049779 -20.961414730205608
32.845437648005095 -20.955170536495615
32.852115501543636 -20.98016426397021
32.85213313824861 -20.97392006801376
32.85215077017734 -20.967675872047355
32.85216839733082 -20.961431676070976
32.85218601971008 -20.95518748008465
32.85889971375165 -20.96769254816465
