# successful candidates for region at (18.918520317344086, -33.859673709237214) and radius 1.018.070388447961676 -33.16125619684
18.048069528564884 -33.161101011977436
18.05538450184848 -33.17373699651727
18.05544683862678 -33.16744509234242
18.05550915951918 -33.161153188088306
18.05557146453061 -33.15486128375494
18.055633753665987 -33.14856937934235
18.062825216081926 -33.17378873795648
18.062887015587258 -33.16749682720534
18.062948799343587 -33.16120491637629
18.063010567355796 -33.15491300546935
18.063072319628766 -33.14862109448456
18.07020466126982 -33.18013194865147
18.07026593911577 -33.173840031457566
18.070327201344778 -33.16754811418706
18.070388447961676 -33.16125619684
18.07044967897131 -33.1549642794164
18.070510894378515 -33.148672361916276
18.070572094188126 -33.14238044433967
18.077706670873532 -33.17389087701914
18.07776739582288 -33.167598953286195
18.07782810529702 -33.161307029478024
18.077888799300744 -33.15501510559464
18.07794947783885 -33.1487231816361
18.08514741127871 -33.17394127463982
18.085207598945097 -33.167649344501356
18.08526777127317 -33.161357414288986
18.085327928267688 -33.15506548400273
18.0853880699334 -33.14877355364264
18.0927074458137 -33.161407351271514
