# successful candidates for region at (187.58000661348564, 4.921122660953636) and radius 1.0187.71551144379887 4.139773474816935
187.72819238389533 4.146029525281379
187.73453358462893 4.15228676126489
187.69649190212536 4.139776864516004
187.7028296872287 4.127258597976202
187.70283071780216 4.133517194723566
187.70283174936893 4.139775791470766
187.70283278192903 4.146034388217802
187.70283381548253 4.152292984964675
187.7091694280127 4.127257469104398
187.7091705117809 4.133516065337825
187.70917159659373 4.139774661571072
187.70917268245117 4.146033257804136
187.7091737693533 4.15229185403702
187.7155080329099 4.120997687736047
187.71550916877706 4.127256283429874
187.71551030574003 4.1335148791235055
187.71551144379887 4.139773474816935
187.71551258295358 4.1460320705101665
187.71551372320425 4.152290666203199
187.71551486455095 4.158549261896033
187.72184890952082 4.1272550409526465
187.7218500996785 4.133513636080618
187.72185129098332 4.139772231208373
187.7218524834353 4.146030826335909
187.72185367703452 4.152289421463227
187.72818865024297 4.127253741672729
187.72818989359536 4.133512336209183
187.72819113814612 4.139770930745399
187.72819238389533 4.146029525281379
187.72819363084307 4.152288119817118
187.7345309852863 4.139769573428032
187.70917268245117 4.146033257804136
187.71551030574003 4.1335148791235055
187.71551144379887 4.139773474816935
187.71551258295358 4.1460320705101665
187.71551372320425 4.152290666203199
187.71551486455095 4.158549261896033
187.7218500996785 4.133513636080618
187.72185129098332 4.139772231208373
187.7218524834353 4.146030826335909
187.72185367703452 4.152289421463227
187.72185487178103 4.158548016590327
187.72818865024297 4.127253741672729
187.72818989359536 4.133512336209183
187.72819113814612 4.139770930745399
187.72819238389533 4.146029525281379
187.72819363084307 4.152288119817118
187.72819487898937 4.158546714352622
187.72819612833428 4.164805308887884
187.73452968748964 4.133510979509214
187.7345309852863 4.139769573428032
187.73453228433274 4.146028167346591
187.73453358462893 4.15228676126489
187.734534886175 4.158545355182932
187.74086948136036 4.133509565980732
187.74087083240295 4.139768159256288
187.74087218474654 4.146026752531566
187.74087353839118 4.152285345806562
187.74087489333695 4.1585439390812775
187.74721208513577 4.146025280836319
187.71551372320425 4.152290666203199
187.72185129098332 4.139772231208373
187.7218524834353 4.146030826335909
187.72185367703452 4.152289421463227
187.72185487178103 4.158548016590327
187.72185606767488 4.164806611717207
187.72819113814612 4.139770930745399
187.72819238389533 4.146029525281379
187.72819363084307 4.152288119817118
187.72819487898937 4.158546714352622
187.72819612833428 4.164805308887884
187.73452968748964 4.133510979509214
187.7345309852863 4.139769573428032
187.73453228433274 4.146028167346591
187.73453358462893 4.15228676126489
187.734534886175 4.158545355182932
187.73453618897096 4.164803949100714
187.73453749301686 4.171062543018235
187.74087083240295 4.139768159256288
187.74087218474654 4.146026752531566
187.74087353839118 4.152285345806562
187.74087489333695 4.1585439390812775
187.74087624958392 4.164802532355712
187.74721067949503 4.139766688230186
187.74721208513577 4.146025280836319
187.7472134921288 4.152283873442149
187.74721490047426 4.158542466047676
187.74721631017218 4.164801058652899
187.75355344584085 4.15228234417167
