# successful candidates for region at (150.6004813542221, -11.914751982327324) and radius 1.0
149.99047052225436 -11.154181445203296
149.97120351021664 -11.15414012251625
149.97759829055946 -11.166722553683147
149.97761207154517 -11.160438296598866
149.97762584693902 -11.154154039503366
149.9776396167418 -11.147869782396652
149.9776533809542 -11.14158552527873
149.98402091202132 -11.166736333397607
149.98403455092128 -11.160452073570518
149.9840481842871 -11.154167813732442
149.98406181211942 -11.147883553883386
149.984075434419 -11.141599294023349
149.9904300318122 -11.173034232827689
149.9904435341032 -11.166749970296989
149.99045703091704 -11.16046570775552
149.99047052225436 -11.154181445203296
149.99048400811589 -11.147897182640316
149.99049748850229 -11.141612920066583
149.99051096341424 -11.135328657482104
149.99686615679857 -11.166763464381106
149.99687951152592 -11.160479199153686
149.99689286083444 -11.154194933915733
149.99690620472478 -11.147910668667251
149.99691954319763 -11.141626403408242
150.003288780101 -11.166776815649776
150.00330199274154 -11.16049254776483
150.0033152000208 -11.154208279869577
150.0033284019396 -11.147924011964015
150.00334159849854 -11.141639744048149
150.00973753980708 -11.15422148306464
