# successful candidates for region at (353.85363367081237, 5.561550841010227) and radius 1.0
354.47283604774145 4.948157863468423
354.47902509721877 4.9481516108575905
354.45426889858754 4.948176248203508
354.46044601912905 4.935665294782686
354.4604519813118 4.941917738464397
354.4604579484246 4.948170182141457
354.46046392046793 4.954422625813861
354.460469897442 4.960675069481607
354.4666349471892 4.935659171410927
354.4666409701759 4.941911612656039
354.466646998143 4.948164053896403
354.46665303109086 4.954416495132018
354.4666590690197 4.960668936362879
354.47281779636967 4.929400547117062
354.47282387512973 4.935652985905691
354.4728299589202 4.941905424689479
354.47283604774145 4.948157863468423
354.47284214159373 4.954410302242522
354.47284824047733 4.960662741011769
354.4728543443925 4.966915179776162
354.47901280294946 4.935646738267051
354.4790189475436 4.941899174564791
354.47902509721877 4.9481516108575905
354.4790312519753 4.954404047145446
354.4790374118134 4.960656483428354
354.48520173064713 4.935640428495084
354.4852079360448 4.941892862282051
354.48521414657387 4.948145296063981
354.48522036223443 4.954397729840868
354.48522658302693 4.960650163612709
354.4914031958053 4.94813891908767
354.4604579484246 4.948170182141457
354.4666349471892 4.935659171410927
354.4666409701759 4.941911612656039
354.466646998143 4.948164053896403
354.46665303109086 4.954416495132018
354.4666590690197 4.960668936362879
354.47282387512973 4.935652985905691
354.4728299589202 4.941905424689479
354.47283604774145 4.948157863468423
354.47284214159373 4.954410302242522
354.47284824047733 4.960662741011769
354.479006663436 4.929394301964373
354.47901280294946 4.935646738267051
354.4790189475436 4.941899174564791
354.47902509721877 4.9481516108575905
354.4790312519753 4.954404047145446
354.4790374118134 4.960656483428354
354.47904357673343 4.966908919706309
354.48520173064713 4.935640428495084
354.4852079360448 4.941892862282051
354.48521414657387 4.948145296063981
354.48522036223443 4.954397729840868
354.48522658302693 4.960650163612709
354.4913906582215 4.935634056589864
354.49139692442265 4.941886487841336
354.4914031958053 4.94813891908767
354.4914094723698 4.954391350328862
354.49141575411653 4.960643781564909
354.497592244912 4.948132479928734
