# successful candidates for region at (32.701844152879715, -52.36538304714655) and radius 1.0
33.102689332288456 -51.57345845405219
33.113051523611155 -51.59840982134132
33.112938039084774 -51.58591652937144
33.112881325108575 -51.579669883328336
33.11282462997821 -51.573423237246466
33.12325057101296 -51.604620341151936
33.123134249313075 -51.59212706126255
33.123076117461665 -51.58588042125677
33.12295991170913 -51.57338714112309
33.143413154582824 -51.59205219377861
33.0722833474013 -51.57355882853879
33.08252370968117 -51.586019576047
33.08247119141797 -51.579772912890455
33.08241869060648 -51.57352624970071
33.08236620723825 -51.567279586477746
33.08231374130485 -51.56103292322159
33.09266183480061 -51.585986106769006
33.09260791795879 -51.57973944917087
33.09255401903337 -51.573492791537724
33.092500138015716 -51.567246133869574
33.09244627489715 -51.560999476166444
33.10285527853604 -51.592198409733115
33.102799944733114 -51.58595175787634
33.10274462932022 -51.57970510598269
33.102689332288456 -51.57345845405219
33.102634053628925 -51.56721180208482
33.10257879333275 -51.56096515008064
33.10252355139104 -51.554718498039655
33.112938039084774 -51.58591652937144
33.112881325108575 -51.579669883328336
33.11282462997821 -51.573423237246466
33.11276795368457 -51.5671765911259
33.11271129621853 -51.5609299449666
33.123076117461665 -51.58588042125677
33.12301800493013 -51.57963378121027
33.12295991170913 -51.57338714112309
33.12290183778932 -51.56714050099526
33.122843783161365 -51.560893860826766
33.1330951770877 -51.57335016568456
33.08262879859647 -51.59851290226031
33.09287768150567 -51.610972736810936
33.092823692911374 -51.60472607935308
33.09276972226822 -51.59847942186012
33.09271576956753 -51.59223276433208
33.09266183480061 -51.585986106769006
33.103021390374025 -51.61093836508198
33.10296600134758 -51.60469171333594
33.10291063073789 -51.59844506155298
33.10285527853604 -51.592198409733115
33.102799944733114 -51.58595175787634
33.11322189197275 -51.61714975900506
33.11316508363043 -51.61090311315599
33.11310829417961 -51.60465646726807
33.113051523611155 -51.59840982134132
33.11299477191592 -51.59216317537578
33.112938039084774 -51.58591652937144
33.112881325108575 -51.579669883328336
33.123308760880164 -51.61086698103548
33.12325057101296 -51.604620341151936
33.12319240049372 -51.59837370122761
33.123134249313075 -51.59212706126255
33.123076117461665 -51.58588042125677
33.13345242172856 -51.610829968722996
33.13339283145315 -51.604583334990046
33.1333332609913 -51.598336701214365
33.13327371033341 -51.592090067395965
33.1332141794699 -51.58584343353484
33.1434741047096 -51.59829882130422
33.08252370968117 -51.586019576047
33.09276972226822 -51.59847942186012
33.09271576956753 -51.59223276433208
33.09266183480061 -51.585986106769006
33.09260791795879 -51.57973944917087
33.09255401903337 -51.573492791537724
33.10291063073789 -51.59844506155298
33.10285527853604 -51.592198409733115
33.102799944733114 -51.58595175787634
33.10274462932022 -51.57970510598269
33.102689332288456 -51.57345845405219
33.11310829417961 -51.60465646726807
33.113051523611155 -51.59840982134132
33.11299477191592 -51.59216317537578
33.112938039084774 -51.58591652937144
33.112881325108575 -51.579669883328336
33.11282462997821 -51.573423237246466
33.11276795368457 -51.5671765911259
33.12319240049372 -51.59837370122761
33.123134249313075 -51.59212706126255
33.123076117461665 -51.58588042125677
33.12301800493013 -51.57963378121027
33.12295991170913 -51.57338714112309
33.1333332609913 -51.598336701214365
33.13327371033341 -51.592090067395965
33.1332141794699 -51.58584343353484
33.133154668391185 -51.57959679963103
33.1330951770877 -51.57335016568456
33.14335222471557 -51.585805566208265
33.08247119141797 -51.579772912890455
33.09271576956753 -51.59223276433208
33.09266183480061 -51.585986106769006
33.09260791795879 -51.57973944917087
33.09255401903337 -51.573492791537724
33.092500138015716 -51.567246133869574
33.10285527853604 -51.592198409733115
33.102799944733114 -51.58595175787634
33.10274462932022 -51.57970510598269
33.102689332288456 -51.57345845405219
33.102634053628925 -51.56721180208482
33.113051523611155 -51.59840982134132
33.11299477191592 -51.59216317537578
33.112938039084774 -51.58591652937144
33.112881325108575 -51.579669883328336
33.11282462997821 -51.573423237246466
33.11276795368457 -51.5671765911259
33.11271129621853 -51.5609299449666
33.123134249313075 -51.59212706126255
33.123076117461665 -51.58588042125677
33.12301800493013 -51.57963378121027
33.12295991170913 -51.57338714112309
33.12290183778932 -51.56714050099526
33.13327371033341 -51.592090067395965
33.1332141794699 -51.58584343353484
33.133154668391185 -51.57959679963103
33.1330951770877 -51.57335016568456
33.133035705549865 -51.56710353169544
33.14329131509803 -51.579558938593216
33.08241869060648 -51.57352624970071
33.09266183480061 -51.585986106769006
33.09260791795879 -51.57973944917087
33.09255401903337 -51.573492791537724
33.092500138015716 -51.567246133869574
33.09244627489715 -51.560999476166444
33.102799944733114 -51.58595175787634
33.10274462932022 -51.57970510598269
33.102689332288456 -51.57345845405219
33.102634053628925 -51.56721180208482
33.10257879333275 -51.56096515008064
33.11299477191592 -51.59216317537578
33.112938039084774 -51.58591652937144
33.112881325108575 -51.579669883328336
33.11282462997821 -51.573423237246466
33.11276795368457 -51.5671765911259
33.11271129621853 -51.5609299449666
33.112654657570985 -51.55468329876861
33.123076117461665 -51.58588042125677
33.12301800493013 -51.57963378121027
33.12295991170913 -51.57338714112309
33.12290183778932 -51.56714050099526
33.122843783161365 -51.560893860826766
33.1332141794699 -51.58584343353484
33.133154668391185 -51.57959679963103
33.1330951770877 -51.57335016568456
33.133035705549865 -51.56710353169544
33.132976253768135 -51.5608568976637
33.143230425720404 -51.57331231093347
33.092823692911374 -51.60472607935308
33.103076797826155 -51.61718501679103
33.103021390374025 -51.61093836508198
33.10296600134758 -51.60469171333594
33.10291063073789 -51.59844506155298
33.10285527853604 -51.592198409733115
33.11322189197275 -51.61714975900506
33.11316508363043 -51.61090311315599
33.11310829417961 -51.60465646726807
33.113051523611155 -51.59840982134132
33.11299477191592 -51.59216317537578
33.12342519869594 -51.623360260680215
33.1233669701047 -51.61711362087825
33.123308760880164 -51.61086698103548
33.12325057101296 -51.604620341151936
33.12319240049372 -51.59837370122761
33.123134249313075 -51.59212706126255
33.123076117461665 -51.58588042125677
33.13351203182712 -51.61707660241316
33.13345242172856 -51.610829968722996
33.13339283145315 -51.604583334990046
33.1333332609913 -51.598336701214365
33.13327371033341 -51.592090067395965
33.14365707674512 -51.61703870361236
33.14359606578092 -51.61079207622111
33.14353507510568 -51.60454544878506
33.1434741047096 -51.59829882130422
33.143413154582824 -51.59205219377861
33.153677301576074 -51.604506682539586
33.09271576956753 -51.59223276433208
33.10296600134758 -51.60469171333594
33.10291063073789 -51.59844506155298
33.10285527853604 -51.592198409733115
33.102799944733114 -51.58595175787634
33.10274462932022 -51.57970510598269
33.11310829417961 -51.60465646726807
33.113051523611155 -51.59840982134132
33.11299477191592 -51.59216317537578
33.112938039084774 -51.58591652937144
33.112881325108575 -51.579669883328336
33.123308760880164 -51.61086698103548
33.12325057101296 -51.604620341151936
33.12319240049372 -51.59837370122761
33.123134249313075 -51.59212706126255
33.123076117461665 -51.58588042125677
33.12301800493013 -51.57963378121027
33.12295991170913 -51.57338714112309
33.13339283145315 -51.604583334990046
33.1333332609913 -51.598336701214365
33.13327371033341 -51.592090067395965
33.1332141794699 -51.58584343353484
33.133154668391185 -51.57959679963103
33.14353507510568 -51.60454544878506
33.1434741047096 -51.59829882130422
33.143413154582824 -51.59205219377861
33.14335222471557 -51.585805566208265
33.14329131509803 -51.579558938593216
33.15355258166723 -51.59201344041317
33.09266183480061 -51.585986106769006
33.10291063073789 -51.59844506155298
33.10285527853604 -51.592198409733115
33.102799944733114 -51.58595175787634
33.10274462932022 -51.57970510598269
33.102689332288456 -51.57345845405219
33.113051523611155 -51.59840982134132
33.11299477191592 -51.59216317537578
33.112938039084774 -51.58591652937144
33.112881325108575 -51.579669883328336
33.11282462997821 -51.573423237246466
33.12325057101296 -51.604620341151936
33.12319240049372 -51.59837370122761
33.123134249313075 -51.59212706126255
33.123076117461665 -51.58588042125677
33.12301800493013 -51.57963378121027
33.12295991170913 -51.57338714112309
33.12290183778932 -51.56714050099526
33.1333332609913 -51.598336701214365
33.13327371033341 -51.592090067395965
33.1332141794699 -51.58584343353484
33.133154668391185 -51.57959679963103
33.1330951770877 -51.57335016568456
33.1434741047096 -51.59829882130422
33.143413154582824 -51.59205219377861
33.14335222471557 -51.585805566208265
33.14329131509803 -51.579558938593216
33.143230425720404 -51.57331231093347
33.153490252804794 -51.58576681927971
33.09255401903337 -51.573492791537724
33.102799944733114 -51.58595175787634
33.10274462932022 -51.57970510598269
33.102689332288456 -51.57345845405219
33.102634053628925 -51.56721180208482
33.10257879333275 -51.56096515008064
33.112938039084774 -51.58591652937144
33.112881325108575 -51.579669883328336
33.11282462997821 -51.573423237246466
33.11276795368457 -51.5671765911259
33.11271129621853 -51.5609299449666
33.123134249313075 -51.59212706126255
33.123076117461665 -51.58588042125677
33.12301800493013 -51.57963378121027
33.12295991170913 -51.57338714112309
33.12290183778932 -51.56714050099526
33.122843783161365 -51.560893860826766
33.12278574781593 -51.55464722061767
33.1332141794699 -51.58584343353484
33.133154668391185 -51.57959679963103
33.1330951770877 -51.57335016568456
33.133035705549865 -51.56710353169544
33.132976253768135 -51.5608568976637
33.14335222471557 -51.585805566208265
33.14329131509803 -51.579558938593216
33.143230425720404 -51.57331231093347
33.1431695565729 -51.56706568322904
33.14310870764573 -51.56081905547997
33.153365657213755 -51.573273576872474
33.11299477191592 -51.59216317537578
33.12325057101296 -51.604620341151936
33.12319240049372 -51.59837370122761
33.123134249313075 -51.59212706126255
33.123076117461665 -51.58588042125677
33.12301800493013 -51.57963378121027
33.13339283145315 -51.604583334990046
33.1333332609913 -51.598336701214365
33.13327371033341 -51.592090067395965
33.1332141794699 -51.58584343353484
33.133154668391185 -51.57959679963103
33.14359606578092 -51.61079207622111
33.14353507510568 -51.60454544878506
33.1434741047096 -51.59829882130422
33.143413154582824 -51.59205219377861
33.14335222471557 -51.585805566208265
33.14329131509803 -51.579558938593216
33.143230425720404 -51.57331231093347
33.153677301576074 -51.604506682539586
33.15361493125431 -51.5982600614998
33.15355258166723 -51.59201344041317
33.153490252804794 -51.58576681927971
33.153427944656976 -51.57952019809947
33.16381951046986 -51.60446703625637
33.163755740231174 -51.59822042180384
33.163691991192536 -51.59197380730234
33.16362826334367 -51.58572719275188
33.163564556674324 -51.579480578152534
33.17383138276467 -51.59193329444891
