# successful candidates for region at (57.961644210548286, -73.79068097730215) and radius 1.0
60.882725974556145 -73.87074135958521
60.81458273673577 -73.87165812660612
60.83948827254243 -73.88395633608896
60.8383927010269 -73.87765564094158
60.83729798598588 -73.87135493989902
60.83620412641698 -73.8650542329682
60.83511112131936 -73.858753520156
60.86221993149924 -73.88365050795554
60.861115734543176 -73.87734993239526
60.860012400771964 -73.87104935084652
60.858909929175375 -73.86474876331629
60.85780831874481 -73.85844816981161
60.88606443980246 -73.88964272469116
60.88495074748033 -73.88334227574312
60.883837926071415 -73.87704182070543
60.882725974556145 -73.87074135958521
60.88161489191647 -73.86444089238961
60.88050467713601 -73.85814041912576
60.879395329199916 -73.85183993980068
60.907680713934084 -73.88303163958972
60.90655926906762 -73.8767313060099
60.90543870080201 -73.87043096625281
60.904319008111464 -73.86413062032572
60.903200189971756 -73.8578302682358
60.93040982431039 -73.88271859963442
60.92927975698929 -73.87641838844763
60.928150572974715 -73.8701181709881
60.927022271233064 -73.86381794726317
60.92589485073235 -73.85751771728019
60.95086158454088 -73.86980297393082
