# successful candidates for region at (154.0346038319159, 22.11384180384382) and radius 1.0
153.27921172607006 22.80176388448618
153.27917715672433 22.80805985774589
153.27914257810198 22.81435583096982
153.28601980943742 22.801795199304266
153.2859855516125 22.808091176792498
153.29286183308494 22.79553024891829
153.2928278958894 22.80182623063127
153.29279394958647 22.808122212309765
153.3405480907311 22.789443492155893
153.38805263596387 22.82111901122945
153.25878749475606 22.801668239091217
153.2656659251455 22.789108474892277
153.26563075164316 22.795404439654202
153.26559556870134 22.801700404379083
153.26556037631784 22.807996369066885
153.26552517449053 22.814292333717617
153.2724733794737 22.789140348082576
153.27243851732248 22.79543631714829
153.27240364581536 22.801732286177593
153.27236876495013 22.808028255170495
153.27233387472467 22.814324224126963
153.27931537846857 22.782875964492515
153.27928083694005 22.789171937859482
153.27924628614124 22.795467911190713
153.27921172607006 22.80176388448618
153.27917715672433 22.80805985774589
153.27914257810198 22.81435583096982
153.27910799020088 22.82065180415796
153.28608829751659 22.78920324422243
153.28605405807144 22.795499221780904
153.28601980943742 22.801795199304266
153.2859855516125 22.808091176792498
153.2859512845945 22.814387154245605
153.2928957611752 22.78923426717083
153.29286183308494 22.79553024891829
153.2928278958894 22.80182623063127
153.29279394958647 22.808122212309765
153.29275999417408 22.814418193953756
153.2996359853979 22.801856978466635
153.25875199085561 22.807964199435652
153.26563075164316 22.795404439654202
153.26559556870134 22.801700404379083
153.26556037631784 22.807996369066885
153.26552517449053 22.814292333717617
153.26548996321728 22.820588298331256
153.27243851732248 22.79543631714829
153.27240364581536 22.801732286177593
153.27236876495013 22.808028255170495
153.27233387472467 22.814324224126963
153.27229897513683 22.820620193047
153.27928083694005 22.789171937859482
153.27924628614124 22.795467911190713
153.27921172607006 22.80176388448618
153.27917715672433 22.80805985774589
153.27914257810198 22.81435583096982
153.27910799020088 22.82065180415796
153.2790733930189 22.8269477773103
153.28605405807144 22.795499221780904
153.28601980943742 22.801795199304266
153.2859855516125 22.808091176792498
153.2859512845945 22.814387154245605
153.28591700838138 22.82068313166356
153.29286183308494 22.79553024891829
153.2928278958894 22.80182623063127
153.29279394958647 22.808122212309765
153.29275999417408 22.814418193953756
153.29272602965017 22.820714175563243
153.29960235061822 22.808152964297104
153.25871647742775 22.81426015974236
153.26559556870134 22.801700404379083
153.26556037631784 22.807996369066885
153.26552517449053 22.814292333717617
153.26548996321728 22.820588298331256
153.26545474249588 22.826884262907793
153.27240364581536 22.801732286177593
153.27236876495013 22.808028255170495
153.27233387472467 22.814324224126963
153.27229897513683 22.820620193047
153.2722640661845 22.826916161930583
153.27924628614124 22.795467911190713
153.27921172607006 22.80176388448618
153.27917715672433 22.80805985774589
153.27914257810198 22.81435583096982
153.27910799020088 22.82065180415796
153.2790733930189 22.8269477773103
153.2790387865539 22.83324375042683
153.28601980943742 22.801795199304266
153.2859855516125 22.808091176792498
153.2859512845945 22.814387154245605
153.28591700838138 22.82068313166356
153.28588272297097 22.82697910904636
153.2928278958894 22.80182623063127
153.29279394958647 22.808122212309765
153.29275999417408 22.814418193953756
153.29272602965017 22.820714175563243
153.29269205601264 22.827010157138204
153.2995687068127 22.814448950093706
153.26559556870134 22.801700404379083
153.2724733794737 22.789140348082576
153.27243851732248 22.79543631714829
153.27240364581536 22.801732286177593
153.27236876495013 22.808028255170495
153.27233387472467 22.814324224126963
153.27928083694005 22.789171937859482
153.27924628614124 22.795467911190713
153.27921172607006 22.80176388448618
153.27917715672433 22.80805985774589
153.27914257810198 22.81435583096982
153.28612252777498 22.78290726662885
153.28608829751659 22.78920324422243
153.28605405807144 22.795499221780904
153.28601980943742 22.801795199304266
153.2859855516125 22.808091176792498
153.2859512845945 22.814387154245605
153.28591700838138 22.82068313166356
153.2928957611752 22.78923426717083
153.29286183308494 22.79553024891829
153.2928278958894 22.80182623063127
153.29279394958647 22.808122212309765
153.29275999417408 22.814418193953756
153.29970322788793 22.789265006704134
153.2996696111538 22.795560992602308
153.2996359853979 22.801856978466635
153.29960235061822 22.808152964297104
153.2995687068127 22.814448950093706
153.30644407793494 22.801887442809807
153.26556037631784 22.807996369066885
153.27243851732248 22.79543631714829
153.27240364581536 22.801732286177593
153.27236876495013 22.808028255170495
153.27233387472467 22.814324224126963
153.27229897513683 22.820620193047
153.27924628614124 22.795467911190713
153.27921172607006 22.80176388448618
153.27917715672433 22.80805985774589
153.27914257810198 22.81435583096982
153.27910799020088 22.82065180415796
153.28608829751659 22.78920324422243
153.28605405807144 22.795499221780904
153.28601980943742 22.801795199304266
153.2859855516125 22.808091176792498
153.2859512845945 22.814387154245605
153.28591700838138 22.82068313166356
153.28588272297097 22.82697910904636
153.29286183308494 22.79553024891829
153.2928278958894 22.80182623063127
153.29279394958647 22.808122212309765
153.29275999417408 22.814418193953756
153.29272602965017 22.820714175563243
153.2996696111538 22.795560992602308
153.2996359853979 22.801856978466635
153.29960235061822 22.808152964297104
153.2995687068127 22.814448950093706
153.29953505397924 22.82074493585643
153.30641075467975 22.80818343275397
153.27243851732248 22.79543631714829
153.27931537846857 22.782875964492515
153.27928083694005 22.789171937859482
153.27924628614124 22.795467911190713
153.27921172607006 22.80176388448618
153.27917715672433 22.80805985774589
153.28612252777498 22.78290726662885
153.28608829751659 22.78920324422243
153.28605405807144 22.795499221780904
153.28601980943742 22.801795199304266
153.2859855516125 22.808091176792498
153.29296359004817 22.776642303572533
153.29292968016227 22.78293828538891
153.2928957611752 22.78923426717083
153.29286183308494 22.79553024891829
153.2928278958894 22.80182623063127
153.29279394958647 22.808122212309765
153.29275999417408 22.814418193953756
153.2997368356024 22.78296902077212
153.29970322788793 22.789265006704134
153.2996696111538 22.795560992602308
153.2996359853979 22.801856978466635
153.29960235061822 22.808152964297104
153.30654399406743 22.78299947277794
153.30651069762675 22.78929546282178
153.30647739224995 22.795591452832404
153.30644407793494 22.801887442809807
153.30641075467975 22.80818343275397
153.31328517634537 22.795621629608018
153.27240364581536 22.801732286177593
153.27928083694005 22.789171937859482
153.27924628614124 22.795467911190713
153.27921172607006 22.80176388448618
153.27917715672433 22.80805985774589
153.27914257810198 22.81435583096982
153.28608829751659 22.78920324422243
153.28605405807144 22.795499221780904
153.28601980943742 22.801795199304266
153.2859855516125 22.808091176792498
153.2859512845945 22.814387154245605
153.29292968016227 22.78293828538891
153.2928957611752 22.78923426717083
153.29286183308494 22.79553024891829
153.2928278958894 22.80182623063127
153.29279394958647 22.808122212309765
153.29275999417408 22.814418193953756
153.29272602965017 22.820714175563243
153.29970322788793 22.789265006704134
153.2996696111538 22.795560992602308
153.2996359853979 22.801856978466635
153.29960235061822 22.808152964297104
153.2995687068127 22.814448950093706
153.30651069762675 22.78929546282178
153.30647739224995 22.795591452832404
153.30644407793494 22.801887442809807
153.30641075467975 22.80818343275397
153.30637742248226 22.814479422664895
153.31325217347248 22.801917623660216
153.27236876495013 22.808028255170495
153.27924628614124 22.795467911190713
153.27921172607006 22.80176388448618
153.27917715672433 22.80805985774589
153.27914257810198 22.81435583096982
153.27910799020088 22.82065180415796
153.28605405807144 22.795499221780904
153.28601980943742 22.801795199304266
153.2859855516125 22.808091176792498
153.2859512845945 22.814387154245605
153.28591700838138 22.82068313166356
153.2928957611752 22.78923426717083
153.29286183308494 22.79553024891829
153.2928278958894 22.80182623063127
153.29279394958647 22.808122212309765
153.29275999417408 22.814418193953756
153.29272602965017 22.820714175563243
153.29269205601264 22.827010157138204
153.2996696111538 22.795560992602308
153.2996359853979 22.801856978466635
153.29960235061822 22.808152964297104
153.2995687068127 22.814448950093706
153.29953505397924 22.82074493585643
153.30647739224995 22.795591452832404
153.30644407793494 22.801887442809807
153.30641075467975 22.80818343275397
153.30637742248226 22.814479422664895
153.30634408134048 22.82077541254256
153.31321916174292 22.8082136176798
153.32012564607052 22.789355524807878
153.32699784125992 22.77679312634438
153.32696548733145 22.783089128525496
153.32693312471937 22.78938513067524
153.32690075342182 22.795681132793607
153.3268683734367 22.801977134880595
153.3338047003492 22.77682244087694
153.33377265761575 22.78311844701623
153.33374060628225 22.789414453124756
153.3337085463468 22.795710459202507
153.33367647780733 22.802006465249473
153.34064328534473 22.77055546197826
153.34061156232207 22.776851472067634
153.34057983078483 22.783147482126854
153.3405480907311 22.789443492155893
153.34051634215888 22.79573950215476
153.34048458506624 22.802035512123435
153.3404528194513 22.808331522061913
153.3474184271506 22.77688021991594
153.3473870068107 22.783176233856825
153.34735557803782 22.789472247768124
153.34732414083007 22.795768261649837
153.34729269518542 22.80206427550195
153.3542252948067 22.776908684421333
153.35419418566534 22.783204702205634
153.35416306817447 22.78950071996093
153.3541319423323 22.795796737687223
153.35410080813674 22.802092755384496
153.36097056111302 22.789528908733786
153.36762545940636 22.82103694031065
153.3744949557575 22.808472523026957
153.3744647397053 22.81476855197545
153.37443451554495 22.821064580896618
153.37440428327454 22.82736060979044
153.37437404289227 22.833656638656926
153.38130339129427 22.808499872613123
153.38127348686282 22.814795905254798
153.3812435744068 22.821091937869717
153.38121365392442 22.827387970457853
153.3811837254138 22.833684003019208
153.38814141439457 22.80223090233971
153.38811182952406 22.808526938662492
153.38808223671444 22.814822974959075
153.38805263596387 22.82111901122945
153.38802302727058 22.827415047473593
153.3879934106327 22.83371108369152
153.38796378604843 22.840007119883207
153.39492027041882 22.808553721174587
153.3948909892321 22.81484976108778
153.39486170018807 22.821145800975316
153.3948324032849 22.827441840837178
153.39480309852084 22.833737880673368
153.4017287139505 22.808580220148905
153.40169974438774 22.814876263640432
153.40167076705131 22.821172307106842
153.40164178193936 22.827468350548127
153.40161278905018 22.833764393964273
153.4084798365255 22.821198529623537
