# successful candidates for region at (16.758512889796247, -52.90730252107416) and radius 1.0
16.862066684253087 -52.21293173327569
16.83159438669425 -52.21295462079614
16.841775360196344 -52.22546577984198
16.841763589431768 -52.219206824449316
16.841751822646604 -52.212947869055
16.84174005983888 -52.20668891365907
16.841728301006647 -52.20042995826149
16.851935665068865 -52.2254581480895
16.851922457952124 -52.21919919398644
16.851909255300384 -52.212940239881355
16.851896057111446 -52.20668128577417
16.85188286338311 -52.20042233166494
16.86211061465662 -52.23170859127101
16.86209596623655 -52.22544963860843
16.862081322769523 -52.21919068594333
16.862066684253087 -52.21293173327569
16.86205205068481 -52.20667278060551
16.86203742206224 -52.200413827932806
16.862022798382952 -52.194154875257546
16.872256263296478 -52.2254402513994
16.872240183481242 -52.21918130032054
16.872224109102195 -52.212922349238646
16.872208040156654 -52.206663398153665
16.87219197664194 -52.200404447065644
16.882416555845726 -52.22542998646305
16.882399039684575 -52.21917103711876
16.882381529445198 -52.21291208777086
16.882364025124684 -52.20665313841933
16.882346526720102 -52.20039418906417
16.89253894487959 -52.212900948873084
