# successful candidates for region at (242.81349999917836, 14.900459700275215) and radius 1.0
242.66055969703174 14.944773813215676
242.67357037350686 14.95105076521052
242.7126216830141 14.938533805653384
242.71260990628335 14.963608540048495
242.71913162647783 14.932267878559847
242.71912887449517 14.938536562617537
242.7191261215987 14.944805246674887
242.71912336778828 14.951073930731894
242.7191206130638 14.957342614788567
242.7191178574251 14.96361129884489
242.719115100872 14.969879982900874
242.71911234340436 14.97614866695651
242.72564118973688 14.926001766845452
242.72563606613758 14.938539135815965
242.72563350306186 14.944807820300772
242.7256309391352 14.951076504785288
242.72562837435743 14.957345189269503
242.7256258087285 14.963613873753424
242.72562324224822 14.969882558237051
242.72562067491654 14.976151242720373
242.7256181067332 14.982419927203402
242.73214563039753 14.93227284036662
242.7321432579303 14.938541525248615
242.73214088467535 14.94481021013036
242.73213851063244 14.951078895011847
242.73213613580157 14.957347579893078
242.73213376018248 14.963616264774059
242.73212900657944 14.976153634535256
242.73212662859513 14.982422319415473
242.73212424982222 14.988691004295436
242.73865481455618 14.926006360418524
242.73865263257144 14.932275045667101
242.7386504498621 14.938543730915464
242.73864826642802 14.944812416163611
242.73864608226899 14.951081101411546
242.73864389738497 14.95734978665926
242.7386417117759 14.963618471906765
242.73863952544153 14.96988715715405
242.73863515059665 14.982424527647973
242.73863296208594 14.988693212894619
242.74516760006367 14.907202324893667
242.74516361879137 14.919739696063326
242.74516162716313 14.926008381647893
242.74515963487335 14.932277067232272
242.7451576419219 14.938545752816477
242.74515564830872 14.944814438400503
242.74515365403366 14.951083123984347
242.74515165909662 14.957351809568014
242.7451496634975 14.9636204951515
242.74514766723618 14.969889180734807
242.7451456703126 14.976157866317934
242.75166843988688 14.92601021917243
242.75166303030636 14.944816276840998
242.7516612259153 14.951084962730224
242.75165942092528 14.957353648619309
242.75165761533623 14.963622334508242
242.75165580914805 14.96989102039703
242.75165400236062 14.976159706285674
242.758172026381 14.938549245320873
242.7581704124098 14.94481793148507
242.75816879790275 14.951086617649155
242.75816718285984 14.957355303813124
242.75816556728088 14.963623989976965
242.7581639511659 14.969892676140695
242.75816233451468 14.976161362304307
242.7646806424354 14.932282029515624
242.76467779460785 14.944819402332705
242.76467494488912 14.957356775149423
242.76467351932035 14.963625461557642
242.76467209327856 14.969894147965773
242.77118270700205 14.957358062628193
242.77118147144353 14.96362674925025
242.77118023547493 14.969895435872242
242.7776925592435 14.944821792638544
242.7776915143889 14.951090479444007
242.77769046918743 14.957359166249416
242.77768942363912 14.96362785305478
242.77768837774389 14.969896539860088
242.77768733150162 14.976165226665348
242.78419908668837 14.951091399054919
242.78419823143417 14.957360086013074
242.7841973758961 14.963628772971198
242.79071263687038 14.894673951114559
242.79070599373105 14.957360821919155
242.7972132805495 14.963630061139682
242.64103755981836 14.944760027069512
242.6475546188379 14.932227451565181
242.64754977952705 14.938496128906745
242.6475449386093 14.944764806247258
242.6475400960844 14.951033483586711
242.64753525195212 14.957302160925105
242.6540616183367 14.932232045420823
242.65405696878233 14.938500723525568
242.65405231768415 14.944769401629333
242.6540476650418 14.951038079732124
242.65404301085505 14.957306757833942
242.6605730764251 14.925967776703493
242.66056861810802 14.932236455541785
242.6605641583103 14.93850513437918
242.66055969703174 14.944773813215676
242.66055523427207 14.951042492051272
242.66055077003108 14.957311170885976
242.66054630430844 14.96357984971978
242.66707561814073 14.932240681927993
242.66707134809982 14.938509361467515
242.66706707664105 14.944778041006217
242.66706280376414 14.951046720544094
242.66705852946896 14.957315400081145
242.67358261842367 14.932244724579393
242.6735785381397 14.938513404790518
242.67357445650083 14.944782085000892
242.67357037350686 14.95105076521052
242.67356628915763 14.957319445419392
242.68008183659998 14.944785945199653
242.6540476650418 14.951038079732124
242.6605641583103 14.93850513437918
242.66055969703174 14.944773813215676
242.66055523427207 14.951042492051272
242.66055077003108 14.957311170885976
242.66054630430844 14.96357984971978
242.66707134809982 14.938509361467515
242.66706707664105 14.944778041006217
242.66706280376414 14.951046720544094
242.66705852946896 14.957315400081145
242.66705425375523 14.963584079617378
242.67358261842367 14.932244724579393
242.6735785381397 14.938513404790518
242.67357445650083 14.944782085000892
242.67357037350686 14.95105076521052
242.67356628915763 14.957319445419392
242.67356220345292 14.963588125627512
242.67355811639246 14.969856805834883
242.68008572841885 14.93851726434813
242.68008183659998 14.944785945199653
242.6800779434891 14.951054626050494
242.68007404908593 14.957323306900653
242.68007015339035 14.963591987750128
242.68659291892615 14.938520940140288
242.68658921692742 14.944789621602434
242.6865855136997 14.951058303063961
242.68658180924274 14.957326984524872
242.68657810355634 14.963595665985167
242.69309308412753 14.951061796250867
242.69310010965043 14.938524432166941
242.69961394198847 14.925990375242929
242.69961062183586 14.932259057835733
242.6996073005806 14.938527740428043
242.69960397822248 14.944796423019849
242.6996006547614 14.951065105611162
242.70612075366154 14.925993498700509
242.70611762320334 14.932262181812241
242.70611449170553 14.938530864923537
242.70611135916792 14.944799548034386
242.70610822559027 14.951068231144793
242.71263050530519 14.919727754852953
242.71262756551803 14.92599643845349
242.71262462475437 14.932265122053629
242.7126216830141 14.938533805653384
242.712618740297 14.944802489252748
242.71261579660296 14.95107117285172
242.7126128519318 14.957339856450304
242.71913437754685 14.925999194501815
242.71913162647783 14.932267878559847
242.71912887449517 14.938536562617537
242.7191261215987 14.944805246674887
242.71912336778828 14.951073930731894
242.72564118973688 14.926001766845452
242.72563862836256 14.932270451330858
242.72563606613758 14.938539135815965
242.72563350306186 14.944807820300772
242.7256309391352 14.951076504785288
242.7321432579303 14.938541525248615
242.69308605393982 14.963599160332569
242.6996006547614 14.951065105611162
242.69959733019718 14.957333788201975
242.69959400452956 14.963602470792292
242.6995906777584 14.969871153382108
242.6995873498836 14.976139835971432
242.70610822559027 14.951068231144793
242.70610509097253 14.95733691425476
242.70610195531444 14.963605597364284
242.7060988186159 14.96987428047336
242.70609568087673 14.976142963582001
242.712618740297 14.944802489252748
242.71261579660296 14.95107117285172
242.7126128519318 14.957339856450304
242.71260990628335 14.963608540048495
242.71260695965745 14.969877223646298
242.71260401205404 14.976145907243708
242.71260106347282 14.982414590840724
242.71912336778828 14.951073930731894
242.7191206130638 14.957342614788567
242.7191178574251 14.96361129884489
242.719115100872 14.969879982900874
242.71911234340436 14.97614866695651
242.7256309391352 14.951076504785288
242.72562837435743 14.957345189269503
242.7256258087285 14.963613873753424
242.72562324224822 14.969882558237051
242.72562067491654 14.976151242720373
242.73213376018248 14.963616264774059
242.69961062183586 14.932259057835733
242.7061238830802 14.91972481558833
242.70612075366154 14.925993498700509
242.70611762320334 14.932262181812241
242.70611449170553 14.938530864923537
242.70611135916792 14.944799548034386
242.71263050530519 14.919727754852953
242.71262756551803 14.92599643845349
242.71262462475437 14.932265122053629
242.7126216830141 14.938533805653384
242.712618740297 14.944802489252748
242.71913987694452 14.913461826384722
242.71913712770237 14.919730510443442
242.71913437754685 14.925999194501815
242.71913162647783 14.932267878559847
242.71912887449517 14.938536562617537
242.7191261215987 14.944805246674887
242.71912336778828 14.951073930731894
242.7256437502607 14.919733082359759
242.72564118973688 14.926001766845452
242.72563862836256 14.932270451330858
242.72563606613758 14.938539135815965
242.72563350306186 14.944807820300772
242.73215037296907 14.919735470601868
242.73214800207705 14.926004155484367
242.73214563039753 14.93227284036662
242.7321432579303 14.938541525248615
242.73214088467535 14.94481021013036
242.73865263257144 14.932275045667101
242.6996073005806 14.938527740428043
242.70612075366154 14.925993498700509
242.70611762320334 14.932262181812241
242.70611449170553 14.938530864923537
242.70611135916792 14.944799548034386
242.70610822559027 14.951068231144793
242.71262756551803 14.92599643845349
242.71262462475437 14.932265122053629
242.7126216830141 14.938533805653384
242.712618740297 14.944802489252748
242.71261579660296 14.95107117285172
242.71913712770237 14.919730510443442
242.71913437754685 14.925999194501815
242.71913162647783 14.932267878559847
242.71912887449517 14.938536562617537
242.7191261215987 14.944805246674887
242.71912336778828 14.951073930731894
242.7191206130638 14.957342614788567
242.72564118973688 14.926001766845452
242.72563862836256 14.932270451330858
242.72563606613758 14.938539135815965
242.72563350306186 14.944807820300772
242.7256309391352 14.951076504785288
242.73214800207705 14.926004155484367
242.73214563039753 14.93227284036662
242.7321432579303 14.938541525248615
242.73214088467535 14.94481021013036
242.73213851063244 14.951078895011847
242.7386504498621 14.938543730915464
242.69960397822248 14.944796423019849
242.70611762320334 14.932262181812241
242.70611449170553 14.938530864923537
242.70611135916792 14.944799548034386
242.70610822559027 14.951068231144793
242.70610509097253 14.95733691425476
242.71262462475437 14.932265122053629
242.7126216830141 14.938533805653384
242.712618740297 14.944802489252748
242.71261579660296 14.95107117285172
242.7126128519318 14.957339856450304
242.71913437754685 14.925999194501815
242.71913162647783 14.932267878559847
242.71912887449517 14.938536562617537
242.7191261215987 14.944805246674887
242.71912336778828 14.951073930731894
242.7191206130638 14.957342614788567
242.7191178574251 14.96361129884489
242.72563862836256 14.932270451330858
242.72563606613758 14.938539135815965
242.72563350306186 14.944807820300772
242.7256309391352 14.951076504785288
242.72562837435743 14.957345189269503
242.73214563039753 14.93227284036662
242.7321432579303 14.938541525248615
242.73214088467535 14.94481021013036
242.73213851063244 14.951078895011847
242.73213613580157 14.957347579893078
242.73864826642802 14.944812416163611
242.6996006547614 14.951065105611162
242.70611449170553 14.938530864923537
242.70611135916792 14.944799548034386
242.70610822559027 14.951068231144793
242.70610509097253 14.95733691425476
242.70610195531444 14.963605597364284
242.7126216830141 14.938533805653384
242.712618740297 14.944802489252748
242.71261579660296 14.95107117285172
242.7126128519318 14.957339856450304
242.71260990628335 14.963608540048495
242.71913162647783 14.932267878559847
242.71912887449517 14.938536562617537
242.7191261215987 14.944805246674887
242.71912336778828 14.951073930731894
242.7191206130638 14.957342614788567
242.7191178574251 14.96361129884489
242.719115100872 14.969879982900874
242.72563606613758 14.938539135815965
242.72563350306186 14.944807820300772
242.7256309391352 14.951076504785288
242.72562837435743 14.957345189269503
242.7256258087285 14.963613873753424
242.7321432579303 14.938541525248615
242.73214088467535 14.94481021013036
242.73213851063244 14.951078895011847
242.73213613580157 14.957347579893078
242.73213376018248 14.963616264774059
242.73864608226899 14.951081101411546
242.69959733019718 14.957333788201975
242.70611135916792 14.944799548034386
242.70610822559027 14.951068231144793
242.70610509097253 14.95733691425476
242.70610195531444 14.963605597364284
242.7060988186159 14.96987428047336
242.712618740297 14.944802489252748
242.71261579660296 14.95107117285172
242.7126128519318 14.957339856450304
242.71260990628335 14.963608540048495
242.71260695965745 14.969877223646298
242.71912887449517 14.938536562617537
242.7191261215987 14.944805246674887
242.71912336778828 14.951073930731894
242.7191206130638 14.957342614788567
242.7191178574251 14.96361129884489
242.719115100872 14.969879982900874
242.71911234340436 14.97614866695651
242.72563350306186 14.944807820300772
242.7256309391352 14.951076504785288
242.72562837435743 14.957345189269503
242.7256258087285 14.963613873753424
242.72562324224822 14.969882558237051
242.73214088467535 14.94481021013036
242.73213851063244 14.951078895011847
242.73213613580157 14.957347579893078
242.73213376018248 14.963616264774059
242.73213138377517 14.969884949654784
242.73864389738497 14.95734978665926
242.69959400452956 14.963602470792292
242.70610822559027 14.951068231144793
242.70610509097253 14.95733691425476
242.70610195531444 14.963605597364284
242.7060988186159 14.96987428047336
242.70609568087673 14.976142963582001
242.71261579660296 14.95107117285172
242.7126128519318 14.957339856450304
242.71260990628335 14.963608540048495
242.71260695965745 14.969877223646298
242.71260401205404 14.976145907243708
242.7191261215987 14.944805246674887
242.71912336778828 14.951073930731894
242.7191206130638 14.957342614788567
242.7191178574251 14.96361129884489
242.719115100872 14.969879982900874
242.71911234340436 14.97614866695651
242.71910958502204 14.982417351011811
242.7256309391352 14.951076504785288
242.72562837435743 14.957345189269503
242.7256258087285 14.963613873753424
242.72562324224822 14.969882558237051
242.72562067491654 14.976151242720373
242.73213851063244 14.951078895011847
242.73213613580157 14.957347579893078
242.73213376018248 14.963616264774059
242.73213138377517 14.969884949654784
242.73212900657944 14.976153634535256
242.7386417117759 14.963618471906765
242.6995906777584 14.969871153382108
242.70610509097253 14.95733691425476
242.70610195531444 14.963605597364284
242.7060988186159 14.96987428047336
242.70609568087673 14.976142963582001
242.7060925420967 14.98241164669019
242.7126128519318 14.957339856450304
242.71260990628335 14.963608540048495
242.71260695965745 14.969877223646298
242.71260401205404 14.976145907243708
242.71260106347282 14.982414590840724
242.71912336778828 14.951073930731894
242.7191206130638 14.957342614788567
242.7191178574251 14.96361129884489
242.719115100872 14.969879982900874
242.71911234340436 14.97614866695651
242.71910958502204 14.982417351011811
242.7191068257249 14.98868603506677
242.72562837435743 14.957345189269503
242.7256258087285 14.963613873753424
242.72562324224822 14.969882558237051
242.72562067491654 14.976151242720373
242.7256181067332 14.982419927203402
242.73213613580157 14.957347579893078
242.73213376018248 14.963616264774059
242.73213138377517 14.969884949654784
242.73212900657944 14.976153634535256
242.73212662859513 14.982422319415473
242.73863952544153 14.96988715715405
242.6995873498836 14.976139835971432
242.70610195531444 14.963605597364284
242.7060988186159 14.96987428047336
242.70609568087673 14.976142963582001
242.7060925420967 14.98241164669019
242.70608940227575 14.988680329797942
242.71260990628335 14.963608540048495
242.71260695965745 14.969877223646298
242.71260401205404 14.976145907243708
242.71260106347282 14.982414590840724
242.71259811391374 14.988683274437353
242.7191206130638 14.957342614788567
242.7191178574251 14.96361129884489
242.719115100872 14.969879982900874
242.71911234340436 14.97614866695651
242.71910958502204 14.982417351011811
242.7191068257249 14.98868603506677
242.71910406551285 14.994954719121383
242.7256258087285 14.963613873753424
242.72562324224822 14.969882558237051
242.72562067491654 14.976151242720373
242.7256181067332 14.982419927203402
242.72561553769816 14.988688611686143
242.73213376018248 14.963616264774059
242.73213138377517 14.969884949654784
242.73212900657944 14.976153634535256
242.73212662859513 14.982422319415473
242.73212424982222 14.988691004295436
242.73863733838186 14.976155842401118
242.70612075366154 14.925993498700509
242.712633444116 14.913459071252028
242.71263050530519 14.919727754852953
242.71262756551803 14.92599643845349
242.71262462475437 14.932265122053629
242.7126216830141 14.938533805653384
242.71913987694452 14.913461826384722
242.71913712770237 14.919730510443442
242.71913437754685 14.925999194501815
242.71913162647783 14.932267878559847
242.71912887449517 14.938536562617537
242.72564886875733 14.907195713387475
242.72564630993412 14.913464397873765
242.7256437502607 14.919733082359759
242.72564118973688 14.926001766845452
242.72563862836256 14.932270451330858
242.72563606613758 14.938539135815965
242.72563350306186 14.944807820300772
242.73215274307367 14.913466785719113
242.73215037296907 14.919735470601868
242.73214800207705 14.926004155484367
242.73214563039753 14.93227284036662
242.7321432579303 14.938541525248615
242.73865917635206 14.913468989920727
242.73865699581629 14.919737675169735
242.73865481455618 14.926006360418524
242.73865263257144 14.932275045667101
242.7386504498621 14.938543730915464
242.74516162716313 14.926008381647893
242.70611449170553 14.938530864923537
242.71262756551803 14.92599643845349
242.71262462475437 14.932265122053629
242.7126216830141 14.938533805653384
242.712618740297 14.944802489252748
242.71261579660296 14.95107117285172
242.71913437754685 14.925999194501815
242.71913162647783 14.932267878559847
242.71912887449517 14.938536562617537
242.7191261215987 14.944805246674887
242.71912336778828 14.951073930731894
242.7256437502607 14.919733082359759
242.72564118973688 14.926001766845452
242.72563862836256 14.932270451330858
242.72563606613758 14.938539135815965
242.72563350306186 14.944807820300772
242.7256309391352 14.951076504785288
242.72562837435743 14.957345189269503
242.73214800207705 14.926004155484367
242.73214563039753 14.93227284036662
242.7321432579303 14.938541525248615
242.73214088467535 14.94481021013036
242.73213851063244 14.951078895011847
242.73865481455618 14.926006360418524
242.73865263257144 14.932275045667101
242.7386504498621 14.938543730915464
242.73864826642802 14.944812416163611
242.73864608226899 14.951081101411546
242.7451576419219 14.938545752816477
242.70611135916792 14.944799548034386
242.71262462475437 14.932265122053629
242.7126216830141 14.938533805653384
242.712618740297 14.944802489252748
242.71261579660296 14.95107117285172
242.7126128519318 14.957339856450304
242.71913162647783 14.932267878559847
242.71912887449517 14.938536562617537
242.7191261215987 14.944805246674887
242.71912336778828 14.951073930731894
242.7191206130638 14.957342614788567
242.72564118973688 14.926001766845452
242.72563862836256 14.932270451330858
242.72563606613758 14.938539135815965
242.72563350306186 14.944807820300772
242.7256309391352 14.951076504785288
242.72562837435743 14.957345189269503
242.7256258087285 14.963613873753424
242.73214563039753 14.93227284036662
242.7321432579303 14.938541525248615
242.73214088467535 14.94481021013036
242.73213851063244 14.951078895011847
242.73213613580157 14.957347579893078
242.73865263257144 14.932275045667101
242.7386504498621 14.938543730915464
242.73864826642802 14.944812416163611
242.73864608226899 14.951081101411546
242.73864389738497 14.95734978665926
242.74515564830872 14.944814438400503
242.70610822559027 14.951068231144793
242.7126216830141 14.938533805653384
242.712618740297 14.944802489252748
242.71261579660296 14.95107117285172
242.7126128519318 14.957339856450304
242.71260990628335 14.963608540048495
242.71912887449517 14.938536562617537
242.7191261215987 14.944805246674887
242.71912336778828 14.951073930731894
242.7191206130638 14.957342614788567
242.7191178574251 14.96361129884489
242.72563862836256 14.932270451330858
242.72563606613758 14.938539135815965
242.72563350306186 14.944807820300772
242.7256309391352 14.951076504785288
242.72562837435743 14.957345189269503
242.7256258087285 14.963613873753424
242.72562324224822 14.969882558237051
242.7321432579303 14.938541525248615
242.73214088467535 14.94481021013036
242.73213851063244 14.951078895011847
242.73213613580157 14.957347579893078
242.73213376018248 14.963616264774059
242.7386504498621 14.938543730915464
242.73864826642802 14.944812416163611
242.73864608226899 14.951081101411546
242.73864389738497 14.95734978665926
242.7386417117759 14.963618471906765
242.74515365403366 14.951083123984347
242.70610509097253 14.95733691425476
242.712618740297 14.944802489252748
242.71261579660296 14.95107117285172
242.7126128519318 14.957339856450304
242.71260990628335 14.963608540048495
242.71260695965745 14.969877223646298
242.7191261215987 14.944805246674887
242.71912336778828 14.951073930731894
242.7191206130638 14.957342614788567
242.7191178574251 14.96361129884489
242.719115100872 14.969879982900874
242.72563606613758 14.938539135815965
242.72563350306186 14.944807820300772
242.7256309391352 14.951076504785288
242.72562837435743 14.957345189269503
242.7256258087285 14.963613873753424
242.72562324224822 14.969882558237051
242.72562067491654 14.976151242720373
242.73214088467535 14.94481021013036
242.73213851063244 14.951078895011847
242.73213613580157 14.957347579893078
242.73213376018248 14.963616264774059
242.73213138377517 14.969884949654784
242.73864826642802 14.944812416163611
242.73864608226899 14.951081101411546
242.73864389738497 14.95734978665926
242.7386417117759 14.963618471906765
242.73863952544153 14.96988715715405
242.74515165909662 14.957351809568014
242.70610195531444 14.963605597364284
242.71261579660296 14.95107117285172
242.7126128519318 14.957339856450304
242.71260990628335 14.963608540048495
242.71260695965745 14.969877223646298
242.71260401205404 14.976145907243708
242.71912336778828 14.951073930731894
242.7191206130638 14.957342614788567
242.7191178574251 14.96361129884489
242.719115100872 14.969879982900874
242.71911234340436 14.97614866695651
242.72563350306186 14.944807820300772
242.7256309391352 14.951076504785288
242.72562837435743 14.957345189269503
242.7256258087285 14.963613873753424
242.72562324224822 14.969882558237051
242.72562067491654 14.976151242720373
242.7256181067332 14.982419927203402
242.73213851063244 14.951078895011847
242.73213613580157 14.957347579893078
242.73213376018248 14.963616264774059
242.73213138377517 14.969884949654784
242.73212900657944 14.976153634535256
242.73864608226899 14.951081101411546
242.73864389738497 14.95734978665926
242.7386417117759 14.963618471906765
242.73863952544153 14.96988715715405
242.73863733838186 14.976155842401118
242.7451496634975 14.9636204951515
242.7060988186159 14.96987428047336
242.7126128519318 14.957339856450304
242.71260990628335 14.963608540048495
242.71260695965745 14.969877223646298
242.71260401205404 14.976145907243708
242.71260106347282 14.982414590840724
242.7191206130638 14.957342614788567
242.7191178574251 14.96361129884489
242.719115100872 14.969879982900874
242.71911234340436 14.97614866695651
242.71910958502204 14.982417351011811
242.7256309391352 14.951076504785288
242.72562837435743 14.957345189269503
242.7256258087285 14.963613873753424
242.72562324224822 14.969882558237051
242.72562067491654 14.976151242720373
242.7256181067332 14.982419927203402
242.72561553769816 14.988688611686143
242.73213613580157 14.957347579893078
242.73213376018248 14.963616264774059
242.73213138377517 14.969884949654784
242.73212900657944 14.976153634535256
242.73212662859513 14.982422319415473
242.73864389738497 14.95734978665926
242.7386417117759 14.963618471906765
242.73863952544153 14.96988715715405
242.73863733838186 14.976155842401118
242.73863515059665 14.982424527647973
242.74514766723618 14.969889180734807
242.70609568087673 14.976142963582001
242.71260990628335 14.963608540048495
242.71260695965745 14.969877223646298
242.71260401205404 14.976145907243708
242.71260106347282 14.982414590840724
242.71259811391374 14.988683274437353
242.7191178574251 14.96361129884489
242.719115100872 14.969879982900874
242.71911234340436 14.97614866695651
242.71910958502204 14.982417351011811
242.7191068257249 14.98868603506677
242.72562837435743 14.957345189269503
242.7256258087285 14.963613873753424
242.72562324224822 14.969882558237051
242.72562067491654 14.976151242720373
242.7256181067332 14.982419927203402
242.72561553769816 14.988688611686143
242.7256129678112 14.994957296168577
242.73213376018248 14.963616264774059
242.73213138377517 14.969884949654784
242.73212900657944 14.976153634535256
242.73212662859513 14.982422319415473
242.73212424982222 14.988691004295436
242.7386417117759 14.963618471906765
242.73863952544153 14.96988715715405
242.73863733838186 14.976155842401118
242.73863515059665 14.982424527647973
242.73863296208594 14.988693212894619
242.7451456703126 14.976157866317934
242.7060925420967 14.98241164669019
242.71260695965745 14.969877223646298
242.71260401205404 14.976145907243708
242.71260106347282 14.982414590840724
242.71259811391374 14.988683274437353
242.71259516337662 14.994951958033589
242.719115100872 14.969879982900874
242.71911234340436 14.97614866695651
242.71910958502204 14.982417351011811
242.7191068257249 14.98868603506677
242.71910406551285 14.994954719121383
242.7256258087285 14.963613873753424
242.72562324224822 14.969882558237051
242.72562067491654 14.976151242720373
242.7256181067332 14.982419927203402
242.72561553769816 14.988688611686143
242.7256129678112 14.994957296168577
242.72561039707227 15.00122598065072
242.73213138377517 14.969884949654784
242.73212900657944 14.976153634535256
242.73212662859513 14.982422319415473
242.73212424982222 14.988691004295436
242.7321218702605 14.994959689175145
242.73863952544153 14.96988715715405
242.73863733838186 14.976155842401118
242.73863515059665 14.982424527647973
242.73863296208594 14.988693212894619
242.73863077284955 14.994961898141039
242.74514367272667 14.982426551900884
242.71262462475437 14.932265122053629
242.71913712770237 14.919730510443442
242.71913437754685 14.925999194501815
242.71913162647783 14.932267878559847
242.71912887449517 14.938536562617537
242.7191261215987 14.944805246674887
242.7256437502607 14.919733082359759
242.72564118973688 14.926001766845452
242.72563862836256 14.932270451330858
242.72563606613758 14.938539135815965
242.72563350306186 14.944807820300772
242.73215274307367 14.913466785719113
242.73215037296907 14.919735470601868
242.73214800207705 14.926004155484367
242.73214563039753 14.93227284036662
242.7321432579303 14.938541525248615
242.73214088467535 14.94481021013036
242.73213851063244 14.951078895011847
242.73865699581629 14.919737675169735
242.73865481455618 14.926006360418524
242.73865263257144 14.932275045667101
242.7386504498621 14.938543730915464
242.73864826642802 14.944812416163611
242.74516361879137 14.919739696063326
242.74516162716313 14.926008381647893
242.74515963487335 14.932277067232272
242.7451576419219 14.938545752816477
242.74515564830872 14.944814438400503
242.75166663729206 14.932278905062097
242.7126216830141 14.938533805653384
242.71913437754685 14.925999194501815
242.71913162647783 14.932267878559847
242.71912887449517 14.938536562617537
242.7191261215987 14.944805246674887
242.71912336778828 14.951073930731894
242.72564118973688 14.926001766845452
242.72563862836256 14.932270451330858
242.72563606613758 14.938539135815965
242.72563350306186 14.944807820300772
242.7256309391352 14.951076504785288
242.73215037296907 14.919735470601868
242.73214800207705 14.926004155484367
242.73214563039753 14.93227284036662
242.7321432579303 14.938541525248615
242.73214088467535 14.94481021013036
242.73213851063244 14.951078895011847
242.73213613580157 14.957347579893078
242.73865481455618 14.926006360418524
242.73865263257144 14.932275045667101
242.7386504498621 14.938543730915464
242.73864826642802 14.944812416163611
242.73864608226899 14.951081101411546
242.74516162716313 14.926008381647893
242.74515963487335 14.932277067232272
242.7451576419219 14.938545752816477
242.74515564830872 14.944814438400503
242.74515365403366 14.951083123984347
242.75166483409856 14.938547590951622
242.712618740297 14.944802489252748
242.71913162647783 14.932267878559847
242.71912887449517 14.938536562617537
242.7191261215987 14.944805246674887
242.71912336778828 14.951073930731894
242.7191206130638 14.957342614788567
242.72563862836256 14.932270451330858
242.72563606613758 14.938539135815965
242.72563350306186 14.944807820300772
242.7256309391352 14.951076504785288
242.72562837435743 14.957345189269503
242.73214800207705 14.926004155484367
242.73214563039753 14.93227284036662
242.7321432579303 14.938541525248615
242.73214088467535 14.94481021013036
242.73213851063244 14.951078895011847
242.73213613580157 14.957347579893078
242.73213376018248 14.963616264774059
242.73865263257144 14.932275045667101
242.7386504498621 14.938543730915464
242.73864826642802 14.944812416163611
242.73864608226899 14.951081101411546
242.73864389738497 14.95734978665926
242.74515963487335 14.932277067232272
242.7451576419219 14.938545752816477
242.74515564830872 14.944814438400503
242.74515365403366 14.951083123984347
242.74515165909662 14.957351809568014
242.75166303030636 14.944816276840998
242.71261579660296 14.95107117285172
242.71912887449517 14.938536562617537
242.7191261215987 14.944805246674887
242.71912336778828 14.951073930731894
242.7191206130638 14.957342614788567
242.7191178574251 14.96361129884489
242.72563606613758 14.938539135815965
242.72563350306186 14.944807820300772
242.7256309391352 14.951076504785288
242.72562837435743 14.957345189269503
242.7256258087285 14.963613873753424
242.73214563039753 14.93227284036662
242.7321432579303 14.938541525248615
242.73214088467535 14.94481021013036
242.73213851063244 14.951078895011847
242.73213613580157 14.957347579893078
242.73213376018248 14.963616264774059
242.73213138377517 14.969884949654784
242.7386504498621 14.938543730915464
242.73864826642802 14.944812416163611
242.73864608226899 14.951081101411546
242.73864389738497 14.95734978665926
242.7386417117759 14.963618471906765
242.7451576419219 14.938545752816477
242.74515564830872 14.944814438400503
242.74515365403366 14.951083123984347
242.74515165909662 14.957351809568014
242.7451496634975 14.9636204951515
242.7516612259153 14.951084962730224
242.7126128519318 14.957339856450304
242.7191261215987 14.944805246674887
242.71912336778828 14.951073930731894
242.7191206130638 14.957342614788567
242.7191178574251 14.96361129884489
242.719115100872 14.969879982900874
242.72563350306186 14.944807820300772
242.7256309391352 14.951076504785288
242.72562837435743 14.957345189269503
242.7256258087285 14.963613873753424
242.72562324224822 14.969882558237051
242.7321432579303 14.938541525248615
242.73214088467535 14.94481021013036
242.73213851063244 14.951078895011847
242.73213613580157 14.957347579893078
242.73213376018248 14.963616264774059
242.73213138377517 14.969884949654784
242.73212900657944 14.976153634535256
242.73864826642802 14.944812416163611
242.73864608226899 14.951081101411546
242.73864389738497 14.95734978665926
242.7386417117759 14.963618471906765
242.73863952544153 14.96988715715405
242.74515564830872 14.944814438400503
242.74515365403366 14.951083123984347
242.74515165909662 14.957351809568014
242.7451496634975 14.9636204951515
242.74514766723618 14.969889180734807
242.75165942092528 14.957353648619309
242.71260990628335 14.963608540048495
242.71912336778828 14.951073930731894
242.7191206130638 14.957342614788567
242.7191178574251 14.96361129884489
242.719115100872 14.969879982900874
242.71911234340436 14.97614866695651
242.7256309391352 14.951076504785288
242.72562837435743 14.957345189269503
242.7256258087285 14.963613873753424
242.72562324224822 14.969882558237051
242.72562067491654 14.976151242720373
242.73214088467535 14.94481021013036
242.73213851063244 14.951078895011847
242.73213613580157 14.957347579893078
242.73213376018248 14.963616264774059
242.73213138377517 14.969884949654784
242.73212900657944 14.976153634535256
242.73212662859513 14.982422319415473
242.73864608226899 14.951081101411546
242.73864389738497 14.95734978665926
242.7386417117759 14.963618471906765
242.73863952544153 14.96988715715405
242.73863733838186 14.976155842401118
242.74515365403366 14.951083123984347
242.74515165909662 14.957351809568014
242.7451496634975 14.9636204951515
242.74514766723618 14.969889180734807
242.7451456703126 14.976157866317934
242.75165761533623 14.963622334508242
242.71260401205404 14.976145907243708
242.7191178574251 14.96361129884489
242.719115100872 14.969879982900874
242.71911234340436 14.97614866695651
242.71910958502204 14.982417351011811
242.7191068257249 14.98868603506677
242.7256258087285 14.963613873753424
242.72562324224822 14.969882558237051
242.72562067491654 14.976151242720373
242.7256181067332 14.982419927203402
242.72561553769816 14.988688611686143
242.73213613580157 14.957347579893078
242.73213376018248 14.963616264774059
242.73213138377517 14.969884949654784
242.73212900657944 14.976153634535256
242.73212662859513 14.982422319415473
242.73212424982222 14.988691004295436
242.7321218702605 14.994959689175145
242.7386417117759 14.963618471906765
242.73863952544153 14.96988715715405
242.73863733838186 14.976155842401118
242.73863515059665 14.982424527647973
242.73863296208594 14.988693212894619
242.7451496634975 14.9636204951515
242.74514766723618 14.969889180734807
242.7451456703126 14.976157866317934
242.74514367272667 14.982426551900884
242.74514167447822 14.988695237483654
242.75165400236062 14.976159706285674
242.71260106347282 14.982414590840724
242.719115100872 14.969879982900874
242.71911234340436 14.97614866695651
242.71910958502204 14.982417351011811
242.7191068257249 14.98868603506677
242.71910406551285 14.994954719121383
242.72562324224822 14.969882558237051
242.72562067491654 14.976151242720373
242.7256181067332 14.982419927203402
242.72561553769816 14.988688611686143
242.7256129678112 14.994957296168577
242.73213376018248 14.963616264774059
242.73213138377517 14.969884949654784
242.73212900657944 14.976153634535256
242.73212662859513 14.982422319415473
242.73212424982222 14.988691004295436
242.7321218702605 14.994959689175145
242.73211948990988 15.001228374054598
242.73863952544153 14.96988715715405
242.73863733838186 14.976155842401118
242.73863515059665 14.982424527647973
242.73863296208594 14.988693212894619
242.73863077284955 14.994961898141039
242.74514766723618 14.969889180734807
242.7451456703126 14.976157866317934
242.74514367272667 14.982426551900884
242.74514167447822 14.988695237483654
242.74513967556712 14.994963923066246
242.7516521949739 14.982428392174166
242.71259811391374 14.988683274437353
242.71911234340436 14.97614866695651
242.71910958502204 14.982417351011811
242.7191068257249 14.98868603506677
242.71910406551285 14.994954719121383
242.71910130438565 15.001223403175654
242.72562067491654 14.976151242720373
242.7256181067332 14.982419927203402
242.72561553769816 14.988688611686143
242.7256129678112 14.994957296168577
242.72561039707227 15.00122598065072
242.73213138377517 14.969884949654784
242.73212900657944 14.976153634535256
242.73212662859513 14.982422319415473
242.73212424982222 14.988691004295436
242.7321218702605 14.994959689175145
242.73211948990988 15.001228374054598
242.7321171087702 15.007497058933795
242.73863733838186 14.976155842401118
242.73863515059665 14.982424527647973
242.73863296208594 14.988693212894619
242.73863077284955 14.994961898141039
242.73862858288726 15.001230583387253
242.7451456703126 14.976157866317934
242.74514367272667 14.982426551900884
242.74514167447822 14.988695237483654
242.74513967556712 14.994963923066246
242.7451376759933 15.001232608648653
242.75165038698773 14.98869707806252
242.71913437754685 14.925999194501815
242.72564630993412 14.913464397873765
242.7256437502607 14.919733082359759
242.72564118973688 14.926001766845452
242.72563862836256 14.932270451330858
242.72563606613758 14.938539135815965
242.73215274307367 14.913466785719113
242.73215037296907 14.919735470601868
242.73214800207705 14.926004155484367
242.73214563039753 14.93227284036662
242.7321432579303 14.938541525248615
242.73866135616348 14.907200304671505
242.73865917635206 14.913468989920727
242.73865699581629 14.919737675169735
242.73865481455618 14.926006360418524
242.73865263257144 14.932275045667101
242.7386504498621 14.938543730915464
242.73864826642802 14.944812416163611
242.7451656097582 14.913471010478586
242.74516361879137 14.919739696063326
242.74516162716313 14.926008381647893
242.74515963487335 14.932277067232272
242.7451576419219 14.938545752816477
242.75167204328093 14.913472847392654
242.75167024188312 14.919741533282615
242.75166843988688 14.92601021917243
242.75166663729206 14.932278905062097
242.75166483409856 14.938547590951622
242.75817525271623 14.926011872992122
242.71913162647783 14.932267878559847
242.7256437502607 14.919733082359759
242.72564118973688 14.926001766845452
242.72563862836256 14.932270451330858
242.72563606613758 14.938539135815965
242.72563350306186 14.944807820300772
242.73215037296907 14.919735470601868
242.73214800207705 14.926004155484367
242.73214563039753 14.93227284036662
242.7321432579303 14.938541525248615
242.73214088467535 14.94481021013036
242.73865917635206 14.913468989920727
242.73865699581629 14.919737675169735
242.73865481455618 14.926006360418524
242.73865263257144 14.932275045667101
242.7386504498621 14.938543730915464
242.73864826642802 14.944812416163611
242.73864608226899 14.951081101411546
242.74516361879137 14.919739696063326
242.74516162716313 14.926008381647893
242.74515963487335 14.932277067232272
242.7451576419219 14.938545752816477
242.74515564830872 14.944814438400503
242.75167024188312 14.919741533282615
242.75166843988688 14.92601021917243
242.75166663729206 14.932278905062097
242.75166483409856 14.938547590951622
242.75166303030636 14.944816276840998
242.75817363981645 14.932280559156558
242.71912887449517 14.938536562617537
242.72564118973688 14.926001766845452
242.72563862836256 14.932270451330858
242.72563606613758 14.938539135815965
242.72563350306186 14.944807820300772
242.7256309391352 14.951076504785288
242.73214800207705 14.926004155484367
242.73214563039753 14.93227284036662
242.7321432579303 14.938541525248615
242.73214088467535 14.94481021013036
242.73213851063244 14.951078895011847
242.73865699581629 14.919737675169735
242.73865481455618 14.926006360418524
242.73865263257144 14.932275045667101
242.7386504498621 14.938543730915464
242.73864826642802 14.944812416163611
242.73864608226899 14.951081101411546
242.73864389738497 14.95734978665926
242.74516162716313 14.926008381647893
242.74515963487335 14.932277067232272
242.7451576419219 14.938545752816477
242.74515564830872 14.944814438400503
242.74515365403366 14.951083123984347
242.75166843988688 14.92601021917243
242.75166663729206 14.932278905062097
242.75166483409856 14.938547590951622
242.75166303030636 14.944816276840998
242.7516612259153 14.951084962730224
242.758172026381 14.938549245320873
242.7191261215987 14.944805246674887
242.72563862836256 14.932270451330858
242.72563606613758 14.938539135815965
242.72563350306186 14.944807820300772
242.7256309391352 14.951076504785288
242.72562837435743 14.957345189269503
242.73214563039753 14.93227284036662
242.7321432579303 14.938541525248615
242.73214088467535 14.94481021013036
242.73213851063244 14.951078895011847
242.73213613580157 14.957347579893078
242.73865481455618 14.926006360418524
242.73865263257144 14.932275045667101
242.7386504498621 14.938543730915464
242.73864826642802 14.944812416163611
242.73864608226899 14.951081101411546
242.73864389738497 14.95734978665926
242.7386417117759 14.963618471906765
242.74515963487335 14.932277067232272
242.7451576419219 14.938545752816477
242.74515564830872 14.944814438400503
242.74515365403366 14.951083123984347
242.74515165909662 14.957351809568014
242.75166663729206 14.932278905062097
242.75166483409856 14.938547590951622
242.75166303030636 14.944816276840998
242.7516612259153 14.951084962730224
242.75165942092528 14.957353648619309
242.7581704124098 14.94481793148507
242.71912336778828 14.951073930731894
242.72563606613758 14.938539135815965
242.72563350306186 14.944807820300772
242.7256309391352 14.951076504785288
242.72562837435743 14.957345189269503
242.7256258087285 14.963613873753424
242.7321432579303 14.938541525248615
242.73214088467535 14.94481021013036
242.73213851063244 14.951078895011847
242.73213613580157 14.957347579893078
242.73213376018248 14.963616264774059
242.73865263257144 14.932275045667101
242.7386504498621 14.938543730915464
242.73864826642802 14.944812416163611
242.73864608226899 14.951081101411546
242.73864389738497 14.95734978665926
242.7386417117759 14.963618471906765
242.73863952544153 14.96988715715405
242.7451576419219 14.938545752816477
242.74515564830872 14.944814438400503
242.74515365403366 14.951083123984347
242.74515165909662 14.957351809568014
242.7451496634975 14.9636204951515
242.75166483409856 14.938547590951622
242.75166303030636 14.944816276840998
242.7516612259153 14.951084962730224
242.75165942092528 14.957353648619309
242.75165761533623 14.963622334508242
242.75816879790275 14.951086617649155
242.7191206130638 14.957342614788567
242.72563350306186 14.944807820300772
242.7256309391352 14.951076504785288
242.72562837435743 14.957345189269503
242.7256258087285 14.963613873753424
242.72562324224822 14.969882558237051
242.73214088467535 14.94481021013036
242.73213851063244 14.951078895011847
242.73213613580157 14.957347579893078
242.73213376018248 14.963616264774059
242.73213138377517 14.969884949654784
242.7386504498621 14.938543730915464
242.73864826642802 14.944812416163611
242.73864608226899 14.951081101411546
242.73864389738497 14.95734978665926
242.7386417117759 14.963618471906765
242.73863952544153 14.96988715715405
242.73863733838186 14.976155842401118
242.74515564830872 14.944814438400503
242.74515365403366 14.951083123984347
242.74515165909662 14.957351809568014
242.7451496634975 14.9636204951515
242.74514766723618 14.969889180734807
242.75166303030636 14.944816276840998
242.7516612259153 14.951084962730224
242.75165942092528 14.957353648619309
242.75165761533623 14.963622334508242
242.75165580914805 14.96989102039703
242.75816718285984 14.957355303813124
242.7191178574251 14.96361129884489
242.7256309391352 14.951076504785288
242.72562837435743 14.957345189269503
242.7256258087285 14.963613873753424
242.72562324224822 14.969882558237051
242.72562067491654 14.976151242720373
242.73213851063244 14.951078895011847
242.73213613580157 14.957347579893078
242.73213376018248 14.963616264774059
242.73213138377517 14.969884949654784
242.73212900657944 14.976153634535256
242.73864826642802 14.944812416163611
242.73864608226899 14.951081101411546
242.73864389738497 14.95734978665926
242.7386417117759 14.963618471906765
242.73863952544153 14.96988715715405
242.73863733838186 14.976155842401118
242.73863515059665 14.982424527647973
242.74515365403366 14.951083123984347
242.74515165909662 14.957351809568014
242.7451496634975 14.9636204951515
242.74514766723618 14.969889180734807
242.7451456703126 14.976157866317934
242.7516612259153 14.951084962730224
242.75165942092528 14.957353648619309
242.75165761533623 14.963622334508242
242.75165580914805 14.96989102039703
242.75165400236062 14.976159706285674
242.75816556728088 14.963623989976965
242.719115100872 14.969879982900874
242.72562837435743 14.957345189269503
242.7256258087285 14.963613873753424
242.72562324224822 14.969882558237051
242.72562067491654 14.976151242720373
242.7256181067332 14.982419927203402
242.73213613580157 14.957347579893078
242.73213376018248 14.963616264774059
242.73213138377517 14.969884949654784
242.73212900657944 14.976153634535256
242.73212662859513 14.982422319415473
242.73864608226899 14.951081101411546
242.73864389738497 14.95734978665926
242.7386417117759 14.963618471906765
242.73863952544153 14.96988715715405
242.73863733838186 14.976155842401118
242.73863515059665 14.982424527647973
242.73863296208594 14.988693212894619
242.74515165909662 14.957351809568014
242.7451496634975 14.9636204951515
242.74514766723618 14.969889180734807
242.7451456703126 14.976157866317934
242.74514367272667 14.982426551900884
242.75165942092528 14.957353648619309
242.75165761533623 14.963622334508242
242.75165580914805 14.96989102039703
242.75165400236062 14.976159706285674
242.7516521949739 14.982428392174166
242.7581639511659 14.969892676140695
242.71910958502204 14.982417351011811
242.72562324224822 14.969882558237051
242.72562067491654 14.976151242720373
242.7256181067332 14.982419927203402
242.72561553769816 14.988688611686143
242.7256129678112 14.994957296168577
242.73213138377517 14.969884949654784
242.73212900657944 14.976153634535256
242.73212662859513 14.982422319415473
242.73212424982222 14.988691004295436
242.7321218702605 14.994959689175145
242.7386417117759 14.963618471906765
242.73863952544153 14.96988715715405
242.73863733838186 14.976155842401118
242.73863515059665 14.982424527647973
242.73863296208594 14.988693212894619
242.73863077284955 14.994961898141039
242.73862858288726 15.001230583387253
242.74514766723618 14.969889180734807
242.7451456703126 14.976157866317934
242.74514367272667 14.982426551900884
242.74514167447822 14.988695237483654
242.74513967556712 14.994963923066246
242.75165580914805 14.96989102039703
242.75165400236062 14.976159706285674
242.7516521949739 14.982428392174166
242.75165038698773 14.98869707806252
242.7516485784021 14.994965763950718
242.75816071732726 14.982430048467801
242.7191068257249 14.98868603506677
242.72562067491654 14.976151242720373
242.7256181067332 14.982419927203402
242.72561553769816 14.988688611686143
242.7256129678112 14.994957296168577
242.72561039707227 15.00122598065072
242.73212900657944 14.976153634535256
242.73212662859513 14.982422319415473
242.73212424982222 14.988691004295436
242.7321218702605 14.994959689175145
242.73211948990988 15.001228374054598
242.73863952544153 14.96988715715405
242.73863733838186 14.976155842401118
242.73863515059665 14.982424527647973
242.73863296208594 14.988693212894619
242.73863077284955 14.994961898141039
242.73862858288726 15.001230583387253
242.7386263921991 15.007499268633243
242.7451456703126 14.976157866317934
242.74514367272667 14.982426551900884
242.74514167447822 14.988695237483654
242.74513967556712 14.994963923066246
242.7451376759933 15.001232608648653
242.75165400236062 14.976159706285674
242.7516521949739 14.982428392174166
242.75165038698773 14.98869707806252
242.7516485784021 14.994965763950718
242.7516467692168 15.00123444983877
242.75815909960352 14.988698734631173
242.72564886875733 14.907195713387475
242.7321598486644 14.894660731069319
242.73215748092122 14.900929415952838
242.73215511239104 14.9071981008361
242.73215274307367 14.913466785719113
242.73215037296907 14.919735470601868
242.73866571361393 14.894662934172425
242.73866353525077 14.900931619422076
242.73866135616348 14.907200304671505
242.73865917635206 14.913468989920727
242.73865699581629 14.919737675169735
242.7451735670131 14.888396268137836
242.74517157869101 14.89466495372329
242.7451695897079 14.900933639308569
242.74516760006367 14.907202324893667
242.7451656097582 14.913471010478586
242.74516361879137 14.919739696063326
242.74516162716313 14.926008381647893
242.75167744388452 14.894666789721889
242.75167564428156 14.900935475612291
242.7516738440804 14.907204161502547
242.75167204328093 14.913472847392654
242.75167024188312 14.919741533282615
242.75818330918344 14.894668442168193
242.7581816989606 14.900937128333213
242.75818008820258 14.907205814498118
242.75817847690925 14.913474500662907
242.75817686508046 14.919743186827573
242.76468633241913 14.90720728388036
242.7256437502607 14.919733082359759
242.73215511239104 14.9071981008361
242.73215274307367 14.913466785719113
242.73215037296907 14.919735470601868
242.73214800207705 14.926004155484367
242.73214563039753 14.93227284036662
242.73866135616348 14.907200304671505
242.73865917635206 14.913468989920727
242.73865699581629 14.919737675169735
242.73865481455618 14.926006360418524
242.73865263257144 14.932275045667101
242.7451695897079 14.900933639308569
242.74516760006367 14.907202324893667
242.7451656097582 14.913471010478586
242.74516361879137 14.919739696063326
242.74516162716313 14.926008381647893
242.74515963487335 14.932277067232272
242.7451576419219 14.938545752816477
242.7516738440804 14.907204161502547
242.75167204328093 14.913472847392654
242.75167024188312 14.919741533282615
242.75166843988688 14.92601021917243
242.75166663729206 14.932278905062097
242.75818008820258 14.907205814498118
242.75817847690925 14.913474500662907
242.75817686508046 14.919743186827573
242.75817525271623 14.926011872992122
242.75817363981645 14.932280559156558
242.76468348837227 14.919744656698173
242.72564118973688 14.926001766845452
242.73215274307367 14.913466785719113
242.73215037296907 14.919735470601868
242.73214800207705 14.926004155484367
242.73214563039753 14.93227284036662
242.7321432579303 14.938541525248615
242.73865917635206 14.913468989920727
242.73865699581629 14.919737675169735
242.73865481455618 14.926006360418524
242.73865263257144 14.932275045667101
242.7386504498621 14.938543730915464
242.74516760006367 14.907202324893667
242.7451656097582 14.913471010478586
242.74516361879137 14.919739696063326
242.74516162716313 14.926008381647893
242.74515963487335 14.932277067232272
242.7451576419219 14.938545752816477
242.74515564830872 14.944814438400503
242.75167204328093 14.913472847392654
242.75167024188312 14.919741533282615
242.75166843988688 14.92601021917243
242.75166663729206 14.932278905062097
242.75166483409856 14.938547590951622
242.75817847690925 14.913474500662907
242.75817686508046 14.919743186827573
242.75817525271623 14.926011872992122
242.75817363981645 14.932280559156558
242.758172026381 14.938549245320873
242.76468206564013 14.926013343106943
242.72563862836256 14.932270451330858
242.73215037296907 14.919735470601868
242.73214800207705 14.926004155484367
242.73214563039753 14.93227284036662
242.7321432579303 14.938541525248615
242.73214088467535 14.94481021013036
242.73865699581629 14.919737675169735
242.73865481455618 14.926006360418524
242.73865263257144 14.932275045667101
242.7386504498621 14.938543730915464
242.73864826642802 14.944812416163611
242.7451656097582 14.913471010478586
242.74516361879137 14.919739696063326
242.74516162716313 14.926008381647893
242.74515963487335 14.932277067232272
242.7451576419219 14.938545752816477
242.74515564830872 14.944814438400503
242.74515365403366 14.951083123984347
242.75167024188312 14.919741533282615
242.75166843988688 14.92601021917243
242.75166663729206 14.932278905062097
242.75166483409856 14.938547590951622
242.75166303030636 14.944816276840998
242.75817686508046 14.919743186827573
242.75817525271623 14.926011872992122
242.75817363981645 14.932280559156558
242.758172026381 14.938549245320873
242.7581704124098 14.94481793148507
242.7646806424354 14.932282029515624
242.72563606613758 14.938539135815965
242.73214800207705 14.926004155484367
242.73214563039753 14.93227284036662
242.7321432579303 14.938541525248615
242.73214088467535 14.94481021013036
242.73213851063244 14.951078895011847
242.73865481455618 14.926006360418524
242.73865263257144 14.932275045667101
242.7386504498621 14.938543730915464
242.73864826642802 14.944812416163611
242.73864608226899 14.951081101411546
242.74516361879137 14.919739696063326
242.74516162716313 14.926008381647893
242.74515963487335 14.932277067232272
242.7451576419219 14.938545752816477
242.74515564830872 14.944814438400503
242.74515365403366 14.951083123984347
242.74515165909662 14.957351809568014
242.75166843988688 14.92601021917243
242.75166663729206 14.932278905062097
242.75166483409856 14.938547590951622
242.75166303030636 14.944816276840998
242.7516612259153 14.951084962730224
242.75817525271623 14.926011872992122
242.75817363981645 14.932280559156558
242.758172026381 14.938549245320873
242.7581704124098 14.94481793148507
242.75816879790275 14.951086617649155
242.764679218758 14.938550715924208
242.72563350306186 14.944807820300772
242.73214563039753 14.93227284036662
242.7321432579303 14.938541525248615
242.73214088467535 14.94481021013036
242.73213851063244 14.951078895011847
242.73213613580157 14.957347579893078
242.73865263257144 14.932275045667101
242.7386504498621 14.938543730915464
242.73864826642802 14.944812416163611
242.73864608226899 14.951081101411546
242.73864389738497 14.95734978665926
242.74516162716313 14.926008381647893
242.74515963487335 14.932277067232272
242.7451576419219 14.938545752816477
242.74515564830872 14.944814438400503
242.74515365403366 14.951083123984347
242.74515165909662 14.957351809568014
242.7451496634975 14.9636204951515
242.75166663729206 14.932278905062097
242.75166483409856 14.938547590951622
242.75166303030636 14.944816276840998
242.7516612259153 14.951084962730224
242.75165942092528 14.957353648619309
242.75817363981645 14.932280559156558
242.758172026381 14.938549245320873
242.7581704124098 14.94481793148507
242.75816879790275 14.951086617649155
242.75816718285984 14.957355303813124
242.76467779460785 14.944819402332705
242.7256309391352 14.951076504785288
242.7321432579303 14.938541525248615
242.73214088467535 14.94481021013036
242.73213851063244 14.951078895011847
242.73213613580157 14.957347579893078
242.73213376018248 14.963616264774059
242.7386504498621 14.938543730915464
242.73864826642802 14.944812416163611
242.73864608226899 14.951081101411546
242.73864389738497 14.95734978665926
242.7386417117759 14.963618471906765
242.74515963487335 14.932277067232272
242.7451576419219 14.938545752816477
242.74515564830872 14.944814438400503
242.74515365403366 14.951083123984347
242.74515165909662 14.957351809568014
242.7451496634975 14.9636204951515
242.74514766723618 14.969889180734807
242.75166483409856 14.938547590951622
242.75166303030636 14.944816276840998
242.7516612259153 14.951084962730224
242.75165942092528 14.957353648619309
242.75165761533623 14.963622334508242
242.758172026381 14.938549245320873
242.7581704124098 14.94481793148507
242.75816879790275 14.951086617649155
242.75816718285984 14.957355303813124
242.75816556728088 14.963623989976965
242.76467636998495 14.951088088741109
242.72562837435743 14.957345189269503
242.73214088467535 14.94481021013036
242.73213851063244 14.951078895011847
242.73213613580157 14.957347579893078
242.73213376018248 14.963616264774059
242.73213138377517 14.969884949654784
242.73864826642802 14.944812416163611
242.73864608226899 14.951081101411546
242.73864389738497 14.95734978665926
242.7386417117759 14.963618471906765
242.73863952544153 14.96988715715405
242.7451576419219 14.938545752816477
242.74515564830872 14.944814438400503
242.74515365403366 14.951083123984347
242.74515165909662 14.957351809568014
242.7451496634975 14.9636204951515
242.74514766723618 14.969889180734807
242.7451456703126 14.976157866317934
242.75166303030636 14.944816276840998
242.7516612259153 14.951084962730224
242.75165942092528 14.957353648619309
242.75165761533623 14.963622334508242
242.75165580914805 14.96989102039703
242.7581704124098 14.94481793148507
242.75816879790275 14.951086617649155
242.75816718285984 14.957355303813124
242.75816556728088 14.963623989976965
242.7581639511659 14.969892676140695
242.76467494488912 14.957356775149423
242.7256258087285 14.963613873753424
242.73213851063244 14.951078895011847
242.73213613580157 14.957347579893078
242.73213376018248 14.963616264774059
242.73213138377517 14.969884949654784
242.73212900657944 14.976153634535256
242.73864608226899 14.951081101411546
242.73864389738497 14.95734978665926
242.7386417117759 14.963618471906765
242.73863952544153 14.96988715715405
242.73863733838186 14.976155842401118
242.74515564830872 14.944814438400503
242.74515365403366 14.951083123984347
242.74515165909662 14.957351809568014
242.7451496634975 14.9636204951515
242.74514766723618 14.969889180734807
242.7451456703126 14.976157866317934
242.74514367272667 14.982426551900884
242.7516612259153 14.951084962730224
242.75165942092528 14.957353648619309
242.75165761533623 14.963622334508242
242.75165580914805 14.96989102039703
242.75165400236062 14.976159706285674
242.75816879790275 14.951086617649155
242.75816718285984 14.957355303813124
242.75816556728088 14.963623989976965
242.7581639511659 14.969892676140695
242.75816233451468 14.976161362304307
242.76467351932035 14.963625461557642
242.72562324224822 14.969882558237051
242.73213613580157 14.957347579893078
242.73213376018248 14.963616264774059
242.73213138377517 14.969884949654784
242.73212900657944 14.976153634535256
242.73212662859513 14.982422319415473
242.73864389738497 14.95734978665926
242.7386417117759 14.963618471906765
242.73863952544153 14.96988715715405
242.73863733838186 14.976155842401118
242.73863515059665 14.982424527647973
242.74515365403366 14.951083123984347
242.74515165909662 14.957351809568014
242.7451496634975 14.9636204951515
242.74514766723618 14.969889180734807
242.7451456703126 14.976157866317934
242.74514367272667 14.982426551900884
242.74514167447822 14.988695237483654
242.75165942092528 14.957353648619309
242.75165761533623 14.963622334508242
242.75165580914805 14.96989102039703
242.75165400236062 14.976159706285674
242.7516521949739 14.982428392174166
242.75816718285984 14.957355303813124
242.75816556728088 14.963623989976965
242.7581639511659 14.969892676140695
242.75816233451468 14.976161362304307
242.75816071732726 14.982430048467801
242.76467209327856 14.969894147965773
242.72562067491654 14.976151242720373
242.73213376018248 14.963616264774059
242.73213138377517 14.969884949654784
242.73212900657944 14.976153634535256
242.73212662859513 14.982422319415473
242.73212424982222 14.988691004295436
242.7386417117759 14.963618471906765
242.73863952544153 14.96988715715405
242.73863733838186 14.976155842401118
242.73863515059665 14.982424527647973
242.73863296208594 14.988693212894619
242.74515165909662 14.957351809568014
242.7451496634975 14.9636204951515
242.74514766723618 14.969889180734807
242.7451456703126 14.976157866317934
242.74514367272667 14.982426551900884
242.74514167447822 14.988695237483654
242.74513967556712 14.994963923066246
242.75165761533623 14.963622334508242
242.75165580914805 14.96989102039703
242.75165400236062 14.976159706285674
242.7516521949739 14.982428392174166
242.75165038698773 14.98869707806252
242.75816556728088 14.963623989976965
242.7581639511659 14.969892676140695
242.75816233451468 14.976161362304307
242.75816071732726 14.982430048467801
242.75815909960352 14.988698734631173
242.76467066676366 14.976162834373811
242.73214800207705 14.926004155484367
242.73865917635206 14.913468989920727
242.73865699581629 14.919737675169735
242.73865481455618 14.926006360418524
242.73865263257144 14.932275045667101
242.7386504498621 14.938543730915464
242.7451656097582 14.913471010478586
242.74516361879137 14.919739696063326
242.74516162716313 14.926008381647893
242.74515963487335 14.932277067232272
242.7451576419219 14.938545752816477
242.7516738440804 14.907204161502547
242.75167204328093 14.913472847392654
242.75167024188312 14.919741533282615
242.75166843988688 14.92601021917243
242.75166663729206 14.932278905062097
242.75166483409856 14.938547590951622
242.75166303030636 14.944816276840998
242.75817847690925 14.913474500662907
242.75817686508046 14.919743186827573
242.75817525271623 14.926011872992122
242.75817363981645 14.932280559156558
242.758172026381 14.938549245320873
242.76468491063196 14.913475970289312
242.76468348837227 14.919744656698173
242.76468206564013 14.926013343106943
242.7646806424354 14.932282029515624
242.764679218758 14.938550715924208
242.7711888786474 14.926014629516866
242.73214088467535 14.94481021013036
242.73865263257144 14.932275045667101
242.7386504498621 14.938543730915464
242.73864826642802 14.944812416163611
242.73864608226899 14.951081101411546
242.73864389738497 14.95734978665926
242.74515963487335 14.932277067232272
242.7451576419219 14.938545752816477
242.74515564830872 14.944814438400503
242.74515365403366 14.951083123984347
242.74515165909662 14.957351809568014
242.75166843988688 14.92601021917243
242.75166663729206 14.932278905062097
242.75166483409856 14.938547590951622
242.75166303030636 14.944816276840998
242.7516612259153 14.951084962730224
242.75165942092528 14.957353648619309
242.75165761533623 14.963622334508242
242.75817363981645 14.932280559156558
242.758172026381 14.938549245320873
242.7581704124098 14.94481793148507
242.75816879790275 14.951086617649155
242.75816718285984 14.957355303813124
242.7646806424354 14.932282029515624
242.764679218758 14.938550715924208
242.76467779460785 14.944819402332705
242.76467636998495 14.951088088741109
242.76467494488912 14.957356775149423
242.7711851768895 14.944820689383869
242.73213851063244 14.951078895011847
242.7386504498621 14.938543730915464
242.73864826642802 14.944812416163611
242.73864608226899 14.951081101411546
242.73864389738497 14.95734978665926
242.7386417117759 14.963618471906765
242.7451576419219 14.938545752816477
242.74515564830872 14.944814438400503
242.74515365403366 14.951083123984347
242.74515165909662 14.957351809568014
242.7451496634975 14.9636204951515
242.75166663729206 14.932278905062097
242.75166483409856 14.938547590951622
242.75166303030636 14.944816276840998
242.7516612259153 14.951084962730224
242.75165942092528 14.957353648619309
242.75165761533623 14.963622334508242
242.75165580914805 14.96989102039703
242.758172026381 14.938549245320873
242.7581704124098 14.94481793148507
242.75816879790275 14.951086617649155
242.75816718285984 14.957355303813124
242.75816556728088 14.963623989976965
242.764679218758 14.938550715924208
242.76467779460785 14.944819402332705
242.76467636998495 14.951088088741109
242.76467494488912 14.957356775149423
242.76467351932035 14.963625461557642
242.7711839421507 14.951089376006067
242.73213613580157 14.957347579893078
242.73864826642802 14.944812416163611
242.73864608226899 14.951081101411546
242.73864389738497 14.95734978665926
242.7386417117759 14.963618471906765
242.73863952544153 14.96988715715405
242.74515564830872 14.944814438400503
242.74515365403366 14.951083123984347
242.74515165909662 14.957351809568014
242.7451496634975 14.9636204951515
242.74514766723618 14.969889180734807
242.75166483409856 14.938547590951622
242.75166303030636 14.944816276840998
242.7516612259153 14.951084962730224
242.75165942092528 14.957353648619309
242.75165761533623 14.963622334508242
242.75165580914805 14.96989102039703
242.75165400236062 14.976159706285674
242.7581704124098 14.94481793148507
242.75816879790275 14.951086617649155
242.75816718285984 14.957355303813124
242.75816556728088 14.963623989976965
242.7581639511659 14.969892676140695
242.76467779460785 14.944819402332705
242.76467636998495 14.951088088741109
242.76467494488912 14.957356775149423
242.76467351932035 14.963625461557642
242.76467209327856 14.969894147965773
242.77118270700205 14.957358062628193
242.73213376018248 14.963616264774059
242.73864608226899 14.951081101411546
242.73864389738497 14.95734978665926
242.7386417117759 14.963618471906765
242.73863952544153 14.96988715715405
242.73863733838186 14.976155842401118
242.74515365403366 14.951083123984347
242.74515165909662 14.957351809568014
242.7451496634975 14.9636204951515
242.74514766723618 14.969889180734807
242.7451456703126 14.976157866317934
242.75166303030636 14.944816276840998
242.7516612259153 14.951084962730224
242.75165942092528 14.957353648619309
242.75165761533623 14.963622334508242
242.75165580914805 14.96989102039703
242.75165400236062 14.976159706285674
242.7516521949739 14.982428392174166
242.75816879790275 14.951086617649155
242.75816718285984 14.957355303813124
242.75816556728088 14.963623989976965
242.7581639511659 14.969892676140695
242.75816233451468 14.976161362304307
242.76467636998495 14.951088088741109
242.76467494488912 14.957356775149423
242.76467351932035 14.963625461557642
242.76467209327856 14.969894147965773
242.76467066676366 14.976162834373811
242.77118147144353 14.96362674925025
242.73213138377517 14.969884949654784
242.73864389738497 14.95734978665926
242.7386417117759 14.963618471906765
242.73863952544153 14.96988715715405
242.73863733838186 14.976155842401118
242.73863515059665 14.982424527647973
242.74515165909662 14.957351809568014
242.7451496634975 14.9636204951515
242.74514766723618 14.969889180734807
242.7451456703126 14.976157866317934
242.74514367272667 14.982426551900884
242.7516612259153 14.951084962730224
242.75165942092528 14.957353648619309
242.75165761533623 14.963622334508242
242.75165580914805 14.96989102039703
242.75165400236062 14.976159706285674
242.7516521949739 14.982428392174166
242.75165038698773 14.98869707806252
242.75816718285984 14.957355303813124
242.75816556728088 14.963623989976965
242.7581639511659 14.969892676140695
242.75816233451468 14.976161362304307
242.75816071732726 14.982430048467801
242.76467494488912 14.957356775149423
242.76467351932035 14.963625461557642
242.76467209327856 14.969894147965773
242.76467066676366 14.976162834373811
242.76466923977557 14.982431520781757
242.77118023547493 14.969895435872242
242.73212900657944 14.976153634535256
242.7386417117759 14.963618471906765
242.73863952544153 14.96988715715405
242.73863733838186 14.976155842401118
242.73863515059665 14.982424527647973
242.73863296208594 14.988693212894619
242.7451496634975 14.9636204951515
242.74514766723618 14.969889180734807
242.7451456703126 14.976157866317934
242.74514367272667 14.982426551900884
242.74514167447822 14.988695237483654
242.75165942092528 14.957353648619309
242.75165761533623 14.963622334508242
242.75165580914805 14.96989102039703
242.75165400236062 14.976159706285674
242.7516521949739 14.982428392174166
242.75165038698773 14.98869707806252
242.7516485784021 14.994965763950718
242.75816556728088 14.963623989976965
242.7581639511659 14.969892676140695
242.75816233451468 14.976161362304307
242.75816071732726 14.982430048467801
242.75815909960352 14.988698734631173
242.76467351932035 14.963625461557642
242.76467209327856 14.969894147965773
242.76467066676366 14.976162834373811
242.76466923977557 14.982431520781757
242.7646678123142 14.98870020718961
242.77117899909632 14.976164122494163
242.7386504498621 14.938543730915464
242.74516162716313 14.926008381647893
242.74515963487335 14.932277067232272
242.7451576419219 14.938545752816477
242.74515564830872 14.944814438400503
242.74515365403366 14.951083123984347
242.75166843988688 14.92601021917243
242.75166663729206 14.932278905062097
242.75166483409856 14.938547590951622
242.75166303030636 14.944816276840998
242.7516612259153 14.951084962730224
242.75817686508046 14.919743186827573
242.75817525271623 14.926011872992122
242.75817363981645 14.932280559156558
242.758172026381 14.938549245320873
242.7581704124098 14.94481793148507
242.75816879790275 14.951086617649155
242.75816718285984 14.957355303813124
242.76468206564013 14.926013343106943
242.7646806424354 14.932282029515624
242.764679218758 14.938550715924208
242.76467779460785 14.944819402332705
242.76467636998495 14.951088088741109
242.7711888786474 14.926014629516866
242.77118764513781 14.932283316139271
242.7711864112185 14.938552002761604
242.7711851768895 14.944820689383869
242.7711839421507 14.951089376006067
242.77769360375137 14.938553105833039
242.73864826642802 14.944812416163611
242.74515963487335 14.932277067232272
242.7451576419219 14.938545752816477
242.74515564830872 14.944814438400503
242.74515365403366 14.951083123984347
242.74515165909662 14.957351809568014
242.75166663729206 14.932278905062097
242.75166483409856 14.938547590951622
242.75166303030636 14.944816276840998
242.7516612259153 14.951084962730224
242.75165942092528 14.957353648619309
242.75817525271623 14.926011872992122
242.75817363981645 14.932280559156558
242.758172026381 14.938549245320873
242.7581704124098 14.94481793148507
242.75816879790275 14.951086617649155
242.75816718285984 14.957355303813124
242.75816556728088 14.963623989976965
242.7646806424354 14.932282029515624
242.764679218758 14.938550715924208
242.76467779460785 14.944819402332705
242.76467636998495 14.951088088741109
242.76467494488912 14.957356775149423
242.77118764513781 14.932283316139271
242.7711864112185 14.938552002761604
242.7711851768895 14.944820689383869
242.7711839421507 14.951089376006067
242.77118270700205 14.957358062628193
242.7776925592435 14.944821792638544
242.73864608226899 14.951081101411546
242.7451576419219 14.938545752816477
242.74515564830872 14.944814438400503
242.74515365403366 14.951083123984347
242.74515165909662 14.957351809568014
242.7451496634975 14.9636204951515
242.75166483409856 14.938547590951622
242.75166303030636 14.944816276840998
242.7516612259153 14.951084962730224
242.75165942092528 14.957353648619309
242.75165761533623 14.963622334508242
242.75817363981645 14.932280559156558
242.758172026381 14.938549245320873
242.7581704124098 14.94481793148507
242.75816879790275 14.951086617649155
242.75816718285984 14.957355303813124
242.75816556728088 14.963623989976965
242.7581639511659 14.969892676140695
242.764679218758 14.938550715924208
242.76467779460785 14.944819402332705
242.76467636998495 14.951088088741109
242.76467494488912 14.957356775149423
242.76467351932035 14.963625461557642
242.7711864112185 14.938552002761604
242.7711851768895 14.944820689383869
242.7711839421507 14.951089376006067
242.77118270700205 14.957358062628193
242.77118147144353 14.96362674925025
242.7776915143889 14.951090479444007
242.73864389738497 14.95734978665926
242.74515564830872 14.944814438400503
242.74515365403366 14.951083123984347
242.74515165909662 14.957351809568014
242.7451496634975 14.9636204951515
242.74514766723618 14.969889180734807
242.75166303030636 14.944816276840998
242.7516612259153 14.951084962730224
242.75165942092528 14.957353648619309
242.75165761533623 14.963622334508242
242.75165580914805 14.96989102039703
242.758172026381 14.938549245320873
242.7581704124098 14.94481793148507
242.75816879790275 14.951086617649155
242.75816718285984 14.957355303813124
242.75816556728088 14.963623989976965
242.7581639511659 14.969892676140695
242.75816233451468 14.976161362304307
242.76467779460785 14.944819402332705
242.76467636998495 14.951088088741109
242.76467494488912 14.957356775149423
242.76467351932035 14.963625461557642
242.76467209327856 14.969894147965773
242.7711851768895 14.944820689383869
242.7711839421507 14.951089376006067
242.77118270700205 14.957358062628193
242.77118147144353 14.96362674925025
242.77118023547493 14.969895435872242
242.77769046918743 14.957359166249416
242.7386417117759 14.963618471906765
242.74515365403366 14.951083123984347
242.74515165909662 14.957351809568014
242.7451496634975 14.9636204951515
242.74514766723618 14.969889180734807
242.7451456703126 14.976157866317934
242.7516612259153 14.951084962730224
242.75165942092528 14.957353648619309
242.75165761533623 14.963622334508242
242.75165580914805 14.96989102039703
242.75165400236062 14.976159706285674
242.7581704124098 14.94481793148507
242.75816879790275 14.951086617649155
242.75816718285984 14.957355303813124
242.75816556728088 14.963623989976965
242.7581639511659 14.969892676140695
242.75816233451468 14.976161362304307
242.75816071732726 14.982430048467801
242.76467636998495 14.951088088741109
242.76467494488912 14.957356775149423
242.76467351932035 14.963625461557642
242.76467209327856 14.969894147965773
242.76467066676366 14.976162834373811
242.7711839421507 14.951089376006067
242.77118270700205 14.957358062628193
242.77118147144353 14.96362674925025
242.77118023547493 14.969895435872242
242.77117899909632 14.976164122494163
242.77768942363912 14.96362785305478
242.73863952544153 14.96988715715405
242.74515165909662 14.957351809568014
242.7451496634975 14.9636204951515
242.74514766723618 14.969889180734807
242.7451456703126 14.976157866317934
242.74514367272667 14.982426551900884
242.75165942092528 14.957353648619309
242.75165761533623 14.963622334508242
242.75165580914805 14.96989102039703
242.75165400236062 14.976159706285674
242.7516521949739 14.982428392174166
242.75816879790275 14.951086617649155
242.75816718285984 14.957355303813124
242.75816556728088 14.963623989976965
242.7581639511659 14.969892676140695
242.75816233451468 14.976161362304307
242.75816071732726 14.982430048467801
242.75815909960352 14.988698734631173
242.76467494488912 14.957356775149423
242.76467351932035 14.963625461557642
242.76467209327856 14.969894147965773
242.76467066676366 14.976162834373811
242.76466923977557 14.982431520781757
242.77118270700205 14.957358062628193
242.77118147144353 14.96362674925025
242.77118023547493 14.969895435872242
242.77117899909632 14.976164122494163
242.77117776230762 14.982432809116014
242.77768837774389 14.969896539860088
242.73863733838186 14.976155842401118
242.7451496634975 14.9636204951515
242.74514766723618 14.969889180734807
242.7451456703126 14.976157866317934
242.74514367272667 14.982426551900884
242.74514167447822 14.988695237483654
242.75165761533623 14.963622334508242
242.75165580914805 14.96989102039703
242.75165400236062 14.976159706285674
242.7516521949739 14.982428392174166
242.75165038698773 14.98869707806252
242.75816718285984 14.957355303813124
242.75816556728088 14.963623989976965
242.7581639511659 14.969892676140695
242.75816233451468 14.976161362304307
242.75816071732726 14.982430048467801
242.75815909960352 14.988698734631173
242.7581574813433 14.994967420794435
242.76467351932035 14.963625461557642
242.76467209327856 14.969894147965773
242.76467066676366 14.976162834373811
242.76466923977557 14.982431520781757
242.7646678123142 14.98870020718961
242.77118147144353 14.96362674925025
242.77118023547493 14.969895435872242
242.77117899909632 14.976164122494163
242.77117776230762 14.982432809116014
242.77117652510876 14.988701495737798
242.77768733150162 14.976165226665348
242.74515963487335 14.932277067232272
242.75167024188312 14.919741533282615
242.75166843988688 14.92601021917243
242.75166663729206 14.932278905062097
242.75166483409856 14.938547590951622
242.75166303030636 14.944816276840998
242.75817686508046 14.919743186827573
242.75817525271623 14.926011872992122
242.75817363981645 14.932280559156558
242.758172026381 14.938549245320873
242.7581704124098 14.94481793148507
242.76468491063196 14.913475970289312
242.76468348837227 14.919744656698173
242.76468206564013 14.926013343106943
242.7646806424354 14.932282029515624
242.764679218758 14.938550715924208
242.76467779460785 14.944819402332705
242.76467636998495 14.951088088741109
242.77119011174742 14.919745942894398
242.7711888786474 14.926014629516866
242.77118764513781 14.932283316139271
242.7711864112185 14.938552002761604
242.7711851768895 14.944820689383869
242.77769673519484 14.919747045416226
242.77769569172696 14.926015732221884
242.77769464791254 14.932284419027486
242.77769360375137 14.938553105833039
242.7776925592435 14.944821792638544
242.78420165074843 14.932285338180252
242.74515564830872 14.944814438400503
242.75166663729206 14.932278905062097
242.75166483409856 14.938547590951622
242.75166303030636 14.944816276840998
242.7516612259153 14.951084962730224
242.75165942092528 14.957353648619309
242.75817363981645 14.932280559156558
242.758172026381 14.938549245320873
242.7581704124098 14.94481793148507
242.75816879790275 14.951086617649155
242.75816718285984 14.957355303813124
242.76468206564013 14.926013343106943
242.7646806424354 14.932282029515624
242.764679218758 14.938550715924208
242.76467779460785 14.944819402332705
242.76467636998495 14.951088088741109
242.76467494488912 14.957356775149423
242.76467351932035 14.963625461557642
242.77118764513781 14.932283316139271
242.7711864112185 14.938552002761604
242.7711851768895 14.944820689383869
242.7711839421507 14.951089376006067
242.77118270700205 14.957358062628193
242.77769464791254 14.932284419027486
242.77769360375137 14.938553105833039
242.7776925592435 14.944821792638544
242.7776915143889 14.951090479444007
242.77769046918743 14.957359166249416
242.78419994165878 14.944822712096727
242.74515165909662 14.957351809568014
242.75166303030636 14.944816276840998
242.7516612259153 14.951084962730224
242.75165942092528 14.957353648619309
242.75165761533623 14.963622334508242
242.75165580914805 14.96989102039703
242.7581704124098 14.94481793148507
242.75816879790275 14.951086617649155
242.75816718285984 14.957355303813124
242.75816556728088 14.963623989976965
242.7581639511659 14.969892676140695
242.764679218758 14.938550715924208
242.76467779460785 14.944819402332705
242.76467636998495 14.951088088741109
242.76467494488912 14.957356775149423
242.76467351932035 14.963625461557642
242.76467209327856 14.969894147965773
242.76467066676366 14.976162834373811
242.7711851768895 14.944820689383869
242.7711839421507 14.951089376006067
242.77118270700205 14.957358062628193
242.77118147144353 14.96362674925025
242.77118023547493 14.969895435872242
242.7776925592435 14.944821792638544
242.7776915143889 14.951090479444007
242.77769046918743 14.957359166249416
242.77768942363912 14.96362785305478
242.77768837774389 14.969896539860088
242.78419823143417 14.957360086013074
242.7451496634975 14.9636204951515
242.7516612259153 14.951084962730224
242.75165942092528 14.957353648619309
242.75165761533623 14.963622334508242
242.75165580914805 14.96989102039703
242.75165400236062 14.976159706285674
242.75816879790275 14.951086617649155
242.75816718285984 14.957355303813124
242.75816556728088 14.963623989976965
242.7581639511659 14.969892676140695
242.75816233451468 14.976161362304307
242.76467779460785 14.944819402332705
242.76467636998495 14.951088088741109
242.76467494488912 14.957356775149423
242.76467351932035 14.963625461557642
242.76467209327856 14.969894147965773
242.76467066676366 14.976162834373811
242.76466923977557 14.982431520781757
242.7711839421507 14.951089376006067
242.77118270700205 14.957358062628193
242.77118147144353 14.96362674925025
242.77118023547493 14.969895435872242
242.77117899909632 14.976164122494163
242.7776915143889 14.951090479444007
242.77769046918743 14.957359166249416
242.77768942363912 14.96362785305478
242.77768837774389 14.969896539860088
242.77768733150162 14.976165226665348
242.7841973758961 14.963628772971198
242.74514766723618 14.969889180734807
242.75165942092528 14.957353648619309
242.75165761533623 14.963622334508242
242.75165580914805 14.96989102039703
242.75165400236062 14.976159706285674
242.7516521949739 14.982428392174166
242.75816718285984 14.957355303813124
242.75816556728088 14.963623989976965
242.7581639511659 14.969892676140695
242.75816233451468 14.976161362304307
242.75816071732726 14.982430048467801
242.76467636998495 14.951088088741109
242.76467494488912 14.957356775149423
242.76467351932035 14.963625461557642
242.76467209327856 14.969894147965773
242.76467066676366 14.976162834373811
242.76466923977557 14.982431520781757
242.7646678123142 14.98870020718961
242.77118270700205 14.957358062628193
242.77118147144353 14.96362674925025
242.77118023547493 14.969895435872242
242.77117899909632 14.976164122494163
242.77117776230762 14.982432809116014
242.77769046918743 14.957359166249416
242.77768942363912 14.96362785305478
242.77768837774389 14.969896539860088
242.77768733150162 14.976165226665348
242.77768628491233 14.982433913470558
242.78419652007418 14.969897459929289
242.75165942092528 14.957353648619309
242.7581704124098 14.94481793148507
242.75816879790275 14.951086617649155
242.75816718285984 14.957355303813124
242.75816556728088 14.963623989976965
242.7581639511659 14.969892676140695
242.76467779460785 14.944819402332705
242.76467636998495 14.951088088741109
242.76467494488912 14.957356775149423
242.76467351932035 14.963625461557642
242.76467209327856 14.969894147965773
242.7711864112185 14.938552002761604
242.7711851768895 14.944820689383869
242.7711839421507 14.951089376006067
242.77118270700205 14.957358062628193
242.77118147144353 14.96362674925025
242.77118023547493 14.969895435872242
242.77117899909632 14.976164122494163
242.7776925592435 14.944821792638544
242.7776915143889 14.951090479444007
242.77769046918743 14.957359166249416
242.77768942363912 14.96362785305478
242.77768837774389 14.969896539860088
242.78419994165878 14.944822712096727
242.78419908668837 14.951091399054919
242.78419823143417 14.957360086013074
242.7841973758961 14.963628772971198
242.78419652007418 14.969897459929289
242.79070599373105 14.957360821919155
242.75165761533623 14.963622334508242
242.75816879790275 14.951086617649155
242.75816718285984 14.957355303813124
242.75816556728088 14.963623989976965
242.7581639511659 14.969892676140695
242.75816233451468 14.976161362304307
242.76467636998495 14.951088088741109
242.76467494488912 14.957356775149423
242.76467351932035 14.963625461557642
242.76467209327856 14.969894147965773
242.76467066676366 14.976162834373811
242.7711851768895 14.944820689383869
242.7711839421507 14.951089376006067
242.77118270700205 14.957358062628193
242.77118147144353 14.96362674925025
242.77118023547493 14.969895435872242
242.77117899909632 14.976164122494163
242.77117776230762 14.982432809116014
242.7776915143889 14.951090479444007
242.77769046918743 14.957359166249416
242.77768942363912 14.96362785305478
242.77768837774389 14.969896539860088
242.77768733150162 14.976165226665348
242.78419908668837 14.951091399054919
242.78419823143417 14.957360086013074
242.7841973758961 14.963628772971198
242.78419652007418 14.969897459929289
242.78419566396832 14.976166146887342
242.7907053282033 14.963629508999505
242.75165580914805 14.96989102039703
242.75816718285984 14.957355303813124
242.75816556728088 14.963623989976965
242.7581639511659 14.969892676140695
242.75816233451468 14.976161362304307
242.75816071732726 14.982430048467801
242.76467494488912 14.957356775149423
242.76467351932035 14.963625461557642
242.76467209327856 14.969894147965773
242.76467066676366 14.976162834373811
242.76466923977557 14.982431520781757
242.7711839421507 14.951089376006067
242.77118270700205 14.957358062628193
242.77118147144353 14.96362674925025
242.77118023547493 14.969895435872242
242.77117899909632 14.976164122494163
242.77117776230762 14.982432809116014
242.77117652510876 14.988701495737798
242.77769046918743 14.957359166249416
242.77768942363912 14.96362785305478
242.77768837774389 14.969896539860088
242.77768733150162 14.976165226665348
242.77768628491233 14.982433913470558
242.78419823143417 14.957360086013074
242.7841973758961 14.963628772971198
242.78419652007418 14.969897459929289
242.78419566396832 14.976166146887342
242.78419480757847 14.982434833845371
242.7907046624547 14.969898196079834
242.7581704124098 14.94481793148507
242.7646806424354 14.932282029515624
242.764679218758 14.938550715924208
242.76467779460785 14.944819402332705
242.76467636998495 14.951088088741109
242.76467494488912 14.957356775149423
242.77118764513781 14.932283316139271
242.7711864112185 14.938552002761604
242.7711851768895 14.944820689383869
242.7711839421507 14.951089376006067
242.77118270700205 14.957358062628193
242.77769569172696 14.926015732221884
242.77769464791254 14.932284419027486
242.77769360375137 14.938553105833039
242.7776925592435 14.944821792638544
242.7776915143889 14.951090479444007
242.77769046918743 14.957359166249416
242.77768942363912 14.96362785305478
242.78420165074843 14.932285338180252
242.78420079634543 14.938554025138506
242.78419994165878 14.944822712096727
242.78419908668837 14.951091399054919
242.78419823143417 14.957360086013074
242.79070865363443 14.932286073597554
242.79070798898965 14.938554760677984
242.7907073241242 14.944823447758395
242.790706659038 14.951092134838783
242.79070599373105 14.957360821919155
242.79721470662855 14.944823999623537
242.75816879790275 14.951086617649155
242.764679218758 14.938550715924208
242.76467779460785 14.944819402332705
242.76467636998495 14.951088088741109
242.76467494488912 14.957356775149423
242.76467351932035 14.963625461557642
242.7711864112185 14.938552002761604
242.7711851768895 14.944820689383869
242.7711839421507 14.951089376006067
242.77118270700205 14.957358062628193
242.77118147144353 14.96362674925025
242.77769464791254 14.932284419027486
242.77769360375137 14.938553105833039
242.7776925592435 14.944821792638544
242.7776915143889 14.951090479444007
242.77769046918743 14.957359166249416
242.77768942363912 14.96362785305478
242.77768837774389 14.969896539860088
242.78420079634543 14.938554025138506
242.78419994165878 14.944822712096727
242.78419908668837 14.951091399054919
242.78419823143417 14.957360086013074
242.7841973758961 14.963628772971198
242.79070798898965 14.938554760677984
242.7907073241242 14.944823447758395
242.790706659038 14.951092134838783
242.79070599373105 14.957360821919155
242.7907053282033 14.963629508999505
242.7972142314266 14.951092686795592
242.75816718285984 14.957355303813124
242.76467779460785 14.944819402332705
242.76467636998495 14.951088088741109
242.76467494488912 14.957356775149423
242.76467351932035 14.963625461557642
242.76467209327856 14.969894147965773
242.7711851768895 14.944820689383869
242.7711839421507 14.951089376006067
242.77118270700205 14.957358062628193
242.77118147144353 14.96362674925025
242.77118023547493 14.969895435872242
242.77769360375137 14.938553105833039
242.7776925592435 14.944821792638544
242.7776915143889 14.951090479444007
242.77769046918743 14.957359166249416
242.77768942363912 14.96362785305478
242.77768837774389 14.969896539860088
242.77768733150162 14.976165226665348
242.78419994165878 14.944822712096727
242.78419908668837 14.951091399054919
242.78419823143417 14.957360086013074
242.7841973758961 14.963628772971198
242.78419652007418 14.969897459929289
242.7907073241242 14.944823447758395
242.790706659038 14.951092134838783
242.79070599373105 14.957360821919155
242.7907053282033 14.963629508999505
242.7907046624547 14.969898196079834
242.79721375606695 14.957361373967643
242.75816556728088 14.963623989976965
242.76467636998495 14.951088088741109
242.76467494488912 14.957356775149423
242.76467351932035 14.963625461557642
242.76467209327856 14.969894147965773
242.76467066676366 14.976162834373811
242.7711839421507 14.951089376006067
242.77118270700205 14.957358062628193
242.77118147144353 14.96362674925025
242.77118023547493 14.969895435872242
242.77117899909632 14.976164122494163
242.7776925592435 14.944821792638544
242.7776915143889 14.951090479444007
242.77769046918743 14.957359166249416
242.77768942363912 14.96362785305478
242.77768837774389 14.969896539860088
242.77768733150162 14.976165226665348
242.77768628491233 14.982433913470558
242.78419908668837 14.951091399054919
242.78419823143417 14.957360086013074
242.7841973758961 14.963628772971198
242.78419652007418 14.969897459929289
242.78419566396832 14.976166146887342
242.790706659038 14.951092134838783
242.79070599373105 14.957360821919155
242.7907053282033 14.963629508999505
242.7907046624547 14.969898196079834
242.7907039964852 14.976166883160145
242.7972132805495 14.963630061139682
242.7581639511659 14.969892676140695
242.76467494488912 14.957356775149423
242.76467351932035 14.963625461557642
242.76467209327856 14.969894147965773
242.76467066676366 14.976162834373811
242.76466923977557 14.982431520781757
242.77118270700205 14.957358062628193
242.77118147144353 14.96362674925025
242.77118023547493 14.969895435872242
242.77117899909632 14.976164122494163
242.77117776230762 14.982432809116014
242.7776915143889 14.951090479444007
242.77769046918743 14.957359166249416
242.77768942363912 14.96362785305478
242.77768837774389 14.969896539860088
242.77768733150162 14.976165226665348
242.77768628491233 14.982433913470558
242.7776852379759 14.988702600275719
242.78419823143417 14.957360086013074
242.7841973758961 14.963628772971198
242.78419652007418 14.969897459929289
242.78419566396832 14.976166146887342
242.78419480757847 14.982434833845371
242.79070599373105 14.957360821919155
242.7907053282033 14.963629508999505
242.7907046624547 14.969898196079834
242.7907039964852 14.976166883160145
242.79070333029486 14.982435570240431
242.7972128048743 14.969898748311712
242.75816233451468 14.976161362304307
242.76467351932035 14.963625461557642
242.76467209327856 14.969894147965773
242.76467066676366 14.976162834373811
242.76466923977557 14.982431520781757
242.7646678123142 14.98870020718961
242.77118147144353 14.96362674925025
242.77118023547493 14.969895435872242
242.77117899909632 14.976164122494163
242.77117776230762 14.982432809116014
242.77117652510876 14.988701495737798
242.77769046918743 14.957359166249416
242.77768942363912 14.96362785305478
242.77768837774389 14.969896539860088
242.77768733150162 14.976165226665348
242.77768628491233 14.982433913470558
242.7776852379759 14.988702600275719
242.77768419069238 14.994971287080832
242.7841973758961 14.963628772971198
242.78419652007418 14.969897459929289
242.78419566396832 14.976166146887342
242.78419480757847 14.982434833845371
242.7841939509046 14.988703520803362
242.7907053282033 14.963629508999505
242.7907046624547 14.969898196079834
242.7907039964852 14.976166883160145
242.79070333029486 14.982435570240431
242.79070266388354 14.988704257320702
242.79721232904123 14.976167435483735
242.76467636998495 14.951088088741109
242.7711864112185 14.938552002761604
242.7711851768895 14.944820689383869
242.7711839421507 14.951089376006067
242.77118270700205 14.957358062628193
242.77118147144353 14.96362674925025
242.77769360375137 14.938553105833039
242.7776925592435 14.944821792638544
242.7776915143889 14.951090479444007
242.77769046918743 14.957359166249416
242.77768942363912 14.96362785305478
242.78420165074843 14.932285338180252
242.78420079634543 14.938554025138506
242.78419994165878 14.944822712096727
242.78419908668837 14.951091399054919
242.78419823143417 14.957360086013074
242.7841973758961 14.963628772971198
242.78419652007418 14.969897459929289
242.79070798898965 14.938554760677984
242.7907073241242 14.944823447758395
242.790706659038 14.951092134838783
242.79070599373105 14.957360821919155
242.7907053282033 14.963629508999505
242.79721518167278 14.938555312451463
242.79721470662855 14.944823999623537
242.7972142314266 14.951092686795592
242.79721375606695 14.957361373967643
242.7972132805495 14.963630061139682
242.80372180384316 14.951093054925341
242.76467494488912 14.957356775149423
242.7711851768895 14.944820689383869
242.7711839421507 14.951089376006067
242.77118270700205 14.957358062628193
242.77118147144353 14.96362674925025
242.77118023547493 14.969895435872242
242.7776925592435 14.944821792638544
242.7776915143889 14.951090479444007
242.77769046918743 14.957359166249416
242.77768942363912 14.96362785305478
242.77768837774389 14.969896539860088
242.78420079634543 14.938554025138506
242.78419994165878 14.944822712096727
242.78419908668837 14.951091399054919
242.78419823143417 14.957360086013074
242.7841973758961 14.963628772971198
242.78419652007418 14.969897459929289
242.78419566396832 14.976166146887342
242.7907073241242 14.944823447758395
242.790706659038 14.951092134838783
242.79070599373105 14.957360821919155
242.7907053282033 14.963629508999505
242.7907046624547 14.969898196079834
242.79721470662855 14.944823999623537
242.7972142314266 14.951092686795592
242.79721375606695 14.957361373967643
242.7972132805495 14.963630061139682
242.7972128048743 14.969898748311712
242.80372151843076 14.957361742158534
242.76467351932035 14.963625461557642
242.7711839421507 14.951089376006067
242.77118270700205 14.957358062628193
242.77118147144353 14.96362674925025
242.77118023547493 14.969895435872242
242.77117899909632 14.976164122494163
242.7776915143889 14.951090479444007
242.77769046918743 14.957359166249416
242.77768942363912 14.96362785305478
242.77768837774389 14.969896539860088
242.77768733150162 14.976165226665348
242.78419994165878 14.944822712096727
242.78419908668837 14.951091399054919
242.78419823143417 14.957360086013074
242.7841973758961 14.963628772971198
242.78419652007418 14.969897459929289
242.78419566396832 14.976166146887342
242.78419480757847 14.982434833845371
242.790706659038 14.951092134838783
242.79070599373105 14.957360821919155
242.7907053282033 14.963629508999505
242.7907046624547 14.969898196079834
242.7907039964852 14.976166883160145
242.7972142314266 14.951092686795592
242.79721375606695 14.957361373967643
242.7972132805495 14.963630061139682
242.7972128048743 14.969898748311712
242.79721232904123 14.976167435483735
242.80372123292366 14.96363042939173
242.771195040053 14.894671196403827
242.77770298872656 14.882134924581269
242.77770194733716 14.88840361138722
242.77770090560145 14.89467229819312
242.77769986351942 14.90094098499897
242.77769882109104 14.90720967180477
242.78420847576422 14.88213584251303
242.78420762362924 14.888404529471545
242.78420677121093 14.894673216430029
242.78420591850926 14.900941903388485
242.78420506552413 14.907210590346905
242.79071462551184 14.875867889872792
242.79071396285173 14.882136576953403
242.79071329997126 14.888405264033988
242.79071263687038 14.894673951114559
242.79071197354907 14.900942638195108
242.79071131000723 14.907211325275636
242.79071064624486 14.913480012356146
242.79721944997803 14.882137127902373
242.79721897635207 14.888405815074536
242.79721850256865 14.894674502246687
242.7972180286277 14.900943189418827
242.79721755452917 14.907211876590962
242.8037249371321 14.88213749535994
242.80372465276062 14.888406182593176
242.80372436829467 14.89467486982641
242.80372408373407 14.90094355705964
242.80372379907894 14.90721224429286
242.81023023403733 14.894675053853721
242.77118270700205 14.957358062628193
242.7776925592435 14.944821792638544
242.7776915143889 14.951090479444007
242.77769046918743 14.957359166249416
242.77768942363912 14.96362785305478
242.77768837774389 14.969896539860088
242.78419994165878 14.944822712096727
242.78419908668837 14.951091399054919
242.78419823143417 14.957360086013074
242.7841973758961 14.963628772971198
242.78419652007418 14.969897459929289
242.79070798898965 14.938554760677984
242.7907073241242 14.944823447758395
242.790706659038 14.951092134838783
242.79070599373105 14.957360821919155
242.7907053282033 14.963629508999505
242.7907046624547 14.969898196079834
242.7907039964852 14.976166883160145
242.79721470662855 14.944823999623537
242.7972142314266 14.951092686795592
242.79721375606695 14.957361373967643
242.7972132805495 14.963630061139682
242.7972128048743 14.969898748311712
242.80372208916083 14.944824367692139
242.80372180384316 14.951093054925341
242.80372151843076 14.957361742158534
242.80372123292366 14.96363042939173
242.8037209473218 14.969899116624918
242.8102292808113 14.957361926491824
242.77768942363912 14.96362785305478
242.78419908668837 14.951091399054919
242.78419823143417 14.957360086013074
242.7841973758961 14.963628772971198
242.78419652007418 14.969897459929289
242.78419566396832 14.976166146887342
242.790706659038 14.951092134838783
242.79070599373105 14.957360821919155
242.7907053282033 14.963629508999505
242.7907046624547 14.969898196079834
242.7907039964852 14.976166883160145
242.79721470662855 14.944823999623537
242.7972142314266 14.951092686795592
242.79721375606695 14.957361373967643
242.7972132805495 14.963630061139682
242.7972128048743 14.969898748311712
242.79721232904123 14.976167435483735
242.79721185305036 14.98243612265574
242.80372180384316 14.951093054925341
242.80372151843076 14.957361742158534
242.80372123292366 14.96363042939173
242.8037209473218 14.969899116624918
242.80372066162522 14.976167803858104
242.8102293762764 14.951093239228017
242.8102292808113 14.957361926491824
242.8102291853145 14.963630613755631
242.81022908978608 14.969899301019442
242.81022899422592 14.976167988283251
242.81673713771102 14.963630614231402
