# successful candidates for region at (199.08990378950398, 42.448496956302186) and radius 1.0
199.84688488017463 42.98928148922463
199.86412912257157 43.01416430165011
199.82148916122046 42.98944492414902
199.82980448763024 42.976893568930414
199.82987944116098 42.983142317221144
199.82995441579857 42.9893910654253
199.83002941155124 42.99563981354287
199.83010442842715 43.00188856157379
199.83826801263334 42.97683910597276
199.8383438233959 42.98308784658887
199.83841965550664 42.989336587116426
199.8384955089739 42.99558532755538
199.83857138380594 43.001834067905705
199.8466548762021 42.970535290662
199.84673152260905 42.976784023606754
199.84680819059707 42.98303275646098
199.84688488017463 42.98928148922463
199.84696159135012 42.99553022189767
199.84703832413197 43.00177895448006
199.84711507852856 43.008027686971786
199.85519501738747 42.97672832183472
199.85527254259455 42.98297704683981
199.8553500896325 42.98922577175226
199.8554276585098 42.99547449657207
199.85550524923497 43.0017232212992
199.8636584967988 42.976672000659
199.8637368792184 42.982920717727644
199.86381528371024 42.98916943470164
199.86389371028287 42.995418151580914
199.86397215894488 43.00166686836544
199.87228046223782 42.98911247807513
199.8387231975978 43.014331548340316
199.84703832413197 43.00177895448006
199.84711507852856 43.008027686971786
199.84719185454833 43.01427641937278
199.84726865219974 43.02052515168301
199.84734547149117 43.02677388390245
199.85550524923497 43.0017232212992
199.85558286181654 43.00797194593361
199.85566049626303 43.014220670475254
199.85573815258294 43.02046939492412
199.85581583078476 43.02671811928013
199.86389371028287 42.995418151580914
199.86397215894488 43.00166686836544
199.86405062970493 43.00791558505518
199.86412912257157 43.01416430165011
199.86420763755345 43.02041301815019
199.8642861746592 43.02666173455534
199.86436473389742 43.03291045086558
199.87243905309148 43.00160989568115
199.8725183820234 43.007858604338885
199.87259773330368 43.01410731289972
199.87267710694096 43.02035602136359
199.87275650294401 43.02660472973048
199.88090593150463 43.00155230324871
199.88098611860178 43.00780100378709
199.881066328289 43.01404970422644
199.88114656057502 43.02029840456673
199.8812268154687 43.02654710480793
199.88953490735724 43.013991475632714
