# successful candidates for region at (141.01499464212714, 46.59584615292482) and radius 1.0
140.34052749051676 46.8935389046538
140.3497457207101 46.89359250015661
140.3128729120783 46.89337369305029
140.3222515617849 46.88098570037946
140.3221713358968 46.88720760078303
140.3220910859478 46.89342950109773
140.3220108119276 46.899651401323545
140.32193051382595 46.90587330146042
140.33146762006893 46.88104075439739
140.3313884613274 46.88726266305856
140.33130927884497 46.89348457163321
140.33123007261145 46.899706480121324
140.33115084261678 46.90592838852283
140.34076176528632 46.87487315422925
140.34068369711073 46.88109507112161
140.3406056055242 46.8873169879298
140.34052749051676 46.8935389046538
140.34044935207842 46.89976082129358
140.34037119019914 46.90598273784908
140.34029300486895 46.912204654320284
140.3498997926574 46.88114865054921
140.34982276823422 46.88737057539386
140.3497457207101 46.89359250015661
140.34966865007524 46.899814424837416
140.34959155631972 46.906036349436235
140.3591159064562 46.88120149267732
140.35903994920452 46.88742342544788
140.35896396917198 46.89364535813877
140.35888796634882 46.89986729074998
140.35881194072527 46.906089223281455
140.3681822356493 46.89369747859747
140.3220910859478 46.89342950109773
140.33146762006893 46.88104075439739
140.3313884613274 46.88726266305856
140.33130927884497 46.89348457163321
140.33123007261145 46.899706480121324
140.33115084261678 46.90592838852283
140.34068369711073 46.88109507112161
140.3406056055242 46.8873169879298
140.34052749051676 46.8935389046538
140.34044935207842 46.89976082129358
140.34037119019914 46.90598273784908
140.34997679398953 46.874926725622664
140.3498997926574 46.88114865054921
140.34982276823422 46.88737057539386
140.3497457207101 46.89359250015661
140.34966865007524 46.899814424837416
140.34959155631972 46.906036349436235
140.34951443943373 46.91225827395305
140.3591159064562 46.88120149267732
140.35903994920452 46.88742342544788
140.35896396917198 46.89364535813877
140.35888796634882 46.89986729074998
140.35881194072527 46.906089223281455
140.36833203825418 46.881253597503154
140.36825714818218 46.88747553808903
140.3681822356493 46.89369747859747
140.36810730064593 46.89991941902844
140.3680323431625 46.90614135938192
140.37740051988897 46.89374886152993
