# # ids of objects in overdense bins for (14.748888716083442, -33.23870836332401)
# 
5.003199981407548416e+18
5.003200050127030272e+18
5.003198607018029056e+18
5.003198881895936000e+18
5.003194518209165312e+18
5.003199332868807680e+18
5.003199878328349696e+18
5.003199539027233792e+18
5.003199809608856576e+18
5.003211904236542976e+18
5.003199367228545024e+18
5.003212144754712576e+18
5.003197541866027008e+18
5.003195274123293696e+18
5.003212011611319296e+18
5.003216096124670976e+18
5.003212904965494784e+18
5.003199397291954176e+18
5.003197885463442432e+18
5.003199161070117888e+18
5.003210705940725760e+18
5.003198538298466304e+18
5.003210740300462080e+18
5.003212076035227648e+18
5.003211771094130688e+18
5.003199156773772288e+18
5.003200054423348224e+18
5.003200020063610880e+18
5.003198817472806912e+18
5.003199603450395648e+18
5.003198813176395776e+18
5.003199637810134016e+18
5.003211732437831680e+18
5.003200084486773760e+18
5.003200084486772736e+18
5.003198916255635456e+18
5.003198881895892992e+18
5.003199843968580608e+18
5.003199534730936320e+18
5.003194449489302528e+18
5.003212939323964416e+18
5.003211702374695936e+18
5.003196717232289792e+18
5.003195102324334592e+18
5.003195067964844032e+18
5.027219946788406272e+18
5.027214174351642624e+18
5.027218301814776832e+18
5.027232007055413248e+18
5.027216854411427840e+18
5.027220397761208320e+18
5.027218748491262976e+18
5.027214621028190208e+18
5.027220363398962176e+18
5.027214621028190208e+18
5.027214071272375296e+18
5.027219637550381056e+18
5.027219671910119424e+18
5.027219916722337792e+18
5.027231526019049472e+18
5.027232178854083584e+18
5.027218714132569088e+18
5.027216549468237824e+18
5.027213525813501952e+18
5.027214144288789504e+18
5.027214655387951104e+18
5.027232350652786688e+18
5.027214346150306816e+18
5.027218748493709312e+18
5.027214758467168256e+18
5.027214350447217664e+18
5.027216549470522368e+18
5.027218404894092288e+18
5.027215278160150528e+18
5.027215926698379264e+18
5.027217919563172864e+18
5.027232178854085632e+18
5.027231732177494016e+18
5.027218675478070272e+18
5.027215445662035968e+18
5.027217575966068736e+18
5.027218022642432000e+18
5.027220500840423424e+18
5.027220225962518528e+18
5.027218851572924416e+18
5.027215175078518784e+18
5.027218331880136704e+18
5.027217610325834752e+18
5.027216854411457536e+18
5.027219779285852160e+18
5.027231599035845632e+18
5.027231324157937664e+18
5.027220049867182080e+18
5.027221359833812992e+18
5.027231599035847680e+18
5.027221492976334848e+18
5.027231251141131264e+18
5.027220152946424832e+18
5.027219848003859456e+18
5.027219195168827392e+18
5.027221286817896448e+18
5.027218473615808512e+18
5.027217889497835520e+18
5.027231079342428160e+18
5.027220015507570688e+18
5.027231319864833024e+18
5.027218473613375488e+18
5.027217232368649216e+18
5.027218301817113600e+18
5.027168716417786880e+18
5.027214964626315264e+18
5.027214243071150080e+18
5.027214895906142208e+18
5.027220569557819392e+18
5.027218542335287296e+18
5.027218572398397440e+18
5.027218160081411072e+18
5.027231839554011136e+18
5.027214900200999936e+18
5.027215621755092992e+18
5.027219362672400384e+18
5.027215003279900672e+18
5.027220019804016640e+18
5.027215759194267648e+18
5.027218091361958912e+18
5.027216957490708480e+18
