# # ids of objects in overdense bins for (248.1417584976066, -12.485207739836195)
# 
4.330438507484945408e+18
4.330438576199541760e+18
4.330462387498612224e+18
4.330464311645918720e+18
4.330465445520382976e+18
4.330462971616044544e+18
4.330463830608505856e+18
4.330462834177075200e+18
4.330462662378413568e+18
4.330463555732430336e+18
4.330462696738149376e+18
4.330462387500452864e+18
4.330465411157729280e+18
4.330465170639444992e+18
4.330462765455834624e+18
4.330462765455834112e+18
4.330463693170693632e+18
4.330463555729945088e+18
4.330477127828521984e+18
4.330462009543310336e+18
4.330477127828520960e+18
4.330464208566644736e+18
4.330462971616063488e+18
4.330462456218064896e+18
4.330463521370202112e+18
4.330462250064662528e+18
4.330462593662045184e+18
4.330464208569747456e+18
4.330465101918634496e+18
4.330477265270072320e+18
4.330462799815581184e+18
4.330464277287120896e+18
4.330462383203435520e+18
4.330464208567439360e+18
4.330462799815576576e+18
4.330463315216577536e+18
4.330475615998874624e+18
4.330465067563232256e+18
4.330477329693648384e+18
4.330465204999200256e+18
4.330462628018684416e+18
4.330465548596684800e+18
4.330463796252925952e+18
4.330465028905788416e+18
4.330464242926402560e+18
4.330464414725150720e+18
4.330462726801684992e+18
4.330462318783612416e+18
4.330465544299566080e+18
4.330477265267499520e+18
4.330463727530466304e+18
4.330465033198914048e+18
4.330464208564782080e+18
4.330464277286198272e+18
4.330465033198912512e+18
4.330462387498594816e+18
4.330462348844287488e+18
4.330462696736303616e+18
4.330465136278390272e+18
4.330464311645945856e+18
4.330477162187107328e+18
4.330464208564800000e+18
4.330463796248749568e+18
4.330464311644147200e+18
4.330463521370323456e+18
4.330462589366008832e+18
4.330477162187104768e+18
4.330464414723360256e+18
4.330462967320128512e+18
4.330477123531358208e+18
4.330463761892856320e+18
4.330465479877184000e+18
4.330465239358943232e+18
4.330462765455794688e+18
4.330477265266333696e+18
4.330475719078112768e+18
4.330463727529289728e+18
4.330463899331820544e+18
4.330461902168891904e+18
4.330465308077255680e+18
4.330464277284429312e+18
4.330463658811338752e+18
4.330463899331816448e+18
4.330463280854203392e+18
4.330463864968255488e+18
4.330462628018656256e+18
4.330462593658915328e+18
4.330475684719497216e+18
4.330475719078119936e+18
4.330462731097867264e+18
4.330475920940518400e+18
4.330477162188273664e+18
4.330463036040279552e+18
4.330465308077262848e+18
4.330465475580056576e+18
4.330465308077128704e+18
4.330465479880119296e+18
4.330465136279732224e+18
4.330465376800902144e+18
4.330477265270387712e+18
4.330463658809757696e+18
4.330477226611169280e+18
4.330477677587253248e+18
4.330464242926425088e+18
4.330462799820000256e+18
4.330464242926422016e+18
4.330465308077207552e+18
4.330463624453861376e+18
4.330463383935558144e+18
4.330475577343077888e+18
4.330477157891574272e+18
4.330465376796814848e+18
4.330465101922608128e+18
4.330463040335601152e+18
4.330464311645921280e+18
4.330464277284387840e+18
4.330462765455895040e+18
4.330465131982625792e+18
4.330463624453866496e+18
4.330462524940271616e+18
4.330462765455894016e+18
4.330461975183572992e+18
4.330463590089892864e+18
4.330475512919646208e+18
