# successful candidates for region at (184.637554434256, 34.84156266422092) and radius 1.0
183.95728187102816 34.61484190553402
183.97260367309343 34.61492631685981
183.93429922735717 34.61471168337349
183.94206422808736 34.60235040593484
183.9420121709196 34.608552988718046
183.94196010053875 34.61475557144822
183.9419080169406 34.62095815412534
183.941855920121 34.6271607367494
183.9497239626858 34.60239380231607
183.94967247877273 34.608596390601704
183.949620981792 34.61479897883548
183.94956947173958 34.62100156701739
183.94951794861126 34.62720415514737
183.9574346029983 34.596234124352556
183.95738370526098 34.60243671813041
183.95733279460563 34.60863931185757
183.95728187102816 34.61484190553402
183.95723093452443 34.62104449915973
183.95717998509042 34.62724709273469
183.957129022722 34.63344968625888
183.96504345572416 34.60247915337662
183.96499311832952 34.60868175248437
183.96494276815824 34.61488435154255
183.96489240520626 34.62108695055112
183.9648420294696 34.62728954951007
183.97270321398645 34.60252110805344
183.9726534498555 34.60872371248085
183.97260367309343 34.61492631685981
183.97255388369618 34.6211289211903
183.9725040816598 34.627331525472286
183.98026458574483 34.61496780148458
183.949620981792 34.61479897883548
183.95738370526098 34.60243671813041
183.95733279460563 34.60863931185757
183.95728187102816 34.61484190553402
183.95723093452443 34.62104449915973
183.95717998509042 34.62724709273469
183.96504345572416 34.60247915337662
183.96499311832952 34.60868175248437
183.96494276815824 34.61488435154255
183.96489240520626 34.62108695055112
183.9648420294696 34.62728954951007
183.97275296549026 34.59631850357757
183.97270321398645 34.60252110805344
183.9726534498555 34.60872371248085
183.97260367309343 34.61492631685981
183.97255388369618 34.6211289211903
183.9725040816598 34.627331525472286
183.97245426698026 34.633534129705765
183.98036297995912 34.602562582159614
183.9803137890948 34.60876519184578
183.98026458574483 34.61496780148458
183.98021536990524 34.62117041107603
183.98016614157208 34.627373020620084
183.9880227535533 34.60260357569396
183.98797413595855 34.60880619057792
183.98792550602357 34.615008805415634
183.98787686374453 34.62121142020708
183.98782820911754 34.627414034952245
183.9955864338408 34.61504932865176
