# successful candidates for region at (199.43302657841676, 31.07062138071068) and radius 1.0200.05239269017858 30.959164159827004
200.0524337825248 30.965493063538187
200.05848030367727 30.92116032279911
200.05868765548408 30.95280482270368
200.0587291575956 30.95913372257123
200.06498178692647 30.94644518358891
200.06502369859044 30.95277407957487
200.0650656209491 30.959102975522253
200.07102138536234 30.90211188937563
200.07106364164005 30.908440781677786
200.0711059086975 30.91476967394069
200.07131740579138 30.946414134665844
200.07135973759372 30.95274302669292
200.07739673779088 30.90840944701542
200.07748212178421 30.92106722351383
200.07761027948044 30.940053887960897
200.07765302051368 30.946382776029722
200.07769577245284 30.952711664058423
200.08368673471685 30.902048918600364
200.08377293581202 30.91470668711345
200.0838160528533 30.92103557130874
200.08385918089476 30.927364455463152
200.083945469991 30.940022223649354
200.08398863105228 30.946351107681114
200.09006291752917 30.908345849264098
200.09014997970405 30.921003609549608
200.0902370863076 30.933661369668485
200.09028065627834 30.939990249665403
200.09032423736602 30.94631912962062
200.09036782957398 30.952648009534116
200.09045504736375 30.9653057692359
200.09661583830137 30.93995796600965
200.09665983941386 30.946286841848835
200.1217739146407 30.914510298301344
200.12801532257936 30.901818773694135
200.12806135328407 30.908147628640805
200.12810739573123 30.91447648354088
200.13430152208318 30.895455807473464
200.13434796031427 30.901784658119794
200.13439441039134 30.908113508718703
200.13444087231784 30.914442359270165
200.14068059350765 30.901750233114694
