# successful candidates for region at (147.77372213715705, 1.0182844798655633) and radius 1.0147.0985617427575 0.3298369662241573
147.09855576005523 0.3803243349442096
147.1048802844838 0.37401445399153216
147.1048787595284 0.3866363016139522
147.10487798893422 0.39294722542410704
147.11120478918963 0.36770455782829703
147.11120328937022 0.38032641084884933
147.11120253142087 0.38663733735809697
147.11120176811167 0.39294826386665255
147.11753965916125 0.26673070869403
147.1175383435243 0.27935256708047135
147.1175270540312 0.38032743408146713
147.11752630331566 0.386638363263469
147.11752554729145 0.39294929244479226
147.1238633023626 0.26673167446744944
147.12386265351128 0.27304260630787347
147.12386199940295 0.27935353814770314
147.12385081869445 0.38032844750093153
147.12385007521274 0.3866393793300544
147.13018694556578 0.26673263088907906
147.13018565528347 0.2793544998118827
147.13650801294207 0.29197732618478683
147.18077490239392 0.2793618546138871
147.21871958611476 0.24781213343969255
147.24401660044958 0.21626042920125016
147.2440161058308 0.2225714064659172
147.25034019501828 0.2162611908626461
147.25666378958832 0.21626194337706103
147.25666330677805 0.22257292488450245
147.25666281978513 0.2288839063915879
147.2629873841597 0.2162626867444837
147.27563172228412 0.2541300721095508
147.2819563072414 0.24150882070445048
