# successful candidates for region at (226.21231682385866, 55.23433416734476) and radius 1.0225.35641234082325 54.76614130024118
225.35627835719282 54.77246253955217
225.3561443247411 54.77878377866646
225.36264031053284 54.772507332170676
225.38120577422828 54.797924789785526
225.3877009631655 54.79164699888385
225.38757176893762 54.79796827763531
225.38744252760085 54.80428955620403
225.394065974553 54.791690144512394
225.39393777731667 54.798011431126746
225.40043099949736 54.79173295584223
225.40679603789312 54.79177543287212
225.41316108963497 54.79181757560086
225.4130358834175 54.798138885438405
