# successful candidates for region at (5.149577710496698, 2.957678688289584) and radius 1.05.384320178356013 2.9404480639432147
5.403292915684719 2.9341163372597467
5.4096029536266546 2.8708392202207182
5.409604409260955 2.877166786194891
5.415928778443813 2.8771653026702997
5.441210036006786 2.8138834086493354
5.447532409755029 2.807554199779181
5.447535699486784 2.8202093180650936
5.447537348013499 2.8265368772071
5.453858070776124 2.8138800738054557
5.453861435314634 2.826535189630661
5.460182088132805 2.813878353298362
5.4601838040927575 2.820205909955762
