# successful candidates for region at (198.08280064089263, 62.31320375299435) and radius 1.0198.05708762040288 61.97095566725476
198.0570823019097 61.97725660379976
198.05707698101077 61.98355754034452
198.06343307427883 61.97095670492711
198.06342906828206 61.97725764170675
198.06978122080864 61.96465651352982
198.06977852852614 61.97095745047808
198.0697758350261 61.97725838742626
198.07612398302314 61.97095790390762
198.08246943764814 61.97095806521572
198.08881489227954 61.970957934402364
198.5402000348101 61.604736539449334
