# successful candidates for region at (220.96929928391916, 17.822811755473772) and radius 1.0221.74303266257485 18.424590042894167
221.74933782672136 18.41823845106181
221.7556711470959 18.418213039021616
221.7620044656117 18.41818742150211
221.78065060337832 18.342192987445134
221.79331170299682 18.342139998357077
221.79985331039106 18.38639764976779
221.8061550557991 18.380044267771964
221.80618546422687 18.386370614141676
221.8062158816893 18.392696960477167
221.81245634824637 18.37369068857238
221.81248697761686 18.380017030900056
221.8125176160886 18.386343373193007
221.8188188974465 18.379989588736727
