# # ids of objects in overdense bins for (75.94023540966185, -71.46392811581674)
4.655042648168683520e+18
4.655043129189256192e+18
4.655044263099355136e+18
4.655044267362057216e+18
4.655042132793754624e+18
4.655044198642619392e+18
4.655042137030000640e+18
4.655042343188261888e+18
4.655042338951845888e+18
4.655042132757665792e+18
4.655042137029995520e+18
4.655042102670252032e+18
4.655043129227294720e+18
4.655042343216685056e+18
4.655042648168656896e+18
4.655042545089444864e+18
4.655042648168658944e+18
4.655042579472153600e+18
4.655042132793397248e+18
4.655041995354575872e+18
4.655042923069422592e+18
4.655042545112685568e+18
4.655042308828483584e+18
4.655042545052203008e+18
4.655042137058349056e+18
4.655042171418086400e+18
4.655042338915645440e+18
4.655042304555838464e+18
4.655042068338867200e+18
4.655042068338867200e+18
4.655044263041191936e+18
4.655043060508432384e+18
4.655042201513213952e+18
4.655042338915570688e+18
4.655042171418066944e+18
4.652040264157456384e+18
4.652040264157459456e+18
4.652040088106378240e+18
4.652041496809454592e+18
4.652040229778473984e+18
4.652040088106379264e+18
4.652040195418754048e+18
4.652040225493945344e+18
4.652041496857797632e+18
4.652040191139398656e+18
4.652040126717916160e+18
4.652040092339502080e+18
4.652040122414680064e+18
4.652040053746876416e+18
4.652041462497990656e+18
4.652041501107507200e+18
4.652040126717919232e+18
4.652040088106351616e+18
4.652041737301749760e+18
4.652041771735626752e+18
4.652041913405591552e+18
4.652041672906161152e+18
4.652041634243483648e+18
4.652041874814813184e+18
4.652041737322424320e+18
4.652041741625627648e+18
4.652041672906177536e+18
4.652041775966654464e+18
4.652041771682176000e+18
4.652041668656418816e+18
