# successful candidates for region at (142.70994031672498, 73.42661341098966) and radius 1.0142.22020792237635 73.61562097641877
142.22686657254334 73.61563626461016
142.23352523470948 73.61565134351747
142.23245211400885 73.65352058710909
142.2401839087094 73.61566621314016
142.2678122468739 73.57785418272935
142.3088740223161 73.52744099183946
142.30767521828122 73.57793379840975
142.31476205892037 73.5590115207976
142.31446685491414 73.57163473161918
142.3212534267224 73.56533544643503
142.32096295673324 73.57795866651442
142.45403348539054 73.56553803321565
142.45393789955992 73.57184972119073
142.45355482016112 73.59709647263261
142.46067256555514 73.56554597169193
142.46057945948016 73.57185766271895
142.46048628178968 73.57816935370249
142.46011285321958 73.60341611720116
142.4673116518733 73.56555370151212
142.46722102556106 73.57186539551084
142.4668578224262 73.59711217109346
142.47395074418114 73.56556122267594
142.47386259763854 73.57187291956612
142.4734208463479 73.60343140343196
142.48058984231474 73.56556853518306
