# successful candidates for region at (355.4051492953025, -2.1398638058373933) and radius 1.0354.62257428053846 -2.2399336772015617
354.6225776049288 -2.233611149540595
354.6225809229376 -2.2272886218762977
354.6226039703276 -2.1830309281334617
354.6289235953153 -2.18935668971733
354.6668915972507 -2.1261500484915192
354.68585655034906 -2.1324815898474694
354.6858595064598 -2.12615903156617
354.68586245670696 -2.1198364732821395
354.69218214291163 -2.1261619739707074
354.6984872680943 -2.1641002748709695
354.7300984269006 -2.170437129847782
354.73641846005876 -2.176762490420977
354.7427440660724 -2.170442663110129
354.74906415196284 -2.1767679767616546
354.7490696140734 -2.164122804246698
354.74907505478825 -2.151477631722557
354.74908047410844 -2.1388324591892642
354.7553897053355 -2.170448091743162
354.75539510421606 -2.1578029139080006
354.7553977957104 -2.1514803249870464
354.75540048190754 -2.145157736063848
354.7554031628078 -2.1388351471384093
354.7554058384112 -2.132512558210735
354.7617178713491 -2.1578055837243073
354.7617205366547 -2.151482992171352
354.76172585152926 -2.138837809058842
354.76803799419326 -2.1641308215917205
354.7680406385042 -2.1578082274346615
354.76804327762096 -2.1514856332754406
354.7996544746026 -2.157821054396017
