# successful candidates for region at (167.34312945621178, 0.08058468784282549) and radius 1.0167.64197870037117 0.6388761197424951
167.64197922672426 0.6515273004272524
167.6483018086887 0.6388759646169839
167.64830234617835 0.6515271428484144
167.6546246464907 0.63255021838016
167.654624917006 0.6388758062436795
167.65462519005317 0.6452013941070996
167.65462574374305 0.6578525698336365
167.6862429427559 0.6894796153885943
167.70520794101148 0.6009209608133617
167.70520824074137 0.6072465377342701
