# successful candidates for region at (193.20173056866298, 12.015448521016154) and radius 1.0192.71089031481483 11.200381609467943
192.717209186618 11.194061947878659
192.74871813554137 11.213104637955839
192.75502644064701 11.21311453051028
192.7550164238985 11.219444924917573
192.7550064030753 11.225775319318966
192.76133474619152 11.213124284345508
192.76132487089245 11.219454680697238
192.76131499157626 11.225785077043238
192.76130510824248 11.232115473383503
192.7676430521687 11.21313389946139
192.76763331831935 11.219464297729905
192.76762358051042 11.225794695992851
192.76757483205498 11.257446687224006
192.76755530493838 11.27010748367742
192.77395135857233 11.213143375857802
192.7738841298171 11.257456176847713
192.78024075965354 11.225813517567616
