# successful candidates for region at (26.04285422524764, -13.410673342988462) and radius 1.025.185356257375194 -13.793805001599944
25.19171031004939 -13.793826541398513
25.198087060424026 -13.787519617127575
25.19810974886595 -13.781191313224385
25.204440944719824 -13.78754083272643
25.204485972315926 -13.774884217263434
25.210817177347682 -13.78123357665581
25.210861847800246 -13.76857695357006
25.21719306193854 -13.774926152880898
25.2172152226726 -13.768597837568267
25.217237375492346 -13.762269522231517
25.223502604412623 -13.787603518541664
25.223568598665867 -13.768618561488955
25.229878328529324 -13.781295770790914
