# successful candidates for region at (146.23162935058724, 36.75262718831388) and radius 1.0145.59989344703143 36.33777773038655
145.59984200727845 36.344098347841836
145.60622268677716 36.33781109122832
145.60617176233325 36.344131713048114
145.60606987341433 36.35677295654322
145.61280377964493 36.306240984755675
145.6127030801337 36.31888223746064
145.61265271059614 36.325202863742476
145.61260232786464 36.331523489977144
145.6125519319348 36.337844116164675
145.6125015228022 36.344164742305026
145.61245110046232 36.3504853683982
145.61908062709242 36.31259428306505
145.61898093088914 36.32523554422234
145.61893106320113 36.331556174731716
145.61883128863045 36.34419743561188
145.62545713688002 36.306305984391464
145.62530915648045 36.32526788888327
145.625259803838 36.331588523623424
145.62521043826703 36.33790915831834
145.6318813835355 36.293696702425436
145.720980559417 36.211940281829946
145.71994152274323 36.36995760992335
145.7198581055441 36.382598995302274
145.7272177664721 36.22460858394518
145.7336186729054 36.211993762992876
145.7334165384068 36.2435972651507
145.73337607976617 36.24991796549092
145.7397781010969 36.23730281651002
145.73973816623652 36.243623520310095
145.73969822092536 36.249944224080465
145.73965826516 36.25626492782114
145.7460597983032 36.243649440209055
