# successful candidates for region at (322.2954338690866, 13.302730258471577) and radius 1.0322.3917054063465 12.355451281723571
322.3980256964366 12.3491170751675
322.3980282419747 12.355448872767356
322.4043456736615 12.342782716372824
322.40434837506183 12.349114513500785
322.4043510774797 12.355446310628356
322.4043537809152 12.361778107755537
322.41066533819094 12.336448205424153
322.41067391285395 12.355443595306605
322.41698469019457 12.330113542406067
322.41698770296523 12.336445338505811
322.4169907168712 12.342777134605072
322.4233100675939 12.336442318489501
322.43594783194123 12.323772230473391
322.4359513135063 12.33010402481858
322.4422698827422 12.323768752446401
322.4485957282183 12.330096914412092
322.4549139838091 12.323761337268435
322.4549179353029 12.330093129604544
322.4549218882861 12.336424921939821
322.46123603405994 12.323757400117561
322.46124014219635 12.330089191727524
322.46124425188134 12.336420983336588
322.46124836311503 12.34275277494475
322.46756234889125 12.330085100781087
322.4675666152778 12.336416891635709
322.4675708832722 12.34274868248936
322.47388013395835 12.323749066692287
322.473888978468 12.336412646837239
322.48020218359085 12.323744670418007
322.48024344830816 12.380730773737236
322.4802480419112 12.387062562989316
322.48651950008036 12.317408332678381
322.4865242330021 12.323740121102706
322.4865526680137 12.361730851623491
322.4865621606354 12.374394428454158
322.48657166040266 12.38705800528002
322.4928462821846 12.323735418746447
322.4928511735328 12.330067206302298
322.4928560667247 12.336398993856873
322.4928658586407 12.349062568962184
322.49287075736527 12.35539435651292
322.4928756579346 12.361726144062379
322.49288056034885 12.368057931610553
322.49916833113065 12.323730563349288
322.49917337912086 12.330062350009644
322.49918348080973 12.342725923326263
322.499188534509 12.349057709982528
322.49919359011176 12.355389496637434
322.49919864761824 12.361721283290972
322.5054903798328 12.323725554911304
322.50550079105864 12.336389126383109
322.5055059996145 12.342720912116842
322.5055112101327 12.349052697849125
322.50551642261354 12.355384483579959
322.50552163705726 12.361716269309342
322.51181242828346 12.323720393432557
322.51181778955714 12.330052178217231
322.5118231528517 12.336383963000372
322.51182851816736 12.342715747781975
322.51183388550436 12.34904753256204
322.5118392548631 12.355379317340569
322.51186075252025 12.380706456439295
322.51186613199155 12.387038241210126
322.518134476475 12.323715078913118
322.51815103646067 12.34271043032173
322.5181565606164 12.349042214121344
322.51816208685284 12.35537399791933
322.51818974925635 12.387032916884806
322.5244565243999 12.323709611353058
322.5244792354612 12.349036742527106
322.5307727430503 12.317372208991172
322.5307785720505 12.32370399075245
322.5307844032484 12.330035772511916
322.5307960722384 12.342699336025394
322.530801910031 12.349031117779406
322.5370946338371 12.317366436414849
322.5371006194194 12.323698217111371
322.5371125973543 12.336361778498677
322.5371245843185 12.349025339878311
322.54341652433476 12.31736051082636
322.543441106887 12.342687629228434
322.5497447132815 12.323686210708118
322.5497510144021 12.33001798918834
322.5497573178978 12.336349767666439
322.55607321752075 12.33001175527679
322.55607967771607 12.336343532605254
322.56238880592554 12.32367359214394
322.5623954203271 12.330005368296868
322.56240203722194 12.336337144447462
322.5624086566102 12.342668920595717
322.5624219028688 12.355332472885204
322.5687176228137 12.32999882824866
322.56872439640773 12.336330603193156
322.5687311725544 12.342662378135204
322.5687379512539 12.348994153074798
322.575046755266 12.33632390884243
322.5750536881708 12.342655682550033
322.5750606236875 12.348987456255074
322.5750675618166 12.355319229957544
322.57510924547046 12.393309872118413
322.58136911378915 12.33631706139536
322.58137620345184 12.342648833840299
322.5813832957855 12.348980606282549
322.58139039079066 12.355312378722118
322.58142590590046 12.386971240879651
322.5814330169418 12.393303013303086
322.58144013065714 12.399634785723833
322.58770596754044 12.348973603157315
322.58771321942146 12.355305374305741
322.5877422542579 12.380632458871379
322.5877495197969 12.386964230005768
322.5877567880687 12.393296001137344
322.5940657106313 12.38062529599542
322.5940731333415 12.386957065809813
322.6003513099906 12.348959137449102
322.6003891666454 12.380617979825733
322.6066894285936 12.361615209074307
322.6066971569176 12.36794697617353
322.6067048881505 12.374278743269567
322.6067126222926 12.38061051036242
