# successful candidates for region at (201.59697812786155, -2.2239229381851944) and radius 1.0200.97725077532235 -2.994658160441998
200.97725730631225 -2.9820147775716466
200.98357614488444 -2.9820177119871594
200.9898917870613 -2.988342312763455
200.98989498348726 -2.9820206163303684
200.99031831717605 -2.033766125636714
200.99621382212038 -2.9820234906012395
200.99663032187954 -2.0400903306970912
201.00253266078354 -2.9820263347997393
201.62809174629177 -2.7419300819504793
201.63440917512867 -2.7356081093463827
201.64072697435822 -2.741929737164289
201.64072675790362 -2.735607922570327
