# successful candidates for region at (6.477171818879591, -71.39115234307009) and radius 1.05.681058378426054 -72.10518404222734
5.681330463011977 -72.09885091648337
5.681602354968546 -72.09251779033544
5.683229672908712 -72.05451902498885
5.683770580412498 -72.04185276666105
5.687099844805296 -72.1242110923218
5.6876402883405754 -72.11154482324233
5.68817996636244 -72.09887855257134
5.688718880494192 -72.08621228031224
5.689794423557667 -72.0608797310431
5.690062834415931 -72.05454659273849
5.690331055713127 -72.0482134540398
5.695830561680224 -72.07990651173375
5.703729217825434 -72.05460101340833
5.7042561623914745 -72.0419346971952
5.710301017450136 -72.0609610333518
5.710562439377365 -72.05462786632637
5.710823676677679 -72.04829469892711
5.711084729546353 -72.04196153115444
5.721135767486572 -72.13067906243273
5.721394537468849 -72.12434588067327
5.722169747404192 -72.1053463332073
5.727740509245834 -72.13703850249398
5.727997113286914 -72.13070531178414
5.7282535353337405 -72.1243721207157
5.728509775579624 -72.11803892928897
5.729532922410359 -72.09270616000687
5.732331693771968 -72.02304101515277
5.732585051271019 -72.01670781804506
5.732838230213905 -72.01037462058548
5.733091230789084 -72.00404142277445
5.733344053184745 -71.99770822461221
5.734858478471692 -72.130731321839
5.7351125525624544 -72.12439812154634
5.735366446516432 -72.11806492090196
5.735873694778833 -72.10539851855944
5.736127049468988 -72.09906531686208
5.736380224785812 -72.09273211481447
5.739404406428918 -72.01673366305837
5.739655267102343 -72.01040045649115
5.739905951040804 -72.00406724957882
5.740156458430769 -71.99773404232175
5.74146795808682 -72.13709030168256
5.742725697242699 -72.10542425279809
5.74322754624614 -72.09275783083254
5.744479065307196 -72.06109176991487
5.744978435492965 -72.0484253431539
5.746223780430538 -72.01675927029198
5.74647232281459 -72.01042605470086
5.749577718655344 -72.10544974807698
5.749826390664702 -72.09911652823723
5.751067113555619 -72.06745042398427
5.751314732005677 -72.06111720212536
5.751562175512818 -72.05478397993116
5.753043173101791 -72.01678463974488
5.753781325101478 -71.99778496515408
5.757905130340769 -72.06747562673142
5.758150417337288 -72.06114239596604
5.7583955310375785 -72.05480916487167
5.758640471625001 -72.04847593344864
5.759862584268585 -72.016809771416
5.760106490014889 -72.01047653802839
5.764743165603242 -72.06750059102356
5.76498612112664 -72.06116735143597
5.7718218431983415 -72.06119206853417
5.7723025814316875 -72.04852557093358
5.773022416904999 -72.02952582216405
5.773740730423532 -72.01052607056008
5.778180829804309 -72.07388306090724
5.778419290857843 -72.0675498042388
5.778657583377 -72.06121654725955
5.778895707540165 -72.0548832899698
5.779133663525472 -72.04855003236986
5.7803209270012665 -72.01688373972911
5.7805578776462 -72.01055048027506
5.7807946613532035 -72.0042172205131
5.785021252624563 -72.07390731840387
5.785493341487216 -72.0612407876112
5.785729135766433 -72.05490752175803
5.785964763512849 -72.04857425560071
5.786670649315489 -72.02957445530723
5.786905612689656 -72.0232411879366
5.78714041040926 -72.01690792026344
5.787375042649208 -72.0105746522881
5.789985366219007 -72.12459751644442
5.791861693238675 -72.07393133735728
5.792095487914765 -72.06759806362214
5.792329117353591 -72.06126478958817
5.792795881218792 -72.04859824062521
5.7932619862304975 -72.03593169047086
5.793494792101532 -72.02959841494777
5.79372743378099 -72.02326513912773
5.793959911442298 -72.01693186301114
5.798702151470871 -72.0739551177665
5.7989336129301305 -72.06762183562442
5.799164910800721 -72.06128855318947
5.799396045255798 -72.05495527046203
5.799857824610797 -72.04228870413073
5.80031895237547 -72.02962213663301
5.801239258635779 -72.00428899814804
5.801468930102923 -71.99795571280163
5.806000721653202 -72.06131207841419
5.8073711281975715 -72.02331232789484
5.8080541591089645 -72.00431244878556
5.808281515380097 -71.99797915518086
5.8085087115834435 -71.99164586129243
5.808735747887775 -71.98531256712072
5.808962624461625 -71.97897927266591
5.811246734908842 -72.10566845223545
5.811474333889504 -72.09933515494276
5.812609915056708 -72.06766866424545
5.813967324689112 -72.02966886613376
5.814193001174225 -72.02333556546891
5.814643876986159 -72.01066896330231
5.81554372467251 -71.98533575562952
5.8159926992216695 -71.97266915012806
5.816970250670212 -72.13735808107722
5.817196308084004 -72.13102477699042
5.817422205162754 -72.12469147262527
5.817647942076774 -72.1183581679821
5.818098936090668 -72.10569155786277
5.818324193529962 -72.0993582523872
5.818549291483368 -72.09302494663481
5.818774230119995 -72.08669164060582
5.8196723948725735 -72.06135841373002
5.821014891097387 -72.02335856516882
5.821684011081352 -72.00435863719382
5.822351718296645 -71.98535870676629
5.822573974191926 -71.9790253960801
5.822796073773944 -71.97269208512257
5.823018017207339 -71.96635877389396
5.823239804656519 -71.96002546239457
5.823834201577722 -72.13738098831142
5.824281457990218 -72.12471436361132
5.82495115427749 -72.10571442451969
5.825174070157357 -72.09938111094588
5.8253968282087945 -72.09304779710097
5.826286285473772 -72.06771453901563
5.827836797792755 -72.02338132699357
5.828278396314581 -72.01071469257357
5.828498962233055 -72.0043813749627
5.828719372808751 -71.99804805708499
5.829159728586974 -71.98538142053006
5.829379674116505 -71.97904810185342
5.8295994649572735 -71.97271478291104
5.829819101272206 -71.96638146370316
5.83047665458431 -72.14373697613898
5.830698169403241 -72.13740365615031
5.830919527052707 -72.13107033589452
5.83136177151105 -72.11840369458254
5.832023963595151 -72.09940373061784
5.83574996699822 -71.99173722324308
5.836620201777941 -71.96640391638877
5.837562153969099 -72.13742608459305
5.838000014113965 -72.12475942790589
5.838873873666803 -72.09942611140215
5.839962722776513 -72.06775945992756
5.843421318551884 -71.9664261319499
5.84363618945712 -71.96009279677953
5.843850909400513 -71.95375946135522
5.843775258001503 -72.15644828035741
5.843992377806426 -72.1501149450409
5.8442093434504905 -72.14378160946787
5.844426155097624 -72.13744827363865
5.845075667693268 -72.11844826461639
5.846585837636862 -72.07411490131415
5.850222451421371 -71.96644811038568
5.850861100214227 -72.15013691027968
5.851290172611142 -72.13747022328626
5.851718636347515 -72.12480353529115
5.85193264037209 -72.1184701909186
5.85214649271598 -72.11213684629645
5.852573743005515 -72.0994701563043
5.8527871412724926 -72.0931368109349
5.853213484852489 -72.08047011945058
5.853426430485483 -72.07413677333622
5.853639225560076 -72.06780342697408
5.854912843193104 -72.02980334361263
5.8551245888101215 -72.02346999552337
5.857023600213738 -71.9664698516952
5.858154206331976 -72.13749193353499
5.858366164240588 -72.13115858196011
5.858789629206572 -72.11849187807651
5.859845669092592 -72.0868251140989
5.860056428764202 -72.0804917605737
5.860267039370084 -72.07415840680585
5.860477501068137 -72.0678250527956
5.860897978371224 -72.05515834404909
5.8615275814517505 -72.03615827911788
5.8617371530061995 -72.02982492365878
5.861946576751875 -72.02349156795914
5.862155852844902 -72.01715821201911
5.862364981441186 -72.01082485583905
5.865018256082446 -72.13751340438398
5.865227864012738 -72.13118004519161
5.865437323272481 -72.12484668575995
5.8664823950325395 -72.09317988502099
5.866690965577613 -72.08684652415884
5.866899388552932 -72.08051316305915
5.867107664114867 -72.0741798017222
5.867315792419564 -72.06784644014819
5.867523773622951 -72.06151307833741
5.867731607880733 -72.0551797162901
5.867939295348398 -72.04884635400656
5.8681468361812135 -72.04251299148693
5.868561478562273 -72.02984626574066
5.8687685804199585 -72.02351290251445
5.868975536261679 -72.01717953905326
5.869595529231735 -71.99817944726188
5.869801902549195 -71.99184608286302
5.870008130619408 -71.9855127182304
5.870214213595469 -71.97917935336419
5.870420151630257 -71.9728459882647
5.872089579619974 -72.13120126910741
5.872296690550987 -72.12486790214852
5.87250365463406 -72.11853453495596
5.87374236404269 -72.08053432690609
5.87415409943874 -72.06786758903093
5.874565253024806 -72.05520085022977
5.874770612023863 -72.04886748048257
5.874975826031713 -72.04253411050458
5.875999726561187 -72.0108672571618
5.876204073833777 -72.00453388580436
5.876408277183812 -71.99820051421787
5.876612336763099 -71.99186714240254
5.876816252723231 -71.98553377035866
5.877020025215587 -71.97920039808639
5.877223654391336 -71.97286702558608
5.87813080561897 -72.1565557490223
5.878951310884804 -72.13122225370665
5.879156073470433 -72.12488887930542
5.879360690872831 -72.11855550467568
5.880788960481753 -72.07422187589158
5.88160194414227 -72.0488883687405
5.883019152482822 -72.00455472255129
5.883221040448684 -71.9982213436268
5.884027172400684 -71.97288782569449
5.884831039665641 -71.94755430419866
5.884798828384163 -72.1629099044254
5.885204952320137 -72.15024314292297
5.885407798015983 -72.14390976183537
5.885610499734829 -72.13757638052378
5.88601547185351 -72.12490961722975
5.886217742558792 -72.11857623524777
5.889834246287076 -72.00457532166665
5.890033818852761 -71.99824193548781
5.890233250907388 -71.99190854909037
5.890432542599112 -71.98557516247463
5.891426900785128 -71.95390822612899
5.891625353399093 -71.9475748382081
5.891823666681442 -71.94124145007045
5.891873134737002 -72.15659705889222
5.892073769508253 -72.15026367073548
5.892274261821085 -72.14393028235975
5.892474611826991 -72.13759689376522
5.89327459180362 -72.11226333720388
5.896846612222448 -71.99826228980011
5.897043730490954 -71.99192889623703
5.897240710024718 -71.9855955024607
5.897437550969973 -71.97926210847127
5.897830817678856 -71.96659531985414
5.898027243733926 -71.96026192522687
5.898223531783366 -71.95392853038746
5.898419681972384 -71.94759513533604
5.898615694445986 -71.94126174007293
5.899140740783518 -72.14395056339518
5.901703802915966 -72.06161640150783
5.90365942038415 -71.99828240656288
5.90385422485092 -71.99194900591782
5.90404889221113 -71.9856156050644
5.904437816189732 -71.97294880273355
5.904826193473659 -71.9602819995721
5.905020177464766 -71.95394859768044
5.905407736862791 -71.94128179327632
5.905601312556114 -71.93494839076429
5.909314446198928 -72.03630272735293
5.90970092291923 -72.02363591431104
5.909893956914296 -72.01730250748331
5.91027961689331 -72.00463569321523
5.9104722431642704 -71.99830228577534
5.910664733813871 -71.99196887813189
5.910857088985114 -71.98563547028499
5.911241393463537 -71.97296865398192
5.911433343055715 -71.96663524552612
5.91162515773954 -71.9603018368678
5.9118168376570095 -71.95396842800717
5.912008382949927 -71.94763501894441
5.912873743468833 -72.1439904069959
5.9130670382398804 -72.13765699706235
5.913453216475835 -72.1249901765852
5.915375919278886 -72.0616560620539
5.916332183599405 -72.02998899724275
5.916523031790491 -72.0236555836803
5.916713745423031 -72.01732216991826
5.916904324639111 -72.01098875595683
5.917094769580608 -72.00465534179625
5.917285080389207 -71.99832192743675
5.917475257206389 -71.99198851287845
5.91974026683594 -72.14400996955958
5.919931209830654 -72.137676552683
5.92031268951733 -72.12500971833455
5.922401192079858 -72.05534211529955
5.922590251350641 -72.04900869566292
5.922779177136344 -72.04267527583072
5.922967969578112 -72.03634185580313
5.923156628816895 -72.03000843558037
5.923345154993443 -72.02367501516265
5.923533548248308 -72.01734159455015
5.923721808721844 -72.01100817374311
5.923909936554207 -72.00467475274174
5.924097931885356 -71.9983413315462
5.924473525602867 -71.98567448857358
5.926418079489584 -72.1503627161719
5.9266068046488245 -72.1440292926311
5.9267953958518325 -72.13769586889647
5.927172176958544 -72.12502902084648
5.929421686667665 -72.04902791637163
5.929608285502799 -72.04269448975371
5.929794752636083 -72.03636106294525
5.929981088206726 -72.03002763594637
5.930167292353747 -72.02369420875725
5.930353365215969 -72.0173607813782
5.930539306932016 -72.01102735380934
5.93072511764032 -72.00469392605089
5.9309107974791155 -71.99836049810304
5.931096346586447 -71.99202706996604
5.931281765100159 -71.98569364164001
5.932760428317486 -71.93502620825217
5.932944677659904 -71.92869277823418
5.933100480938452 -72.15671523665772
5.93328698504745 -72.15038180652833
5.933473356729594 -72.1440483762097
5.933659596125709 -72.13771494570199
5.9364374078967375 -72.04271346553637
5.936621549706688 -72.03638003203102
5.936805561594367 -72.03004659833996
5.937356819095652 -72.01104629615473
5.937540312665156 -72.00471286172296
5.937723676996879 -71.99837942710647
5.937906912227142 -71.9920459923055
5.939368162712079 -71.94137850727907
5.940155904710322 -72.15040065730602
5.940339922900352 -72.14406722029456
5.943448360615217 -72.03639876305968
5.944174345038776 -72.01106500077854
5.944355521454921 -72.0047315597572
5.944536570265034 -71.99839811855577
5.94489828560537 -71.98573123561349
5.945800350249481 -71.95406402511999
5.945980383041069 -71.9477305824849
5.946160289431236 -71.94139713967147
5.946340069552893 -71.93506369667986
5.95081289923166 -72.01741691503165
5.950991884587407 -72.01108346768008
5.951528084542732 -71.99208312457212
5.9518849224146795 -71.97941622829096
5.952419238723453 -71.96041588255906
5.952597093887917 -71.9540824336331
5.952774824135934 -71.9477489845332
5.952952429598898 -71.94141553525945
5.957455979881589 -72.02376860424366
5.957632771027251 -72.01743515063677
5.957809437567566 -72.01110169685855
5.957985979634058 -72.00476824290918
5.958514860303119 -71.98576788003605
5.959042625425068 -71.96676751562912
5.959218299842094 -71.96043406048676
5.959393850830888 -71.9541006051747
5.959569278521323 -71.94776714969314
5.964452656094412 -72.01745314843434
5.964627003805268 -72.01111968831326
5.9649753308357285 -71.99845276757127
5.965149310414391 -71.99211930695067
5.965323167541073 -71.98578584616396
5.965496902344852 -71.97945238521122
5.9658440054990844 -71.96678546280853
5.96601737410678 -71.96045200135895
5.966190620906054 -71.95411853974403
5.966363746025077 -71.94778507796406
5.970755739134195 -72.03647130658858
5.970928132391155 -72.03013784069631
5.971100404056602 -72.02380437464126
5.971616490787347 -72.00480397550109
5.971959943000162 -71.99213704193015
5.972131487807416 -71.98580357490194
5.972302911918436 -71.97947010771213
5.972474215460402 -71.97313664036093
5.972645398560312 -71.96680317284846
5.972816461344989 -71.9604697051749
5.972987403941075 -71.95413623734042
5.973158226475038 -71.94780276934523
5.973328929073164 -71.94146930118943
5.977582616611547 -72.03648884732077
5.977752686100476 -72.0301553752402
5.978262175357366 -72.01115495804852
5.97910893433359 -71.979487592906
5.979277928794211 -71.97315411940554
5.979446804436042 -71.9668206457481
5.979952719699044 -71.94782022383593
5.980121121315087 -71.94148674955242
5.98028940473615 -71.93515327511281
5.983905558620066 -72.05550658361986
5.98440950687849 -72.03650614999151
5.984577252585858 -72.0301726718066
5.985247053524367 -72.00483875752722
5.986081654783158 -71.9731713612258
5.9864146740518756 -71.96050440163535
5.986581008201312 -71.95417092161158
5.986747225524933 -71.94783744143554
5.9869133261456255 -71.94150396110746
5.987079310186101 -71.93517048062755
5.990739442736689 -72.05552366631508
5.9909052154159435 -72.04919018256042
5.991236409760296 -72.03652321460014
5.991897397851791 -72.01118927688027
5.992062353802262 -72.00485579207636
5.992885393254349 -71.97318836582104
5.993377829081836 -71.95418790828491
5.99354174378054 -71.94785442214332
5.993705543392796 -71.94152093585386
5.9943595933950515 -71.91618698922065
5.997573339333039 -72.05554051069524
5.997736783277385 -72.0492070209916
5.9979001118197734 -72.04287353114181
5.998063325082234 -72.03654004114601
5.998552274407779 -72.01753957028394
5.998715027767398 -72.01120607970562
5.998877666454667 -72.00487258898201
5.999040190590589 -71.9985390981133
5.999202600295994 -71.99220560709968
5.999364895691546 -71.98587211594125
5.999527076897738 -71.97953862463817
5.999689144034892 -71.97320513319062
5.999851097223163 -71.96687164159873
6.000336274293698 -71.94787116595857
6.000659158124891 -71.93520418147963
6.004407248233828 -72.0555571167596
6.0045683634302325 -72.04922362119117
6.004729364868717 -72.04289012548072
6.005051026952918 -72.03022313363425
6.005532669896608 -72.01122264480303
6.005853199799508 -71.99855565154294
6.006013295490928 -71.99222215470157
6.006173278500975 -71.98588865771949
6.006333148948424 -71.97955516059689
6.0064929069518875 -71.97322166333386
6.007766937174358 -71.92255368019316
6.011241169263763 -72.05557348450758
6.011399955699382 -72.0492399831585
6.011717192347571 -72.03657298004659
6.011875642797082 -72.03023947828406
6.012033981487887 -72.02390597638403
6.012824002687362 -71.99223846482595
6.0131392329752975 -71.97957145924511
6.0134540199873925 -71.96690445311881
6.014395730687517 -71.9289034314786
6.018544143941498 -72.03658909240006
6.018700270544566 -72.03025558495307
6.018856287027793 -72.02392207737256
6.019012193507499 -72.01758856965868
6.019479254086269 -71.99858804571815
6.019634721711848 -71.99225453747215
6.019790079913069 -71.9859210290935
6.019945328805274 -71.97958752058229
6.020100468503645 -71.97325401193868
6.021029020053193 -71.93525295730453
6.021183398606262 -71.92891944773807
6.0213376688811495 -71.92258593804027
6.02567860428406 -72.02393794046361
6.025832190180934 -72.01760442715711
6.025985667825871 -72.01127091372135
6.026751436265269 -71.97960334460771
6.026904266792605 -71.97326983039899
6.027362114094517 -71.95426928700329
6.0275145154784235 -71.94793577228197
6.02781899734742 -71.93526874245606
6.027971078057384 -71.92893522735173
6.032500933082319 -72.02395356565648
6.032652198384159 -72.0176200468413
6.032803357069501 -72.0112865279007
6.033557555182196 -71.97961893132081
6.033858492038618 -71.96695189181554
6.034008801830248 -71.96061837187627
6.034908446668929 -71.9226172496363
6.039025068471443 -72.03663600106543
6.039174223461391 -72.03030247706897
6.039323273248194 -72.02396895295063
6.039472217942982 -72.01763542871052
6.039621057656729 -72.01130190434887
6.03976979250025 -72.00496837986572
6.039918422584207 -71.99863485526122
6.0400669480191045 -71.99230133053548
6.040215368915294 -71.98596780568869
6.040511897532167 -71.97330075563232
6.040660005472777 -71.96696723042301
6.040808009314528 -71.96063370509312
6.045852065981671 -72.03665116115346
6.045998897076597 -72.03031763180846
6.046438769413547 -72.01131704306536
6.046731501273718 -71.99864998331452
6.046877712621276 -71.9923164532628
6.047023821058708 -71.98598292309374
6.052679074534113 -72.03666608317361
6.053400592298522 -72.00499840898318
6.053544590935595 -71.99866487380291
6.053688488184228 -71.99233133850885
6.053832284151337 -71.98599780310113
6.054406457337493 -71.960663660336
6.0545497484954 -71.95433012436175
6.058936355887008 -72.0620149251761
6.059506093954021 -72.03668076712529
6.059648277224043 -72.03034722733516
6.059790360207767 -72.0240136874343
6.060074225739924 -72.01134660730082
6.060216008499782 -72.00501306706846
6.060357691396195 -71.99867952672582
6.0604992745345045 -71.99234598627302
6.061205697531086 -71.96067828236087
6.061346684324664 -71.95434474124961
6.062190529204916 -71.91634349228985
6.063656913931856 -72.15703254534611
6.06394032054759 -72.14436545957832
6.065632343996899 -72.0683629358303
6.065772698142214 -72.062029391481
6.065912953116978 -72.05569584702401
6.066333124066647 -72.03669521300789
6.066472983407154 -72.03036166812116
6.066752406250428 -72.01769457802642
6.067031435337354 -72.00502748750401
6.067170802481873 -71.9986939420827
6.067310071498641 -71.99236039655482
6.067449242491129 -71.98602685092045
6.067588315562667 -71.97969330517972
6.067727290816438 -71.9733597593328
6.067866168355481 -71.9670262133797
6.06800494828269 -71.96069266732057
6.0705284231645065 -72.1570468490744
6.070667821386319 -72.15071330116474
6.070807120625042 -72.1443797531494
6.070946320985941 -72.13804620502843
6.072471028976421 -72.06837716875934
6.072609050960056 -72.06204361937976
6.072746975420827 -72.055710069896
6.072884802461936 -72.04937652030819
6.073022532186437 -72.04304297061644
6.073160164697238 -72.03670942082084
6.073297700097102 -72.03037587092153
6.07343513848865 -72.02404232091861
6.073983924018985 -71.99870811987296
6.074120878903176 -71.9923745693536
6.074257737391735 -71.98604101873129
6.0743944995862735 -71.97970746800611
6.074531165588262 -71.9733739171782
6.074667735499026 -71.96704036624767
6.074804209419751 -71.96070681521458
6.075485142704315 -71.92903905851513
6.075756847613454 -71.91637195512145
6.077536985748047 -72.1507273602205
6.079309724354103 -72.0683911631974
6.079445414165035 -72.06205760887177
6.079581008100811 -72.05572405444546
6.079987215671042 -72.03672339056358
6.080257543198296 -72.02405628080759
6.080662320226113 -72.00505561542359
6.080797055833882 -71.99872206009603
6.080931696574646 -71.99238850466882
6.081066242548439 -71.98605494914214
6.081200693855158 -71.97972139351602
6.081469312866254 -71.96705428196603
6.081603480769721 -71.9607207260423
6.082540022110224 -71.91638583181069
6.084406160474503 -72.15074117968358
6.086148429954262 -72.06840491914384
6.086281787581658 -72.06207135995646
6.086415050981619 -72.05573780067185
6.086548220253855 -72.0494042412901
6.0866812954979395 -72.0430706818113
6.087212658179293 -72.01773644292783
6.087610197752914 -71.99873576275134
6.087742524339583 -71.99240220249996
6.087874757787958 -71.98606864215242
6.08800689819622 -71.9797350817089
6.0881389456624095 -71.97340152116945
6.08827090028443 -71.96706796053418
6.088402762160046 -71.9607343998032
6.088534531386887 -71.95440083897662
6.091275345387557 -72.1507547595534
6.091407583335425 -72.14442119681799
6.091539727417301 -72.1380876339874
6.091671777732975 -72.13175407106172
6.093118171034426 -72.06208487263332
6.0932491038879375 -72.05575130857461
6.093379944259716 -72.04941774442213
6.093510692247596 -72.043084180176
6.0936413479492675 -72.03675061583624
6.093902382884072 -72.02408348687648
6.094423349602432 -71.99874922783839
6.09455336202452 -71.99241566284643
6.094683282937009 -71.98608209776165
6.094813112436358 -71.97974853258421
6.094942850618897 -71.97341496731417
6.095072497580815 -71.96708140195166
6.095202053418169 -71.96074783649672
6.095331518226882 -71.95441427094951
6.095460892102738 -71.94808070531009
6.0974937331252095 -72.18243593580864
6.097754333666712 -72.16976880169346
6.098404216439097 -72.13810096479365
6.098533916309093 -72.13176739713815
6.1003400988265994 -72.04309744038477
6.100468428904175 -72.03676387136507
6.100596668433889 -72.03043030225523
6.100724817511427 -72.02409673305527
6.100852876232337 -72.01776316376537
6.10136420945599 -71.9924288857077
6.101491817822303 -71.98609531596928
6.10161933640247 -71.97976174614143
6.101746765291099 -71.97342817622427
6.102001354371536 -71.96076103612235
6.102128514751905 -71.95442746593778
6.10225558581786 -71.94809389566426
6.102509460382202 -71.93542675485075
6.104374731977497 -72.18244905979738
6.104502716416343 -72.17611548811794
6.107169515060005 -72.04311046243713
6.107295519503267 -72.03677688882152
6.107421435039472 -72.030443315119
6.107547261762573 -72.02410974132961
6.107672999766387 -72.0177761674535
6.10804968239831 -71.99877544530551
6.10817506646052 -71.99244187108332
6.1083003622705565 -71.9861082967748
6.108425569921448 -71.97977472238006
6.108800664847589 -71.96077399867957
6.1090502890356175 -71.94810684911651
6.109424068519821 -71.92910612412972
6.111255740533593 -72.18246194376509
6.1115068957109235 -72.16979479115508
6.114122619571782 -72.03678966820512
6.114246211104461 -72.03045608999386
6.11436971546312 -72.02412251169899
6.114493132739847 -72.01778893332057
6.114739706415204 -72.00512177631325
6.114862862997361 -71.99878819768458
6.114985932864638 -71.99245461897266
6.115477347011842 -71.96712030329456
6.1157225361675325 -71.95445314495839
6.1158450015838115 -71.94811956566635
6.118260018671077 -72.17614100695174
6.118752183343128 -72.15080668308939
6.118997741649971 -72.13813952066477
6.119120390121069 -72.13180593932935
6.119242951594069 -72.125472357912
6.120585412262021 -72.0558029569388
6.120706936929506 -72.04946937454507
6.120828375790238 -72.04313579207053
6.120949728934958 -72.03680220951524
6.121070996454275 -72.03046862687935
6.121192178438674 -72.0241350441629
6.121313274978508 -72.01780146136598
6.121434286164008 -72.01146787848866
6.121555212085272 -72.00513429553105
6.121676052832278 -71.99880071249326
6.121796808494871 -71.9924671293753
6.121917479162774 -71.98613354617734
6.122158565872768 -71.9734663795416
6.12227898209367 -71.96713279610398
6.1223993136775094 -71.96079921258665
6.122519560713378 -71.95446562898972
6.122639723290247 -71.94813204531326
6.125259495772794 -72.16981982121297
6.1255008619943325 -72.15715265047352
6.125741885436364 -72.1444854794174
6.125862268842901 -72.13815189377083
6.125982566827711 -72.13181830804537
6.1274195126661555 -72.05581527321554
6.127538708382877 -72.0494816864719
6.12765781993717 -72.04314809965055
6.1277768474180325 -72.03681451275153
6.127895790914339 -72.03048092577491
6.128014650514841 -72.02414733872082
6.128252118382798 -72.01148016438044
6.128370726827128 -72.00514657709437
6.128489251729401 -71.99881298973108
6.128607693177743 -71.99247940229075
6.128726051260158 -71.98614581477342
6.12908062619 -71.96714505176013
6.12931659425474 -71.95447787603442
6.1294344539827215 -71.94814428805674
6.129669925265612 -71.93547711187215
6.132490658809036 -72.15083120728417
6.132608773892592 -72.14449761740535
6.132726805134222 -72.13816402745057
6.132844752623059 -72.13183043741996
6.134253622043894 -72.0558273511656
6.134370488800349 -72.04949376015624
6.13448727303871 -72.04316016907214
6.134603974846238 -72.03682657791337
6.134720594310072 -72.03049298668006
6.134837131517226 -72.02415939537224
6.134953586554594 -72.01782580399
6.135069959508945 -72.01149221253343
6.135186250466929 -72.0051586210026
6.135302459515072 -71.99882502939758
6.135418586739779 -71.99249143771846
6.1355346322273325 -71.98615784596532
6.136229193489037 -71.9481562938963
6.136344669222284 -71.9418227016272
6.139128140700057 -72.16351029797737
6.139359910040538 -72.15084310998647
6.139591350346172 -72.13817592170354
6.141087740219913 -72.05583919078845
6.141202278006783 -72.04950559559752
6.141316734919908 -72.0431720003348
6.141431111044809 -72.03683840500038
6.141545406466888 -72.03050480959433
6.141659621271429 -72.02417121411672
6.141773755543592 -72.01783761856764
6.141887809368418 -72.01150402294716
6.142001782830829 -72.00517042725534
6.142115676015629 -71.99883683149227
6.142229489007499 -71.99250323565798
6.1424568747505885 -71.97983604377626
6.142910687634478 -71.95450165916195
6.143137116119769 -71.94183446643055
6.145660922603057 -72.1825227632694
6.145888464021312 -72.16985556740903
6.14611568206344 -72.15718837126748
6.148034075827041 -72.04951719279528
6.148146205405809 -72.0431835934381
6.148258255838977 -72.03684999401204
6.148370227210209 -72.03051639451725
6.148482119603054 -72.02418279495379
6.148705667787188 -72.01151559562113
6.148817323744984 -72.0051819958521
6.148928901057409 -71.99884839601465
6.149040399807425 -71.99251479610888
6.149151820077876 -71.98618119613491
6.149263161951491 -71.97984759609274
6.149374425510881 -71.97351399598249
6.14981869825438 -71.94817959486191
6.150372286978981 -71.91651159193755
6.150482771914352 -71.91017799115026
6.1505931794366155 -71.90384439029563
6.152653434551226 -72.17620060513451
6.152987306175959 -72.15719979883353
6.15309843860993 -72.15086619659856
6.153209492130271 -72.14453259429644
6.15376357896068 -72.11286458178023
6.154865882085983 -72.04952855174912
6.15497568432146 -72.04319494838151
6.155085409053971 -72.0368613449479
6.1551950563654465 -72.03052774144837
6.155304626337701 -72.024194137883
6.155632873035543 -72.0051933267924
6.155742134466748 -71.99885972296431
6.155851318966075 -71.99252611907067
6.155960426614651 -71.98619251511163
6.156069457493485 -71.97985891108722
6.156287289265412 -71.96719170284256
6.156722035124272 -71.9418572855718
6.156830530873705 -71.93552368109172
6.156938950497409 -71.92919007654683
6.157047294075374 -71.92285647193717
6.1571555616874845 -71.91652286726281
6.157263753413509 -71.9101892625239
6.1599677155915336 -72.15087738050741
6.160076415239317 -72.1445437742343
6.160618757732937 -72.11287574190538
6.161697696608467 -72.04953967245854
6.1618051714919035 -72.04320606516463
6.161912570515022 -72.0368724578075
6.162019893758018 -72.03053885038723
6.162127141300966 -72.02420524290385
6.16244843052866 -72.00520442007581
6.16255537606998 -71.99887081234075
6.162662246309967 -71.99253720454291
6.162769041328029 -71.98620359668237
6.163408236208644 -71.94820194820632
6.163514506887241 -71.94186833990878
6.163620702975157 -71.9355347315491
6.1637268245508015 -71.92920112312729
6.168634666742183 -72.04321694378702
6.168844739213331 -72.03054972133339
6.1689496643184505 -72.02421611001593
6.169159292658955 -72.01154888720014
6.169263996050484 -72.00521527570191
6.16936862569344 -71.99888166414355
6.169473181665619 -71.99254805252514
6.16957766404471 -71.98621444084671
6.170306986594655 -71.94187915742275
6.170410883012692 -71.93554554526655
6.170514706531929 -71.92921193305088
6.175155491403405 -72.0622284287568
6.175669592556802 -72.03056035428635
6.175772195215746 -72.0242267392188
6.175874725529542 -72.01789312409356
6.175977183574584 -72.0115595089107
6.176079569427162 -72.00522589367024
6.176181883163458 -71.99889227837232
6.176284124859546 -71.99255866301696
6.176386294591394 -71.98622504760418
6.1764883924348615 -71.97989143213412
6.176896066438423 -71.95455696968183
6.176997805974179 -71.94822335392604
6.177099474074486 -71.94188973811335
6.177201070814462 -71.93555612224368
6.177302596269123 -71.92922250631725
6.1817905060726135 -72.07490607883433
6.1818912833304624 -72.06857246048793
6.181991989355011 -72.06223884208605
6.18209262422167 -72.05590522362867
6.182293680782414 -72.04323798654777
6.182494453613839 -72.03057074924583
6.18259473381845 -72.02423713051208
6.182694943315394 -72.01790351172319
6.182795082179338 -72.01156989287932
6.182895150484842 -72.00523627398043
6.182995148306365 -71.99890265502661
6.183095075718261 -71.9925690360179
6.183194932794777 -71.9862354169544
6.183294719610055 -71.97990179783613
6.183394436238136 -71.9735681786632
6.1835936592283485 -71.96090094015346
6.183891969154705 -71.94190008198005
6.18409049359072 -71.9292328429259
6.187345549384612 -72.15725334140372
6.188434582285287 -72.08758350468015
6.188533164958436 -72.08124988283987
6.188631677900314 -72.0749162609465
6.18873012118479 -72.0685826390001
6.18882849488563 -72.06224901700075
6.189123199222443 -72.04324815068537
6.189221295324328 -72.0369145284747
6.189417279952156 -72.02424728389529
6.189515168624286 -72.01791366152668
6.189808420948493 -71.99891279410595
6.189906034068277 -71.99257917152764
6.190003578481554 -71.98624554889696
6.190101054260748 -71.97991192621403
6.1903930705165795 -71.96091105785237
6.1904902724816795 -71.95457743496102
6.190587406173309 -71.94824381201772
6.190684471663285 -71.94191018902248
6.190781469023326 -71.9355765659754
6.194411150500166 -72.14459608120997
6.1951841209130745 -72.09392708055773
6.195280434450703 -72.08759345524749
6.195376679838014 -72.08125982988658
6.1954728571472275 -72.07492620447508
6.195760981326974 -72.05592532793752
6.195952725042467 -72.04325807666052
6.196048495394053 -72.03692445094656
6.196716999736108 -71.99258906954567
6.196812231478421 -71.98625544343145
6.196907396213818 -71.97992181726738
6.197002494012908 -71.97358819105358
6.197097524946203 -71.96725456479012
6.197192489084116 -71.960920938477
6.197287386496957 -71.95458731211428
6.197476981428193 -71.9419200592403
6.201372629350765 -72.13827219569815
6.201467071389064 -72.1319385672883
6.202220201968603 -72.08126953826489
6.202595170797766 -72.05593502259552
6.202688747469673 -72.04960139355815
6.202782258067522 -72.04326776447284
6.202875702661181 -72.03693413533969
6.203434988035716 -71.99893235953846
6.203527972548261 -71.99259873007168
6.203620891612072 -71.98626510055742
6.203713745296141 -71.97993147099578
6.203806533669366 -71.97359784138679
6.203899256800543 -71.96726421173044
6.203991914758379 -71.96093058202685
6.2040845076114755 -71.95459695227606
6.204269498277398 -71.94192969263302
6.208145097149872 -72.14461532739267
6.208237253991852 -72.13828169565832
6.208329345440173 -72.13194806387776
6.208421371564336 -72.125614432051
6.208605228117678 -72.11294716825908
6.2089721603814105 -72.08761264012315
6.2090637311741235 -72.08127900797442
6.20924667851303 -72.06861174353962
6.209338055196358 -72.06227811125365
6.209429367313535 -72.05594447892202
6.209702916950937 -72.03694358165366
6.209793971485809 -72.03060994913989
6.2098849617952006 -72.02427631658071
6.210248282133467 -71.99894178589079
6.210338952331248 -71.99260815310525
6.210610580274616 -71.97360725447808
6.210700995596351 -71.9672736215123
6.210791347366792 -71.96093998850164
6.210881635652838 -71.95460635544603
6.211062022038868 -71.94193908920042
6.215101885598108 -72.13829095618696
6.215191626449044 -72.13195732112064
6.215281303643128 -72.12562368601043
6.215370917247985 -72.11929005085642
6.215460467331149 -72.11295641565864
6.215818033794162 -72.08762187443075
6.215907267278493 -72.08128823901482
6.215996437644318 -72.07495460355538
6.216085544958503 -72.06862096805254
6.21617458928782 -72.06228733250624
6.2162635706989455 -72.05595369691663
6.216530138088535 -72.0369527898881
6.2166188684917865 -72.03061915412552
6.2167075363088244 -72.0242855183198
6.216796141605764 -72.01795188247105
6.216973164903339 -72.00528461064441
6.2170615830357425 -71.99895097466668
6.217149938911576 -71.99261733864603
6.2175907867367775 -71.96094915790091
6.217766692361574 -71.94828188530414
6.217854552540566 -71.94194824894196
6.22214124249488 -72.1256327007078
6.222315713303189 -72.11296542396572
6.22292441811249 -72.06862995406466
6.2230111300806845 -72.06229631534241
6.223184370271253 -72.0496290377746
6.223357365899195 -72.03696176004267
6.223443772163766 -72.03062812111524
6.2235301174814 -72.02429448214697
6.2239609321157525 -71.99262628669362
6.22430449332132 -71.9672917295992
6.224475911826508 -71.95462445080905
6.224561530776974 -71.94829081135335
6.224647089610459 -71.94195717185734
6.228746068973961 -72.1446424002917
6.229086106996548 -72.11930783468101
6.229678858513708 -72.0749723433507
6.2297632977992805 -72.0686387015757
6.2298476773994285 -72.06230505976173
6.230016257796102 -72.04963777601704
6.230100458718729 -72.04330413408638
6.230184600208136 -72.03697049211695
6.230268682327151 -72.03063685010873
6.230352705138515 -72.02430320806181
6.230436668704878 -72.01796956597619
6.230520573088805 -72.01163592385193
6.230688204559165 -71.99896863948764
6.230771931770284 -71.9926349972477
6.231022760053684 -71.97363407029711
6.231106251904956 -71.9673004279035
6.231189685071142 -71.96096678547156
6.231273059614018 -71.95463314300136
6.235447400827849 -72.15731823419785
6.2356130726966645 -72.14465094555656
6.235695820430139 -72.13831730117992
6.235861139807669 -72.1256500123149
6.236026224814883 -72.11298272330103
6.236602183843161 -72.06864721058525
6.236684231068525 -72.06231356576387
6.236766220319639 -72.0559799209057
6.236848151657857 -72.04964627601073
6.236930025144441 -72.04331263107903
6.237011840840572 -72.03697898611067
6.237093598807341 -72.03064534110561
6.237175299105753 -72.02431169606398
6.237256941796729 -72.01797805098576
6.2374200545996255 -72.00531076071975
6.2375015248329575 -71.99897711553204
6.237582937701676 -71.9926434703079
6.2378268327246635 -71.97364253441735
6.237908016739009 -71.96730888904793
6.237989143690359 -71.96097524364225
6.238070213638778 -71.95464159820041
6.242157929226132 -72.16999384024948
6.242238553465962 -72.16366019306598
6.2423191204142645 -72.15732654584708
6.242399630132013 -72.1509928985929
6.2424800826800935 -72.14465925130347
6.242560478119307 -72.13832560397877
6.242640816510368 -72.13199195661892
6.242721097913905 -72.12565830922388
6.24280132239046 -72.11932466179378
6.243361304838449 -72.07498912880273
6.243520790912446 -72.06232183334853
6.243918521429737 -72.03065359410557
6.2439978992087015 -72.02431994615316
6.244077221017803 -72.01798629816622
6.244156486916147 -72.01165265014477
6.244235696962754 -72.0053190020889
6.244314851216564 -71.99898535399859
6.244630911479708 -71.97365076129395
6.249190846096411 -72.1573346178078
6.249269000169835 -72.15100096768654
6.249347098746275 -72.14466731753203
6.249425141884755 -72.13833366734433
6.2495810620835 -72.12566636686944
6.24996989653149 -72.0939981151038
6.2501250451201 -72.0813308141669
6.250279974299337 -72.06866351309863
6.250666340376793 -72.03699525985492
6.250743450019737 -72.03066160910824
6.250820505272943 -72.02432795832901
6.2508975061938665 -72.01799430751718
6.250974452839885 -72.01166065667292
6.251051345268293 -72.00532700579615
6.251128183536307 -71.99899335488698
6.2513583739489045 -71.97999240196516
6.251434996145869 -71.97365875092657
6.251511564467305 -71.96732509985576
6.255986725391528 -72.16367610295163
6.256062577695937 -72.1573424500797
6.2561383761187335 -72.15100879717643
6.256441032139049 -72.12567418525124
6.256742830624883 -72.10033957282796
6.256818146683018 -72.0940059196446
6.256893409429141 -72.08767226643026
6.257043775211336 -72.0750049599088
6.257343869512994 -72.04967034649584
6.2574935989310045 -72.03700303960485
6.25756838440274 -72.03066938611333
6.25764311712406 -72.02433573259115
6.257717797150687 -72.01800207903842
6.2577924245382714 -72.01166842545511
6.257866999342379 -72.00533477184122
6.258090408808357 -71.98633381081673
6.258164773832681 -71.98000015708104
6.2582390865502004 -71.97366650331497
6.258313347016014 -71.96733284951854
6.258387555285148 -71.96099919569183
6.258461711412548 -71.9546655418348
6.262860820061307 -72.16368369823309
6.262934315034493 -72.1573500426624
6.2630077578005485 -72.15101638706234
6.263593427120947 -72.10034714120788
6.263666402512834 -72.0940134853448
6.263812198385678 -72.08134617353151
6.26388501897608 -72.07501251758131
6.264103172018252 -72.05601154955707
6.2643208631095675 -72.03701058127288
6.264393324404144 -72.0306769251205
6.264465734587634 -72.02434326893942
6.264538093714032 -72.01800961272957
6.264610401837256 -72.01167595649103
6.264682659011147 -72.0053423002238
6.264754865289469 -71.99900864392797
6.264971179287553 -71.98000767486886
6.26504318251975 -71.97367401845877
6.265115135124074 -71.96734036202015
6.265187037153842 -71.96100670555312
6.26525888866229 -71.95467304905766
6.270444029124682 -72.10035447066234
6.270514663844472 -72.09402081220419
6.270655783341741 -72.0813534952062
6.271007709889737 -72.04968520223613
6.271148132737693 -72.03701788485868
6.271218269849344 -72.03068422612952
6.271288357489247 -72.02435056737338
6.271358395709666 -72.01801690859033
6.271428384562788 -72.0116832497804
6.271498324100728 -72.00534959094361
6.271568214375526 -71.99901593207994
6.272056071287268 -71.95468031928563
6.27736293050147 -72.09402790022241
6.27756752278265 -72.07502691716378
6.277839638094625 -72.04969227273044
6.277907546834445 -72.04335861155884
6.277975407640591 -72.03702495036207
6.2780432205637355 -72.03069128914001
6.27811098565448 -72.0243576278928
6.278178702963354 -72.01802396662045
6.278313994437255 -72.00535664400029
6.2783815687029865 -71.99902298265258
6.278853259115077 -71.9546873525185
6.283814780144883 -72.13203672940975
6.284342969019957 -72.08136742253889
6.284802687643471 -72.03703177778263
6.284868176372714 -72.03069811415178
6.2849336189089104 -72.02436445049739
6.284999015300858 -72.01803078681955
6.2850643655972895 -72.01169712311831
6.285129669846861 -72.0053634593936
6.285194928098168 -71.99902979564554
6.285455502090198 -71.97369514041976
6.28565045197331 -71.95469414875603
6.2857153439796365 -71.9483604848217
6.28597445684378 -71.92302582885284
6.291123046727939 -72.08770769397638
6.291250047119297 -72.07504036239425
6.291629972571544 -72.03703836712019
6.291693137101673 -72.03070470116445
6.291756257078118 -72.0243710351869
6.291819332547944 -72.0180373691875
6.291882363558153 -72.01170370316629
6.292134043940494 -71.98636903886383
6.2921968533553 -71.98003537273397
6.292322339694443 -71.96736804040916
6.292572783711659 -71.9420333755003
6.292635284848484 -71.93569970921916
6.292697742130711 -71.92936604291654
6.292760155604426 -71.92303237659242
6.297968989265414 -72.08771406321443
6.298030174545675 -72.08138039518082
6.298396378964311 -72.0433783865507
6.2984572622500155 -72.03704471837443
6.298518102576005 -72.03071105017789
6.298882244915788 -71.9927090405735
6.298942785791361 -71.98637537223546
6.299003284068624 -71.98004170387728
6.299063739792465 -71.97370803549902
6.29918452375913 -71.96104069868225
6.299244852091418 -71.95470703024382
6.299305138049214 -71.94837336178531
6.299365381677097 -71.94203969330687
6.299425583019577 -71.93570602480841
6.299485742121107 -71.92937235629002
6.2995458590260744 -71.92303868775166
6.304460972432561 -72.1257222145123
6.304814936417473 -72.08772019369478
6.304991355264528 -72.0687191830301
6.305108760066471 -72.05605184249261
6.305167400270534 -72.04971817219558
6.30522599906848 -72.04338450187976
6.305284556504095 -72.03705083154513
6.305343072621104 -72.03071716119172
6.305401547463173 -72.02438349081956
6.305635034953179 -71.99904880914376
6.305693304073359 -71.99271513867811
6.305751532179298 -71.98638146819384
6.305809719314229 -71.98004779769093
6.305867865521328 -71.97371412716944
6.30592597084371 -71.96738045662936
6.306042059006476 -71.95471311549356
6.306100041932788 -71.94837944489787
6.306157984146235 -71.94204577428367
6.306215885689632 -71.93571210365101
6.306273746605729 -71.92937843299988
6.306331566937223 -71.92304476233032
6.311660888007834 -72.08772608541723
6.311717398510142 -72.08139241312996
6.311773869039788 -72.0750587408253
6.31188669035042 -72.06239139616372
6.31194304121592 -72.05605772380684
6.311999352277787 -72.04972405143256
6.312055623578125 -72.04339037904097
6.312111855158987 -72.03705670663203
6.31216804706236 -72.03072303420575
6.312280312004301 -72.0180556893014
6.312448412882381 -71.99905467181544
6.3125043675992885 -71.99272099928571
6.31256028293098 -71.98638732673874
6.312616158918976 -71.98005365417467
6.3126719956047355 -71.97371998159342
6.312950590947026 -71.94205161843053
6.313061755412894 -71.92938427304595
6.313117279166366 -71.92305060032815
6.318180998234971 -72.12573378376793
6.318289767427176 -72.11306643537019
6.318506843860214 -72.08773173838148
6.31866924826218 -72.06873071547137
6.318831308520019 -72.04972969241736
6.318885252318268 -72.04339601803409
6.3189391580399 -72.0370623436349
6.319046855414259 -72.02439499478879
6.319100647147322 -72.01806132034194
6.319154400964437 -72.01172764587919
6.3193154353200685 -71.99272662239602
6.319636485686555 -71.95472457500367
6.319689862536362 -71.94839090038325
6.325093073913719 -72.11940553338151
6.325145093534532 -72.11307185725214
6.325197076294308 -72.10673818110803
6.325404639504593 -72.08140347638435
6.325456438544865 -72.07506980016672
6.325508200957988 -72.06873612393441
6.3255599267827485 -72.06240244768746
6.325611616057882 -72.05606877142587
6.325714885113928 -72.04340141885889
6.325766464972037 -72.03706774255352
6.325920986328727 -72.01806671355004
6.325972420836437 -72.01173303718646
6.326382595402169 -71.96106362575709
6.326484778911904 -71.94839627275562
6.3265358168553805 -71.94206259623333
6.331901040484878 -72.12574439595755
6.332000423567991 -72.11307704003704
6.332198767645892 -72.0877423280346
6.332248265947822 -72.08140865000047
6.3322977292371005 -72.07507497195296
6.33234715755082 -72.06874129389209
6.332396550926022 -72.06240761581783
6.332445909399692 -72.05607393773028
6.332495233008766 -72.0497402596294
6.332544521790126 -72.04340658151517
6.3325937757806035 -72.03707290338767
6.3328395251552125 -72.00540451255112
6.3329865596352874 -71.98640347789056
6.333230928350514 -71.95473508652634
6.3332796991069795 -71.94840140821414
6.333328435618847 -71.94206772988883
6.3388084291285125 -72.11941566344447
6.338855757350514 -72.11308198372458
6.33890305203576 -72.10674830399249
6.338997540938298 -72.0940809444917
6.339091896120254 -72.08141358494224
6.3391390236545835 -72.07507990514931
6.339186117864952 -72.0687462253442
6.3392331787866505 -72.06241254552697
6.339327200904948 -72.0497451858562
6.339374162171879 -72.04341150600273
6.339421090290804 -72.03707782613712
6.339514847224758 -72.0244104663698
6.3395616761097235 -72.01807678646806
6.339608471986556 -72.01174310655435
6.339748661916466 -71.99274206674114
6.3397953261087325 -71.98640838677944
6.339841957466603 -71.9800747068058
6.339888556024678 -71.97374102682019
6.3457110947050674 -72.11308668831464
6.345980321621405 -72.07508459975548
6.346025081724658 -72.06875091829052
6.346069810189094 -72.06241723681464
6.346114507048208 -72.05608355532777
6.346159172335445 -72.04974987383002
6.346203806084206 -72.04341619232135
6.346337518432919 -72.0244151477299
6.346382026360829 -72.01808146617766
6.346559744681594 -71.99274673986022
6.346604096079308 -71.9864130582538
6.346648416269965 -71.98007937663661
6.346692705286452 -71.97374569500859
6.352609042050147 -72.10675747082574
6.352948811004207 -72.05608800662048
6.353160192986031 -72.02441959117283
6.35320237995335 -72.01808590805396
6.353244537184442 -72.01175222492533
6.353286664710697 -72.00541854178697
6.353370830774041 -71.992751175481
6.359421779422114 -72.11309538020141
6.359502275993028 -72.10042801123518
6.359703019377889 -72.06875958866522
6.359743082917273 -72.06242590412481
6.359783118147562 -72.05609221957566
6.359823125098717 -72.04975853501773
6.359982870709667 -72.0244237966985
6.360022736713043 -72.01809011209689
6.360062574616151 -72.01175642748653
6.360102384448655 -72.0054227428675
6.360142166240176 -71.99908905823978
6.3602613436644475 -71.98008800430448
6.366239181050256 -72.11943305338143
6.366315044922677 -72.10676568160636
6.366352936555226 -72.10043199570705
6.366504235058766 -72.07509725203157
6.36654199281996 -72.06876356609318
6.366579723891927 -72.062429880147
6.366617428302919 -72.05609619419302
6.366655106081153 -72.04976250823127
6.366692757254802 -72.04342882226176
6.366730381852002 -72.03709513628449
6.366767979900849 -72.03076145029948
6.366805551429397 -72.02442776430672
6.366843096465663 -72.0180940783062
6.366918107173217 -72.00542670628205
6.3669555729003395 -71.99909302025839
6.366993012246851 -71.99275933422702
6.367030425240571 -71.98642564818797
6.36706781190928 -71.98009196214127
6.367105172280719 -71.9737582760868
6.373203599975221 -72.10043574125008
6.373239124039362 -72.09410205401677
6.373416367706235 -72.06243361774702
6.373487089897231 -72.0497662431911
6.373557712248411 -72.03709886860787
6.373592986050037 -72.030765181306
6.373628234970794 -72.0244314939973
6.373733832710508 -72.00543043203047
6.373874282954983 -71.98009568264634
6.3802199480563795 -72.06877080542964
6.380286056948215 -72.05610342841388
6.380352072480046 -72.04343605137424
6.3803850452976665 -72.03710236284552
6.380516704153619 -72.01176760867104
6.38054956088665 -72.00543392011255
6.380582394476248 -71.99910023154817
6.380680756628413 -71.98009916581958
6.380713497888078 -71.97376547723157
6.38074621612604 -71.96743178863768
6.386935777263122 -72.09410882591716
6.386997396952666 -72.08144144663783
6.387028174107292 -72.0751077569904
6.38705892949927 -72.06877406733778
6.38708966315165 -72.06244037768002
6.387426305073225 -71.99276979110476
6.387456779636289 -71.9864361013854
6.387517664456229 -71.97376872193128
6.393869491993902 -72.07511078146108
6.393897913257645 -72.06877709073909
6.3940397186555185 -72.03710863706313
6.394237407485884 -71.99277280173246
6.394265569233659 -71.98643911095344
6.400684706429923 -72.0814472590436
6.400736899155774 -72.0687798756334
6.401048512011291 -71.99277557486079
6.407528364208899 -72.08144980723273
6.407552134017283 -72.07511611462822
6.407575887017928 -72.06878242202062
6.407599623228632 -72.06244872940992
6.407765308075126 -72.01811288104902
6.40781249650218 -72.00544549577545
6.407836065786954 -71.99911180313411
6.407859618475936 -71.9927781104897
6.414372023779969 -72.08145211674587
6.414393457802223 -72.0751184233245
6.414414876668378 -72.06878472990061
6.414457668996569 -72.05611734304529
6.414606967080192 -72.01178148897306
6.414649488467849 -71.9991141020729
6.42121568496703 -72.0814541875829
6.421234783201439 -72.0751204934291
6.421291996935118 -72.0561194109557
6.421311041237432 -72.04978571679389
6.421387084115092 -72.02445094012698
6.42805934759398 -72.08145601974381
6.428076110039016 -72.07512232494197
6.428126326307459 -72.05612124052725
6.4281430414165 -72.04978754571927
6.42827633843763 -71.99911798720056
6.434903011484712 -72.0814576132285
6.4349174381390375 -72.07512391786305
6.4349318545921985 -72.06879022249645
6.434960656938234 -72.0561228317599
6.434975042852667 -72.04978913638989
6.435003784218154 -72.0371217456465
6.435018139690678 -72.03078805027313
6.435032485037343 -72.02445435489861
6.435075460429078 -72.00545326876829
6.44171035248794 -72.10046005556597
6.441722469053389 -72.09412635972373
6.441734577042087 -72.08779266388072
6.441746676463126 -72.08145896803687
6.4417587673255845 -72.07512527219224
6.441782923411015 -72.06245788050055
6.441794988652084 -72.05612418465353
6.441807045370764 -72.04979048880573
6.441831133277006 -72.03712309710767
6.441843164482562 -72.03078940125745
6.441903193393432 -71.99912092199453
6.441915173814802 -71.99278722613957
6.448570811491006 -72.09412747664614
6.448580580378312 -72.08779378040778
6.448590342353115 -72.0814600841689
6.448677890269016 -72.02445681799557
6.4487069495317035 -72.00545572926183
6.45542658445079 -72.08779465817396
6.455434008978576 -72.08146096162451
6.455471052952048 -72.04979247887273
6.455485833934415 -72.03712508576993
6.455493216603352 -72.03079138921807
6.455500594064804 -72.0244576926659
6.462262404112493 -72.10046269072996
6.462267498400867 -72.0941289939547
6.46227258908323 -72.08779529717927
6.462277676163405 -72.08146160040373
6.462303057664892 -72.04979311652387
6.462308123211919 -72.04345941974749
6.462318243583022 -72.03079202619429
6.469113088991873 -72.10046309125784
6.469115842520154 -72.09412939434077
6.469118594099339 -72.08779569742363
6.469121343731497 -72.08146200050648
6.469124091418689 -72.07512830358927
6.469140536812754 -72.03712612208518
6.4759633610186125 -72.10679694982993
6.47596377407907 -72.10046325285563
6.4759641868470394 -72.09412955588134
6.475965011506748 -72.08146216193276
6.475968298507826 -72.03079258613833
6.475968708078787 -72.02445888916401
6.482814459197423 -72.10046317552336
6.482812531205045 -72.09412947857643
6.482810604577405 -72.08779578162951
6.482808679313052 -72.08146208468254
6.482806755410546 -72.07512838773557
6.4827933261037245 -72.03079250910618
6.489660875417692 -72.09412916242604
