# successful candidates for region at (158.33239643969003, 38.87026368266861) and radius 1.0157.52221344518642 38.13544788349858
158.91571766862367 38.08621034502005
158.915768426758 38.092534107472495
158.91581919841434 38.098857869879524
158.9158699835974 38.105181632241106
158.92212306586333 38.09882617404253
158.922225747265 38.111473690291376
159.06679086279135 38.066384915368026
159.07939281092055 38.06630488692954
159.08562828059362 38.059940729000864
159.08648106387113 38.14214795400351
159.0925898982409 38.12313614299256
159.09882903462594 38.1167712666017
159.09889578384502 38.123094888141026
159.10506708365693 38.11040606041352
159.10513436399103 38.11672967650175
159.105201662254 38.123053292510235
159.14303677829656 38.122796562411686
159.14310738957414 38.12912014419595
