# successful candidates for region at (358.36582897806255, -72.68320856355399) and radius 1.0358.89225002704893 -73.45836728122445
358.90214940404667 -73.55312317842834
358.90910392767233 -73.5531054396286
358.9089013633714 -73.54678722736993
358.91605843663876 -73.55308747229681
358.9158532795982 -73.54676926694272
358.9099715568424 -73.3635412208669
358.9339555994565 -73.46457760093864
358.9335344364248 -73.45194122617093
358.94194251648446 -73.49614971758473
358.9406607039181 -73.45824064046963
358.94044763985175 -73.45192246014685
358.94023473853315 -73.44560427959517
358.9490904722951 -73.5024488449089
358.94865706767945 -73.48981250184363
358.9484406142299 -73.48349432995681
358.94757645505246 -73.45822164005439
358.9473608279658 -73.45190346699137
358.9471453655843 -73.44558529369392
358.9469300677194 -73.43926712016233
358.95580484183546 -73.49611140166454
358.9555856477501 -73.48979323739407
358.9553666214777 -73.4834750728819
358.9551477628256 -73.47715690812832
358.9549290716019 -73.47083874313357
358.96295791973176 -73.50241005865114
358.9627359808921 -73.49609190209588
358.9625142120311 -73.4897737452929
358.96229261295395 -73.48345558824252
358.96207118346564 -73.47713743094506
358.96966710395526 -73.49607217478925
358.97979342129787 -73.58450617486905
359.01390338221336 -73.56544813229115
