# successful candidates for region at (2.3333467303740343, -73.18491036861607) and radius 1.03.015824029854602 -73.69624068669708
3.0153091619921404 -73.68357760241894
3.0226556520446315 -73.69621868867158
3.0223955406658507 -73.68988715524246
3.02975014926963 -73.7025279960082
3.0286998015642275 -73.67720189612771
3.0284377240420146 -73.67087037030139
3.0381814939237373 -73.740494638101
3.0352590124051186 -73.67084796891064
3.0434184616926774 -73.70248288696402
3.0423475028112166 -73.67715685711946
3.0518808063316056 -73.74044898421666
3.0489015341138783 -73.67080250987479
3.058181669526807 -73.72776285372474
3.064196795022118 -73.70874505919595
3.0600791389598774 -73.61377282545
3.0598063260685726 -73.6074413402069
3.0592613324320377 -73.59477836860611
3.05898915119916 -73.58844688224919
3.071591269924696 -73.72138444899522
3.071312250462609 -73.71505297930693
3.07103344801392 -73.70872150923239
3.07047649314566 -73.69605856792633
3.0671528592448536 -73.62008088788274
3.0668772818716152 -73.61374941206797
3.0666019175126045 -73.60741793587408
3.0663267659211475 -73.60108645930151
3.0660518268509502 -73.5947549823507
3.075906492790414 -73.66437750324286
3.0747892214026415 -73.6390516450753
3.0745104441509694 -73.63272017956227
3.0739535366070725 -73.62005724737409
3.073675405815005 -73.6137257806998
3.073397490010272 -73.60739431363932
3.072842302367363 -73.59473137836157
3.0821608789732227 -73.65169067012782
3.0818791062002564 -73.64535921465175
3.0815975516497494 -73.63902775878006
3.080754194803023 -73.62003338879596
3.0804735106143464 -73.61370193134641
3.080193043386078 -73.60737047350356
3.08897431437368 -73.65166654682777
3.096362196345263 -73.66430507720791
3.0960748518897128 -73.65797364132838
3.0952141537384894 -73.63897933122514
3.102311663576837 -73.64528621757181
3.102022425227104 -73.63895478996739
3.1017334107931602 -73.632623361946
3.1264425446167112 -74.01248294969439
3.125832058038568 -73.99982016418676
3.10883067677654 -73.63893003039078
3.1324819567999955 -73.99346323921272
3.115344775323261 -73.63257364372753
3.120965952254427 -73.60722285682203
3.14639145082916 -73.99341150667266
3.1460787897249944 -73.98708014335377
3.1325624348860286 -73.70849969309526
3.1283582507438643 -73.61986027288398
3.128059693418249 -73.6135288823677
3.1277613668635684 -73.6071974914064
3.127463270812594 -73.60086610000064
3.1393988868104254 -73.70847395060217
3.135158749277496 -73.61983466978484
3.1348576387403826 -73.61350328916757
3.143176234575404 -73.64513432654657
3.14165556333731 -73.61347747799115
3.1499869238602907 -73.64510824697904
3.1493728288625644 -73.63244552913193
3.162099915134075 -73.75271479989662
3.1617860686052257 -73.7463834596065
3.160220498738774 -73.71472675085096
3.169271093247821 -73.75901943714969
3.1689544047707066 -73.75268810776025
3.164859815706375 -73.67038078073243
3.1761281579715765 -73.75899251467388
3.1758088724233122 -73.75266119578255
3.1754898357739236 -73.74632987638662
3.173898375852131 -73.71467327185839
3.1735808265075187 -73.70834194944713
3.1716807047371365 -73.67035400448941
3.18298520050515 -73.7589653722721
3.17850157193731 -73.67032700951451
