# successful candidates for region at (23.89797967154757, -35.13444976954467) and radius 1.023.61940781134106 -35.72260226450332
24.590563599546574 -35.96755303129341
24.597013827597447 -35.973839323136694
24.596902623212635 -35.9611938981022
24.59607044599179 -35.866353202925026
24.595959735930442 -35.853707775914515
24.602456937968597 -35.86631652474474
24.602401069274276 -35.85999381608275
24.602345215210434 -35.853671107361755
24.609690825552878 -35.961120062392226
24.60873068859165 -35.853634104890816
24.60861801217401 -35.84098869698276
24.616142038283883 -35.96740534046151
24.615628492270655 -35.910501056966275
24.615229904158472 -35.866242166367435
24.615059304290277 -35.847274069478246
24.615002467445706 -35.84095137039292
24.621616378264534 -35.866204486171945
