# successful candidates for region at (217.43034297214803, 7.386418606885848) and radius 1.0217.35716604826703 7.16644021869627
217.36349100752335 7.147483012068713
217.36349007237973 7.153802406190201
217.36348913666808 7.160121800311607
217.36981374041 7.141164504512123
217.36981289421288 7.147483898900317
217.36981204750148 7.153803293288446
217.37615134660427 7.008458015870147
217.3761355387446 7.141165303077862
217.376134780926 7.147484697706217
217.37613402264685 7.15380409233452
217.38245733710028 7.141166013644352
218.10465790848832 8.113833931333309
218.11098355447535 8.10750484299094
218.11100432465105 8.120143326106602
