# successful candidates for region at (173.52709514211628, 53.79503688485968) and radius 1.0173.18939188922147 54.60106711293364
173.189339715687 54.60737742801644
173.19586359021577 54.607395289749626
173.1958124058506 54.61370560804098
173.24822710286395 54.58228427445388
173.24818404568077 54.588594616461776
173.24809788451216 54.601215300416136
173.25457870188563 54.60754036877534
173.2544944635794 54.620161057948
173.3131288779231 54.6392090585353
173.32609362642276 54.6581623248108
173.33268584135206 54.64555214276602
173.3326557618996 54.65186251441699
173.33262567153182 54.658172886058
173.3391867996412 54.65187272492887
174.36305250065095 54.257892182838255
174.36318020320098 54.264202065295166
174.3633079516103 54.27051194757043
174.36964941142116 54.26415731234037
174.3697781480489 54.270467186577655
