# successful candidates for region at (98.20658906816973, -74.29157454635289) and radius 1.097.5883675925194 -73.46056480716011
97.59012287500775 -73.58713605589635
97.5949435641844 -73.45425582509539
97.59651870573194 -73.58715465641662
97.59674763307869 -73.58082702186343
97.6029145504975 -73.58717306295739
97.61592800981938 -73.5808816384768
97.6221021675708 -73.58722711869672
97.62232149609727 -73.58089945620229
97.62849806703026 -73.58724474931333
97.62871499581233 -73.58091708002053
97.63681880308579 -73.530313093535
97.64192580303872 -73.56829637992757
97.64277138277518 -73.54298564522435
97.64852379310601 -73.56198571898916
97.64894179981978 -73.54933033853479
97.64915056194941 -73.54300264797932
97.64956760468084 -73.53034726621323
97.6551168481843 -73.5556748511078
97.6555297538841 -73.54301945727217
97.6796657293446 -73.58737881082004
97.76414346290012 -73.53694781924086
