# successful candidates for region at (180.65771860543956, 22.02130075903856) and radius 1.0180.25999341544752 21.43029039109736
180.26634330562138 21.417714981540783
180.2726753430806 21.411434555773916
180.27265860140668 21.417729788509124
180.27900682821868 21.405153885203468
180.27899036557935 21.41144911991101
180.27897389847325 21.41774435461002
180.2853215774833 21.405168206574313
180.31055040229003 21.417813572095067
180.32319555716768 21.411544325472967
180.32316646298668 21.42413482053908
180.50639757708112 21.34886019336676
180.5127035997702 21.35516112340925
