# successful candidates for region at (171.2369525857124, 37.716760153523666) and radius 1.0170.8346699091413 37.24131091245996
170.83463608037113 37.24762517188721
170.8346022426734 37.253939431293766
170.83453454048302 37.26656795004479
170.84095923518166 37.247646548185976
170.8409259292831 37.2539608104095
170.84089261459422 37.26027507261298
170.84085929111208 37.26658933479639
170.847282393564 37.24766758586048
170.847249619466 37.25398185085636
170.84721683671805 37.2602961158328
170.84718404531722 37.26661038078983
170.85370223132108 37.22874548162677
170.85360555546112 37.24768828491026
170.85357331316507 37.25400255263385
170.8601188081796 37.209823022513305
170.86005547915215 37.222451563526434
170.8600238021076 37.22876583400578
170.85999211670526 37.235080104466974
170.85996042294238 37.24139437491
170.859928720816 37.247708645334875
170.85989701032324 37.254022915741565
170.85980182861823 37.272965726852554
170.86625188957157 37.247728667133906
170.8661895239666 37.26035721320668
170.866158328818 37.266671486216694
170.86612712543482 37.27298575920913
170.8725444147888 37.25406262594595
170.87251375981822 37.260376901568
170.87248309675635 37.26669117717306
170.8724524256004 37.27300545276112
170.8788379989591 37.26039625121363
170.96082096793342 37.32376004534451
170.9671733100732 37.317460363114705
170.97348018350223 37.32378895989628
