# successful candidates for region at (169.4831527982724, 23.52906624892212) and radius 1.0168.77685913260527 22.85216720448257
169.12747062203994 24.170706872476288
169.12745312092005 24.17704027120639
169.13385842161915 24.170721308532645
169.133824043425 24.1833881098278
169.1338068474996 24.189721510462856
169.14022935009578 24.17706888552025
169.14021247310538 24.183402288050775
169.14660090418053 24.183416204596536
169.24872360055943 24.234270715180962
169.25512581130454 24.227946762756893
