# successful candidates for region at (50.15284213567689, -31.642440537634954) and radius 1.050.07191086137718 -31.673242749705118
50.07191637780892 -31.666910126482566
50.07826013450058 -31.666913971305934
50.55702056232826 -30.887385328437233
50.563284546867415 -30.88103279191702
50.6204636072436 -30.99482431099765
50.6267937031421 -31.001133695021228
50.64592097916846 -31.04538997824302
50.65828789981639 -31.001013381675033
50.6645867294109 -31.000988390498474
50.67088555566264 -31.00096308982056
50.67718437853047 -31.000937479641745
