# successful candidates for region at (22.186767184713343, -34.96317885194784) and radius 1.021.909349617662492 -34.3171327120934
21.92198206748231 -34.31716085064192
21.922022196058187 -34.30450630802724
21.928298295536145 -34.317174428232406
21.928317883742587 -34.31084715518146
21.92833746689575 -34.30451988212297
21.92835704499725 -34.29819260905692
21.93459541115263 -34.323514952782475
21.934614525619793 -34.31718767803335
21.93465273976156 -34.30453312851351
21.934690934190453 -34.291878578964905
21.94098663585932 -34.29821877076543
21.941005252309353 -34.291891494325405
21.941023863957685 -34.28556421787856
21.941042470805865 -34.27923694142487
21.941061072855426 -34.27290966496436
21.9474464084839 -34.247613135463176
21.947482605344536 -34.23495857923311
21.953775009189336 -34.24129810485862
21.95379262809278 -34.234970825165576
21.960085510954215 -34.24131002508097
21.960102652663256 -34.23498274385524
