# successful candidates for region at (347.3695962099426, -19.011856611433) and radius 1.0347.46031814164036 -19.816959014263652
347.46664505511643 -19.8232708922305
347.4666412502152 -19.81695579566573
347.4666374464021 -19.810640699100464
347.47296435852877 -19.81695236029355
347.61205363534293 -19.80419178387635
347.6120441366362 -19.79787670663311
347.6120346406467 -19.79156162938676
347.6183664909458 -19.79786828912078
347.6183567473312 -19.7915532130899
347.61834700650405 -19.785238137055753
347.6246988386851 -19.804174729710848
347.62468884458673 -19.79785965493018
347.62467885334735 -19.791544580146063
347.6246688649662 -19.7852295053585
347.63101119754197 -19.797850804061433
347.6309907227433 -19.785220657045688
