# successful candidates for region at (27.07834689367787, -52.24750119083444) and radius 1.026.262992740578337 -53.04342408356632
26.26941114214025 -53.04979684750701
26.26952949745138 -53.04346828592692
26.26964781143837 -53.03713972418498
26.27583142865459 -53.056169270834836
26.275948868647614 -53.049840701752444
26.27606626762938 -53.04351213251071
26.28237012503662 -53.0562127768421
26.282486608359374 -53.049884200157635
26.282603051004855 -53.04355562331642
26.28890883452238 -53.05625592694569
27.288132029174896 -52.79284623576412
27.29466295831038 -52.79916365649854
27.29463156118357 -52.792834652951655
27.29460017495054 -52.78650564939328
27.301228145234365 -52.811809721145586
27.301163430307223 -52.79915171823286
27.301131089686727 -52.79282271675824
27.301098760287367 -52.786493715271426
27.307630614579033 -52.79281042718421
27.313380122475955 -52.653559843579565
27.31331222226894 -52.6409018486503
27.319928785781386 -52.666204887087545
27.327273700087723 -52.818087408379206
27.326373645253934 -52.65986259067411
27.33385121738719 -52.83073167600758
27.333814094940287 -52.82440268589457
27.333776985383906 -52.818073695765534
27.33373988871151 -52.81174470562046
27.332890206259783 -52.66617792788263
27.340356388450626 -52.83071760488151
27.340318320882922 -52.824388617212975
27.34028026653392 -52.81805962952762
27.340204197465187 -52.80540165410634
27.339333184360974 -52.65983493194201
27.33925777139614 -52.64717695568445
27.339220084466135 -52.64084796753074
27.346861555257906 -52.83070318000873
27.346744557832785 -52.811716224467894
27.346705585766514 -52.805387239252255
27.345774298353344 -52.65349158879637
27.345735662398397 -52.64716260314167
27.34569703979976 -52.64083361746952
27.35217399083905 -52.640818915496574
27.738587435812775 -52.49373224855794
27.745138365931147 -52.50002493989281
