# successful candidates for region at (226.55725763886318, 6.259317560904019) and radius 1.0227.3043027887463 6.910175462167661
227.31063725667585 6.916480406433917
227.31691295461493 6.884899980989393
227.31692276189432 6.891214195218435
227.31693257558592 6.897528409437916
227.3169423956903 6.90384262364783
227.31695222220782 6.910156837848175
227.32323734410392 6.884890564267764
227.3295517693091 6.878566861614229
227.3295617333485 6.884881069478319
227.3295717039064 6.8911952773325345
227.33588612234666 6.884871496621176
