# successful candidates for region at (22.375018452521665, -13.638181011695716) and radius 1.021.745336842847394 -12.845101777768734
21.75164582294145 -12.845117336390492
21.751661827123886 -12.838793204409365
21.75795480382853 -12.845132738346793
21.757970646050524 -12.838808603589392
21.757986482463778 -12.832484468819063
21.764295140273493 -12.832499708613888
23.169462207915323 -14.223296386738978
23.17587424675452 -14.242248032315814
23.175852123850493 -14.235923992300936
23.175830008689708 -14.229599952262703
23.17580790127098 -14.223275912201132
23.175785801593115 -14.216951872116226
23.182153593488078 -14.223255274782176
23.182064541177073 -14.197959128922935
23.18204229759586 -14.19163509239893
23.181997833820915 -14.17898701927994
23.1819756136248 -14.172662982684978
23.188499284557615 -14.223234474482387
23.18838711378055 -14.19161431051781
23.18834230048073 -14.178966244763673
