# successful candidates for region at (164.65467792786976, -3.0464988710210275) and radius 1.0164.64315645661551 -3.7286611660731657
164.64948075343037 -3.728661218657798
164.64948078852885 -3.7223348950767106
164.65580505786681 -3.734987555048618
164.65580505024565 -3.7286612314592054
164.65580504263377 -3.7223349078697927
164.66212944788924 -3.7413138516211175
164.66212934706087 -3.7286612044773872
164.68110205904716 -3.722334561468593
164.75067734295772 -3.8045724968040844
164.7570085038826 -3.8615087500283147
