# successful candidates for region at (26.808818504864732, -3.574896586420088) and radius 1.026.550311228658693 -2.8719254207529197
26.55031277585393 -2.865600719400583
26.550314320932078 -2.859276018047724
26.556629034397684 -2.8719270594457655
26.556630543780663 -2.865602357050852
26.5629483117267 -2.865603954182796
26.664012369915948 -3.0110924697020165
26.664013262582607 -3.0047677535336255
26.664014154062585 -2.998443037365066
26.67033102090486 -3.011093391323361
26.670331874619954 -3.004768674576397
26.67033272720015 -2.998443957829278
26.676649671904872 -3.0110942718326448
26.67665048666838 -3.004769554532916
26.67665130034877 -2.9984448372330474
26.67665211294608 -2.992120119933039
26.682969098727373 -3.004770393403173
26.682969873507936 -2.998445675576362
27.568465023114424 -4.085978049352434
27.568442109769453 -4.060679905323012
