# successful candidates for region at (7.081648317041629, -70.71355266598184) and radius 1.06.5925350257312765 -71.54877776191518
6.599109348963028 -71.56146169274687
6.599269014285136 -71.55512847072909
6.599428569883193 -71.548795248568
6.599588015870111 -71.54246202626366
6.599747352358647 -71.53612880381623
6.6058499773295285 -71.56781217086339
6.606007468628757 -71.56147894305532
6.606164851660701 -71.55514571510783
6.606322126536812 -71.54881248702107
6.606479293368386 -71.54247925879514
6.606793303342358 -71.52981280192641
6.612750393216464 -71.56782917864912
6.612905600642949 -71.56149594499267
6.613060701372 -71.55516271120082
6.613215695513452 -71.5488294772737
6.613370583176989 -71.54249624321145
6.613525364472146 -71.53616300901416
6.619650821285373 -71.56784593797765
6.619803744826554 -71.56151269855829
6.619956563240168 -71.55517945900745
6.620109276634434 -71.54884621932526
6.62041438879706 -71.53617973956747
6.626701901000521 -71.5615292037514
6.626852437086336 -71.55519595852694
6.6271531990111905 -71.54252946769583
6.627303425062997 -71.53619622208943
6.627453547982659 -71.529862976356
6.627603567876196 -71.52352973049568
6.627753484849485 -71.51719648450856
6.633896474594689 -71.54887895882234
6.63404452467979 -71.54254570776254
6.63419247309164 -71.53621245657938
6.634340319934799 -71.52987920527303
6.634488065313676 -71.52354595384355
6.634635709332544 -71.51721270229113
6.640790091076589 -71.54889495626654
6.640935861944717 -71.5425616997114
6.641081532704671 -71.53622844303669
6.641227103459401 -71.5298951862425
6.64137257431171 -71.52356192932899
6.647683718988088 -71.548910705507
6.647827210627469 -71.54257744354176
6.647970603723769 -71.53624418146067
6.648113898378328 -71.52991091926381
6.654577358150496 -71.54892620654304
6.654718570549538 -71.54259293925298
6.654859685970611 -71.5362596718507
6.65500070451344 -71.52992640433631
6.655141626277619 -71.52359313670995
6.661331979726715 -71.555274731795
6.661471008385117 -71.5489414593741
6.661609941532418 -71.54260818684445
6.661748779266872 -71.53627491420617
6.661887521686598 -71.52994164145939
6.662026168889582 -71.52360836860422
6.662164720973674 -71.51727509564074
6.6623031780365904 -71.5109418225691
6.668227921684575 -71.55528974157828
6.66836466951326 -71.5489564639995
6.668501323397597 -71.54262318631551
6.668637883434227 -71.53628990852646
6.6687743497196585 -71.52995663063243
6.6689107223502715 -71.52362335263349
6.669047001422312 -71.51729007452981
6.674989314907651 -71.56163778561954
6.675123874368313 -71.55530450307002
6.67525834135623 -71.54897122041868
6.675392715966565 -71.54263793766563
6.675526998294346 -71.53630465481096
6.675661188434477 -71.5299713718548
6.675795286481727 -71.52363808879721
6.675929292530737 -71.51730480563836
6.682019837599047 -71.55531901626958
6.682152023735327 -71.54898572863102
6.682284119060806 -71.54265244089414
6.682416123668902 -71.53631915305908
6.682548037652907 -71.52998586512594
6.682679861105985 -71.52365257709477
6.682811594121172 -71.51731928896574
6.6889158111978935 -71.55533328117642
6.689045716471853 -71.54899998863593
6.689175532501806 -71.54266669600051
6.689305259379561 -71.53633340327023
6.689434897196802 -71.53000011044523
6.6895644460450825 -71.52366681752558
6.689693906015834 -71.51733352451141
6.695811794985968 -71.55534729779
6.695939419387106 -71.54901400043286
6.696066956111049 -71.54268070298413
6.696194405247993 -71.53634740544383
6.696321766888011 -71.53001410781214
6.696449041121051 -71.52368081008909
6.696576228036939 -71.51734751227477
6.702582359067306 -71.56169436810956
6.702707788784383 -71.55536106610963
6.702833132302384 -71.54902776402123
6.702958389710015 -71.54269446184442
6.70308356109586 -71.53636115957933
6.703208646548382 -71.53002785722605
6.703333646155924 -71.52369455478468
6.7034585600067045 -71.51736125225527
6.7094806451588935 -71.56170789278397
6.709603792414251 -71.55537458613483
6.709726855038984 -71.54904127940046
6.7098498331201855 -71.54270797258087
6.7099727267448275 -71.53637466567616
6.7100955359997645 -71.53004135868647
6.710218260971732 -71.52370805161182
6.710340901747342 -71.51737474445234
6.71649980569668 -71.55538785786509
6.716620587418198 -71.54905454657003
6.716741286163037 -71.54272123519291
6.716861902016558 -71.53638792373383
6.716982435064004 -71.53005461219283
6.717102885390503 -71.52372130057002
6.717223253081065 -71.51738798886547
6.717343538220584 -71.51105467707929
6.72327724615056 -71.56173419699113
6.723395828452779 -71.55540088129979
6.723514329261321 -71.5490675655294
6.723632748660048 -71.54273424968001
6.723751086732711 -71.53640093375171
6.723869343562943 -71.53006761774456
6.7239875192342655 -71.52373430165866
6.724105613830083 -71.51740098549412
6.730175560692485 -71.56174697652283
6.730291860503657 -71.55541365643846
6.730408080389642 -71.54908033627805
6.7305242204326925 -71.54274701604162
6.730640280714945 -71.53641369572932
6.730756261318425 -71.53008037534117
6.730872162325046 -71.52374705487729
6.7370738843597 -71.5617595076726
6.737187901670416 -71.55542618328056
6.737301840624452 -71.54909285881544
6.737415701302445 -71.54275953427728
6.73752948378492 -71.53642620966615
6.737643188152292 -71.53009288498217
6.737756814484867 -71.52375956022536
6.737870362862841 -71.51742623539582
6.7440839517741615 -71.55543846182562
6.744195609787039 -71.54910513314111
6.744307191090776 -71.54277180438645
6.744418695764288 -71.53643847556171
6.744530123886382 -71.530105146667
6.7446414755357535 -71.52377181770238
6.744752750790994 -71.51743848866786
6.744863949730584 -71.51110515956364
6.750980010635996 -71.5554504920731
6.751089387698689 -71.54911715925451
6.751198689619159 -71.54278382636862
6.751307916474708 -71.53645049341547
6.751417068342534 -71.53011716039519
6.751526145299725 -71.52378382730784
6.7516351474232685 -71.5174504941534
6.75174407479004 -71.51111716093206
6.751852927476818 -71.5047838276438
6.75787607807702 -71.55546227402253
6.757983174180687 -71.54912893715519
6.758090196709061 -71.54279560022329
6.758197145737832 -71.536462263227
6.7583040213425845 -71.53012892616628
6.758410823598804 -71.52379558904123
6.7585175525818695 -71.51746225185194
6.758624208367056 -71.51112891459847
6.764667266699813 -71.56180714844236
6.764772153918332 -71.55547380767342
6.764876969054318 -71.54914046684263
6.764981712181951 -71.54280712595008
6.7650863833753085 -71.53647378499575
6.765190982708369 -71.53014044397976
6.765295510255007 -71.52380710290214
6.765399966088998 -71.517473761763
6.765608662913626 -71.5048070793003
6.771462958046801 -71.56815178226545
6.771668237981032 -71.55548509302535
6.771770772140864 -71.54915174831645
6.771873235859296 -71.54281840354841
6.771975629208793 -71.53648505872133
6.772077952261722 -71.53015171383515
6.772180205090353 -71.52381836889008
6.772282387766854 -71.5174850238861
6.772384500363295 -71.51115167882327
6.778464007965437 -71.5618294785229
6.778564330086216 -71.5554961300778
6.778664583261607 -71.5491627815761
6.77876476756256 -71.54282943301789
6.7788648830599305 -71.5364960844032
6.778964929824476 -71.53016273573209
6.779064907926857 -71.5238293870046
6.779164817437638 -71.51749603822081
6.785362390495336 -71.56184027098544
6.7854604300549815 -71.55550691883037
6.785558402237826 -71.5491735666212
6.785656307113208 -71.54284021435808
6.785754144750371 -71.53650686204097
6.785851915218463 -71.53017350967
6.785949618586535 -71.52384015724523
6.786047254923547 -71.51750680476667
6.792260780717839 -71.5618508150623
6.792356537708419 -71.55551745928258
6.7924522288908 -71.54918410345131
6.792547854332703 -71.5428507475685
6.792643414101761 -71.53651739163423
6.792738908265511 -71.53018403564856
6.792834336891398 -71.52385067961156
6.792929700046777 -71.51751732352325
6.799346063041806 -71.54919439206596
6.799532690935745 -71.53652767318252
6.799625908787451 -71.53019431366728
6.7997190626634625 -71.52386095410316
6.799905178751299 -71.51119423482825
6.806603795724736 -71.52387098071961
