# successful candidates for region at (19.147320007702557, -70.20248377897985) and radius 1.018.263112966289622 -70.96053097591762
18.270208484461598 -70.95423176287352
18.273108641296226 -71.04290376205778
18.273389338314043 -71.03657233302228
18.284110241541825 -70.94796397060378
18.293090608578613 -71.0556614833647
18.319151767237894 -71.08744196181672
18.319418332915514 -71.0811104628659
18.347452478490606 -70.89758567795623
18.352423766984163 -71.11291648975316
18.353958487897348 -71.07492720121097
18.361540480855773 -70.88498055690368
18.36056015035537 -71.08128765528593
18.360813302823466 -71.07495609657002
18.362832433640133 -71.0243036135594
18.36783335739568 -70.89767230371189
18.368081661604766 -70.89134073441933
18.368329801119614 -70.88500916476752
18.36857777610377 -70.87867759475675
18.367918916360107 -71.06865317252108
18.369919115057076 -71.01800061005811
18.375119140834173 -70.88503752439509
18.37964864658828 -71.11936238169409
18.395487274987833 -70.885121113849
18.39750001364575 -71.01178073515146
18.397980549904844 -70.99911751567339
18.402276690810943 -70.88514848052044
18.42820550916318 -71.10688951134316
18.428437222921243 -71.10055786165707
18.434841924083074 -71.11324735062645
18.44193766893246 -71.10694162241845
18.44690306985997 -70.96764487644712
18.45789185144928 -71.0436758729006
18.462756697215184 -71.10068621254695
18.464297138760365 -71.05636435542546
18.469402203525856 -71.10704283059687
18.470928224513226 -71.06272091702418
18.493582259362494 -70.99947672770854
18.497495374058317 -71.08814481818216
18.50123914573445 -70.97417355920746
18.514879361224644 -70.97422031743321
18.54157845827801 -70.9933061937058
18.555800384844172 -70.97435460609114
18.562620608643623 -70.9743761145637
18.569440847183632 -70.97439737361387
18.609846585511235 -70.9935152518118
18.616503435956353 -70.99986664452054
18.616843402167504 -70.98720292412925
18.62350037941087 -70.99355406732714
18.63502047373923 -71.07590630112675
18.641061383714163 -71.10758433106834
18.642038556599893 -71.0695930321965
18.648410382398012 -71.0886070584625
18.655745171972534 -71.06962949686857
18.663532154340754 -71.0316559398755
18.663687399720818 -71.02532403716938
18.663842541400506 -71.01899213432381
18.670525344313354 -71.02534160161287
18.67826632325124 -70.98736742701153
18.68375498824481 -71.04437174001302
18.684943087084573 -70.9937163779433
18.690305938597977 -71.057052421525
18.691624137318243 -71.0000650903442
18.691770115309335 -70.99373316403761
18.69191599595157 -70.98740123760756
18.69729957713309 -71.0507370825373
18.70400391147337 -71.0570853545082
18.70414636858117 -71.05075341830039
18.730998491450002 -71.07614408528897
18.731132414320182 -71.06981212836031
18.765645327475887 -71.05722115196785
18.765767977661337 -71.05088917032572
18.77225328381051 -71.06989896023052
18.779106796514913 -71.06991255477323
18.779225203477914 -71.0635805641184
18.785960318598434 -71.06992589861856
18.78607652177386 -71.06359390349618
18.78619264717079 -71.05726190829586
18.79292784926513 -71.06360699226002
18.793041772340214 -71.05727499267901
