# successful candidates for region at (37.75553046290477, 0.9133255173942211) and radius 1.038.478515448683865 0.3960856282200316
38.50382726238011 0.4846174150541807
38.52278507220924 0.35813424370822733
38.52911159933967 0.37078113620723935
38.53543568255532 0.3644560564926287
38.53543650819679 0.3707800400649445
38.541761417051596 0.37077893499753234
38.548085486873134 0.36445384382082385
38.548086325904094 0.3707778210050173
38.54808717137332 0.3771017981882973
38.54808802328084 0.38342577537065764
38.55441123475425 0.3707766980874147
38.55441208696955 0.3771006720380779
38.55441294567453 0.38342464598780696
38.5544155607279 0.4023965678313288
38.5607352911817 0.36445159555144413
38.56073614360204 0.3707755662447395
38.5607370025634 0.37709953693709203
38.560737868065814 0.3834235076284955
38.560739618693944 0.39607144900843105
38.567061052447464 0.370774425477007
