# # ids of objects in overdense bins for (57.488040268120834, -70.89444884923819)
4.641999386503049216e+18
4.642001997841840128e+18
4.642002337144776704e+18
4.642001997841821696e+18
4.642002169642032128e+18
4.642002410158598144e+18
4.641999386501749760e+18
4.642001860404387840e+18
4.642002375798865920e+18
4.642002268425308160e+18
4.642001993550837760e+18
4.642002302785492992e+18
4.642002204000167936e+18
4.642002371504816128e+18
4.642002375798858752e+18
4.642002410158603264e+18
4.642002440226122752e+18
4.642002302785541120e+18
4.642002307079493632e+18
4.642002375800280064e+18
4.642002616318396416e+18
4.642002341440544768e+18
4.642002375798864896e+18
4.642002444519761920e+18
4.642002410158696448e+18
