# # ids of objects in overdense bins for (4.550369232114825, -39.97509948456409)
4.997973074928142336e+18
4.997973319740637184e+18
4.997972495107004416e+18
4.997969299651142656e+18
4.997969299651148800e+18
4.997969952486234112e+18
4.997969402731335680e+18
4.997970124284948480e+18
4.997971876631681024e+18
4.997970055565466624e+18
4.997969157917970432e+18
4.997969334010871808e+18
4.997972838704478208e+18
4.997969918126474240e+18
4.997972666905629696e+18
4.997969883766743040e+18
4.997972731330755584e+18
4.997972666905648128e+18
4.997972392027844608e+18
