# successful candidates for region at (190.44779014126922, 33.18298901254349) and radius 1.0190.407326631596 32.53233797995375
190.4147552291622 32.5323401658548
190.42218382705536 32.53234190989117
190.4296136979154 32.52609046362113
190.42961242520192 32.53234321206284
190.4296111521669 32.53859596050451
190.43704177612827 32.52609132381967
190.4370410235284 32.532344072369746
190.43704027073832 32.5385968209198
190.43703951775808 32.544849569469854
190.44446962196122 32.53234449081187
190.44446938941618 32.53859723941466
190.44446915681237 32.54484998801744
190.4518979327996 32.526091718789395
190.45189822042693 32.53234446738924
190.45189850812693 32.53859721598905
190.45932681885196 32.53234400210178
190.3850408415942 32.53232877106324
190.39247718331984 32.51982678842759
190.39247331101828 32.5260795354929
190.39246943773847 32.53233228255789
190.39246556348013 32.53858502962258
190.39246168824297 32.54483777668696
190.39990473991702 32.51982985728455
190.3999013875971 32.52608260473643
190.39989803443027 32.53233535218809
190.39989468041628 32.53858809963951
190.3998913255549 32.544840847090704
190.40733512861073 32.51357973660528
190.40733229698787 32.519832484388274
190.4073294646497 32.52608523217109
190.407326631596 32.53233797995375
190.40732379782656 32.53859072773624
190.40732096334116 32.54484347551857
190.4073181281396 32.55109622330072
190.41475985445888 32.51983466973869
190.41475754210262 32.5260874177968
190.4147552291622 32.5323401658548
190.41475291563748 32.538592913912694
190.4147506015282 32.544845661970456
190.42218741225653 32.519836413335746
190.42218561988236 32.5260891616135
190.42218382705536 32.53234190989117
190.4221820337754 32.5385946581688
190.4221802400424 32.54484740644634
190.42961242520192 32.53234321206284
190.39246943773847 32.53233228255789
190.39990473991702 32.51982985728455
190.3999013875971 32.52608260473643
190.39989803443027 32.53233535218809
190.39989468041628 32.53858809963951
190.3998913255549 32.544840847090704
190.40733229698787 32.519832484388274
190.4073294646497 32.52608523217109
190.407326631596 32.53233797995375
190.40732379782656 32.53859072773624
190.40732096334116 32.54484347551857
190.41476216623113 32.513581921680476
190.41475985445888 32.51983466973869
190.41475754210262 32.5260874177968
190.4147552291622 32.5323401658548
190.41475291563748 32.538592913912694
190.4147506015282 32.544845661970456
190.4147482868342 32.551098410028125
190.42218741225653 32.519836413335746
190.42218561988236 32.5260891616135
190.42218382705536 32.53234190989117
190.4221820337754 32.5385946581688
190.4221802400424 32.54484740644634
190.42961497030745 32.519837715179385
190.4296136979154 32.52609046362113
190.42961242520192 32.53234321206284
190.4296111521669 32.53859596050451
190.42960987881023 32.54484870894615
190.4370410235284 32.532344072369746
190.39989803443027 32.53233535218809
190.40733229698787 32.519832484388274
190.4073294646497 32.52608523217109
190.407326631596 32.53233797995375
190.40732379782656 32.53859072773624
190.40732096334116 32.54484347551857
190.41475985445888 32.51983466973869
190.41475754210262 32.5260874177968
190.4147552291622 32.5323401658548
190.41475291563748 32.538592913912694
190.4147506015282 32.544845661970456
190.42218920417807 32.51358366505793
190.42218741225653 32.519836413335746
190.42218561988236 32.5260891616135
190.42218382705536 32.53234190989117
190.4221820337754 32.5385946581688
190.4221802400424 32.54484740644634
190.42217844585616 32.55110015472383
190.42961497030745 32.519837715179385
190.4296136979154 32.52609046362113
190.42961242520192 32.53234321206284
190.4296111521669 32.53859596050451
190.42960987881023 32.54484870894615
190.43704252853814 32.51983857526959
190.43704177612827 32.52609132381967
190.4370410235284 32.532344072369746
190.43704027073832 32.5385968209198
190.43703951775808 32.544849569469854
190.44446962196122 32.53234449081187
190.4073294646497 32.52608523217109
190.41476216623113 32.513581921680476
190.41475985445888 32.51983466973869
190.41475754210262 32.5260874177968
190.4147552291622 32.5323401658548
190.41475291563748 32.538592913912694
190.42218920417807 32.51358366505793
190.42218741225653 32.519836413335746
190.42218561988236 32.5260891616135
190.42218382705536 32.53234190989117
190.4221820337754 32.5385946581688
190.4296175141276 32.50733221829581
190.42961624237816 32.51358496673761
190.42961497030745 32.519837715179385
190.4296136979154 32.52609046362113
190.42961242520192 32.53234321206284
190.4296111521669 32.53859596050451
190.42960987881023 32.54484870894615
190.43704328075793 32.51358582671949
190.43704252853814 32.51983857526959
190.43704177612827 32.52609132381967
190.4370410235284 32.532344072369746
190.43704027073832 32.5385968209198
190.44447031924398 32.51358624500354
190.4444700868751 32.519838993606314
190.4444698544475 32.5260917422091
190.44446962196122 32.53234449081187
190.44446938941618 32.53859723941466
190.4518979327996 32.526091718789395
190.407326631596 32.53233797995375
190.41475985445888 32.51983466973869
190.41475754210262 32.5260874177968
190.4147552291622 32.5323401658548
190.41475291563748 32.538592913912694
190.4147506015282 32.544845661970456
190.42218741225653 32.519836413335746
190.42218561988236 32.5260891616135
190.42218382705536 32.53234190989117
190.4221820337754 32.5385946581688
190.4221802400424 32.54484740644634
190.42961624237816 32.51358496673761
190.42961497030745 32.519837715179385
190.4296136979154 32.52609046362113
190.42961242520192 32.53234321206284
190.4296111521669 32.53859596050451
190.42960987881023 32.54484870894615
190.42960860513182 32.55110145738775
190.43704252853814 32.51983857526959
190.43704177612827 32.52609132381967
190.4370410235284 32.532344072369746
190.43704027073832 32.5385968209198
190.43703951775808 32.544849569469854
190.4444700868751 32.519838993606314
190.4444698544475 32.5260917422091
190.44446962196122 32.53234449081187
190.44446938941618 32.53859723941466
190.44446915681237 32.54484998801744
190.45189822042693 32.53234446738924
190.40732379782656 32.53859072773624
190.41475754210262 32.5260874177968
190.4147552291622 32.5323401658548
190.41475291563748 32.538592913912694
190.4147506015282 32.544845661970456
190.4147482868342 32.551098410028125
190.42218561988236 32.5260891616135
190.42218382705536 32.53234190989117
190.4221820337754 32.5385946581688
190.4221802400424 32.54484740644634
190.42217844585616 32.55110015472383
190.42961497030745 32.519837715179385
190.4296136979154 32.52609046362113
190.42961242520192 32.53234321206284
190.4296111521669 32.53859596050451
190.42960987881023 32.54484870894615
190.42960860513182 32.55110145738775
190.4296073311316 32.55735420582932
190.43704177612827 32.52609132381967
190.4370410235284 32.532344072369746
190.43704027073832 32.5385968209198
190.43703951775808 32.544849569469854
190.43703876458758 32.55110231801989
190.4444698544475 32.5260917422091
190.44446962196122 32.53234449081187
190.44446938941618 32.53859723941466
190.44446915681237 32.54484998801744
190.44446892414985 32.55110273662022
190.45189850812693 32.53859721598905
190.41475754210262 32.5260874177968
190.42218920417807 32.51358366505793
190.42218741225653 32.519836413335746
190.42218561988236 32.5260891616135
190.42218382705536 32.53234190989117
190.4221820337754 32.5385946581688
190.42961624237816 32.51358496673761
190.42961497030745 32.519837715179385
190.4296136979154 32.52609046362113
190.42961242520192 32.53234321206284
190.4296111521669 32.53859596050451
190.43704403278778 32.50733307816938
190.43704328075793 32.51358582671949
190.43704252853814 32.51983857526959
190.43704177612827 32.52609132381967
190.4370410235284 32.532344072369746
190.43704027073832 32.5385968209198
190.43703951775808 32.544849569469854
190.44447031924398 32.51358624500354
190.4444700868751 32.519838993606314
190.4444698544475 32.5260917422091
190.44446962196122 32.53234449081187
190.44446938941618 32.53859723941466
190.45189735776285 32.513586221589726
190.4518976452449 32.51983897018956
190.4518979327996 32.526091718789395
190.45189822042693 32.53234446738924
190.45189850812693 32.53859721598905
190.45932601111102 32.526091253560566
190.4147552291622 32.5323401658548
190.42218741225653 32.519836413335746
190.42218561988236 32.5260891616135
190.42218382705536 32.53234190989117
190.4221820337754 32.5385946581688
190.4221802400424 32.54484740644634
190.42961497030745 32.519837715179385
190.4296136979154 32.52609046362113
190.42961242520192 32.53234321206284
190.4296111521669 32.53859596050451
190.42960987881023 32.54484870894615
190.43704328075793 32.51358582671949
190.43704252853814 32.51983857526959
190.43704177612827 32.52609132381967
190.4370410235284 32.532344072369746
190.43704027073832 32.5385968209198
190.43703951775808 32.544849569469854
190.43703876458758 32.55110231801989
190.4444700868751 32.519838993606314
190.4444698544475 32.5260917422091
190.44446962196122 32.53234449081187
190.44446938941618 32.53859723941466
190.44446915681237 32.54484998801744
190.4518976452449 32.51983897018956
190.4518979327996 32.526091718789395
190.45189822042693 32.53234446738924
190.45189850812693 32.53859721598905
190.4518987958996 32.544849964588884
190.45932681885196 32.53234400210178
190.41475291563748 32.538592913912694
190.42218561988236 32.5260891616135
190.42218382705536 32.53234190989117
190.4221820337754 32.5385946581688
190.4221802400424 32.54484740644634
190.42217844585616 32.55110015472383
190.4296136979154 32.52609046362113
190.42961242520192 32.53234321206284
190.4296111521669 32.53859596050451
190.42960987881023 32.54484870894615
190.42960860513182 32.55110145738775
190.43704252853814 32.51983857526959
190.43704177612827 32.52609132381967
190.4370410235284 32.532344072369746
190.43704027073832 32.5385968209198
190.43703951775808 32.544849569469854
190.43703876458758 32.55110231801989
190.43703801122678 32.55735506656992
190.4444698544475 32.5260917422091
190.44446962196122 32.53234449081187
190.44446938941618 32.53859723941466
190.44446915681237 32.54484998801744
190.44446892414985 32.55110273662022
190.4518979327996 32.526091718789395
190.45189822042693 32.53234446738924
190.45189850812693 32.53859721598905
190.4518987958996 32.544849964588884
190.45189908374502 32.5511027131887
190.45932762679698 32.538596750642995
190.4147506015282 32.544845661970456
190.42218382705536 32.53234190989117
190.4221820337754 32.5385946581688
190.4221802400424 32.54484740644634
190.42217844585616 32.55110015472383
190.42217665121657 32.55735290300123
190.42961242520192 32.53234321206284
190.4296111521669 32.53859596050451
190.42960987881023 32.54484870894615
190.42960860513182 32.55110145738775
190.4296073311316 32.55735420582932
190.43704177612827 32.52609132381967
190.4370410235284 32.532344072369746
190.43704027073832 32.5385968209198
190.43703951775808 32.544849569469854
190.43703876458758 32.55110231801989
190.43703801122678 32.55735506656992
190.4370372576756 32.56360781511994
190.44446962196122 32.53234449081187
190.44446938941618 32.53859723941466
190.44446915681237 32.54484998801744
190.44446892414985 32.55110273662022
190.44446869142848 32.557355485223
190.45189822042693 32.53234446738924
190.45189850812693 32.53859721598905
190.4518987958996 32.544849964588884
190.45189908374502 32.5511027131887
190.45189937166313 32.55735546178853
190.45932843494612 32.54484949918418
190.42218382705536 32.53234190989117
190.42961497030745 32.519837715179385
190.4296136979154 32.52609046362113
190.42961242520192 32.53234321206284
190.4296111521669 32.53859596050451
190.42960987881023 32.54484870894615
190.43704252853814 32.51983857526959
190.43704177612827 32.52609132381967
190.4370410235284 32.532344072369746
190.43704027073832 32.5385968209198
190.43703951775808 32.544849569469854
190.44447031924398 32.51358624500354
190.4444700868751 32.519838993606314
190.4444698544475 32.5260917422091
190.44446962196122 32.53234449081187
190.44446938941618 32.53859723941466
190.44446915681237 32.54484998801744
190.44446892414985 32.55110273662022
190.4518976452449 32.51983897018956
190.4518979327996 32.526091718789395
190.45189822042693 32.53234446738924
190.45189850812693 32.53859721598905
190.4518987958996 32.544849964588884
190.45932520357408 32.51983850501933
190.45932601111102 32.526091253560566
190.45932681885196 32.53234400210178
190.45932762679698 32.538596750642995
190.45932843494612 32.54484949918418
190.46675541716283 32.532343094949574
190.4221820337754 32.5385946581688
190.4296136979154 32.52609046362113
190.42961242520192 32.53234321206284
190.4296111521669 32.53859596050451
190.42960987881023 32.54484870894615
190.42960860513182 32.55110145738775
190.43704177612827 32.52609132381967
190.4370410235284 32.532344072369746
190.43704027073832 32.5385968209198
190.43703951775808 32.544849569469854
190.43703876458758 32.55110231801989
190.4444700868751 32.519838993606314
190.4444698544475 32.5260917422091
190.44446962196122 32.53234449081187
190.44446938941618 32.53859723941466
190.44446915681237 32.54484998801744
190.44446892414985 32.55110273662022
190.44446869142848 32.557355485223
190.4518979327996 32.526091718789395
190.45189822042693 32.53234446738924
190.45189850812693 32.53859721598905
190.4518987958996 32.544849964588884
190.45189908374502 32.5511027131887
190.45932601111102 32.526091253560566
190.45932681885196 32.53234400210178
190.45932762679698 32.538596750642995
190.45932843494612 32.54484949918418
190.45932924329946 32.55110224772537
190.46675674535282 32.53859584337649
190.4221802400424 32.54484740644634
190.42961242520192 32.53234321206284
190.4296111521669 32.53859596050451
190.42960987881023 32.54484870894615
190.42960860513182 32.55110145738775
190.4296073311316 32.55735420582932
190.4370410235284 32.532344072369746
190.43704027073832 32.5385968209198
190.43703951775808 32.544849569469854
190.43703876458758 32.55110231801989
190.43703801122678 32.55735506656992
190.4444698544475 32.5260917422091
190.44446962196122 32.53234449081187
190.44446938941618 32.53859723941466
190.44446915681237 32.54484998801744
190.44446892414985 32.55110273662022
190.44446869142848 32.557355485223
190.44446845864834 32.56360823382576
190.45189822042693 32.53234446738924
190.45189850812693 32.53859721598905
190.4518987958996 32.544849964588884
190.45189908374502 32.5511027131887
190.45189937166313 32.55735546178853
190.45932681885196 32.53234400210178
190.45932762679698 32.538596750642995
190.45932843494612 32.54484949918418
190.45932924329946 32.55110224772537
190.45933005185705 32.55735499626654
190.46675807387837 32.544848591803365
190.4296136979154 32.52609046362113
190.43704328075793 32.51358582671949
190.43704252853814 32.51983857526959
190.43704177612827 32.52609132381967
190.4370410235284 32.532344072369746
190.43704027073832 32.5385968209198
190.44447031924398 32.51358624500354
190.4444700868751 32.519838993606314
190.4444698544475 32.5260917422091
190.44446962196122 32.53234449081187
190.44446938941618 32.53859723941466
190.45189707035337 32.507333472989885
190.45189735776285 32.513586221589726
190.4518976452449 32.51983897018956
190.4518979327996 32.526091718789395
190.45189822042693 32.53234446738924
190.45189850812693 32.53859721598905
190.4518987958996 32.544849964588884
190.4593243962411 32.51358575647808
190.45932520357408 32.51983850501933
190.45932601111102 32.526091253560566
190.45932681885196 32.53234400210178
190.45932762679698 32.538596750642995
190.4667514346053 32.5135848496686
190.46675276178917 32.51983759809563
190.46675408930832 32.52609034652262
190.46675541716283 32.532343094949574
190.46675674535282 32.53859584337649
190.474182167318 32.526088997675586
190.42961242520192 32.53234321206284
190.43704252853814 32.51983857526959
190.43704177612827 32.52609132381967
190.4370410235284 32.532344072369746
190.43704027073832 32.5385968209198
190.43703951775808 32.544849569469854
190.4444700868751 32.519838993606314
190.4444698544475 32.5260917422091
190.44446962196122 32.53234449081187
190.44446938941618 32.53859723941466
190.44446915681237 32.54484998801744
190.45189735776285 32.513586221589726
190.4518976452449 32.51983897018956
190.4518979327996 32.526091718789395
190.45189822042693 32.53234446738924
190.45189850812693 32.53859721598905
190.4518987958996 32.544849964588884
190.45189908374502 32.5511027131887
190.45932520357408 32.51983850501933
190.45932601111102 32.526091253560566
190.45932681885196 32.53234400210178
190.45932762679698 32.538596750642995
190.45932843494612 32.54484949918418
190.46675276178917 32.51983759809563
190.46675408930832 32.52609034652262
190.46675541716283 32.532343094949574
190.46675674535282 32.53859584337649
190.46675807387837 32.544848591803365
190.47418401528603 32.53234174593261
190.4296111521669 32.53859596050451
190.43704177612827 32.52609132381967
190.4370410235284 32.532344072369746
190.43704027073832 32.5385968209198
190.43703951775808 32.544849569469854
190.43703876458758 32.55110231801989
190.4444698544475 32.5260917422091
190.44446962196122 32.53234449081187
190.44446938941618 32.53859723941466
190.44446915681237 32.54484998801744
190.44446892414985 32.55110273662022
190.4518976452449 32.51983897018956
190.4518979327996 32.526091718789395
190.45189822042693 32.53234446738924
190.45189850812693 32.53859721598905
190.4518987958996 32.544849964588884
190.45189908374502 32.5511027131887
190.45189937166313 32.55735546178853
190.45932601111102 32.526091253560566
190.45932681885196 32.53234400210178
190.45932762679698 32.538596750642995
190.45932843494612 32.54484949918418
190.45932924329946 32.55110224772537
190.46675408930832 32.52609034652262
190.46675541716283 32.532343094949574
190.46675674535282 32.53859584337649
190.46675807387837 32.544848591803365
190.46675940273963 32.55110134023021
190.47418586372092 32.53859449418957
190.4370410235284 32.532344072369746
190.4444700868751 32.519838993606314
190.4444698544475 32.5260917422091
190.44446962196122 32.53234449081187
190.44446938941618 32.53859723941466
190.44446915681237 32.54484998801744
190.4518976452449 32.51983897018956
190.4518979327996 32.526091718789395
190.45189822042693 32.53234446738924
190.45189850812693 32.53859721598905
190.4518987958996 32.544849964588884
190.4593243962411 32.51358575647808
190.45932520357408 32.51983850501933
190.45932601111102 32.526091253560566
190.45932681885196 32.53234400210178
190.45932762679698 32.538596750642995
190.45932843494612 32.54484949918418
190.45932924329946 32.55110224772537
190.46675276178917 32.51983759809563
190.46675408930832 32.52609034652262
190.46675541716283 32.532343094949574
190.46675674535282 32.53859584337649
190.46675807387837 32.544848591803365
190.4741803198167 32.51983624941848
190.474182167318 32.526088997675586
190.47418401528603 32.53234174593261
190.47418586372092 32.53859449418957
190.47418771262278 32.54484724244646
190.481612613148 32.532339955050944
