# successful candidates for region at (180.42633066306792, 10.240634469482162) and radius 1.0179.67053939707165 9.581383542658488
179.6769206822385 9.575119214496475
179.6769065071936 9.581397893187367
179.6768923256243 9.587676571864453
179.68327361786376 9.581412122316786
179.68325955676693 9.587690804202689
179.6832454892004 9.59396948607501
179.6896407290775 9.581426230046558
179.68962678845352 9.5877049151139
179.68961284141525 9.593983600167894
179.69599402067936 9.587718904597903
179.70237495311707 9.58145408130642
179.70236125343988 9.587732772654512
179.70234754745928 9.594011463989709
179.7023338351746 9.600290155312011
179.70882340998384 9.5437956578861
179.70874206593356 9.581467824836142
179.7087284867303 9.58774651928354
179.70871490127908 9.594025213718274
179.70870130957923 9.600303908140335
179.7086877116301 9.606582602549722
179.71520321704318 9.53753056398228
179.71509572054606 9.587760144484813
179.7150822556246 9.5940388419917
179.71506878450992 9.600317539486143
179.7150553072014 9.60659623696813
179.71504182369833 9.612874934437663
179.72155619382073 9.54382274405465
179.72144961049108 9.59405234880981
179.72142290329438 9.60660974987646
179.65143807004176 9.581339762676993
179.65783424438862 9.568797139586804
179.65781971478484 9.575075808502216
179.6578051784911 9.581354477403108
179.65779063550667 9.587633146289486
179.65777608583082 9.593911815161334
179.66420111262374 9.568811726332857
179.66418670338044 9.575090398538736
179.6641722875026 9.58136907073034
179.6641578649895 9.587647742907661
179.6641434358404 9.593926415070696
179.67058226371967 9.562547516251575
179.67056798141564 9.56882619173458
179.67055369253322 9.575104867203553
179.67053939707165 9.581383542658488
179.67052509503029 9.58766221809938
179.67051078640833 9.593940893526222
179.6704964712051 9.60021956893901
179.6769348507597 9.568840535791779
179.6769206822385 9.575119214496475
179.6769065071936 9.581397893187367
179.6768923256243 9.587676571864453
179.67687813752988 9.593955250527724
179.6833017206512 9.568854758504267
179.68328767249162 9.57513344041731
179.68327361786376 9.581412122316786
179.68325955676693 9.587690804202689
179.6832454892004 9.59396948607501
179.6896407290775 9.581426230046558
179.65781971478484 9.575075808502216
179.66421551523322 9.562533054112713
179.66420111262374 9.568811726332857
179.66418670338044 9.575090398538736
179.6641722875026 9.58136907073034
179.6641578649895 9.587647742907661
179.67058226371967 9.562547516251575
179.67056798141564 9.56882619173458
179.67055369253322 9.575104867203553
179.67053939707165 9.581383542658488
179.67052509503029 9.58766221809938
179.67696316823373 9.55628317834101
179.67694901275786 9.562561857073288
179.6769348507597 9.568840535791779
179.6769206822385 9.575119214496475
179.6769065071936 9.581397893187367
179.6768923256243 9.587676571864453
179.67687813752988 9.593955250527724
179.68331576234314 9.562576076577662
179.6833017206512 9.568854758504267
179.68328767249162 9.57513344041731
179.68327361786376 9.581412122316786
179.68325955676693 9.587690804202689
179.6896825124709 9.562590174764505
179.6896685910855 9.568868859871854
179.68965466328794 9.575147544965875
179.6896407290775 9.581426230046558
179.68962678845352 9.5877049151139
179.69602165462283 9.575161528141981
179.6578051784911 9.581354477403108
179.66420111262374 9.568811726332857
179.66418670338044 9.575090398538736
179.6641722875026 9.58136907073034
179.6641578649895 9.587647742907661
179.6641434358404 9.593926415070696
179.67056798141564 9.56882619173458
179.67055369253322 9.575104867203553
179.67053939707165 9.581383542658488
179.67052509503029 9.58766221809938
179.67051078640833 9.593940893526222
179.67694901275786 9.562561857073288
179.6769348507597 9.568840535791779
179.6769206822385 9.575119214496475
179.6769065071936 9.581397893187367
179.6768923256243 9.587676571864453
179.67687813752988 9.593955250527724
179.67686394290962 9.600233929177175
179.6833017206512 9.568854758504267
179.68328767249162 9.57513344041731
179.68327361786376 9.581412122316786
179.68325955676693 9.587690804202689
179.6832454892004 9.59396948607501
179.6896685910855 9.568868859871854
179.68965466328794 9.575147544965875
179.6896407290775 9.581426230046558
179.68962678845352 9.5877049151139
179.68961284141525 9.593983600167894
179.69600784083013 9.5814402163765
179.65779063550667 9.587633146289486
179.66418670338044 9.575090398538736
179.6641722875026 9.58136907073034
179.6641578649895 9.587647742907661
179.6641434358404 9.593926415070696
179.6641290000546 9.600205087219436
179.67055369253322 9.575104867203553
179.67053939707165 9.581383542658488
179.67052509503029 9.58766221809938
179.67051078640833 9.593940893526222
179.6704964712051 9.60021956893901
179.6769348507597 9.568840535791779
179.6769206822385 9.575119214496475
179.6769065071936 9.581397893187367
179.6768923256243 9.587676571864453
179.67687813752988 9.593955250527724
179.67686394290962 9.600233929177175
179.67684974176285 9.606512607812801
179.68328767249162 9.57513344041731
179.68327361786376 9.581412122316786
179.68325955676693 9.587690804202689
179.6832454892004 9.59396948607501
179.6832314151635 9.600248167933744
179.68965466328794 9.575147544965875
179.6896407290775 9.581426230046558
179.68962678845352 9.5877049151139
179.68961284141525 9.593983600167894
179.68959888796203 9.600262285208531
179.69599402067936 9.587718904597903
179.6641722875026 9.58136907073034
179.67056798141564 9.56882619173458
179.67055369253322 9.575104867203553
179.67053939707165 9.581383542658488
179.67052509503029 9.58766221809938
179.67051078640833 9.593940893526222
179.6769348507597 9.568840535791779
179.6769206822385 9.575119214496475
179.6769065071936 9.581397893187367
179.6768923256243 9.587676571864453
179.67687813752988 9.593955250527724
179.68331576234314 9.562576076577662
179.6833017206512 9.568854758504267
179.68328767249162 9.57513344041731
179.68327361786376 9.581412122316786
179.68325955676693 9.587690804202689
179.6832454892004 9.59396948607501
179.6832314151635 9.600248167933744
179.6896685910855 9.568868859871854
179.68965466328794 9.575147544965875
179.6896407290775 9.581426230046558
179.68962678845352 9.5877049151139
179.68961284141525 9.593983600167894
179.696035462058 9.568882839894357
179.69602165462283 9.575161528141981
179.69600784083013 9.5814402163765
179.69599402067936 9.587718904597903
179.69598019416975 9.593997592806188
179.70237495311707 9.58145408130642
179.6641578649895 9.587647742907661
179.67055369253322 9.575104867203553
179.67053939707165 9.581383542658488
179.67052509503029 9.58766221809938
179.67051078640833 9.593940893526222
179.6704964712051 9.60021956893901
179.6769206822385 9.575119214496475
179.6769065071936 9.581397893187367
179.6768923256243 9.587676571864453
179.67687813752988 9.593955250527724
179.67686394290962 9.600233929177175
179.6833017206512 9.568854758504267
179.68328767249162 9.57513344041731
179.68327361786376 9.581412122316786
179.68325955676693 9.587690804202689
179.6832454892004 9.59396948607501
179.6832314151635 9.600248167933744
179.6832173346555 9.60652684977889
179.68965466328794 9.575147544965875
179.6896407290775 9.581426230046558
179.68962678845352 9.5877049151139
179.68961284141525 9.593983600167894
179.68959888796203 9.600262285208531
179.69602165462283 9.575161528141981
179.69600784083013 9.5814402163765
179.69599402067936 9.587718904597903
179.69598019416975 9.593997592806188
179.69596636130066 9.60027628100135
179.70236125343988 9.587732772654512
179.6641434358404 9.593926415070696
179.67053939707165 9.581383542658488
179.67052509503029 9.58766221809938
179.67051078640833 9.593940893526222
179.6704964712051 9.60021956893901
179.67048214941994 9.606498244337734
179.6769065071936 9.581397893187367
179.6768923256243 9.587676571864453
179.67687813752988 9.593955250527724
179.67686394290962 9.600233929177175
179.67684974176285 9.606512607812801
179.68328767249162 9.57513344041731
179.68327361786376 9.581412122316786
179.68325955676693 9.587690804202689
179.6832454892004 9.59396948607501
179.6832314151635 9.600248167933744
179.6832173346555 9.60652684977889
179.68320324767572 9.612805531610435
179.6896407290775 9.581426230046558
179.68962678845352 9.5877049151139
179.68961284141525 9.593983600167894
179.68959888796203 9.600262285208531
179.6895849280932 9.606540970235812
179.69600784083013 9.5814402163765
179.69599402067936 9.587718904597903
179.69598019416975 9.593997592806188
179.69596636130066 9.60027628100135
179.69595252207134 9.60655496918338
179.70234754745928 9.594011463989709
179.67053939707165 9.581383542658488
179.6769348507597 9.568840535791779
179.6769206822385 9.575119214496475
179.6769065071936 9.581397893187367
179.6768923256243 9.587676571864453
179.67687813752988 9.593955250527724
179.6833017206512 9.568854758504267
179.68328767249162 9.57513344041731
179.68327361786376 9.581412122316786
179.68325955676693 9.587690804202689
179.6832454892004 9.59396948607501
179.6896825124709 9.562590174764505
179.6896685910855 9.568868859871854
179.68965466328794 9.575147544965875
179.6896407290775 9.581426230046558
179.68962678845352 9.5877049151139
179.68961284141525 9.593983600167894
179.68959888796203 9.600262285208531
179.696035462058 9.568882839894357
179.69602165462283 9.575161528141981
179.69600784083013 9.5814402163765
179.69599402067936 9.587718904597903
179.69598019416975 9.593997592806188
179.70240233356404 9.568896698571592
179.70238864649156 9.575175389945446
179.70237495311707 9.58145408130642
179.70236125343988 9.587732772654512
179.70234754745928 9.594011463989709
179.70874206593356 9.581467824836142
179.67052509503029 9.58766221809938
179.6769206822385 9.575119214496475
179.6769065071936 9.581397893187367
179.6768923256243 9.587676571864453
179.67687813752988 9.593955250527724
179.67686394290962 9.600233929177175
179.68328767249162 9.57513344041731
179.68327361786376 9.581412122316786
179.68325955676693 9.587690804202689
179.6832454892004 9.59396948607501
179.6832314151635 9.600248167933744
179.6896685910855 9.568868859871854
179.68965466328794 9.575147544965875
179.6896407290775 9.581426230046558
179.68962678845352 9.5877049151139
179.68961284141525 9.593983600167894
179.68959888796203 9.600262285208531
179.6895849280932 9.606540970235812
179.69602165462283 9.575161528141981
179.69600784083013 9.5814402163765
179.69599402067936 9.587718904597903
179.69598019416975 9.593997592806188
179.69596636130066 9.60027628100135
179.70238864649156 9.575175389945446
179.70237495311707 9.58145408130642
179.70236125343988 9.587732772654512
179.70234754745928 9.594011463989709
179.7023338351746 9.600290155312011
179.7087284867303 9.58774651928354
179.67051078640833 9.593940893526222
179.6769065071936 9.581397893187367
179.6768923256243 9.587676571864453
179.67687813752988 9.593955250527724
179.67686394290962 9.600233929177175
179.67684974176285 9.606512607812801
179.68327361786376 9.581412122316786
179.68325955676693 9.587690804202689
179.6832454892004 9.59396948607501
179.6832314151635 9.600248167933744
179.6832173346555 9.60652684977889
179.68965466328794 9.575147544965875
179.6896407290775 9.581426230046558
179.68962678845352 9.5877049151139
179.68961284141525 9.593983600167894
179.68959888796203 9.600262285208531
179.6895849280932 9.606540970235812
179.68957096180804 9.612819655249723
179.69600784083013 9.5814402163765
179.69599402067936 9.587718904597903
179.69598019416975 9.593997592806188
179.69596636130066 9.60027628100135
179.69595252207134 9.60655496918338
179.70237495311707 9.58145408130642
179.70236125343988 9.587732772654512
179.70234754745928 9.594011463989709
179.7023338351746 9.600290155312011
179.70232011658518 9.606568846621412
179.70871490127908 9.594025213718274
179.6768923256243 9.587676571864453
179.68328767249162 9.57513344041731
179.68327361786376 9.581412122316786
179.68325955676693 9.587690804202689
179.6832454892004 9.59396948607501
179.6832314151635 9.600248167933744
179.68965466328794 9.575147544965875
179.6896407290775 9.581426230046558
179.68962678845352 9.5877049151139
179.68961284141525 9.593983600167894
179.68959888796203 9.600262285208531
179.696035462058 9.568882839894357
179.69602165462283 9.575161528141981
179.69600784083013 9.5814402163765
179.69599402067936 9.587718904597903
179.69598019416975 9.593997592806188
179.69596636130066 9.60027628100135
179.69595252207134 9.60655496918338
179.70238864649156 9.575175389945446
179.70237495311707 9.58145408130642
179.70236125343988 9.587732772654512
179.70234754745928 9.594011463989709
179.7023338351746 9.600290155312011
179.70875563888956 9.575189130376083
179.70874206593356 9.581467824836142
179.7087284867303 9.58774651928354
179.70871490127908 9.594025213718274
179.70870130957923 9.600303908140335
179.71509572054606 9.587760144484813
179.68327361786376 9.581412122316786
179.6896685910855 9.568868859871854
179.68965466328794 9.575147544965875
179.6896407290775 9.581426230046558
179.68962678845352 9.5877049151139
179.68961284141525 9.593983600167894
179.696035462058 9.568882839894357
179.69602165462283 9.575161528141981
179.69600784083013 9.5814402163765
179.69599402067936 9.587718904597903
179.69598019416975 9.593997592806188
179.70241601433514 9.562618007184863
179.70240233356404 9.568896698571592
179.70238864649156 9.575175389945446
179.70237495311707 9.58145408130642
179.70236125343988 9.587732772654512
179.70234754745928 9.594011463989709
179.7023338351746 9.600290155312011
179.70876920559894 9.568910435903375
179.70875563888956 9.575189130376083
179.70874206593356 9.581467824836142
179.7087284867303 9.58774651928354
179.70871490127908 9.594025213718274
179.71513607815805 9.568924051889523
179.71512263181214 9.575202749433716
179.71510917927503 9.581481446965483
179.71509572054606 9.587760144484813
179.7150822556246 9.5940388419917
179.72147629313676 9.581494947694264
179.68325955676693 9.587690804202689
179.68965466328794 9.575147544965875
179.6896407290775 9.581426230046558
179.68962678845352 9.5877049151139
179.68961284141525 9.593983600167894
179.68959888796203 9.600262285208531
179.69602165462283 9.575161528141981
179.69600784083013 9.5814402163765
179.69599402067936 9.587718904597903
179.69598019416975 9.593997592806188
179.69596636130066 9.60027628100135
179.70240233356404 9.568896698571592
179.70238864649156 9.575175389945446
179.70237495311707 9.58145408130642
179.70236125343988 9.587732772654512
179.70234754745928 9.594011463989709
179.7023338351746 9.600290155312011
179.70232011658518 9.606568846621412
179.70875563888956 9.575189130376083
179.70874206593356 9.581467824836142
179.7087284867303 9.58774651928354
179.70871490127908 9.594025213718274
179.70870130957923 9.600303908140335
179.71512263181214 9.575202749433716
179.71510917927503 9.581481446965483
179.71509572054606 9.587760144484813
179.7150822556246 9.5940388419917
179.71506878450992 9.600317539486143
179.7214629548825 9.587773648258146
179.6832454892004 9.59396948607501
179.6896407290775 9.581426230046558
179.68962678845352 9.5877049151139
179.68961284141525 9.593983600167894
179.68959888796203 9.600262285208531
179.6895849280932 9.606540970235812
179.69600784083013 9.5814402163765
179.69599402067936 9.587718904597903
179.69598019416975 9.593997592806188
179.69596636130066 9.60027628100135
179.69595252207134 9.60655496918338
179.70238864649156 9.575175389945446
179.70237495311707 9.58145408130642
179.70236125343988 9.587732772654512
179.70234754745928 9.594011463989709
179.7023338351746 9.600290155312011
179.70232011658518 9.606568846621412
179.70230639169034 9.612847537917903
179.70874206593356 9.581467824836142
179.7087284867303 9.58774651928354
179.70871490127908 9.594025213718274
179.70870130957923 9.600303908140335
179.7086877116301 9.606582602549722
179.71510917927503 9.581481446965483
179.71509572054606 9.587760144484813
179.7150822556246 9.5940388419917
179.71506878450992 9.600317539486143
179.7150553072014 9.60659623696813
179.72144961049108 9.59405234880981
179.6832314151635 9.600248167933744
179.68962678845352 9.5877049151139
179.68961284141525 9.593983600167894
179.68959888796203 9.600262285208531
179.6895849280932 9.606540970235812
179.68957096180804 9.612819655249723
179.69599402067936 9.587718904597903
179.69598019416975 9.593997592806188
179.69596636130066 9.60027628100135
179.69595252207134 9.60655496918338
179.69593867648115 9.612833657352274
179.70237495311707 9.58145408130642
179.70236125343988 9.587732772654512
179.70234754745928 9.594011463989709
179.7023338351746 9.600290155312011
179.70232011658518 9.606568846621412
179.70230639169034 9.612847537917903
179.70229266048938 9.61912622920148
179.7087284867303 9.58774651928354
179.70871490127908 9.594025213718274
179.70870130957923 9.600303908140335
179.7086877116301 9.606582602549722
179.70867410743097 9.612861296946427
179.71509572054606 9.587760144484813
179.7150822556246 9.5940388419917
179.71506878450992 9.600317539486143
179.7150553072014 9.60659623696813
179.71504182369833 9.612874934437663
179.72143625996193 9.60033104934925
179.68972423816092 9.543754119362527
179.69611817320117 9.531210710133694
179.69610440389627 9.537489398459837
179.69609062823804 9.543768086772909
179.6960768462258 9.550046775072902
179.69606305785882 9.556325463359812
179.7024843236943 9.531224550058319
179.70247067441974 9.537503241509327
179.7024570188472 9.543781932947494
179.7024433569761 9.55006062437281
179.7024296888056 9.556339315785268
179.7088639977161 9.524959574240556
179.70885047471413 9.531238268801685
179.70883694547027 9.537516963350205
179.70882340998384 9.5437956578861
179.70880986825415 9.550074352409371
179.70879632028056 9.556353046920012
179.70878276606237 9.562631741418013
179.715216626256 9.531251866363618
179.71520321704318 9.53753056398228
179.71518980164322 9.543809261588544
179.71517638005534 9.550087959182408
179.71516295227897 9.55636665676386
179.7215827783153 9.531265342743932
179.72156948913394 9.53754404340538
179.72155619382073 9.54382274405465
179.72154289237508 9.550101444691736
179.72152958479631 9.55638014531664
179.72792258651177 9.543836105284235
179.6896407290775 9.581426230046558
179.696035462058 9.568882839894357
179.69602165462283 9.575161528141981
179.69600784083013 9.5814402163765
179.69599402067936 9.587718904597903
179.69598019416975 9.593997592806188
179.70240233356404 9.568896698571592
179.70238864649156 9.575175389945446
179.70237495311707 9.58145408130642
179.70236125343988 9.587732772654512
179.70234754745928 9.594011463989709
179.70878276606237 9.562631741418013
179.70876920559894 9.568910435903375
179.70875563888956 9.575189130376083
179.70874206593356 9.581467824836142
179.7087284867303 9.58774651928354
179.70871490127908 9.594025213718274
179.70870130957923 9.600303908140335
179.71513607815805 9.568924051889523
179.71512263181214 9.575202749433716
179.71510917927503 9.581481446965483
179.71509572054606 9.587760144484813
179.7150822556246 9.5940388419917
179.72150295123674 9.568937546529856
179.72148962525463 9.575216247118163
179.72147629313676 9.581494947694264
179.7214629548825 9.587773648258146
179.72144961049108 9.59405234880981
179.72784340751411 9.581508327022302
179.68962678845352 9.5877049151139
179.69602165462283 9.575161528141981
179.69600784083013 9.5814402163765
179.69599402067936 9.587718904597903
179.69598019416975 9.593997592806188
179.69596636130066 9.60027628100135
179.70238864649156 9.575175389945446
179.70237495311707 9.58145408130642
179.70236125343988 9.587732772654512
179.70234754745928 9.594011463989709
179.7023338351746 9.600290155312011
179.70876920559894 9.568910435903375
179.70875563888956 9.575189130376083
179.70874206593356 9.581467824836142
179.7087284867303 9.58774651928354
179.70871490127908 9.594025213718274
179.70870130957923 9.600303908140335
179.7086877116301 9.606582602549722
179.71512263181214 9.575202749433716
179.71510917927503 9.581481446965483
179.71509572054606 9.587760144484813
179.7150822556246 9.5940388419917
179.71506878450992 9.600317539486143
179.72148962525463 9.575216247118163
179.72147629313676 9.581494947694264
179.7214629548825 9.587773648258146
179.72144961049108 9.59405234880981
179.72143625996193 9.60033104934925
179.72783018973485 9.587787030603364
179.68961284141525 9.593983600167894
179.69600784083013 9.5814402163765
179.69599402067936 9.587718904597903
179.69598019416975 9.593997592806188
179.69596636130066 9.60027628100135
179.69595252207134 9.60655496918338
179.70237495311707 9.58145408130642
179.70236125343988 9.587732772654512
179.70234754745928 9.594011463989709
179.7023338351746 9.600290155312011
179.70232011658518 9.606568846621412
179.70875563888956 9.575189130376083
179.70874206593356 9.581467824836142
179.7087284867303 9.58774651928354
179.70871490127908 9.594025213718274
179.70870130957923 9.600303908140335
179.7086877116301 9.606582602549722
179.70867410743097 9.612861296946427
179.71510917927503 9.581481446965483
179.71509572054606 9.587760144484813
179.7150822556246 9.5940388419917
179.71506878450992 9.600317539486143
179.7150553072014 9.60659623696813
179.72147629313676 9.581494947694264
179.7214629548825 9.587773648258146
179.72144961049108 9.59405234880981
179.72143625996193 9.60033104934925
179.72142290329438 9.60660974987646
179.72781696587393 9.594065734172426
179.68959888796203 9.600262285208531
179.69599402067936 9.587718904597903
179.69598019416975 9.593997592806188
179.69596636130066 9.60027628100135
179.69595252207134 9.60655496918338
179.69593867648115 9.612833657352274
179.70236125343988 9.587732772654512
179.70234754745928 9.594011463989709
179.7023338351746 9.600290155312011
179.70232011658518 9.606568846621412
179.70230639169034 9.612847537917903
179.70874206593356 9.581467824836142
179.7087284867303 9.58774651928354
179.70871490127908 9.594025213718274
179.70870130957923 9.600303908140335
179.7086877116301 9.606582602549722
179.70867410743097 9.612861296946427
179.70866049698117 9.61913999133044
179.71509572054606 9.587760144484813
179.7150822556246 9.5940388419917
179.71506878450992 9.600317539486143
179.7150553072014 9.60659623696813
179.71504182369833 9.612874934437663
179.7214629548825 9.587773648258146
179.72144961049108 9.59405234880981
179.72143625996193 9.60033104934925
179.72142290329438 9.60660974987646
179.72140954048774 9.61288845039143
179.72780373593068 9.60034443772948
179.6895849280932 9.606540970235812
179.69598019416975 9.593997592806188
179.69596636130066 9.60027628100135
179.69595252207134 9.60655496918338
179.69593867648115 9.612833657352274
179.69592482452938 9.619112345508027
179.70234754745928 9.594011463989709
179.7023338351746 9.600290155312011
179.70232011658518 9.606568846621412
179.70230639169034 9.612847537917903
179.70229266048938 9.61912622920148
179.7087284867303 9.58774651928354
179.70871490127908 9.594025213718274
179.70870130957923 9.600303908140335
179.7086877116301 9.606582602549722
179.70867410743097 9.612861296946427
179.70866049698117 9.61913999133044
179.70864688028004 9.625418685701765
179.7150822556246 9.5940388419917
179.71506878450992 9.600317539486143
179.7150553072014 9.60659623696813
179.71504182369833 9.612874934437663
179.71502833400004 9.61915363189473
179.72144961049108 9.59405234880981
179.72143625996193 9.60033104934925
179.72142290329438 9.60660974987646
179.72140954048774 9.61288845039143
179.7213961715414 9.619167150894162
179.72779049990444 9.606623141274525
179.69610440389627 9.537489398459837
179.7024979666716 9.524945858594469
179.7024843236943 9.531224550058319
179.70247067441974 9.537503241509327
179.7024570188472 9.543781932947494
179.7024433569761 9.55006062437281
179.7088639977161 9.524959574240556
179.70885047471413 9.531238268801685
179.70883694547027 9.537516963350205
179.70882340998384 9.5437956578861
179.70880986825415 9.550074352409371
179.71524342612273 9.518694471089127
179.71523002928228 9.524973168732567
179.715216626256 9.531251866363618
179.71520321704318 9.53753056398228
179.71518980164322 9.543809261588544
179.71517638005534 9.550087959182408
179.71516295227897 9.55636665676386
179.72159606136557 9.524986642070319
179.7215827783153 9.531265342743932
179.72156948913394 9.53754404340538
179.72155619382073 9.54382274405465
179.72154289237508 9.550101444691736
179.72796209396128 9.524999994253635
179.7279489308874 9.531278697942456
179.7279357617378 9.537557401619324
179.72792258651177 9.543836105284235
179.72790940520864 9.550114808937185
179.73430203485017 9.537570638623937
179.69599402067936 9.587718904597903
179.70238864649156 9.575175389945446
179.70237495311707 9.58145408130642
179.70236125343988 9.587732772654512
179.70234754745928 9.594011463989709
179.7023338351746 9.600290155312011
179.70875563888956 9.575189130376083
179.70874206593356 9.581467824836142
179.7087284867303 9.58774651928354
179.70871490127908 9.594025213718274
179.70870130957923 9.600303908140335
179.71513607815805 9.568924051889523
179.71512263181214 9.575202749433716
179.71510917927503 9.581481446965483
179.71509572054606 9.587760144484813
179.7150822556246 9.5940388419917
179.71506878450992 9.600317539486143
179.7150553072014 9.60659623696813
179.72148962525463 9.575216247118163
179.72147629313676 9.581494947694264
179.7214629548825 9.587773648258146
179.72144961049108 9.59405234880981
179.72143625996193 9.60033104934925
179.72785661921242 9.575229623429248
179.72784340751411 9.581508327022302
179.72783018973485 9.587787030603364
179.72781696587393 9.594065734172426
179.72780373593068 9.60034443772948
179.73419742509859 9.58780029152029
179.69598019416975 9.593997592806188
179.70237495311707 9.58145408130642
179.70236125343988 9.587732772654512
179.70234754745928 9.594011463989709
179.7023338351746 9.600290155312011
179.70232011658518 9.606568846621412
179.70874206593356 9.581467824836142
179.7087284867303 9.58774651928354
179.70871490127908 9.594025213718274
179.70870130957923 9.600303908140335
179.7086877116301 9.606582602549722
179.71512263181214 9.575202749433716
179.71510917927503 9.581481446965483
179.71509572054606 9.587760144484813
179.7150822556246 9.5940388419917
179.71506878450992 9.600317539486143
179.7150553072014 9.60659623696813
179.71504182369833 9.612874934437663
179.72147629313676 9.581494947694264
179.7214629548825 9.587773648258146
179.72144961049108 9.59405234880981
179.72143625996193 9.60033104934925
179.72142290329438 9.60660974987646
179.72784340751411 9.581508327022302
179.72783018973485 9.587787030603364
179.72781696587393 9.594065734172426
179.72780373593068 9.60034443772948
179.72779049990444 9.606623141274525
179.73418432176845 9.59407899807937
179.69596636130066 9.60027628100135
179.70236125343988 9.587732772654512
179.70234754745928 9.594011463989709
179.7023338351746 9.600290155312011
179.70232011658518 9.606568846621412
179.70230639169034 9.612847537917903
179.7087284867303 9.58774651928354
179.70871490127908 9.594025213718274
179.70870130957923 9.600303908140335
179.7086877116301 9.606582602549722
179.70867410743097 9.612861296946427
179.71510917927503 9.581481446965483
179.71509572054606 9.587760144484813
179.7150822556246 9.5940388419917
179.71506878450992 9.600317539486143
179.7150553072014 9.60659623696813
179.71504182369833 9.612874934437663
179.71502833400004 9.61915363189473
179.7214629548825 9.587773648258146
179.72144961049108 9.59405234880981
179.72143625996193 9.60033104934925
179.72142290329438 9.60660974987646
179.72140954048774 9.61288845039143
179.72783018973485 9.587787030603364
179.72781696587393 9.594065734172426
179.72780373593068 9.60034443772948
179.72779049990444 9.606623141274525
179.72777725779463 9.612901844807558
179.73417121241144 9.60035770462666
179.69595252207134 9.60655496918338
179.70234754745928 9.594011463989709
179.7023338351746 9.600290155312011
179.70232011658518 9.606568846621412
179.70230639169034 9.612847537917903
179.70229266048938 9.61912622920148
179.70871490127908 9.594025213718274
179.70870130957923 9.600303908140335
179.7086877116301 9.606582602549722
179.70867410743097 9.612861296946427
179.70866049698117 9.61913999133044
179.71509572054606 9.587760144484813
179.7150822556246 9.5940388419917
179.71506878450992 9.600317539486143
179.7150553072014 9.60659623696813
179.71504182369833 9.612874934437663
179.71502833400004 9.61915363189473
179.71501483810593 9.625432329339327
179.72144961049108 9.59405234880981
179.72143625996193 9.60033104934925
179.72142290329438 9.60660974987646
179.72140954048774 9.61288845039143
179.7213961715414 9.619167150894162
179.72781696587393 9.594065734172426
179.72780373593068 9.60034443772948
179.72779049990444 9.606623141274525
179.72777725779463 9.612901844807558
179.72776400960046 9.619180548328565
179.73415809702692 9.60663641116216
179.69593867648115 9.612833657352274
179.7023338351746 9.600290155312011
179.70232011658518 9.606568846621412
179.70230639169034 9.612847537917903
179.70229266048938 9.61912622920148
179.7022789229816 9.625404920472137
179.70870130957923 9.600303908140335
179.7086877116301 9.606582602549722
179.70867410743097 9.612861296946427
179.70866049698117 9.61913999133044
179.70864688028004 9.625418685701765
179.7150822556246 9.5940388419917
179.71506878450992 9.600317539486143
179.7150553072014 9.60659623696813
179.71504182369833 9.612874934437663
179.71502833400004 9.61915363189473
179.71501483810593 9.625432329339327
179.71500133601523 9.63171102677145
179.72143625996193 9.60033104934925
179.72142290329438 9.60660974987646
179.72140954048774 9.61288845039143
179.7213961715414 9.619167150894162
179.7213827964546 9.625445851384649
179.72780373593068 9.60034443772948
179.72779049990444 9.606623141274525
179.72777725779463 9.612901844807558
179.72776400960046 9.619180548328565
179.7277507553214 9.625459251837546
179.73414497561419 9.612915117685862
179.7024570188472 9.543781932947494
179.70885047471413 9.531238268801685
179.70883694547027 9.537516963350205
179.70882340998384 9.5437956578861
179.70880986825415 9.550074352409371
179.70879632028056 9.556353046920012
179.715216626256 9.531251866363618
179.71520321704318 9.53753056398228
179.71518980164322 9.543809261588544
179.71517638005534 9.550087959182408
179.71516295227897 9.55636665676386
179.72159606136557 9.524986642070319
179.7215827783153 9.531265342743932
179.72156948913394 9.53754404340538
179.72155619382073 9.54382274405465
179.72154289237508 9.550101444691736
179.72152958479631 9.55638014531664
179.72151627108374 9.562658845929347
179.7279489308874 9.531278697942456
179.7279357617378 9.537557401619324
179.72792258651177 9.543836105284235
179.72790940520864 9.550114808937185
179.7278962178278 9.556393512578165
179.7343150839677 9.531291931959009
179.73430203485017 9.537570638623937
179.73428897971166 9.543849345277128
179.73427591855145 9.550128051918573
179.7342628513689 9.556406758548265
179.7406553734158 9.54386246403315
179.70234754745928 9.594011463989709
179.70874206593356 9.581467824836142
179.7087284867303 9.58774651928354
179.70871490127908 9.594025213718274
179.70870130957923 9.600303908140335
179.7086877116301 9.606582602549722
179.71510917927503 9.581481446965483
179.71509572054606 9.587760144484813
179.7150822556246 9.5940388419917
179.71506878450992 9.600317539486143
179.7150553072014 9.60659623696813
179.72148962525463 9.575216247118163
179.72147629313676 9.581494947694264
179.7214629548825 9.587773648258146
179.72144961049108 9.59405234880981
179.72143625996193 9.60033104934925
179.72142290329438 9.60660974987646
179.72140954048774 9.61288845039143
179.72784340751411 9.581508327022302
179.72783018973485 9.587787030603364
179.72781696587393 9.594065734172426
179.72780373593068 9.60034443772948
179.72779049990444 9.606623141274525
179.7342105224025 9.58152158494943
179.73419742509859 9.58780029152029
179.73418432176845 9.59407899807937
179.73417121241144 9.60035770462666
179.73415809702692 9.60663641116216
179.74055167816996 9.594092140530467
179.70232011658518 9.606568846621412
179.70871490127908 9.594025213718274
179.70870130957923 9.600303908140335
179.7086877116301 9.606582602549722
179.70867410743097 9.612861296946427
179.70866049698117 9.61913999133044
179.7150822556246 9.5940388419917
179.71506878450992 9.600317539486143
179.7150553072014 9.60659623696813
179.71504182369833 9.612874934437663
179.71502833400004 9.61915363189473
179.7214629548825 9.587773648258146
179.72144961049108 9.59405234880981
179.72143625996193 9.60033104934925
179.72142290329438 9.60660974987646
179.72140954048774 9.61288845039143
179.7213961715414 9.619167150894162
179.7213827964546 9.625445851384649
179.72781696587393 9.594065734172426
179.72780373593068 9.60034443772948
179.72779049990444 9.606623141274525
179.72777725779463 9.612901844807558
179.72776400960046 9.619180548328565
179.73418432176845 9.59407899807937
179.73417121241144 9.60035770462666
179.73415809702692 9.60663641116216
179.73414497561419 9.612915117685862
179.73413184817267 9.619193824197758
179.74052569465707 9.60664955953918
