# # ids of objects in overdense bins for (13.907370162468975, -36.70493450672264)
5.001348300747798528e+18
5.001348098883588096e+18
5.001348098883589120e+18
5.001351053820829696e+18
5.001351363058478080e+18
5.001540513418569728e+18
5.001352668729433088e+18
5.001538417473990656e+18
5.001538550617956352e+18
5.001540101101277184e+18
5.001538383114252288e+18
5.001539929302565888e+18
5.001352531289554944e+18
5.001351500497672192e+18
5.001351191260174336e+18
5.001538314395633664e+18
5.001351259981187072e+18
5.001350675863513088e+18
5.001352183398200320e+18
5.001370737656129536e+18
5.001352187694118912e+18
