# successful candidates for region at (183.44350748754894, 70.2935346649119) and radius 1.0184.04322092895984 69.51088570821018
184.04339700857125 69.51715888584282
184.04357319622846 69.52343206328148
184.04374949203077 69.52970524052594
184.05838696196258 69.41672584004962
184.06091235979903 69.5045500830461
184.06109357501407 69.51082324172619
184.06127490139173 69.5170964002008
184.06145633903395 69.52336955846968
184.06163788804312 69.52964271653266
184.06181954852156 69.53591587438956
184.0759964307146 69.41038869150447
184.07618118622997 69.4166618337162
184.07636605456284 69.42293497571333
184.07896611506456 69.51075894102779
184.0791526881108 69.51703207978191
184.07933937564044 69.52330521831828
184.07952617775865 69.52957835663663
184.09397530291815 69.41659600158056
184.09416536989272 69.4228691234798
184.0962637923334 69.4918734493392
184.09703036565924 69.51696592460351
184.0972223029757 69.52323904284461
184.0974143581023 69.52951216085526
184.11137913534682 69.40398214045392
184.11392380755672 69.48553244412778
184.11412039106298 69.49180554272353
184.11431709504657 69.49807864107719
184.11471086488817 69.51062483705732
184.13157336443453 69.47918964889602
184.13197687490688 69.49173580363187
184.13238088011485 69.50428195734708
184.1325830685286 69.51055503382139
184.1327853809672 69.51682811003981
184.14921246972833 69.47284506530562
184.14962619037905 69.48539117675868
184.1498332408073 69.49166423208287
184.15045515389986 69.51048339644309
184.1664177306428 69.45395262678855
184.1668411301985 69.46649869501672
184.16726504823612 69.47904476211983
184.16747720198276 69.48531779524883
184.16768948570675 69.49159082809578
184.18208124964667 69.39114739936652
184.18229678159116 69.39742041358878
184.19963331431663 69.38479771528084
184.19985389706181 69.39107070642523
184.2000746143319 69.39734369726332
184.20029546624974 69.40361668779485
184.2174006514051 69.384719222821
184.21762641619918 69.39099219004
184.21785231867747 69.39726515693813
184.21830453718977 69.40981108977064
184.23516785732326 69.38463890749352
184.23562989161263 69.3971847926341
184.23586112015093 69.40345773470042
184.23609248979 69.40973067643034
184.25317105759063 69.39082968702168
184.25340733012217 69.39710260437253
184.2536437467875 69.40337552137211
184.27094317381997 69.39074570043174
184.27118463119103 69.39701859217539
184.27142623585766 69.40329148355212
184.28896179180433 69.39693275606496
183.98960238544132 69.51106210221003
184.0071444639619 69.49845870943139
184.00730984682357 69.50473192403538
184.00747533110666 69.51100513846816
184.00764091690422 69.51727835272952
184.00780660430962 69.52355156681935
184.02500682856336 69.49839994745939
184.02517745194862 69.50467314405228
184.02534817996843 69.51094634046292
184.02551901271892 69.51721953669116
184.0256899502962 69.52349273273678
184.04269333740945 69.49206617415021
184.0428690934779 69.4983393523637
184.04304495729508 69.50461253038375
184.04322092895984 69.51088570821018
184.04339700857125 69.51715888584282
184.04357319622846 69.52343206328148
184.04374949203077 69.52970524052594
184.06073125564444 69.49827692416062
184.06091235979903 69.5045500830461
184.06109357501407 69.51082324172619
184.06127490139173 69.5170964002008
184.06145633903395 69.52336955846968
184.07859331200203 69.49821266286692
184.07877965639662 69.50448580205607
184.07896611506456 69.51075894102779
184.0791526881108 69.51703207978191
184.07933937564044 69.52330521831828
184.09683854604475 69.51069280613224
183.98976272419696 69.51733533394207
184.00730984682357 69.50473192403538
184.00747533110666 69.51100513846816
184.00764091690422 69.51727835272952
184.00780660430962 69.52355156681935
184.0079723934162 69.5298247807375
184.02517745194862 69.50467314405228
184.02534817996843 69.51094634046292
184.02551901271892 69.51721953669116
184.0256899502962 69.52349273273678
184.02586099279674 69.52976592859967
184.0428690934779 69.4983393523637
184.04304495729508 69.50461253038375
184.04322092895984 69.51088570821018
184.04339700857125 69.51715888584282
184.04357319622846 69.52343206328148
184.04374949203077 69.52970524052594
184.0439258960776 69.53597841757609
184.06091235979903 69.5045500830461
184.06109357501407 69.51082324172619
184.06127490139173 69.5170964002008
184.06145633903395 69.52336955846968
184.06163788804312 69.52964271653266
184.07877965639662 69.50448580205607
184.07896611506456 69.51075894102779
184.0791526881108 69.51703207978191
184.07933937564044 69.52330521831828
184.07952617775865 69.52957835663663
184.09703036565924 69.51696592460351
183.9899231613412 69.52360856551327
184.00747533110666 69.51100513846816
184.00764091690422 69.51727835272952
184.00780660430962 69.52355156681935
184.0079723934162 69.5298247807375
184.0081382843174 69.53609799448375
184.02534817996843 69.51094634046292
184.02551901271892 69.51721953669116
184.0256899502962 69.52349273273678
184.02586099279674 69.52976592859967
184.0260321403169 69.53603912427963
184.04304495729508 69.50461253038375
184.04322092895984 69.51088570821018
184.04339700857125 69.51715888584282
184.04357319622846 69.52343206328148
184.04374949203077 69.52970524052594
184.0439258960776 69.53597841757609
184.0441024084685 69.54225159443175
184.06109357501407 69.51082324172619
184.06127490139173 69.5170964002008
184.06145633903395 69.52336955846968
184.06163788804312 69.52964271653266
184.06181954852156 69.53591587438956
184.07896611506456 69.51075894102779
184.0791526881108 69.51703207978191
184.07933937564044 69.52330521831828
184.07952617775865 69.52957835663663
184.07971309457074 69.53585149473685
184.0972223029757 69.52323904284461
183.9900836969645 69.5298817969235
184.00764091690422 69.51727835272952
184.00780660430962 69.52355156681935
184.0079723934162 69.5298247807375
184.0081382843174 69.53609799448375
184.00830427710687 69.54237120805799
184.02551901271892 69.51721953669116
184.0256899502962 69.52349273273678
184.02586099279674 69.52976592859967
184.0260321403169 69.53603912427963
184.02620339295322 69.54231231977649
184.04322092895984 69.51088570821018
184.04339700857125 69.51715888584282
184.04357319622846 69.52343206328148
184.04374949203077 69.52970524052594
184.0439258960776 69.53597841757609
184.0441024084685 69.54225159443175
184.04427902930306 69.54852477109269
184.06127490139173 69.5170964002008
184.06145633903395 69.52336955846968
184.06163788804312 69.52964271653266
184.06181954852156 69.53591587438956
184.06200132057174 69.54218903204014
184.0791526881108 69.51703207978191
184.07933937564044 69.52330521831828
184.07952617775865 69.52957835663663
184.07971309457074 69.53585149473685
184.0799001261822 69.54212463261861
184.0974143581023 69.52951216085526
184.00500367393218 69.41690690406867
184.022459968944 69.40430197680841
184.02262903426288 69.41057517611519
184.02279820278892 69.41684837524218
184.02296747461642 69.42312157418928
184.0231368498399 69.42939477295626
184.04024401095108 69.40424165894842
184.0404182688577 69.41051483985161
184.04059263314065 69.41678802056383
184.04076710389725 69.4230612010849
184.0409416812248 69.42933438141463
184.057848610658 69.39790635422082
184.05802795161406 69.40417951636618
184.0582074020156 69.41045267830918
184.05838696196258 69.41672584004962
184.0585666315552 69.4229990015874
184.05874641089372 69.42927216292223
184.0589263000785 69.43554532405398
184.07581178791372 69.40411554907827
184.0759964307146 69.41038869150447
184.07618118622997 69.4166618337162
184.07636605456284 69.42293497571333
184.07655103581638 69.42920811749563
184.09359551683096 69.40404975710167
184.0937853519329 69.41032287945443
184.09397530291815 69.41659600158056
184.09416536989272 69.4228691234798
184.09435555296264 69.429142245152
184.11176930900265 69.41652834366025
184.00730984682357 69.50473192403538
184.02483630971665 69.4921267506844
184.02500682856336 69.49839994745939
184.02517745194862 69.50467314405228
184.02534817996843 69.51094634046292
184.02551901271892 69.51721953669116
184.04269333740945 69.49206617415021
184.0428690934779 69.4983393523637
184.04304495729508 69.50461253038375
184.04322092895984 69.51088570821018
184.04339700857125 69.51715888584282
184.06036938010962 69.48573060577446
184.06055026244857 69.49200376507004
184.06073125564444 69.49827692416062
184.06091235979903 69.5045500830461
184.06109357501407 69.51082324172619
184.06127490139173 69.5170964002008
184.06145633903395 69.52336955846968
184.07840708177594 69.4919395234606
184.07859331200203 69.49821266286692
184.07877965639662 69.50448580205607
184.07896611506456 69.51075894102779
184.0791526881108 69.51703207978191
184.0962637923334 69.4918734493392
184.09645525948963 69.49814656849986
184.09664684402418 69.50441968743095
184.09683854604475 69.51069280613224
184.09703036565924 69.51696592460351
184.11451391961808 69.50435173918854
184.00747533110666 69.51100513846816
184.02500682856336 69.49839994745939
184.02517745194862 69.50467314405228
184.02534817996843 69.51094634046292
184.02551901271892 69.51721953669116
184.0256899502962 69.52349273273678
184.0428690934779 69.4983393523637
184.04304495729508 69.50461253038375
184.04322092895984 69.51088570821018
184.04339700857125 69.51715888584282
184.04357319622846 69.52343206328148
184.06055026244857 69.49200376507004
184.06073125564444 69.49827692416062
184.06091235979903 69.5045500830461
184.06109357501407 69.51082324172619
184.06127490139173 69.5170964002008
184.06145633903395 69.52336955846968
184.06163788804312 69.52964271653266
184.07859331200203 69.49821266286692
184.07877965639662 69.50448580205607
184.07896611506456 69.51075894102779
184.0791526881108 69.51703207978191
184.07933937564044 69.52330521831828
184.09645525948963 69.49814656849986
184.09664684402418 69.50441968743095
184.09683854604475 69.51069280613224
184.09703036565924 69.51696592460351
184.0972223029757 69.52323904284461
184.11471086488817 69.51062483705732
184.00764091690422 69.51727835272952
184.02517745194862 69.50467314405228
184.02534817996843 69.51094634046292
184.02551901271892 69.51721953669116
184.0256899502962 69.52349273273678
184.02586099279674 69.52976592859967
184.04304495729508 69.50461253038375
184.04322092895984 69.51088570821018
184.04339700857125 69.51715888584282
184.04357319622846 69.52343206328148
184.04374949203077 69.52970524052594
184.06073125564444 69.49827692416062
184.06091235979903 69.5045500830461
184.06109357501407 69.51082324172619
184.06127490139173 69.5170964002008
184.06145633903395 69.52336955846968
184.06163788804312 69.52964271653266
184.06181954852156 69.53591587438956
184.07877965639662 69.50448580205607
184.07896611506456 69.51075894102779
184.0791526881108 69.51703207978191
184.07933937564044 69.52330521831828
184.07952617775865 69.52957835663663
184.09664684402418 69.50441968743095
184.09683854604475 69.51069280613224
184.09703036565924 69.51696592460351
184.0972223029757 69.52323904284461
184.0974143581023 69.52951216085526
184.11490793096772 69.51689793468339
184.00780660430962 69.52355156681935
184.02534817996843 69.51094634046292
184.02551901271892 69.51721953669116
184.0256899502962 69.52349273273678
184.02586099279674 69.52976592859967
184.0260321403169 69.53603912427963
184.04322092895984 69.51088570821018
184.04339700857125 69.51715888584282
184.04357319622846 69.52343206328148
184.04374949203077 69.52970524052594
184.0439258960776 69.53597841757609
184.06091235979903 69.5045500830461
184.06109357501407 69.51082324172619
184.06127490139173 69.5170964002008
184.06145633903395 69.52336955846968
184.06163788804312 69.52964271653266
184.06181954852156 69.53591587438956
184.06200132057174 69.54218903204014
184.07896611506456 69.51075894102779
184.0791526881108 69.51703207978191
184.07933937564044 69.52330521831828
184.07952617775865 69.52957835663663
184.07971309457074 69.53585149473685
184.09683854604475 69.51069280613224
184.09703036565924 69.51696592460351
184.0972223029757 69.52323904284461
184.0974143581023 69.52951216085526
184.0976065311473 69.5357852786353
184.11510511796772 69.52317103206646
184.0079723934162 69.5298247807375
184.02551901271892 69.51721953669116
184.0256899502962 69.52349273273678
184.02586099279674 69.52976592859967
184.0260321403169 69.53603912427963
184.02620339295322 69.54231231977649
184.04339700857125 69.51715888584282
184.04357319622846 69.52343206328148
184.04374949203077 69.52970524052594
184.0439258960776 69.53597841757609
184.0441024084685 69.54225159443175
184.06109357501407 69.51082324172619
184.06127490139173 69.5170964002008
184.06145633903395 69.52336955846968
184.06163788804312 69.52964271653266
184.06181954852156 69.53591587438956
184.06200132057174 69.54218903204014
184.0621832042963 69.54846218948431
184.0791526881108 69.51703207978191
184.07933937564044 69.52330521831828
184.07952617775865 69.52957835663663
184.07971309457074 69.53585149473685
184.0799001261822 69.54212463261861
184.09703036565924 69.51696592460351
184.0972223029757 69.52323904284461
184.0974143581023 69.52951216085526
184.0976065311473 69.5357852786353
184.09779882221915 69.54205839618447
184.11530242599926 69.52944412920635
184.0081382843174 69.53609799448375
184.0256899502962 69.52349273273678
184.02586099279674 69.52976592859967
184.0260321403169 69.53603912427963
184.02620339295322 69.54231231977649
184.0263747508025 69.54858551509008
184.04357319622846 69.52343206328148
184.04374949203077 69.52970524052594
184.0439258960776 69.53597841757609
184.0441024084685 69.54225159443175
184.04427902930306 69.54852477109269
184.06127490139173 69.5170964002008
184.06145633903395 69.52336955846968
184.06163788804312 69.52964271653266
184.06181954852156 69.53591587438956
184.06200132057174 69.54218903204014
184.0621832042963 69.54846218948431
184.062365199798 69.55473534672178
184.07933937564044 69.52330521831828
184.07952617775865 69.52957835663663
184.07971309457074 69.53585149473685
184.0799001261822 69.54212463261861
184.0800872726986 69.54839777028181
184.0972223029757 69.52323904284461
184.0974143581023 69.52951216085526
184.0976065311473 69.5357852786353
184.09779882221915 69.54205839618447
184.0979912314264 69.5483315135026
184.1154998551736 69.53571722610279
184.02262903426288 69.41057517611519
184.04006985932372 69.39796847785439
184.04024401095108 69.40424165894842
184.0404182688577 69.41051483985161
184.04059263314065 69.41678802056383
184.04076710389725 69.4230612010849
184.057848610658 69.39790635422082
184.05802795161406 69.40417951636618
184.0582074020156 69.41045267830918
184.05838696196258 69.41672584004962
184.0585666315552 69.4229990015874
184.07544284004388 69.39156926358342
184.0756272577244 69.39784240643786
184.07581178791372 69.40411554907827
184.0759964307146 69.41038869150447
184.07618118622997 69.4166618337162
184.07636605456284 69.42293497571333
184.07655103581638 69.42920811749563
184.09340579750662 69.3977766345225
184.09359551683096 69.40404975710167
184.0937853519329 69.41032287945443
184.09397530291815 69.41659600158056
184.09416536989272 69.4228691234798
184.11118422698837 69.39770903849218
184.11137913534682 69.40398214045392
184.1115741626487 69.4102552421767
184.11176930900265 69.41652834366025
184.1119645745176 69.42280144490435
184.1293628598404 69.41018577968924
184.02279820278892 69.41684837524218
184.04024401095108 69.40424165894842
184.0404182688577 69.41051483985161
184.04059263314065 69.41678802056383
184.04076710389725 69.4230612010849
184.0409416812248 69.42933438141463
184.05802795161406 69.40417951636618
184.0582074020156 69.41045267830918
184.05838696196258 69.41672584004962
184.0585666315552 69.4229990015874
184.05874641089372 69.42927216292223
184.0756272577244 69.39784240643786
184.07581178791372 69.40411554907827
184.0759964307146 69.41038869150447
184.07618118622997 69.4166618337162
184.07636605456284 69.42293497571333
184.07655103581638 69.42920811749563
184.0767361300939 69.43548125906294
184.09359551683096 69.40404975710167
184.0937853519329 69.41032287945443
184.09397530291815 69.41659600158056
184.09416536989272 69.4228691234798
184.09435555296264 69.429142245152
184.11137913534682 69.40398214045392
184.1115741626487 69.4102552421767
184.11176930900265 69.41652834366025
184.1119645745176 69.42280144490435
184.1121599593024 69.4290745459088
184.1295632014591 69.41645885997332
184.02296747461642 69.42312157418928
184.0404182688577 69.41051483985161
184.04059263314065 69.41678802056383
184.04076710389725 69.4230612010849
184.0409416812248 69.42933438141463
184.04111636522083 69.43560756155287
184.0582074020156 69.41045267830918
184.05838696196258 69.41672584004962
184.0585666315552 69.4229990015874
184.05874641089372 69.42927216292223
184.0589263000785 69.43554532405398
184.07581178791372 69.40411554907827
184.0759964307146 69.41038869150447
184.07618118622997 69.4166618337162
184.07636605456284 69.42293497571333
184.07655103581638 69.42920811749563
184.0767361300939 69.43548125906294
184.07692133749882 69.44175440041504
184.0937853519329 69.41032287945443
184.09397530291815 69.41659600158056
184.09416536989272 69.4228691234798
184.09435555296264 69.429142245152
184.0945458522341 69.43541536659689
184.1115741626487 69.4102552421767
184.11176930900265 69.41652834366025
184.1119645745176 69.42280144490435
184.1121599593024 69.4290745459088
184.11235546346626 69.43534764667335
184.12976366541028 69.42273194000504
184.02534817996843 69.51094634046292
184.0428690934779 69.4983393523637
184.04304495729508 69.50461253038375
184.04322092895984 69.51088570821018
184.04339700857125 69.51715888584282
184.04357319622846 69.52343206328148
184.06073125564444 69.49827692416062
184.06091235979903 69.5045500830461
184.06109357501407 69.51082324172619
184.06127490139173 69.5170964002008
184.06145633903395 69.52336955846968
184.07840708177594 69.4919395234606
184.07859331200203 69.49821266286692
184.07877965639662 69.50448580205607
184.07896611506456 69.51075894102779
184.0791526881108 69.51703207978191
184.07933937564044 69.52330521831828
184.07952617775865 69.52957835663663
184.09645525948963 69.49814656849986
184.09664684402418 69.50441968743095
184.09683854604475 69.51069280613224
184.09703036565924 69.51696592460351
184.0972223029757 69.52323904284461
184.11431709504657 69.49807864107719
184.11451391961808 69.50435173918854
184.11471086488817 69.51062483705732
184.11490793096772 69.51689793468339
184.11510511796772 69.52317103206646
184.1325830685286 69.51055503382139
184.02551901271892 69.51721953669116
184.04304495729508 69.50461253038375
184.04322092895984 69.51088570821018
184.04339700857125 69.51715888584282
184.04357319622846 69.52343206328148
184.04374949203077 69.52970524052594
184.06091235979903 69.5045500830461
184.06109357501407 69.51082324172619
184.06127490139173 69.5170964002008
184.06145633903395 69.52336955846968
184.06163788804312 69.52964271653266
184.07859331200203 69.49821266286692
184.07877965639662 69.50448580205607
184.07896611506456 69.51075894102779
184.0791526881108 69.51703207978191
184.07933937564044 69.52330521831828
184.07952617775865 69.52957835663663
184.07971309457074 69.53585149473685
184.09664684402418 69.50441968743095
184.09683854604475 69.51069280613224
184.09703036565924 69.51696592460351
184.0972223029757 69.52323904284461
184.0974143581023 69.52951216085526
184.11451391961808 69.50435173918854
184.11471086488817 69.51062483705732
184.11490793096772 69.51689793468339
184.11510511796772 69.52317103206646
184.11530242599926 69.52944412920635
184.1327853809672 69.51682811003981
184.0256899502962 69.52349273273678
184.04322092895984 69.51088570821018
184.04339700857125 69.51715888584282
184.04357319622846 69.52343206328148
184.04374949203077 69.52970524052594
184.0439258960776 69.53597841757609
184.06109357501407 69.51082324172619
184.06127490139173 69.5170964002008
184.06145633903395 69.52336955846968
184.06163788804312 69.52964271653266
184.06181954852156 69.53591587438956
184.07877965639662 69.50448580205607
184.07896611506456 69.51075894102779
184.0791526881108 69.51703207978191
184.07933937564044 69.52330521831828
184.07952617775865 69.52957835663663
184.07971309457074 69.53585149473685
184.0799001261822 69.54212463261861
184.09683854604475 69.51069280613224
184.09703036565924 69.51696592460351
184.0972223029757 69.52323904284461
184.0974143581023 69.52951216085526
184.0976065311473 69.5357852786353
184.11471086488817 69.51062483705732
184.11490793096772 69.51689793468339
184.11510511796772 69.52317103206646
184.11530242599926 69.52944412920635
184.1154998551736 69.53571722610279
184.13298781754455 69.52310118600215
184.02586099279674 69.52976592859967
184.04339700857125 69.51715888584282
184.04357319622846 69.52343206328148
184.04374949203077 69.52970524052594
184.0439258960776 69.53597841757609
184.0441024084685 69.54225159443175
184.06127490139173 69.5170964002008
184.06145633903395 69.52336955846968
184.06163788804312 69.52964271653266
184.06181954852156 69.53591587438956
184.06200132057174 69.54218903204014
184.07896611506456 69.51075894102779
184.0791526881108 69.51703207978191
184.07933937564044 69.52330521831828
184.07952617775865 69.52957835663663
184.07971309457074 69.53585149473685
184.0799001261822 69.54212463261861
184.0800872726986 69.54839777028181
184.09703036565924 69.51696592460351
184.0972223029757 69.52323904284461
184.0974143581023 69.52951216085526
184.0976065311473 69.5357852786353
184.09779882221915 69.54205839618447
184.11490793096772 69.51689793468339
184.11510511796772 69.52317103206646
184.11530242599926 69.52944412920635
184.1154998551736 69.53571722610279
184.11569740560213 69.5419903227556
184.13319037837474 69.52937426170821
184.04059263314065 69.41678802056383
184.05802795161406 69.40417951636618
184.0582074020156 69.41045267830918
184.05838696196258 69.41672584004962
184.0585666315552 69.4229990015874
184.05874641089372 69.42927216292223
184.07581178791372 69.40411554907827
184.0759964307146 69.41038869150447
184.07618118622997 69.4166618337162
184.07636605456284 69.42293497571333
184.07655103581638 69.42920811749563
184.09340579750662 69.3977766345225
184.09359551683096 69.40404975710167
184.0937853519329 69.41032287945443
184.09397530291815 69.41659600158056
184.09416536989272 69.4228691234798
184.09435555296264 69.429142245152
184.0945458522341 69.43541536659689
184.11137913534682 69.40398214045392
184.1115741626487 69.4102552421767
184.11176930900265 69.41652834366025
184.1119645745176 69.42280144490435
184.1121599593024 69.4290745459088
184.12916264044244 69.40391269915305
184.1293628598404 69.41018577968924
184.1295632014591 69.41645885997332
184.12976366541028 69.42273194000504
184.1299642518058 69.42900501978414
184.14735697726323 69.4163875505383
184.04076710389725 69.4230612010849
184.0582074020156 69.41045267830918
184.05838696196258 69.41672584004962
184.0585666315552 69.4229990015874
184.05874641089372 69.42927216292223
184.0589263000785 69.43554532405398
184.0759964307146 69.41038869150447
184.07618118622997 69.4166618337162
184.07636605456284 69.42293497571333
184.07655103581638 69.42920811749563
184.0767361300939 69.43548125906294
184.09359551683096 69.40404975710167
184.0937853519329 69.41032287945443
184.09397530291815 69.41659600158056
184.09416536989272 69.4228691234798
184.09435555296264 69.429142245152
184.0945458522341 69.43541536659689
184.09473626781343 69.44168848781432
184.1115741626487 69.4102552421767
184.11176930900265 69.41652834366025
184.1119645745176 69.42280144490435
184.1121599593024 69.4290745459088
184.11235546346626 69.43534764667335
184.1293628598404 69.41018577968924
184.1295632014591 69.41645885997332
184.12976366541028 69.42273194000504
184.1299642518058 69.42900501978414
184.13016496075764 69.43527809931042
184.1475626395438 69.42266060880038
184.04269333740945 69.49206617415021
184.06018860852598 69.47945744627413
184.06036938010962 69.48573060577446
184.06055026244857 69.49200376507004
184.06073125564444 69.49827692416062
184.06091235979903 69.5045500830461
184.07803496341077 69.47939324399718
184.07822096561372 69.4856663838373
184.07840708177594 69.4919395234606
184.07859331200203 69.49821266286692
184.07877965639662 69.50448580205607
184.09569009405868 69.47305409048184
184.09588120972535 69.47932721033
184.0960724424478 69.48560032994914
184.0962637923334 69.4918734493392
184.09645525948963 69.49814656849986
184.09664684402418 69.50441968743095
184.09683854604475 69.51069280613224
184.11372734441733 69.47925934529017
184.11392380755672 69.48553244412778
184.11412039106298 69.49180554272353
184.11431709504657 69.49807864107719
184.11451391961808 69.50435173918854
184.13157336443453 69.47918964889602
184.13177505788545 69.48546272639139
184.13197687490688 69.49173580363187
184.13217881561215 69.49800888061715
184.13238088011485 69.50428195734708
184.1498332408073 69.49166423208287
184.04339700857125 69.51715888584282
184.06091235979903 69.5045500830461
184.06109357501407 69.51082324172619
184.06127490139173 69.5170964002008
184.06145633903395 69.52336955846968
184.06163788804312 69.52964271653266
184.07877965639662 69.50448580205607
184.07896611506456 69.51075894102779
184.0791526881108 69.51703207978191
184.07933937564044 69.52330521831828
184.07952617775865 69.52957835663663
184.09645525948963 69.49814656849986
184.09664684402418 69.50441968743095
184.09683854604475 69.51069280613224
184.09703036565924 69.51696592460351
184.0972223029757 69.52323904284461
184.0974143581023 69.52951216085526
184.0976065311473 69.5357852786353
184.11451391961808 69.50435173918854
184.11471086488817 69.51062483705732
184.11490793096772 69.51689793468339
184.11510511796772 69.52317103206646
184.11530242599926 69.52944412920635
184.13238088011485 69.50428195734708
184.1325830685286 69.51055503382139
184.1327853809672 69.51682811003981
184.13298781754455 69.52310118600215
184.13319037837474 69.52937426170821
184.15066271258863 69.51675645069159
184.04357319622846 69.52343206328148
184.06109357501407 69.51082324172619
184.06127490139173 69.5170964002008
184.06145633903395 69.52336955846968
184.06163788804312 69.52964271653266
184.06181954852156 69.53591587438956
184.07896611506456 69.51075894102779
184.0791526881108 69.51703207978191
184.07933937564044 69.52330521831828
184.07952617775865 69.52957835663663
184.07971309457074 69.53585149473685
184.09664684402418 69.50441968743095
184.09683854604475 69.51069280613224
184.09703036565924 69.51696592460351
184.0972223029757 69.52323904284461
184.0974143581023 69.52951216085526
184.0976065311473 69.5357852786353
184.09779882221915 69.54205839618447
184.11471086488817 69.51062483705732
184.11490793096772 69.51689793468339
184.11510511796772 69.52317103206646
184.11530242599926 69.52944412920635
184.1154998551736 69.53571722610279
184.1325830685286 69.51055503382139
184.1327853809672 69.51682811003981
184.13298781754455 69.52310118600215
184.13319037837474 69.52937426170821
184.13339306357196 69.53564733715768
184.15087039863434 69.52302950467053
184.04374949203077 69.52970524052594
184.06127490139173 69.5170964002008
184.06145633903395 69.52336955846968
184.06163788804312 69.52964271653266
184.06181954852156 69.53591587438956
184.06200132057174 69.54218903204014
184.0791526881108 69.51703207978191
184.07933937564044 69.52330521831828
184.07952617775865 69.52957835663663
184.07971309457074 69.53585149473685
184.0799001261822 69.54212463261861
184.09683854604475 69.51069280613224
184.09703036565924 69.51696592460351
184.0972223029757 69.52323904284461
184.0974143581023 69.52951216085526
184.0976065311473 69.5357852786353
184.09779882221915 69.54205839618447
184.0979912314264 69.5483315135026
184.11490793096772 69.51689793468339
184.11510511796772 69.52317103206646
184.11530242599926 69.52944412920635
184.1154998551736 69.53571722610279
184.11569740560213 69.5419903227556
184.1327853809672 69.51682811003981
184.13298781754455 69.52310118600215
184.13319037837474 69.52937426170821
184.13339306357196 69.53564733715768
184.1335958732506 69.54192041235036
184.15107821215406 69.5293025583797
184.05802795161406 69.40417951636618
184.07544284004388 69.39156926358342
184.0756272577244 69.39784240643786
184.07581178791372 69.40411554907827
184.0759964307146 69.41038869150447
184.07618118622997 69.4166618337162
184.09321619385412 69.39150351171703
184.09340579750662 69.3977766345225
184.09359551683096 69.40404975710167
184.0937853519329 69.41032287945443
184.09397530291815 69.41659600158056
184.1107947666676 69.3851628338525
184.11098943746478 69.3914359362916
184.11118422698837 69.39770903849218
184.11137913534682 69.40398214045392
184.1115741626487 69.4102552421767
184.11176930900265 69.41652834366025
184.1119645745176 69.42280144490435
184.1287625678625 69.39136653732518
184.12896254315365 69.39763961836493
184.12916264044244 69.40391269915305
184.1293628598404 69.41018577968924
184.1295632014591 69.41645885997332
184.14653558203412 69.39129531483614
184.1467407429864 69.39756837415925
184.14694602909907 69.40384143321748
184.14715144048654 69.41011449201058
184.14735697726323 69.4163875505383
184.16472929829817 69.40376834266621
184.06036938010962 69.48573060577446
184.0778490750627 69.47312010394052
184.07803496341077 69.47939324399718
184.07822096561372 69.4856663838373
184.07840708177594 69.4919395234606
184.07859331200203 69.49821266286692
184.09569009405868 69.47305409048184
184.09588120972535 69.47932721033
184.0960724424478 69.48560032994914
184.0962637923334 69.4918734493392
184.09645525948963 69.49814656849986
184.1133347787982 69.46671314689027
184.11353100153457 69.47298624621094
184.11372734441733 69.47925934529017
184.11392380755672 69.48553244412778
184.11412039106298 69.49180554272353
184.11431709504657 69.49807864107719
184.11451391961808 69.50435173918854
184.13137179444087 69.47291657114597
184.13157336443453 69.47918964889602
184.13177505788545 69.48546272639139
184.13197687490688 69.49173580363187
184.13217881561215 69.49800888061715
184.14921246972833 69.47284506530562
184.14941926672478 69.4791181211662
184.14962619037905 69.48539117675868
184.1498332408073 69.49166423208287
184.1500404181259 69.49793728713848
184.16747720198276 69.48531779524883
184.06055026244857 69.49200376507004
184.07803496341077 69.47939324399718
184.07822096561372 69.4856663838373
184.07840708177594 69.4919395234606
184.07859331200203 69.49821266286692
184.07877965639662 69.50448580205607
184.09588120972535 69.47932721033
184.0960724424478 69.48560032994914
184.0962637923334 69.4918734493392
184.09645525948963 69.49814656849986
184.09664684402418 69.50441968743095
184.11353100153457 69.47298624621094
184.11372734441733 69.47925934529017
184.11392380755672 69.48553244412778
184.11412039106298 69.49180554272353
184.11431709504657 69.49807864107719
184.11451391961808 69.50435173918854
184.11471086488817 69.51062483705732
184.13157336443453 69.47918964889602
184.13177505788545 69.48546272639139
184.13197687490688 69.49173580363187
184.13217881561215 69.49800888061715
184.13238088011485 69.50428195734708
184.14941926672478 69.4791181211662
184.14962619037905 69.48539117675868
184.1498332408073 69.49166423208287
184.1500404181259 69.49793728713848
184.15024772245118 69.50421034192533
184.16768948570675 69.49159082809578
184.06073125564444 69.49827692416062
184.07822096561372 69.4856663838373
184.07840708177594 69.4919395234606
184.07859331200203 69.49821266286692
184.07877965639662 69.50448580205607
184.07896611506456 69.51075894102779
184.0960724424478 69.48560032994914
184.0962637923334 69.4918734493392
184.09645525948963 69.49814656849986
184.09664684402418 69.50441968743095
184.09683854604475 69.51069280613224
184.11372734441733 69.47925934529017
184.11392380755672 69.48553244412778
184.11412039106298 69.49180554272353
184.11431709504657 69.49807864107719
184.11451391961808 69.50435173918854
184.11471086488817 69.51062483705732
184.11490793096772 69.51689793468339
184.13177505788545 69.48546272639139
184.13197687490688 69.49173580363187
184.13217881561215 69.49800888061715
184.13238088011485 69.50428195734708
184.1325830685286 69.51055503382139
184.14962619037905 69.48539117675868
184.1498332408073 69.49166423208287
184.1500404181259 69.49793728713848
184.15024772245118 69.50421034192533
184.15045515389986 69.51048339644309
184.16790189952732 69.49786386066044
184.06109357501407 69.51082324172619
184.07859331200203 69.49821266286692
184.07877965639662 69.50448580205607
184.07896611506456 69.51075894102779
184.0791526881108 69.51703207978191
184.07933937564044 69.52330521831828
184.09645525948963 69.49814656849986
184.09664684402418 69.50441968743095
184.09683854604475 69.51069280613224
184.09703036565924 69.51696592460351
184.0972223029757 69.52323904284461
184.11412039106298 69.49180554272353
184.11431709504657 69.49807864107719
184.11451391961808 69.50435173918854
184.11471086488817 69.51062483705732
184.11490793096772 69.51689793468339
184.11510511796772 69.52317103206646
184.11530242599926 69.52944412920635
184.13217881561215 69.49800888061715
184.13238088011485 69.50428195734708
184.1325830685286 69.51055503382139
184.1327853809672 69.51682811003981
184.13298781754455 69.52310118600215
184.1500404181259 69.49793728713848
184.15024772245118 69.50421034192533
184.15045515389986 69.51048339644309
184.15066271258863 69.51675645069159
184.15087039863434 69.52302950467053
184.1683271179359 69.5104099249418
184.07803496341077 69.47939324399718
184.09549909534059 69.46678097040497
184.09569009405868 69.47305409048184
184.09588120972535 69.47932721033
184.0960724424478 69.48560032994914
184.0962637923334 69.4918734493392
184.1133347787982 69.46671314689027
184.11353100153457 69.47298624621094
184.11372734441733 69.47925934529017
184.11392380755672 69.48553244412778
184.11412039106298 69.49180554272353
184.13096902437312 69.46037041488277
184.13117034779137 69.46664349314148
184.13137179444087 69.47291657114597
184.13157336443453 69.47918964889602
184.13177505788545 69.48546272639139
184.13197687490688 69.49173580363187
184.13217881561215 69.49800888061715
184.1490057992736 69.46657200917726
184.14921246972833 69.47284506530562
184.14941926672478 69.4791181211662
184.14962619037905 69.48539117675868
184.1498332408073 69.49166423208287
184.1668411301985 69.46649869501672
184.16705302434767 69.47277172870903
184.16726504823612 69.47904476211983
184.16747720198276 69.48531779524883
184.16768948570675 69.49159082809578
184.18511070591668 69.4789695717766
184.07840708177594 69.4919395234606
184.09588120972535 69.47932721033
184.0960724424478 69.48560032994914
184.0962637923334 69.4918734493392
184.09645525948963 69.49814656849986
184.09664684402418 69.50441968743095
184.11372734441733 69.47925934529017
184.11392380755672 69.48553244412778
184.11412039106298 69.49180554272353
184.11431709504657 69.49807864107719
184.11451391961808 69.50435173918854
184.13137179444087 69.47291657114597
184.13157336443453 69.47918964889602
184.13177505788545 69.48546272639139
184.13197687490688 69.49173580363187
184.13217881561215 69.49800888061715
184.13238088011485 69.50428195734708
184.1325830685286 69.51055503382139
184.14941926672478 69.4791181211662
184.14962619037905 69.48539117675868
184.1498332408073 69.49166423208287
184.1500404181259 69.49793728713848
184.15024772245118 69.50421034192533
184.16726504823612 69.47904476211983
184.16747720198276 69.48531779524883
184.16768948570675 69.49159082809578
184.16790189952732 69.49786386066044
184.16811444356384 69.50413689294253
184.1855456065477 69.49151559169032
184.07877965639662 69.50448580205607
184.0962637923334 69.4918734493392
184.09645525948963 69.49814656849986
184.09664684402418 69.50441968743095
184.09683854604475 69.51069280613224
184.09703036565924 69.51696592460351
184.11412039106298 69.49180554272353
184.11431709504657 69.49807864107719
184.11451391961808 69.50435173918854
184.11471086488817 69.51062483705732
184.11490793096772 69.51689793468339
184.13177505788545 69.48546272639139
184.13197687490688 69.49173580363187
184.13217881561215 69.49800888061715
184.13238088011485 69.50428195734708
184.1325830685286 69.51055503382139
184.1327853809672 69.51682811003981
184.13298781754455 69.52310118600215
184.1498332408073 69.49166423208287
184.1500404181259 69.49793728713848
184.15024772245118 69.50421034192533
184.15045515389986 69.51048339644309
184.15066271258863 69.51675645069159
184.16768948570675 69.49159082809578
184.16790189952732 69.49786386066044
184.16811444356384 69.50413689294253
184.1683271179359 69.5104099249418
184.16853992276313 69.516682956658
184.18598104038972 69.50406161041843
184.07896611506456 69.51075894102779
184.09645525948963 69.49814656849986
184.09664684402418 69.50441968743095
184.09683854604475 69.51069280613224
184.09703036565924 69.51696592460351
184.0972223029757 69.52323904284461
184.11431709504657 69.49807864107719
184.11451391961808 69.50435173918854
184.11471086488817 69.51062483705732
184.11490793096772 69.51689793468339
184.11510511796772 69.52317103206646
184.13197687490688 69.49173580363187
184.13217881561215 69.49800888061715
184.13238088011485 69.50428195734708
184.1325830685286 69.51055503382139
184.1327853809672 69.51682811003981
184.13298781754455 69.52310118600215
184.13319037837474 69.52937426170821
184.1500404181259 69.49793728713848
184.15024772245118 69.50421034192533
184.15045515389986 69.51048339644309
184.15066271258863 69.51675645069159
184.15087039863434 69.52302950467053
184.16790189952732 69.49786386066044
184.16811444356384 69.50413689294253
184.1683271179359 69.5104099249418
184.16853992276313 69.516682956658
184.16875285816542 69.52295598809086
184.18619895757078 69.51033461933721
184.0791526881108 69.51703207978191
184.09664684402418 69.50441968743095
184.09683854604475 69.51069280613224
184.09703036565924 69.51696592460351
184.0972223029757 69.52323904284461
184.0974143581023 69.52951216085526
184.11451391961808 69.50435173918854
184.11471086488817 69.51062483705732
184.11490793096772 69.51689793468339
184.11510511796772 69.52317103206646
184.11530242599926 69.52944412920635
184.13217881561215 69.49800888061715
184.13238088011485 69.50428195734708
184.1325830685286 69.51055503382139
184.1327853809672 69.51682811003981
184.13298781754455 69.52310118600215
184.13319037837474 69.52937426170821
184.13339306357196 69.53564733715768
184.15024772245118 69.50421034192533
184.15045515389986 69.51048339644309
184.15066271258863 69.51675645069159
184.15087039863434 69.52302950467053
184.15107821215406 69.5293025583797
184.16811444356384 69.50413689294253
184.1683271179359 69.5104099249418
184.16853992276313 69.516682956658
184.16875285816542 69.52295598809086
184.16896592426275 69.52922901924008
184.18641700842207 69.51660762795882
184.09569009405868 69.47305409048184
184.11313867609823 69.4604400473284
184.1133347787982 69.46671314689027
184.11353100153457 69.47298624621094
184.11372734441733 69.47925934529017
184.11392380755672 69.48553244412778
184.13096902437312 69.46037041488277
184.13117034779137 69.46664349314148
184.13137179444087 69.47291657114597
184.13157336443453 69.47918964889602
184.13177505788545 69.48546272639139
184.14859283752614 69.45402589611805
184.1487992552448 69.46029895278133
184.1490057992736 69.46657200917726
184.14921246972833 69.47284506530562
184.14941926672478 69.4791181211662
184.14962619037905 69.48539117675868
184.1498332408073 69.49166423208287
184.16662936566973 69.46022566104313
184.1668411301985 69.46649869501672
184.16705302434767 69.47277172870903
184.16726504823612 69.47904476211983
184.16747720198276 69.48531779524883
184.18445935260445 69.46015053968789
184.18467633751976 69.46642355067952
184.18489345524992 69.47269656137588
184.18511070591668 69.4789695717766
184.18532808964193 69.48524258188155
184.20273375938612 69.47261956332625
184.0960724424478 69.48560032994914
184.11353100153457 69.47298624621094
184.11372734441733 69.47925934529017
184.11392380755672 69.48553244412778
184.11412039106298 69.49180554272353
184.11431709504657 69.49807864107719
184.13137179444087 69.47291657114597
184.13157336443453 69.47918964889602
184.13177505788545 69.48546272639139
184.13197687490688 69.49173580363187
184.13217881561215 69.49800888061715
184.1490057992736 69.46657200917726
184.14921246972833 69.47284506530562
184.14941926672478 69.4791181211662
184.14962619037905 69.48539117675868
184.1498332408073 69.49166423208287
184.1500404181259 69.49793728713848
184.15024772245118 69.50421034192533
184.16705302434767 69.47277172870903
184.16726504823612 69.47904476211983
184.16747720198276 69.48531779524883
184.16768948570675 69.49159082809578
184.16790189952732 69.49786386066044
184.18489345524992 69.47269656137588
184.18511070591668 69.4789695717766
184.18532808964193 69.48524258188155
184.1855456065477 69.49151559169032
184.18576325675616 69.4977886012027
184.20317885030198 69.485165536677
184.0962637923334 69.4918734493392
184.11372734441733 69.47925934529017
184.11392380755672 69.48553244412778
184.11412039106298 69.49180554272353
184.11431709504657 69.49807864107719
184.11451391961808 69.50435173918854
184.13157336443453 69.47918964889602
184.13177505788545 69.48546272639139
184.13197687490688 69.49173580363187
184.13217881561215 69.49800888061715
184.13238088011485 69.50428195734708
184.14921246972833 69.47284506530562
184.14941926672478 69.4791181211662
184.14962619037905 69.48539117675868
184.1498332408073 69.49166423208287
184.1500404181259 69.49793728713848
184.15024772245118 69.50421034192533
184.15045515389986 69.51048339644309
184.16726504823612 69.47904476211983
184.16747720198276 69.48531779524883
184.16768948570675 69.49159082809578
184.16790189952732 69.49786386066044
184.16811444356384 69.50413689294253
184.18511070591668 69.4789695717766
184.18532808964193 69.48524258188155
184.1855456065477 69.49151559169032
184.18576325675616 69.4977886012027
184.18598104038972 69.50406161041843
184.20340160027277 69.49143852288667
184.09683854604475 69.51069280613224
184.11431709504657 69.49807864107719
184.11451391961808 69.50435173918854
184.11471086488817 69.51062483705732
184.11490793096772 69.51689793468339
184.11510511796772 69.52317103206646
184.13217881561215 69.49800888061715
184.13238088011485 69.50428195734708
184.1325830685286 69.51055503382139
184.1327853809672 69.51682811003981
184.13298781754455 69.52310118600215
184.1498332408073 69.49166423208287
184.1500404181259 69.49793728713848
184.15024772245118 69.50421034192533
184.15045515389986 69.51048339644309
184.15066271258863 69.51675645069159
184.15087039863434 69.52302950467053
184.15107821215406 69.5293025583797
184.16790189952732 69.49786386066044
184.16811444356384 69.50413689294253
184.1683271179359 69.5104099249418
184.16853992276313 69.516682956658
184.16875285816542 69.52295598809086
184.18576325675616 69.4977886012027
184.18598104038972 69.50406161041843
184.18619895757078 69.51033461933721
184.18641700842207 69.51660762795882
184.1866351930663 69.5228806362829
184.2040706697388 69.51025747964964
184.11294269332475 69.45416694752556
184.13036579237794 69.44155117858368
184.13056674677898 69.44782425760364
184.1307678240732 69.45409733637008
184.13096902437312 69.46037041488277
184.13117034779137 69.46664349314148
184.148180380557 69.4414797819905
184.14838654600203 69.44775283918771
184.14859283752614 69.45402589611805
184.1487992552448 69.46029895278133
184.1490057992736 69.46657200917726
184.165783601388 69.43513352234129
184.16599484862022 69.44140655743736
184.16620622499906 69.44767959225321
184.1664177306428 69.45395262678855
184.16662936566973 69.46022566104313
184.1668411301985 69.46649869501672
184.16705302434767 69.47277172870903
184.18380919353248 69.44133150494379
184.18402578073218 69.44760451681974
184.18424250038242 69.45387752840121
184.18445935260445 69.46015053968789
184.18467633751976 69.46642355067952
184.20162341225884 69.44125462452985
184.20184521016367 69.44752761290738
184.2020671437045 69.45380060097605
184.2022892130056 69.46007358873564
184.2025114181913 69.46634657618579
184.21989165756867 69.45372184453372
184.1133347787982 69.46671314689027
184.1307678240732 69.45409733637008
184.13096902437312 69.46037041488277
184.13117034779137 69.46664349314148
184.13137179444087 69.47291657114597
184.13157336443453 69.47918964889602
184.14859283752614 69.45402589611805
184.1487992552448 69.46029895278133
184.1490057992736 69.46657200917726
184.14921246972833 69.47284506530562
184.14941926672478 69.4791181211662
184.16620622499906 69.44767959225321
184.1664177306428 69.45395262678855
184.16662936566973 69.46022566104313
184.1668411301985 69.46649869501672
184.16705302434767 69.47277172870903
184.16726504823612 69.47904476211983
184.16747720198276 69.48531779524883
184.18424250038242 69.45387752840121
184.18445935260445 69.46015053968789
184.18467633751976 69.46642355067952
184.18489345524992 69.47269656137588
184.18511070591668 69.4789695717766
184.2020671437045 69.45380060097605
184.2022892130056 69.46007358873564
184.2025114181913 69.46634657618579
184.20273375938612 69.47261956332625
184.20295623671475 69.47889255015674
184.2203463691671 69.46626777155609
184.11372734441733 69.47925934529017
184.13117034779137 69.46664349314148
184.13137179444087 69.47291657114597
184.13157336443453 69.47918964889602
184.13177505788545 69.48546272639139
184.13197687490688 69.49173580363187
184.1490057992736 69.46657200917726
184.14921246972833 69.47284506530562
184.14941926672478 69.4791181211662
184.14962619037905 69.48539117675868
184.1498332408073 69.49166423208287
184.16662936566973 69.46022566104313
184.1668411301985 69.46649869501672
184.16705302434767 69.47277172870903
184.16726504823612 69.47904476211983
184.16747720198276 69.48531779524883
184.16768948570675 69.49159082809578
184.16790189952732 69.49786386066044
184.18467633751976 69.46642355067952
184.18489345524992 69.47269656137588
184.18511070591668 69.4789695717766
184.18532808964193 69.48524258188155
184.1855456065477 69.49151559169032
184.2025114181913 69.46634657618579
184.20273375938612 69.47261956332625
184.20295623671475 69.47889255015674
184.20317885030198 69.485165536677
184.20340160027277 69.49143852288667
184.2208016375787 69.47881369728083
184.11392380755672 69.48553244412778
184.13137179444087 69.47291657114597
184.13157336443453 69.47918964889602
184.13177505788545 69.48546272639139
184.13197687490688 69.49173580363187
184.13217881561215 69.49800888061715
184.14921246972833 69.47284506530562
184.14941926672478 69.4791181211662
184.14962619037905 69.48539117675868
184.1498332408073 69.49166423208287
184.1500404181259 69.49793728713848
184.1668411301985 69.46649869501672
184.16705302434767 69.47277172870903
184.16726504823612 69.47904476211983
184.16747720198276 69.48531779524883
184.16768948570675 69.49159082809578
184.16790189952732 69.49786386066044
184.16811444356384 69.50413689294253
184.18489345524992 69.47269656137588
184.18511070591668 69.4789695717766
184.18532808964193 69.48524258188155
184.1855456065477 69.49151559169032
184.18576325675616 69.4977886012027
184.20273375938612 69.47261956332625
184.20295623671475 69.47889255015674
184.20317885030198 69.485165536677
184.20340160027277 69.49143852288667
184.20362448675232 69.49771150878554
184.22102948090853 69.48508665965582
184.11412039106298 69.49180554272353
184.13157336443453 69.47918964889602
184.13177505788545 69.48546272639139
184.13197687490688 69.49173580363187
184.13217881561215 69.49800888061715
184.13238088011485 69.50428195734708
184.14941926672478 69.4791181211662
184.14962619037905 69.48539117675868
184.1498332408073 69.49166423208287
184.1500404181259 69.49793728713848
184.15024772245118 69.50421034192533
184.16705302434767 69.47277172870903
184.16726504823612 69.47904476211983
184.16747720198276 69.48531779524883
184.16768948570675 69.49159082809578
184.16790189952732 69.49786386066044
184.16811444356384 69.50413689294253
184.1683271179359 69.5104099249418
184.18511070591668 69.4789695717766
184.18532808964193 69.48524258188155
184.1855456065477 69.49151559169032
184.18576325675616 69.4977886012027
184.18598104038972 69.50406161041843
184.20295623671475 69.47889255015674
184.20317885030198 69.485165536677
184.20340160027277 69.49143852288667
184.20362448675232 69.49771150878554
184.20384750986585 69.50398449437327
184.22125746382486 69.4913596217055
184.1287625678625 69.39136653732518
184.14612563515414 69.3787491953962
184.14633054612807 69.38502225524839
184.14653558203412 69.39129531483614
184.1467407429864 69.39756837415925
184.14694602909907 69.40384143321748
184.16388816845864 69.37867619390789
184.16409825866808 69.38494923151465
184.16430847696648 69.39122226884345
184.16451882347081 69.39749530589404
184.16472929829817 69.40376834266621
184.18143544152684 69.37232835494828
184.18165057973422 69.378601370046
184.18186584906763 69.38487438485217
184.18208124964667 69.39114739936652
184.18229678159116 69.39742041358878
184.18251244502116 69.40369342751869
184.18272824005672 69.40996644115596
184.1994128659736 69.37852472383038
184.19963331431663 69.38479771528084
184.19985389706181 69.39107070642523
184.2000746143319 69.39734369726332
184.20029546624974 69.40361668779485
184.21717502416962 69.3784462552814
184.2174006514051 69.384719222821
184.21762641619918 69.39099219004
184.21785231867747 69.39726515693813
184.2180783589657 69.40353812351512
184.23539880404627 69.39091185023169
184.12896254315365 69.39763961836493
184.14633054612807 69.38502225524839
184.14653558203412 69.39129531483614
184.1467407429864 69.39756837415925
184.14694602909907 69.40384143321748
184.14715144048654 69.41011449201058
184.16409825866808 69.38494923151465
184.16430847696648 69.39122226884345
184.16451882347081 69.39749530589404
184.16472929829817 69.40376834266621
184.16493990156573 69.41004137915965
184.18165057973422 69.378601370046
184.18186584906763 69.38487438485217
184.18208124964667 69.39114739936652
184.18229678159116 69.39742041358878
184.18251244502116 69.40369342751869
184.18272824005672 69.40996644115596
184.1829441668181 69.41623945450038
184.19963331431663 69.38479771528084
184.19985389706181 69.39107070642523
184.2000746143319 69.39734369726332
184.20029546624974 69.40361668779485
184.2005164529384 69.40988967801951
184.2174006514051 69.384719222821
184.21762641619918 69.39099219004
184.21785231867747 69.39726515693813
184.2180783589657 69.40353812351512
184.21830453718977 69.40981108977064
184.23562989161263 69.3971847926341
184.14633054612807 69.38502225524839
184.16367820622133 69.37240315602345
184.16388816845864 69.37867619390789
184.16409825866808 69.38494923151465
184.16430847696648 69.39122226884345
184.16451882347081 69.39749530589404
184.18143544152684 69.37232835494828
184.18165057973422 69.378601370046
184.18186584906763 69.38487438485217
184.18208124964667 69.39114739936652
184.18229678159116 69.39742041358878
184.1989723720042 69.36597874001251
184.19919255191027 69.37225173207418
184.1994128659736 69.37852472383038
184.19963331431663 69.38479771528084
184.19985389706181 69.39107070642523
184.2000746143319 69.39734369726332
184.20029546624974 69.40361668779485
184.2169495343673 69.37217328742153
184.21717502416962 69.3784462552814
184.2174006514051 69.384719222821
184.21762641619918 69.39099219004
184.21785231867747 69.39726515693813
184.2347063858935 69.3720930210111
184.2349370513151 69.37836596441988
184.23516785732326 69.38463890749352
184.23539880404627 69.39091185023169
184.23562989161263 69.3971847926341
184.2529349290614 69.38455676931976
184.14653558203412 69.39129531483614
184.16388816845864 69.37867619390789
184.16409825866808 69.38494923151465
184.16430847696648 69.39122226884345
184.16451882347081 69.39749530589404
184.16472929829817 69.40376834266621
184.18165057973422 69.378601370046
184.18186584906763 69.38487438485217
184.18208124964667 69.39114739936652
184.18229678159116 69.39742041358878
184.18251244502116 69.40369342751869
184.19919255191027 69.37225173207418
184.1994128659736 69.37852472383038
184.19963331431663 69.38479771528084
184.19985389706181 69.39107070642523
184.2000746143319 69.39734369726332
184.20029546624974 69.40361668779485
184.2005164529384 69.40988967801951
184.21717502416962 69.3784462552814
184.2174006514051 69.384719222821
184.21762641619918 69.39099219004
184.21785231867747 69.39726515693813
184.2180783589657 69.40353812351512
184.2349370513151 69.37836596441988
184.23516785732326 69.38463890749352
184.23539880404627 69.39091185023169
184.23562989161263 69.3971847926341
184.23586112015093 69.40345773470042
184.25317105759063 69.39082968702168
184.1467407429864 69.39756837415925
184.16409825866808 69.38494923151465
184.16430847696648 69.39122226884345
184.16451882347081 69.39749530589404
184.16472929829817 69.40376834266621
184.16493990156573 69.41004137915965
184.18186584906763 69.38487438485217
184.18208124964667 69.39114739936652
184.18229678159116 69.39742041358878
184.18251244502116 69.40369342751869
184.18272824005672 69.40996644115596
184.1994128659736 69.37852472383038
184.19963331431663 69.38479771528084
184.19985389706181 69.39107070642523
184.2000746143319 69.39734369726332
184.20029546624974 69.40361668779485
184.2005164529384 69.40988967801951
184.20073757452093 69.416162667937
184.2174006514051 69.384719222821
184.21762641619918 69.39099219004
184.21785231867747 69.39726515693813
184.2180783589657 69.40353812351512
184.21830453718977 69.40981108977064
184.23516785732326 69.38463890749352
184.23539880404627 69.39091185023169
184.23562989161263 69.3971847926341
184.23586112015093 69.40345773470042
184.23609248979 69.40973067643034
184.25340733012217 69.39710260437253
184.14694602909907 69.40384143321748
184.16430847696648 69.39122226884345
184.16451882347081 69.39749530589404
184.16472929829817 69.40376834266621
184.16493990156573 69.41004137915965
184.1651506333909 69.41631441537415
184.18208124964667 69.39114739936652
184.18229678159116 69.39742041358878
184.18251244502116 69.40369342751869
184.18272824005672 69.40996644115596
184.1829441668181 69.41623945450038
184.19963331431663 69.38479771528084
184.19985389706181 69.39107070642523
184.2000746143319 69.39734369726332
184.20029546624974 69.40361668779485
184.2005164529384 69.40988967801951
184.20073757452093 69.416162667937
184.20095883112074 69.42243565754706
184.21762641619918 69.39099219004
184.21785231867747 69.39726515693813
184.2180783589657 69.40353812351512
184.21830453718977 69.40981108977064
184.21853085347567 69.4160840557044
184.23539880404627 69.39091185023169
184.23562989161263 69.3971847926341
184.23586112015093 69.40345773470042
184.23609248979 69.40973067643034
184.23632400065873 69.41600361782359
184.2536437467875 69.40337552137211
184.16409825866808 69.38494923151465
184.18143544152684 69.37232835494828
184.18165057973422 69.378601370046
184.18186584906763 69.38487438485217
184.18208124964667 69.39114739936652
184.18229678159116 69.39742041358878
184.19919255191027 69.37225173207418
184.1994128659736 69.37852472383038
184.19963331431663 69.38479771528084
184.19985389706181 69.39107070642523
184.2000746143319 69.39734369726332
184.21672418187285 69.36590031924165
184.2169495343673 69.37217328742153
184.21717502416962 69.3784462552814
184.2174006514051 69.384719222821
184.21762641619918 69.39099219004
184.21785231867747 69.39726515693813
184.2180783589657 69.40353812351512
184.2347063858935 69.3720930210111
184.2349370513151 69.37836596441988
184.23516785732326 69.38463890749352
184.23539880404627 69.39091185023169
184.23562989161263 69.3971847926341
184.2524631034847 69.37201093286419
184.25269894440316 69.37828385126714
184.2529349290614 69.38455676931976
184.25317105759063 69.39082968702168
184.25340733012217 69.39710260437253
184.27070186361004 69.38447280832149
184.16430847696648 69.39122226884345
184.18165057973422 69.378601370046
184.18186584906763 69.38487438485217
184.18208124964667 69.39114739936652
184.18229678159116 69.39742041358878
184.18251244502116 69.40369342751869
184.1994128659736 69.37852472383038
184.19963331431663 69.38479771528084
184.19985389706181 69.39107070642523
184.2000746143319 69.39734369726332
184.20029546624974 69.40361668779485
184.2169495343673 69.37217328742153
184.21717502416962 69.3784462552814
184.2174006514051 69.384719222821
184.21762641619918 69.39099219004
184.21785231867747 69.39726515693813
184.2180783589657 69.40353812351512
184.21830453718977 69.40981108977064
184.2349370513151 69.37836596441988
184.23516785732326 69.38463890749352
184.23539880404627 69.39091185023169
184.23562989161263 69.3971847926341
184.23586112015093 69.40345773470042
184.25269894440316 69.37828385126714
184.2529349290614 69.38455676931976
184.25317105759063 69.39082968702168
184.25340733012217 69.39710260437253
184.2536437467875 69.40337552137211
184.27094317381997 69.39074570043174
184.16451882347081 69.39749530589404
184.18186584906763 69.38487438485217
184.18208124964667 69.39114739936652
184.18229678159116 69.39742041358878
184.18251244502116 69.40369342751869
184.18272824005672 69.40996644115596
184.19963331431663 69.38479771528084
184.19985389706181 69.39107070642523
184.2000746143319 69.39734369726332
184.20029546624974 69.40361668779485
184.2005164529384 69.40988967801951
184.21717502416962 69.3784462552814
184.2174006514051 69.384719222821
184.21762641619918 69.39099219004
184.21785231867747 69.39726515693813
184.2180783589657 69.40353812351512
184.21830453718977 69.40981108977064
184.21853085347567 69.4160840557044
184.23516785732326 69.38463890749352
184.23539880404627 69.39091185023169
184.23562989161263 69.3971847926341
184.23586112015093 69.40345773470042
184.23609248979 69.40973067643034
184.2529349290614 69.38455676931976
184.25317105759063 69.39082968702168
184.25340733012217 69.39710260437253
184.2536437467875 69.40337552137211
184.25388030771836 69.40964843802001
184.27118463119103 69.39701859217539
184.16493990156573 69.41004137915965
184.18229678159116 69.39742041358878
184.18251244502116 69.40369342751869
184.18272824005672 69.40996644115596
184.1829441668181 69.41623945450038
184.18316022542572 69.42251246755164
184.2000746143319 69.39734369726332
184.20029546624974 69.40361668779485
184.2005164529384 69.40988967801951
184.20073757452093 69.416162667937
184.20095883112074 69.42243565754706
184.21762641619918 69.39099219004
184.21785231867747 69.39726515693813
184.2180783589657 69.40353812351512
184.21830453718977 69.40981108977064
184.21853085347567 69.4160840557044
184.21875730794966 69.42235702131613
184.21898390073812 69.42862998660553
184.23562989161263 69.3971847926341
184.23586112015093 69.40345773470042
184.23609248979 69.40973067643034
184.23632400065873 69.41600361782359
184.23655565288618 69.42227655887984
184.25340733012217 69.39710260437253
184.2536437467875 69.40337552137211
184.25388030771836 69.40964843802001
184.25411701304654 69.41592135431597
184.25435386290405 69.42219427025962
184.27166798795437 69.4095643745616
184.18186584906763 69.38487438485217
184.19919255191027 69.37225173207418
184.1994128659736 69.37852472383038
184.19963331431663 69.38479771528084
184.19985389706181 69.39107070642523
184.2000746143319 69.39734369726332
184.2169495343673 69.37217328742153
184.21717502416962 69.3784462552814
184.2174006514051 69.384719222821
184.21762641619918 69.39099219004
184.21785231867747 69.39726515693813
184.23447586093025 69.36582007726746
184.2347063858935 69.3720930210111
184.2349370513151 69.37836596441988
184.23516785732326 69.38463890749352
184.23539880404627 69.39091185023169
184.23562989161263 69.3971847926341
184.23586112015093 69.40345773470042
184.2524631034847 69.37201093286419
184.25269894440316 69.37828385126714
184.2529349290614 69.38455676931976
184.25317105759063 69.39082968702168
184.25340733012217 69.39710260437253
184.2702196841369 69.37192702300263
184.27046070042704 69.378199915845
184.27070186361004 69.38447280832149
184.27094317381997 69.39074570043174
184.27118463119103 69.39701859217539
184.28846865795973 69.38438702452103
184.18229678159116 69.39742041358878
184.19963331431663 69.38479771528084
184.19985389706181 69.39107070642523
184.2000746143319 69.39734369726332
184.20029546624974 69.40361668779485
184.2005164529384 69.40988967801951
184.2174006514051 69.384719222821
184.21762641619918 69.39099219004
184.21785231867747 69.39726515693813
184.2180783589657 69.40353812351512
184.21830453718977 69.40981108977064
184.2349370513151 69.37836596441988
184.23516785732326 69.38463890749352
184.23539880404627 69.39091185023169
184.23562989161263 69.3971847926341
184.23586112015093 69.40345773470042
184.23609248979 69.40973067643034
184.23632400065873 69.41600361782359
184.2529349290614 69.38455676931976
184.25317105759063 69.39082968702168
184.25340733012217 69.39710260437253
184.2536437467875 69.40337552137211
184.25388030771836 69.40964843802001
184.27070186361004 69.38447280832149
184.27094317381997 69.39074570043174
184.27118463119103 69.39701859217539
184.27142623585766 69.40329148355212
184.27166798795437 69.4095643745616
184.28896179180433 69.39693275606496
184.18251244502116 69.40369342751869
184.19985389706181 69.39107070642523
184.2000746143319 69.39734369726332
184.20029546624974 69.40361668779485
184.2005164529384 69.40988967801951
184.20073757452093 69.416162667937
184.21762641619918 69.39099219004
184.21785231867747 69.39726515693813
184.2180783589657 69.40353812351512
184.21830453718977 69.40981108977064
184.21853085347567 69.4160840557044
184.23516785732326 69.38463890749352
184.23539880404627 69.39091185023169
184.23562989161263 69.3971847926341
184.23586112015093 69.40345773470042
184.23609248979 69.40973067643034
184.23632400065873 69.41600361782359
184.23655565288618 69.42227655887984
184.25317105759063 69.39082968702168
184.25340733012217 69.39710260437253
184.2536437467875 69.40337552137211
184.25388030771836 69.40964843802001
184.25411701304654 69.41592135431597
184.27094317381997 69.39074570043174
184.27118463119103 69.39701859217539
184.27142623585766 69.40329148355212
184.27166798795437 69.4095643745616
184.2719098876159 69.41583726520348
184.28920858434367 69.4032056212628
184.18272824005672 69.40996644115596
184.2000746143319 69.39734369726332
184.20029546624974 69.40361668779485
184.2005164529384 69.40988967801951
184.20073757452093 69.416162667937
184.20095883112074 69.42243565754706
184.21785231867747 69.39726515693813
184.2180783589657 69.40353812351512
184.21830453718977 69.40981108977064
184.21853085347567 69.4160840557044
184.21875730794966 69.42235702131613
184.23539880404627 69.39091185023169
184.23562989161263 69.3971847926341
184.23586112015093 69.40345773470042
184.23609248979 69.40973067643034
184.23632400065873 69.41600361782359
184.23655565288618 69.42227655887984
184.23678744660168 69.42854949959877
184.25340733012217 69.39710260437253
184.2536437467875 69.40337552137211
184.25388030771836 69.40964843802001
184.25411701304654 69.41592135431597
184.25435386290405 69.42219427025962
184.27118463119103 69.39701859217539
184.27142623585766 69.40329148355212
184.27166798795437 69.4095643745616
184.2719098876159 69.41583726520348
184.27215193497716 69.42211015547747
184.28945552747754 69.40947848607743
184.19985389706181 69.39107070642523
184.21717502416962 69.3784462552814
184.2174006514051 69.384719222821
184.21762641619918 69.39099219004
184.21785231867747 69.39726515693813
184.2180783589657 69.40353812351512
184.2349370513151 69.37836596441988
184.23516785732326 69.38463890749352
184.23539880404627 69.39091185023169
184.23562989161263 69.3971847926341
184.23586112015093 69.40345773470042
184.2524631034847 69.37201093286419
184.25269894440316 69.37828385126714
184.2529349290614 69.38455676931976
184.25317105759063 69.39082968702168
184.25340733012217 69.39710260437253
184.2536437467875 69.40337552137211
184.25388030771836 69.40964843802001
184.27046070042704 69.378199915845
184.27070186361004 69.38447280832149
184.27094317381997 69.39074570043174
184.27118463119103 69.39701859217539
184.27142623585766 69.40329148355212
184.28822231638006 69.3781141581757
184.28846865795973 69.38438702452103
184.28871514972212 69.39065989048424
184.28896179180433 69.39693275606496
184.28920858434367 69.4032056212628
184.30648698228515 69.390572257202
184.2000746143319 69.39734369726332
184.2174006514051 69.384719222821
184.21762641619918 69.39099219004
184.21785231867747 69.39726515693813
184.2180783589657 69.40353812351512
184.21830453718977 69.40981108977064
184.23516785732326 69.38463890749352
184.23539880404627 69.39091185023169
184.23562989161263 69.3971847926341
184.23586112015093 69.40345773470042
184.23609248979 69.40973067643034
184.25269894440316 69.37828385126714
184.2529349290614 69.38455676931976
184.25317105759063 69.39082968702168
184.25340733012217 69.39710260437253
184.2536437467875 69.40337552137211
184.25388030771836 69.40964843802001
184.25411701304654 69.41592135431597
184.27070186361004 69.38447280832149
184.27094317381997 69.39074570043174
184.27118463119103 69.39701859217539
184.27142623585766 69.40329148355212
184.27166798795437 69.4095643745616
184.28846865795973 69.38438702452103
184.28871514972212 69.39065989048424
184.28896179180433 69.39693275606496
184.28920858434367 69.4032056212628
184.28945552747754 69.40947848607743
184.30673880894736 69.39684509606406
184.20029546624974 69.40361668779485
184.21762641619918 69.39099219004
184.21785231867747 69.39726515693813
184.2180783589657 69.40353812351512
184.21830453718977 69.40981108977064
184.21853085347567 69.4160840557044
184.23539880404627 69.39091185023169
184.23562989161263 69.3971847926341
184.23586112015093 69.40345773470042
184.23609248979 69.40973067643034
184.23632400065873 69.41600361782359
184.2529349290614 69.38455676931976
184.25317105759063 69.39082968702168
184.25340733012217 69.39710260437253
184.2536437467875 69.40337552137211
184.25388030771836 69.40964843802001
184.25411701304654 69.41592135431597
184.25435386290405 69.42219427025962
184.27094317381997 69.39074570043174
184.27118463119103 69.39701859217539
184.27142623585766 69.40329148355212
184.27166798795437 69.4095643745616
184.2719098876159 69.41583726520348
184.28871514972212 69.39065989048424
184.28896179180433 69.39693275606496
184.28920858434367 69.4032056212628
184.28945552747754 69.40947848607743
184.28970262134357 69.41575135050853
184.30699078922808 69.40311793452697
184.21762641619918 69.39099219004
184.2349370513151 69.37836596441988
184.23516785732326 69.38463890749352
184.23539880404627 69.39091185023169
184.23562989161263 69.3971847926341
184.23586112015093 69.40345773470042
184.25269894440316 69.37828385126714
184.2529349290614 69.38455676931976
184.25317105759063 69.39082968702168
184.25340733012217 69.39710260437253
184.2536437467875 69.40337552137211
184.2702196841369 69.37192702300263
184.27046070042704 69.378199915845
184.27070186361004 69.38447280832149
184.27094317381997 69.39074570043174
184.27118463119103 69.39701859217539
184.27142623585766 69.40329148355212
184.27166798795437 69.4095643745616
184.28822231638006 69.3781141581757
184.28846865795973 69.38438702452103
184.28871514972212 69.39065989048424
184.28896179180433 69.39693275606496
184.28920858434367 69.4032056212628
184.30598378925578 69.37802657828207
184.30623530910128 69.38429941794122
184.30648698228515 69.390572257202
184.30673880894736 69.39684509606406
184.30699078922808 69.40311793452697
184.32425866849715 69.39048280060831
184.21785231867747 69.39726515693813
184.23516785732326 69.38463890749352
184.23539880404627 69.39091185023169
184.23562989161263 69.3971847926341
184.23586112015093 69.40345773470042
184.23609248979 69.40973067643034
184.2529349290614 69.38455676931976
184.25317105759063 69.39082968702168
184.25340733012217 69.39710260437253
184.2536437467875 69.40337552137211
184.25388030771836 69.40964843802001
184.27046070042704 69.378199915845
184.27070186361004 69.38447280832149
184.27094317381997 69.39074570043174
184.27118463119103 69.39701859217539
184.27142623585766 69.40329148355212
184.27166798795437 69.4095643745616
184.2719098876159 69.41583726520348
184.28846865795973 69.38438702452103
184.28871514972212 69.39065989048424
184.28896179180433 69.39693275606496
184.28920858434367 69.4032056212628
184.28945552747754 69.40947848607743
184.30623530910128 69.38429941794122
184.30648698228515 69.390572257202
184.30673880894736 69.39684509606406
184.30699078922808 69.40311793452697
184.30724292326764 69.4093907725904
184.32451567960547 69.396755612196
184.2180783589657 69.40353812351512
184.23539880404627 69.39091185023169
184.23562989161263 69.3971847926341
184.23586112015093 69.40345773470042
184.23609248979 69.40973067643034
184.23632400065873 69.41600361782359
184.25317105759063 69.39082968702168
184.25340733012217 69.39710260437253
184.2536437467875 69.40337552137211
184.25388030771836 69.40964843802001
184.25411701304654 69.41592135431597
184.27070186361004 69.38447280832149
184.27094317381997 69.39074570043174
184.27118463119103 69.39701859217539
184.27142623585766 69.40329148355212
184.27166798795437 69.4095643745616
184.2719098876159 69.41583726520348
184.27215193497716 69.42211015547747
184.28871514972212 69.39065989048424
184.28896179180433 69.39693275606496
184.28920858434367 69.4032056212628
184.28945552747754 69.40947848607743
184.28970262134357 69.41575135050853
184.30648698228515 69.390572257202
184.30673880894736 69.39684509606406
184.30699078922808 69.40311793452697
184.30724292326764 69.4093907725904
184.30749521120651 69.41566361025397
184.32477284749353 69.40302842336797
184.23562989161263 69.3971847926341
184.2529349290614 69.38455676931976
184.25317105759063 69.39082968702168
184.25340733012217 69.39710260437253
184.2536437467875 69.40337552137211
184.25388030771836 69.40964843802001
184.27070186361004 69.38447280832149
184.27094317381997 69.39074570043174
184.27118463119103 69.39701859217539
184.27142623585766 69.40329148355212
184.27166798795437 69.4095643745616
184.28822231638006 69.3781141581757
184.28846865795973 69.38438702452103
184.28871514972212 69.39065989048424
184.28896179180433 69.39693275606496
184.28920858434367 69.4032056212628
184.28945552747754 69.40947848607743
184.28970262134357 69.41575135050853
184.30623530910128 69.38429941794122
184.30648698228515 69.390572257202
184.30673880894736 69.39684509606406
184.30699078922808 69.40311793452697
184.30724292326764 69.4093907725904
184.32400181402554 69.38420998860526
184.32425866849715 69.39048280060831
184.32451567960547 69.396755612196
184.32477284749353 69.40302842336797
184.32503017230454 69.40930123412384
184.34229240076425 69.39666430448462
