# successful candidates for region at (38.587264291607056, 6.400947509583608) and radius 1.038.37091465760501 6.019546374373258
38.35195784845234 6.019538254220593
38.35828220290655 6.006940802480589
38.358279494793514 6.013240919578153
38.35827678477199 6.019541036674915
38.35827407284184 6.025841153770875
38.35827135900293 6.032141270866031
38.36460098977891 6.006943507329788
38.364598356395774 6.013243625361514
38.36459572115681 6.0195437433924806
38.3645930840619 6.02584386142269
38.3645904451109 6.032143979452141
38.37092233356462 6.000646017554013
38.3709197767145 6.006946136494477
38.370917218061344 6.013246255434225
38.37091465760501 6.019546374373258
38.3709120953454 6.025846493311575
38.37090953128238 6.032146612249176
38.37090696541581 6.038446731186058
38.37723856371154 6.006948689974622
38.37723607978842 6.013248809796255
38.3772335941148 6.019548929617211
38.37723110669055 6.025849049437495
38.37722861751557 6.032149169257104
38.38355735076824 6.0069511677701914
38.38355494157522 6.013251288447568
38.38355253068435 6.019551409124312
38.383550118095535 6.02585152980042
38.38354770380866 6.032151650475893
38.38987146731189 6.019553812894526
