# successful candidates for region at (209.614696848786, 13.791663904536836) and radius 1.0209.92875817651463 14.539041461108546
209.92876701692887 14.545365129146319
209.93510481369137 14.526385851533968
209.93511382702238 14.532709518127483
209.93512284347133 14.539033184717187
209.93513186303872 14.545356851303087
209.93517700766915 14.576975184175366
209.94137737323777 14.463140760715975
209.94145074687202 14.513730081824185
209.9414599328738 14.520053746944921
209.9414691220545 14.526377412061693
209.94147831441458 14.532701077174508
209.9414875099545 14.539024742283361
209.9414967086748 14.545348407388255
209.9415243239229 14.56431940267913
209.94153353536962 14.570643067768156
209.9415427499992 14.57696673285321
209.94165357399817 14.652850713563675
209.94767461183145 14.418866524725908
209.94771189665445 14.444161179392392
209.9477305584724 14.456808506701059
209.94773989423473 14.463132170349246
209.94774923323337 14.469455833993333
209.94779597678775 14.50107415215219
209.94780533521444 14.507397815771636
209.94781469688093 14.513721479386977
209.94782406178768 14.5200451429982
209.94783342993523 14.526368806605307
209.94784280132407 14.532692470208302
209.94785217595472 14.539016133807177
209.9478615538277 14.545339797401937
209.94787093494344 14.551663460992572
209.94790849184477 14.57695811531389
209.9479461006717 14.60225276956916
209.9479555109956 14.60857643312265
209.9479649245674 14.614900096672002
209.95408338981943 14.45047609006335
209.9541024147424 14.46312341428958
209.95411193215077 14.469447076396305
209.95412145285772 14.47577073849877
209.95413097686375 14.482094400596976
209.9541500347752 14.494741724780589
209.95415956868163 14.501065386866001
209.95416910588924 14.507389048947138
209.9541786463985 14.51371271102401
209.95420728774147 14.532683697228984
209.95422639848792 14.545331021344252
209.95428381005812 14.583272993587316
209.9543125604924 14.602243979650973
209.95432215058864 14.608567641663608
209.9604552422935 14.456790831992395
209.96047463056928 14.46943815307737
209.96048432974754 14.475761813613225
209.96049403228676 14.48208547414466
209.96050373818744 14.488409134671665
209.96051344745013 14.494732795194246
209.9605231600753 14.501056455712394
209.96053287606355 14.507380116226113
209.96059124264613 14.545322079215326
209.9606692533119 14.595911362952176
209.96067901980877 14.602235023399254
209.96068878967705 14.608558683841881
209.96682745425247 14.46310540509191
209.96694617096358 14.538989312125686
209.96695608629292 14.545312971015276
209.96702558963096 14.589578583113363
209.96703553240462 14.595902241966057
209.97330074394702 14.532656382213561
209.97332092941886 14.545303696744236
209.97336134225424 14.570598325748271
209.9733714541937 14.576921982987335
209.9733815696265 14.583245640221609
209.97340181097437 14.595892954675813
209.979665228302 14.532646945183021
209.97967549838225 14.538970600795142
209.97968577201453 14.545294256402322
209.97969604919936 14.551617912004554
209.97971661422895 14.564265223194173
209.9797269020748 14.570588878781566
209.97973719347542 14.576912534363997
209.9797474884314 14.583236189941479
209.97975778694328 14.589559845514001
209.98590460376826 14.45675349461278
209.9859150096142 14.463077148601435
209.98602971211784 14.532637342139992
209.98605061407054 14.545284649989666
209.98609246135456 14.570579265627574
209.98610293221608 14.57690291952424
209.98611340669493 14.583226573415777
209.99225636227385 14.450420093827615
209.99226694279758 14.456743746109806
209.9922775269898 14.463067398386734
209.99228811485102 14.469391050658393
209.9924048236434 14.538951225298154
209.992426091188 14.551598529709363
209.99248998208904 14.589540442815778
209.9986185224645 14.450410181402322
209.99862928127246 14.456733831943879
209.9986400438107 14.463057482479986
209.99875867809462 14.532617638017003
209.99876948544136 14.538941288487573
209.9987802965259 14.545264938952672
209.99879111134885 14.551588589412294
209.9988019299108 14.557912239866441
209.998823578254 14.570559540758289
209.9988452415602 14.5832068416282
210.00499161918358 14.45672375211512
210.00512316023676 14.53260753693731
210.00513414667174 14.538931185635786
210.0051451369064 14.5452548343286
210.0051561309415 14.551578483015762
210.0051781304151 14.564225780373095
210.00520014509723 14.576873077707765
210.0112540568109 14.399800683657427
210.01132062195452 14.437742565687191
210.0113539565216 14.456713506623675
210.0114764801404 14.526273622942579
210.01149880732507 14.538920916742923
210.0176711421303 14.431408514853212
210.01768242404557 14.437732160016328
210.01769370987472 14.444055805173447
210.0177049996184 14.450379450324565
210.01771629327712 14.456703095469686
210.01792024931143 14.570528707053139
210.02398696522573 14.406103372174936
210.02403276553287 14.431397945463601
210.02404422554577 14.437721588770309
210.0240556895343 14.444045232070824
210.02406715749913 14.450368875365156
210.02407862944085 14.456692518653293
210.0242858051484 14.570518096778327
210.03040602644572 14.437710851949273
210.03042931477904 14.450358134772571
210.03670878668015 14.406081751954346
210.03700501256728 14.564172738301918
210.0370169149925 14.570496377669926
210.04305772297778 14.399747056103056
210.04335830951206 14.55783799398949
210.04943060566558 14.406059470016304
210.049442761181 14.41238310563451
210.04945492091662 14.418706741245744
210.04947925305106 14.431354012447288
210.04972350413559 14.557826722924121
210.04973576111678 14.564150358374327
210.05577918512606 14.399724447279212
210.05580384757354 14.412371714520857
210.05582852714878 14.4250189817338
210.05607626609785 14.551491652279804
210.05608869811525 14.557815285731325
210.06210242067894 14.380741999939433
210.06211491452396 14.38706563155615
210.06212741270994 14.39338926316549
210.0621399152376 14.399712894767454
210.0621524221076 14.40603652636204
210.0621649333206 14.41236015794924
210.06217744887726 14.418683789529059
210.06218996877828 14.425007421101492
210.06246650708954 14.564127313820489
210.06846261714713 14.380730288203385
210.06852601841285 14.412348435919819
210.06853871187954 14.418672065440326
210.06855140975233 14.424995694953235
210.0688702905624 14.583086430298236
210.07482281295293 14.380718411154977
210.07483566200034 14.387042038626136
210.074887102841 14.412336548432748
210.08118300808707 14.380706368794378
210.0875564067887 14.387017784331146
210.09390339630323 14.380681788137268
210.09426634030558 14.551419553102129
210.0942798479449 14.557743173907573
210.09429336025332 14.564066794704473
210.10063135024546 14.55140695523153
210.10064503715387 14.557730573827325
210.10065872879332 14.564054192414353
210.10698249808172 14.545070574897935
210.10699635946654 14.551394191263954
210.1070102256436 14.557717807620973
210.1070240966137 14.564041423968995
210.1133473273682 14.545057647101236
210.11336136795933 14.551381261199584
210.11969794103567 14.538720941426051
210.1197263757145 14.55136816503859
210.12607698371986 14.545031293305566
210.12609138272256 14.551354902781165
210.12610578670342 14.557678512247056
210.12612019566316 14.564002121703233
210.12613460960262 14.570325731149692
210.12614902852258 14.576649340586432
210.13242723759768 14.53869426017646
210.13244181076627 14.545017867306946
210.13245638897413 14.55134147442748
210.1324709722221 14.55766508153806
210.13248556051096 14.563988688638688
210.1388509245921 14.563975089419799
210.14544111241338 14.658815357321522
210.15168768075156 14.608212591233759
210.15802361950742 14.595551281609726
210.15803895685855 14.601874878930941
210.16442091744955 14.608184194890955
210.17077183241065 14.60184615490834
210.17078753457807 14.608169747183325
210.17080324216496 14.614493339446797
210.17081895517217 14.620816931698748
