# # ids of objects in overdense bins for (321.81946389095447, 11.596347368999753)
1.745948156227241216e+18
1.745936473915072256e+18
1.745948740345017856e+18
1.745948259306597888e+18
1.745946090346726400e+18
1.745947739618547200e+18
1.745948426813304832e+18
1.745935821078499840e+18
1.745948740340743680e+18
1.745947812632043520e+18
1.745947945776957696e+18
1.745948843424247296e+18
1.745934824650857984e+18
1.745948598606499840e+18
1.745949427540546048e+18
1.745936439555262976e+18
1.745947640828686592e+18
1.745947778267846400e+18
1.745947984426415872e+18
1.745936229100295168e+18
1.745949290098941952e+18
1.745936336475893248e+18
1.745948740345026304e+18
1.745949148367779072e+18
1.745935511842651392e+18
1.745935610626474496e+18
1.745935713706129920e+18
1.745948426813316096e+18
1.745949358818514944e+18
1.745936130321389056e+18
1.745948328025540864e+18
1.745947400315238656e+18
1.745948328028794880e+18
1.745934236236875264e+18
1.745936057301644800e+18
1.745947675193037824e+18
1.745947091077587968e+18
1.745949427537686528e+18
1.745948976565632000e+18
1.745949187022363904e+18
1.745946055986975744e+18
1.745947743912531456e+18
1.745948465465241088e+18
1.745946094640649216e+18
1.745947743909761280e+18
1.745948293665139712e+18
1.745934270602091520e+18
1.745948362385730048e+18
1.745949461897596672e+18
1.745948740342086656e+18
1.745948151935440384e+18
1.745936027242131200e+18
1.745948667332349952e+18
1.745949187019555328e+18
1.745948637262859264e+18
1.745948358093863936e+18
1.745948156227036672e+18
1.745948151935451904e+18
1.745947636539331072e+18
1.745947194152554240e+18
1.745948431105351936e+18
1.745949560685700096e+18
1.745949285806834688e+18
1.745952034580216832e+18
1.745947846991821824e+18
1.745935649284585472e+18
1.745935473187428352e+18
1.745949388887047680e+18
1.745948637261522944e+18
1.745949045289516544e+18
1.745972929601701888e+18
1.745971692650638336e+18
1.745972787863860992e+18
1.745971894510611968e+18
1.745972860880130560e+18
1.745972001888305664e+18
1.745971894510448128e+18
1.745973097102637056e+18
1.745971757071695360e+18
1.745971757071694848e+18
