# # ids of objects in overdense bins for (258.81893050308605, 43.376123102719546)
1.360216761119543808e+18
1.360216692400246016e+18
1.360216765414317568e+18
1.360216765414324480e+18
1.360216348802639872e+18
1.360216486241618176e+18
1.360216250018277632e+18
1.360217963710386176e+18
1.360218449042880512e+18
1.360216731054551552e+18
1.360216795484777216e+18
1.360217998070123520e+18
1.360405469102246912e+18
1.360408733274079232e+18
1.360404983768225280e+18
1.360405155564323840e+18
1.360405434737788928e+18
1.360404163427150848e+18
1.360405640901041664e+18
1.360405469102030336e+18
1.360407084009662720e+18
1.360405194224611840e+18
1.360405606537072640e+18
1.360404575743773440e+18
1.360405469097535488e+18
1.360404983766058240e+18
1.360403987333637632e+18
1.360404365292937216e+18
1.360404884984311552e+18
1.360405503460539904e+18
1.360404056052648960e+18
1.360404747545230336e+18
1.360405228580846336e+18
1.360408935135766784e+18
1.360406362455025664e+18
1.360407152724495872e+18
1.360407049645293056e+18
1.360406018852526336e+18
1.360405056783443456e+18
1.360404915050908928e+18
1.360405743980361216e+18
1.360385742312238592e+18
1.360403991628190208e+18
1.360404197789440512e+18
1.360404816266900736e+18
1.360408488459070976e+18
1.360404605811189248e+18
1.360405705322797312e+18
1.360404640170906112e+18
1.360408625898066944e+18
1.360409519251251712e+18
1.360405022423756288e+18
1.360405503457475072e+18
1.360405022421583104e+18
1.360404468375444224e+18
1.360405293005899776e+18
1.360405018128003072e+18
1.360408763339485696e+18
1.360404644463536128e+18
1.360406293730624256e+18
1.360404507027043840e+18
1.360404988066029312e+18
1.360404781902285312e+18
1.360404575743865344e+18
1.360405086847461632e+18
1.360405022423726848e+18
1.360404365296218624e+18
1.360405086847460352e+18
1.360404232151698688e+18
1.360385020757724160e+18
1.360404846332526080e+18
1.360408351019774976e+18
1.360405778340074240e+18
1.360406087577098240e+18
1.360403884253949184e+18
1.360404713182580736e+18
1.360405877123735552e+18
1.360404811969649664e+18
1.360406053217367552e+18
1.360408320960781056e+18
1.360408492759562752e+18
1.360385025055008000e+18
1.360404674530654720e+18
1.360404507029158656e+18
1.360409420472495872e+18
1.360384750180338688e+18
1.360409072574723840e+18
1.360404335230462976e+18
1.360405743980386816e+18
1.360405091141059584e+18
1.360405022423702528e+18
1.360408217881639168e+18
1.360406053212196864e+18
1.360405842761790976e+18
1.360405056783005184e+18
1.360404266507031296e+18
1.360406255076065280e+18
1.360408595835427072e+18
1.360404571453615104e+18
