# successful candidates for region at (151.7537859286999, 45.56269373168192) and radius 1.0150.5436115802951 45.072869030950834
150.55279532044298 45.054210285234404
150.5510803633718 45.13546787332831
150.5613195250647 45.06680377332601
150.55987859914393 45.13556033914607
150.60487999067615 45.086007187681034
150.5172460835397 45.072585936602025
150.5263038272269 45.06017989125409
150.5261692098658 45.066430435353574
150.5260345533195 45.07268097919014
150.525899857572 45.078931522763675
150.52576512260725 45.085182066074076
150.53509039957572 45.06027422859741
150.53495674539414 45.06652478641558
150.5348230523076 45.07277534397457
150.53468932030017 45.079025901274285
150.5345555493559 45.085276458314624
150.5440096532792 45.05411731663585
150.54387700089868 45.06036788832956
150.54374430990924 45.066618459767916
150.5436115802951 45.072869030950834
150.5434788120404 45.07911960187821
150.5433460051293 45.08537017254991
150.54321315954599 45.09162074296586
150.55266363098707 45.06046087044613
150.55253190320238 45.06671145540621
150.55240013707316 45.07296204011453
150.55226833258376 45.07921262457099
150.55213648971844 45.085463208775515
150.56145028963223 45.06055317494271
150.5613195250647 45.06680377332601
150.56118872243297 45.07305437146123
150.56105788172133 45.07930496934825
150.56092700291424 45.085555566987
150.56997733616558 45.073146024986556
150.52643840541896 45.053929346891806
150.5354911288503 45.04152255358899
150.5353575912879 45.04777311218401
150.53522401486836 45.05402367052019
150.53509039957572 45.06027422859741
150.53495674539414 45.06652478641558
150.54427484227688 45.041616172482875
150.5441422670667 45.04786674468693
150.5440096532792 45.05411731663585
150.54387700089868 45.06036788832956
150.54374430990924 45.066618459767916
150.55319015899505 45.03545852809045
150.5530585844313 45.041709114056474
150.55292697158583 45.04795969977116
150.55279532044298 45.054210285234404
150.55266363098707 45.06046087044613
150.55253190320238 45.06671145540621
150.55240013707316 45.07296204011453
150.56184235510509 45.04180137830537
150.56171170463682 45.04805197743228
150.56158101615105 45.05430257631143
150.56145028963223 45.06055317494271
150.5613195250647 45.06680377332601
150.5706261540899 45.04189296522522
150.57049646601115 45.04814357766597
150.57036674019483 45.05439418986257
150.57023697662544 45.06064480181492
150.57010717528752 45.066895413522964
150.57915249236572 45.054485125883474
150.5246858291354 45.13518640307107
150.53375210512198 45.12277979510345
150.53361806117226 45.129030350325046
150.53348397815773 45.13528090528638
150.53334985606236 45.141531459987334
150.53321569487008 45.14778201442782
150.54254835099027 45.1228735912053
150.5424152730401 45.12912416008438
150.54228215630647 45.13537472870694
150.54214900077346 45.14162529707287
150.54201580642516 45.14787586518208
150.55147669920163 45.11671612601496
150.55134462574992 45.12296670870546
150.55121251381186 45.12921729114329
150.5510803633718 45.13546787332831
150.5509481744138 45.1417184552604
150.55081594692214 45.1479690369395
150.55068368088092 45.15421961836544
150.56014092919125 45.12305914759958
150.56000978327796 45.12930974349739
150.55987859914393 45.13556033914607
150.55974737677354 45.14181093454552
150.55961611615103 45.14806152969563
150.5689372611048 45.12315090788323
150.56880708122858 45.129401517142256
150.5686768634131 45.13565212615581
150.56854660764273 45.1419027349238
150.56841631390188 45.14815334344612
150.5774751559695 45.13574323435319
150.53495674539414 45.06652478641558
150.5440096532792 45.05411731663585
150.54387700089868 45.06036788832956
150.54374430990924 45.066618459767916
150.5436115802951 45.072869030950834
150.5434788120404 45.07911960187821
150.55279532044298 45.054210285234404
150.55266363098707 45.06046087044613
150.55253190320238 45.06671145540621
150.55240013707316 45.07296204011453
150.55226833258376 45.07921262457099
150.56171170463682 45.04805197743228
150.56158101615105 45.05430257631143
150.56145028963223 45.06055317494271
150.5613195250647 45.06680377332601
150.56118872243297 45.07305437146123
150.56105788172133 45.07930496934825
150.56092700291424 45.085555566987
150.57036674019483 45.05439418986257
150.57023697662544 45.06064480181492
150.57010717528752 45.066895413522964
150.56997733616558 45.073146024986556
150.5698474592441 45.079396636205615
150.57915249236572 45.054485125883474
150.57902369175804 45.060735751058466
150.57889485366198 45.06698637599274
150.57876597806214 45.0732370006862
150.57863706494314 45.07948762513873
150.5876825599793 45.06707666073105
150.53348397815773 45.13528090528638
150.54254835099027 45.1228735912053
150.5424152730401 45.12912416008438
150.54228215630647 45.13537472870694
150.54214900077346 45.14162529707287
150.54201580642516 45.14787586518208
150.55134462574992 45.12296670870546
150.55121251381186 45.12921729114329
150.5510803633718 45.13546787332831
150.5509481744138 45.1417184552604
150.55081594692214 45.1479690369395
150.5602720368996 45.11680855145276
150.56014092919125 45.12305914759958
150.56000978327796 45.12930974349739
150.55987859914393 45.13556033914607
150.55974737677354 45.14181093454552
150.55961611615103 45.14806152969563
150.55948481726074 45.1543121245963
150.5689372611048 45.12315090788323
150.56880708122858 45.129401517142256
150.5686768634131 45.13565212615581
150.56854660764273 45.1419027349238
150.56841631390188 45.14815334344612
150.5777336212808 45.12324198955206
150.57760440745412 45.12949261207354
150.5774751559695 45.13574323435319
150.57734586681153 45.14199385639091
150.57721653996472 45.148244478186584
150.58627347660337 45.1358336637339
150.57850811428963 45.08573824935023
150.58755464791378 45.073327298555846
150.58742669860945 45.07957793614329
150.58729871205105 45.085828573493316
150.58717068822338 45.0920792106058
150.58704262711106 45.09832984748066
150.59634334551157 45.07341691859121
150.59621636003402 45.07966756921504
150.59608933758292 45.085918219605006
150.59596227814313 45.092168869761004
150.5958351816994 45.09841951968293
150.60525805560735 45.067255196996136
150.60513207064665 45.07350586078804
150.60500604900793 45.079756524349705
150.60487999067615 45.086007187681034
150.60475389563624 45.09225785078195
150.60462776387317 45.09850851365233
150.6045015953719 45.10475917629207
150.61392082311013 45.073594125142144
150.61379576532215 45.07984480154309
150.6136706711216 45.08609547771721
150.6135455404936 45.09234615366441
150.6134203734231 45.098596829384604
150.6227096026931 45.07368171164935
150.62258550876768 45.079932400791016
150.62246137871026 45.08618308970935
150.62233721250593 45.09243377840423
150.62221301013994 45.09868446687561
150.63125211323296 45.086270023653285
