# successful candidates for region at (359.30284854887157, 11.074688038234035) and radius 1.0
358.81659181445445 10.274583384577697
358.79764761856 10.27455314056221
358.8039824916116 10.26211675593638
358.80397242302126 10.26834005312961
358.80396235011085 10.274563350316347
358.8039522728798 10.280786647496596
358.8039421913276 10.287009944670347
358.81029696864715 10.262126833047459
358.810287027495 10.268350132354337
358.8102770820774 10.274573431654888
358.81026713239385 10.28079673094911
358.81025717844386 10.287020030237002
358.8166212555962 10.25591348039689
358.81661144609274 10.262136781796656
358.816601632379 10.26836008319026
358.81659181445445 10.274583384577697
358.8165819923187 10.28080668595897
358.8165721659712 10.28702998733407
358.81656233541145 10.293253288702997
358.822925923943 10.262146602183845
358.82291623766787 10.26836990563725
358.82290654723676 10.27459320908465
358.82289685264897 10.280816512526041
358.82288715390416 10.28703981596142
358.8292404021927 10.26215629420889
358.8292308433565 10.268379599695175
358.82922128041895 10.27460290517561
358.82921171337944 10.280826210650192
358.82920214223765 10.287049516118923
358.83553601399586 10.274612472850455
