# successful candidates for region at (123.20279041036184, 47.141718848517215) and radius 1.0
122.0966009043878 47.28238657992866
122.06866731732293 47.28211478164796
122.07824608526016 47.2696076274355
122.0781123036406 47.27590688087864
122.07797848110076 47.282206134077455
122.07784461762277 47.2885053870318
122.0777107131888 47.29480463974158
122.08755506667322 47.269698199155926
122.08742239206616 47.27599746645112
122.08728967687726 47.282296733506016
122.0871569210888 47.28859600032045
122.08702412468308 47.29489526689437
122.09699560714539 47.26348873683223
122.09686407979122 47.26978801810064
122.0967325122112 47.27608729913281
122.0966009043878 47.28238657992866
122.09646925630344 47.28868586048809
122.09633756794057 47.294985140810965
122.09620583928158 47.3012844208972
122.10617312434977 47.269877084264714
122.10604266381121 47.276176378918784
122.10591216336772 47.2824756733405
122.10578162300189 47.28877496752975
122.1056510426963 47.295074261486405
122.1154822000844 47.26996539764326
122.11535284660162 47.27626470580416
122.11522345355239 47.28256401373662
122.1150940209194 47.28886332144054
122.11496454868542 47.29516262891581
122.12453477467712 47.28265160111218
