# successful candidates for region at (204.62712854666995, 29.543644936202664) and radius 1.0205.31799480082086 28.78538211210122
205.31803653510283 28.79163059345297
205.2965077116131 28.78549148413783
205.3035883724105 28.772958429552098
205.30362922093667 28.77920692014877
205.30367007972146 28.785455410706167
205.30371094876767 28.791703901224277
205.30375182807816 28.797952391703078
205.31074987058562 28.772921981322117
205.31079115151343 28.779170467361286
205.31083244280842 28.785418953360352
205.31087374447347 28.791667439319284
205.31091505651142 28.79791592523808
205.31786966083544 28.766636667800174
205.31791136369006 28.772885149274806
205.31795307701756 28.779133630708493
205.31799480082086 28.78538211210122
205.31803653510283 28.79163059345297
205.31807827986634 28.797879074763745
205.31812003511425 28.804127556033517
205.32507285167065 28.772847933411015
205.32511499739593 28.77909641019122
205.32515715370562 28.78534488692962
205.32519932060256 28.79159336362619
205.3252414980897 28.79784184028092
205.33223433447432 28.772810333731602
205.33227691259546 28.779058805810347
205.33231950140956 28.785307277846414
205.33236210091954 28.791555749839798
205.33240471112836 28.797804221790482
205.33948184387953 28.78526928485248
205.2965481480386 28.791739979167108
205.30362922093667 28.77920692014877
205.30367007972146 28.785455410706167
205.30371094876767 28.791703901224277
205.30375182807816 28.797952391703078
205.30379271765568 28.804200882142574
205.31079115151343 28.779170467361286
205.31083244280842 28.785418953360352
205.31087374447347 28.791667439319284
205.31091505651142 28.79791592523808
205.31095637892508 28.804164411116723
205.31791136369006 28.772885149274806
205.31795307701756 28.779133630708493
205.31799480082086 28.78538211210122
205.31803653510283 28.79163059345297
205.31807827986634 28.797879074763745
205.31812003511425 28.804127556033517
205.31816180084948 28.810376037262277
205.32511499739593 28.77909641019122
205.32515715370562 28.78534488692962
205.32519932060256 28.79159336362619
205.3252414980897 28.79784184028092
205.3252836861699 28.8040903168938
205.33227691259546 28.779058805810347
205.33231950140956 28.785307277846414
205.33236210091954 28.791555749839798
205.33240471112836 28.797804221790482
205.3324473320389 28.80405269369844
205.33952487600058 28.791517752094663
