# # ids of objects in overdense bins for (217.9253633136642, -6.459141785517542)
3.641358971031747584e+18
3.641358971031718912e+18
3.641359275975912448e+18
3.641359211549727744e+18
3.641359207256814080e+18
3.641360478565347840e+18
3.641359207255552000e+18
3.641358799232786432e+18
3.641360689019095552e+18
3.641358829298351616e+18
3.641360684725211136e+18
3.641358971033094144e+18
3.641358833592531968e+18
3.641358902312006656e+18
3.641358863658156032e+18
3.641358902312014848e+18
3.641358867952275456e+18
3.641359177191427072e+18
3.641359177190228992e+18
3.641359074111027200e+18
3.641358971033008128e+18
3.641359035456265728e+18
3.641359074110996992e+18
3.641355844296769536e+18
3.641355947375986688e+18
3.641359241615277056e+18
3.641359005391536128e+18
3.641358971033097216e+18
3.641358936673463296e+18
