# successful candidates for region at (191.0292117176213, 2.129771199583194) and radius 1.0
190.67594424209128 2.6504349248883026
190.67594255811133 2.6567425939803737
190.67593748894157 2.675665601252066
190.67593579347474 2.681973270341119
190.67593409513597 2.688280939429415
190.67593239392514 2.6945886085169524
190.68225037385812 2.644128801043783
190.6822487227504 2.6504364715552344
190.68224706882236 2.6567441420659614
190.68224541207402 2.6630518125759624
190.68855157954803 2.656745662275696
190.6885401348763 2.700899365582902
190.6948432418462 2.707208540756423
190.70116060104215 2.6567486190675327
190.72638869744796 2.612600440046293
190.72637864419409 2.656754198140197
190.72637574968223 2.6693695575906333
190.73269019846828 2.625217118511481
190.732681739093 2.6630632041582833
190.73899318552938 2.6315260919013674
190.7452853750398 2.6882965062011923
190.74528263822145 2.7009118727794266
190.7515887000321 2.6946054377672106
190.65703080020407 2.6504301177858416
190.6633387600633 2.6378164156449255
190.66333702192753 2.6441240818246583
190.66333528081785 2.650431748003587
190.66333353673414 2.6567394141817102
190.66333178967636 2.6630470803590254
190.6696431807425 2.6378180150730075
190.66964147255607 2.644125682722433
190.669639761447 2.650433350371081
190.66963804741516 2.6567410180189506
190.6696363304605 2.66304868566604
190.67594927680236 2.6315119176075865
190.67594760143672 2.637819586701908
190.6759459231997 2.6441272557954805
190.67594424209128 2.6504349248883026
190.67594255811133 2.6567425939803737
190.6759408712598 2.6630502630716917
190.67593918153656 2.669357932162256
190.68225202214566 2.6378211305316075
190.68225037385812 2.644128801043783
190.6822487227504 2.6504364715552344
190.68224706882236 2.6567441420659614
190.68224541207402 2.6630518125759624
190.68855644286916 2.637822646562088
190.68855482453108 2.644130318467322
190.68855320342408 2.650437990371858
190.68855157954803 2.656745662275696
190.6885499529029 2.663053334178833
190.6948576841121 2.650439481338156
190.65702902606856 2.656737782468672
190.66333702192753 2.6441240818246583
190.66333528081785 2.650431748003587
190.66333353673414 2.6567394141817102
190.66333178967636 2.6630470803590254
190.6633300396444 2.6693547465355323
190.66964147255607 2.644125682722433
190.669639761447 2.650433350371081
190.66963804741516 2.6567410180189506
190.6696363304605 2.66304868566604
190.66963461058288 2.6693563533123483
190.67594760143672 2.637819586701908
190.6759459231997 2.6441272557954805
190.67594424209128 2.6504349248883026
190.67594255811133 2.6567425939803737
190.6759408712598 2.6630502630716917
190.67593918153656 2.669357932162256
190.67593748894157 2.675665601252066
190.68225037385812 2.644128801043783
190.6822487227504 2.6504364715552344
190.68224706882236 2.6567441420659614
190.68224541207402 2.6630518125759624
190.68224375250523 2.6693594830852363
190.68855482453108 2.644130318467322
190.68855320342408 2.650437990371858
190.68855157954803 2.656745662275696
190.6885499529029 2.663053334178833
190.68854832348856 2.66936100608127
190.69485609028806 2.6567471546095587
190.6570236855096 2.6756607765121463
190.66333178967636 2.6630470803590254
190.6633300396444 2.6693547465355323
190.66332828663818 2.675662412711229
190.66332653065757 2.6819700788861156
190.66332477170255 2.688277745060189
190.6696363304605 2.66304868566604
190.66963461058288 2.6693563533123483
190.66963288778223 2.6756640209578757
190.66963116205852 2.681971688602619
190.6696294334116 2.6882793562465777
190.67594255811133 2.6567425939803737
190.6759408712598 2.6630502630716917
190.67593918153656 2.669357932162256
190.67593748894157 2.675665601252066
190.67593579347474 2.681973270341119
190.67593409513597 2.688280939429415
190.67593239392514 2.6945886085169524
190.68224541207402 2.6630518125759624
190.68224375250523 2.6693594830852363
190.68224209011592 2.6756671535937815
190.68224042490598 2.6819748241015975
190.68223875687542 2.6882824946086834
190.6885499529029 2.663053334178833
190.68854832348856 2.66936100608127
190.688546691305 2.675668677983005
190.68854505635204 2.681976349884036
190.68854341862965 2.688284021784364
190.6948512925085 2.6756701744197184
190.65702189927222 2.681968441191628
190.6633300396444 2.6693547465355323
190.66332828663818 2.675662412711229
190.66332653065757 2.6819700788861156
190.66332477170255 2.688277745060189
190.663323009773 2.694585411233449
190.66963461058288 2.6693563533123483
190.66963288778223 2.6756640209578757
190.66963116205852 2.681971688602619
190.6696294334116 2.6882793562465777
190.6696277018414 2.6945870238897505
190.6759408712598 2.6630502630716917
190.67593918153656 2.669357932162256
190.67593748894157 2.675665601252066
190.67593579347474 2.681973270341119
190.67593409513597 2.688280939429415
190.67593239392514 2.6945886085169524
190.67593068984223 2.700896277603731
190.68224375250523 2.6693594830852363
190.68224209011592 2.6756671535937815
190.68224042490598 2.6819748241015975
190.68223875687542 2.6882824946086834
190.68223708602403 2.6945901651150375
190.68854832348856 2.66936100608127
190.688546691305 2.675668677983005
190.68854505635204 2.681976349884036
190.68854341862965 2.688284021784364
190.68854177813776 2.694591693683986
190.69484968781256 2.6819778476884175
190.65702011000914 2.688276105870269
190.66332828663818 2.675662412711229
190.66332653065757 2.6819700788861156
190.66332477170255 2.688277745060189
190.663323009773 2.694585411233449
190.66332124486883 2.700893077405894
190.66963288778223 2.6756640209578757
190.66963116205852 2.681971688602619
190.6696294334116 2.6882793562465777
190.6696277018414 2.6945870238897505
190.66962596734783 2.700894691532136
190.67593918153656 2.669357932162256
190.67593748894157 2.675665601252066
190.67593579347474 2.681973270341119
190.67593409513597 2.688280939429415
190.67593239392514 2.6945886085169524
190.67593068984223 2.700896277603731
190.67592898288714 2.707203946689748
190.68224209011592 2.6756671535937815
190.68224042490598 2.6819748241015975
190.68223875687542 2.6882824946086834
190.68223708602403 2.6945901651150375
190.68223541235182 2.7008978356206583
190.688546691305 2.675668677983005
190.68854505635204 2.681976349884036
190.68854341862965 2.688284021784364
190.68854177813776 2.694591693683986
190.6885401348763 2.700899365582902
190.69484808039846 2.6882855209564394
190.6570183177203 2.6945837705480677
190.66332653065757 2.6819700788861156
190.66332477170255 2.688277745060189
190.663323009773 2.694585411233449
190.66332124486883 2.700893077405894
190.66331947698993 2.7072007435775234
190.66963116205852 2.681971688602619
190.6696294334116 2.6882793562465777
190.6696277018414 2.6945870238897505
190.66962596734783 2.700894691532136
190.6696242299308 2.707202359173734
190.67593748894157 2.675665601252066
190.67593579347474 2.681973270341119
190.67593409513597 2.688280939429415
190.67593239392514 2.6945886085169524
190.67593068984223 2.700896277603731
190.67592898288714 2.707203946689748
190.67592727305976 2.713511615775003
190.68224042490598 2.6819748241015975
190.68223875687542 2.6882824946086834
190.68223708602403 2.6945901651150375
190.68223541235182 2.7008978356206583
190.6822337358587 2.7072055061255456
190.68854505635204 2.681976349884036
190.68854341862965 2.688284021784364
190.68854177813776 2.694591693683986
190.6885401348763 2.700899365582902
190.68853848884513 2.70720703748111
190.69484647026607 2.6945931942237817
190.66333702192753 2.6441240818246583
190.66964488600632 2.6315103474228074
190.6696431807425 2.6378180150730075
190.66964147255607 2.644125682722433
190.669639761447 2.650433350371081
190.66963804741516 2.6567410180189506
190.67594927680236 2.6315119176075865
190.67594760143672 2.637819586701908
190.6759459231997 2.6441272557954805
190.67594424209128 2.6504349248883026
190.67594255811133 2.6567425939803737
190.68225531026056 2.6252057895050904
190.6822536676131 2.63151346001871
190.68225202214566 2.6378211305316075
190.68225037385812 2.644128801043783
190.6822487227504 2.6504364715552344
190.68224706882236 2.6567441420659614
190.68224541207402 2.6630518125759624
190.68855805843836 2.6315149746561577
190.68855644286916 2.637822646562088
190.68855482453108 2.644130318467322
190.68855320342408 2.650437990371858
190.68855157954803 2.656745662275696
190.6948624492778 2.6315164615199134
190.69486086360686 2.6378241347933318
190.6948592752183 2.64413180806608
190.6948576841121 2.650439481338156
190.69485609028806 2.6567471546095587
190.70116372591957 2.6441332698400393
190.66333528081785 2.650431748003587
190.6696431807425 2.6378180150730075
190.66964147255607 2.644125682722433
190.669639761447 2.650433350371081
190.66963804741516 2.6567410180189506
190.6696363304605 2.66304868566604
190.67594760143672 2.637819586701908
190.6759459231997 2.6441272557954805
190.67594424209128 2.6504349248883026
190.67594255811133 2.6567425939803737
190.6759408712598 2.6630502630716917
190.6822536676131 2.63151346001871
190.68225202214566 2.6378211305316075
190.68225037385812 2.644128801043783
190.6822487227504 2.6504364715552344
190.68224706882236 2.6567441420659614
190.68224541207402 2.6630518125759624
190.68224375250523 2.6693594830852363
190.68855644286916 2.637822646562088
190.68855482453108 2.644130318467322
190.68855320342408 2.650437990371858
190.68855157954803 2.656745662275696
190.6885499529029 2.663053334178833
190.69486086360686 2.6378241347933318
190.6948592752183 2.64413180806608
190.6948576841121 2.650439481338156
190.69485609028806 2.6567471546095587
190.6948544937462 2.6630548278802872
190.70116216481412 2.6504409444541093
190.66333353673414 2.6567394141817102
190.66964147255607 2.644125682722433
190.669639761447 2.650433350371081
190.66963804741516 2.6567410180189506
190.6696363304605 2.66304868566604
190.66963461058288 2.6693563533123483
190.6759459231997 2.6441272557954805
190.67594424209128 2.6504349248883026
190.67594255811133 2.6567425939803737
190.6759408712598 2.6630502630716917
190.67593918153656 2.669357932162256
190.68225202214566 2.6378211305316075
190.68225037385812 2.644128801043783
190.6822487227504 2.6504364715552344
190.68224706882236 2.6567441420659614
190.68224541207402 2.6630518125759624
190.68224375250523 2.6693594830852363
190.68224209011592 2.6756671535937815
190.68855482453108 2.644130318467322
190.68855320342408 2.650437990371858
190.68855157954803 2.656745662275696
190.6885499529029 2.663053334178833
190.68854832348856 2.66936100608127
190.6948592752183 2.64413180806608
190.6948576841121 2.650439481338156
190.69485609028806 2.6567471546095587
190.6948544937462 2.6630548278802872
190.69485289448633 2.669362501150341
190.70116060104215 2.6567486190675327
190.66333178967636 2.6630470803590254
190.669639761447 2.650433350371081
190.66963804741516 2.6567410180189506
190.6696363304605 2.66304868566604
190.66963461058288 2.6693563533123483
190.66963288778223 2.6756640209578757
190.67594424209128 2.6504349248883026
190.67594255811133 2.6567425939803737
190.6759408712598 2.6630502630716917
190.67593918153656 2.669357932162256
190.67593748894157 2.675665601252066
190.68225037385812 2.644128801043783
190.6822487227504 2.6504364715552344
190.68224706882236 2.6567441420659614
190.68224541207402 2.6630518125759624
190.68224375250523 2.6693594830852363
190.68224209011592 2.6756671535937815
190.68224042490598 2.6819748241015975
190.68855320342408 2.650437990371858
190.68855157954803 2.656745662275696
190.6885499529029 2.663053334178833
190.68854832348856 2.66936100608127
190.688546691305 2.675668677983005
190.6948576841121 2.650439481338156
190.69485609028806 2.6567471546095587
190.6948544937462 2.6630548278802872
190.69485289448633 2.669362501150341
190.6948512925085 2.6756701744197184
190.70115903460356 2.663056293680306
190.66963804741516 2.6567410180189506
190.6759459231997 2.6441272557954805
190.67594424209128 2.6504349248883026
190.67594255811133 2.6567425939803737
190.6759408712598 2.6630502630716917
190.67593918153656 2.669357932162256
190.68225037385812 2.644128801043783
190.6822487227504 2.6504364715552344
190.68224706882236 2.6567441420659614
190.68224541207402 2.6630518125759624
190.68224375250523 2.6693594830852363
190.68855644286916 2.637822646562088
190.68855482453108 2.644130318467322
190.68855320342408 2.650437990371858
190.68855157954803 2.656745662275696
190.6885499529029 2.663053334178833
190.68854832348856 2.66936100608127
190.688546691305 2.675668677983005
190.6948592752183 2.64413180806608
190.6948576841121 2.650439481338156
190.69485609028806 2.6567471546095587
190.6948544937462 2.6630548278802872
190.69485289448633 2.669362501150341
190.70116372591957 2.6441332698400393
190.70116216481412 2.6504409444541093
190.70116060104215 2.6567486190675327
190.70115903460356 2.663056293680306
190.70115746549828 2.66936396829243
190.70746511181005 2.6567500556495998
190.66962596734783 2.700894691532136
190.67593409513597 2.688280939429415
190.67593239392514 2.6945886085169524
190.67593068984223 2.700896277603731
190.67592898288714 2.707203946689748
190.67592727305976 2.713511615775003
190.68223875687542 2.6882824946086834
190.68223708602403 2.6945901651150375
190.68223541235182 2.7008978356206583
190.6822337358587 2.7072055061255456
190.6822320565445 2.7135131766296983
190.68854505635204 2.681976349884036
190.68854341862965 2.688284021784364
190.68854177813776 2.694591693683986
190.6885401348763 2.700899365582902
190.68853848884513 2.70720703748111
190.68853684004418 2.71351470937861
190.68853518847342 2.7198223812754003
190.69484808039846 2.6882855209564394
190.69484647026607 2.6945931942237817
190.69484485741535 2.700900867490443
190.6948432418462 2.707208540756423
190.69484162355857 2.71351621402172
190.7011527421815 2.6882869921248913
190.70115116240868 2.694594666734405
190.70114957996876 2.700902341343263
190.70114799486169 2.7072100159514663
190.70114640708735 2.713517690559011
190.70745430253623 2.700903787141346
190.67592898288714 2.707203946689748
190.68223708602403 2.6945901651150375
190.68223541235182 2.7008978356206583
190.6822337358587 2.7072055061255456
190.6822320565445 2.7135131766296983
190.68223037440922 2.7198208471331142
190.68854177813776 2.694591693683986
190.6885401348763 2.700899365582902
190.68853848884513 2.70720703748111
190.68853684004418 2.71351470937861
190.68853518847342 2.7198223812754003
190.69484808039846 2.6882855209564394
190.69484647026607 2.6945931942237817
190.69484485741535 2.700900867490443
190.6948432418462 2.707208540756423
190.69484162355857 2.71351621402172
190.69484000255233 2.7198238872863345
190.69483837882743 2.7261315605502627
190.70115116240868 2.694594666734405
190.70114957996876 2.700902341343263
190.70114799486169 2.7072100159514663
190.70114640708735 2.713517690559011
190.7011448166457 2.7198253651658986
190.7074558545653 2.6945961112158394
190.70745430253623 2.700903787141346
190.70745274789124 2.707211463066222
190.70745119063028 2.7135191389904656
190.70744963075325 2.7198268149140765
190.71375750093466 2.7072128821006745
190.68224706882236 2.6567441420659614
190.68855482453108 2.644130318467322
190.68855320342408 2.650437990371858
190.68855157954803 2.656745662275696
190.6885499529029 2.663053334178833
190.68854832348856 2.66936100608127
190.6948592752183 2.64413180806608
190.6948576841121 2.650439481338156
190.69485609028806 2.6567471546095587
190.6948544937462 2.6630548278802872
190.69485289448633 2.669362501150341
190.70116528435855 2.6378255952253213
190.70116372591957 2.6441332698400393
190.70116216481412 2.6504409444541093
190.70116060104215 2.6567486190675327
190.70115903460356 2.663056293680306
190.70115746549828 2.66936396829243
190.70115589372622 2.675671642903903
190.70746817663456 2.644134703789182
190.70746664552996 2.6504423797197028
190.70746511181005 2.6567500556495998
190.7074635754748 2.663057731578873
190.7074620365241 2.66936540750752
190.71377262736303 2.644136109913492
190.7137711262593 2.650443787134918
190.71376962259154 2.656751464355744
190.71376811635963 2.6630591415759706
190.71376660756354 2.669366818795596
190.72007413338628 2.6567528451859483
190.7074757929309 2.6125963241272645
190.71378306330217 2.599982369346818
190.71378158014465 2.6062900465724104
190.7137800944236 2.6125977237974114
190.713778606139 2.6189054010218182
190.7137771152907 2.625213078245631
190.72008730547225 2.5999837387894194
190.72008585195695 2.6062914172802074
190.7200843959294 2.612599095770426
190.72008293738946 2.618906774260075
190.72008147633713 2.625214452749153
190.72639296906706 2.5936774008549697
190.72639154765503 2.5999850805859563
190.72639012378204 2.606292760316398
190.72638869744796 2.612600440046293
190.7263872686528 2.6189081197756416
190.7263858373964 2.625215799504442
190.72638440367876 2.631523479232694
190.73269578985028 2.5999863947364132
190.73269439561957 2.6062940756809665
190.73269299897908 2.6126017566249957
190.73269159992864 2.6189094375685014
190.73269019846828 2.625217118511481
190.73900003205776 2.599987681240774
190.73899866746936 2.6062953633738974
190.7389973005224 2.6126030455065195
190.7389959312168 2.6189107276386387
190.73899455955248 2.625218409770255
190.7453016020778 2.6126043066908484
190.70746511181005 2.6567500556495998
190.71377262736303 2.644136109913492
190.7137711262593 2.650443787134918
190.71376962259154 2.656751464355744
190.71376811635963 2.6630591415759706
190.71376660756354 2.669366818795596
190.7200770781047 2.644137488212953
190.7200756070019 2.650445166699738
190.72007413338628 2.6567528451859483
190.7200726572578 2.6630605236715823
190.72007117861637 2.6693682021566385
190.72638296749977 2.6378311589603958
190.72638152885938 2.6441388386875477
190.7263800877575 2.6504465184141486
190.72637864419409 2.656754198140197
190.72637719816902 2.663061877865692
190.72637574968223 2.6693695575906333
190.7263742987337 2.67567723731502
190.73268597962672 2.6441401613372615
190.7326845685258 2.650447842278132
190.7326831550146 2.656755523218473
190.732681739093 2.6630632041582833
190.73268032076095 2.6693708850975635
190.73899043040646 2.6441414561620773
190.73898904930658 2.6504491382916724
190.73898766584762 2.6567568204207612
190.73898628002954 2.6630645025493416
190.7389848918522 2.6693721846774143
190.74529217669286 2.656758089747047
190.7074620365241 2.66936540750752
190.71376962259154 2.656751464355744
190.71376811635963 2.6630591415759706
190.71376660756354 2.669366818795596
190.71376509620316 2.675674496014619
190.7137635822785 2.681982173233039
190.72007413338628 2.6567528451859483
190.7200726572578 2.6630605236715823
190.72007117861637 2.6693682021566385
190.7200696974619 2.675675880641117
190.72006821379432 2.6819835591250163
190.7263800877575 2.6504465184141486
190.72637864419409 2.656754198140197
190.72637719816902 2.663061877865692
190.72637574968223 2.6693695575906333
190.7263742987337 2.67567723731502
190.7263728453233 2.681984917038851
190.72637138945103 2.688292596762125
190.7326831550146 2.656755523218473
190.732681739093 2.6630632041582833
190.73268032076095 2.6693708850975635
190.73267890001839 2.675678566036311
190.7326774768652 2.6819862469745264
190.73898766584762 2.6567568204207612
190.73898628002954 2.6630645025493416
190.7389848918522 2.6693721846774143
190.73898350131563 2.675679866804976
190.73898210841972 2.681987548932028
190.74528946295578 2.6693734563301685
190.7137771152907 2.625213078245631
190.7200843959294 2.612599095770426
190.72008293738946 2.618906774260075
190.72008147633713 2.625214452749153
190.72008001277229 2.6315221312376593
190.72007854669482 2.6378298097255923
190.72638869744796 2.612600440046293
190.7263872686528 2.6189081197756416
190.7263858373964 2.625215799504442
190.72638440367876 2.631523479232694
190.72638296749977 2.6378311589603958
190.73269439561957 2.6062940756809665
190.73269299897908 2.6126017566249957
190.73269159992864 2.6189094375685014
190.73269019846828 2.625217118511481
190.7326887945979 2.631524799453935
190.7326873883174 2.637832480395862
190.73268597962672 2.6441401613372615
190.7389973005224 2.6126030455065195
190.7389959312168 2.6189107276386387
190.73899455955248 2.625218409770255
190.73899318552938 2.6315260919013674
190.7389918091474 2.637833774031975
190.7453016020778 2.6126043066908484
190.74530026251702 2.6189119899860387
190.74529892064876 2.625219673280749
190.74529757647295 2.6315273565749764
190.74529622998952 2.6378350398687203
190.75160328175681 2.6252209090429464
190.71376811635963 2.6630591415759706
190.7200756070019 2.650445166699738
190.72007413338628 2.6567528451859483
190.7200726572578 2.6630605236715823
190.72007117861637 2.6693682021566385
190.7200696974619 2.675675880641117
190.7263800877575 2.6504465184141486
190.72637864419409 2.656754198140197
190.72637719816902 2.663061877865692
190.72637574968223 2.6693695575906333
190.7263742987337 2.67567723731502
190.73268597962672 2.6441401613372615
190.7326845685258 2.650447842278132
190.7326831550146 2.656755523218473
190.732681739093 2.6630632041582833
190.73268032076095 2.6693708850975635
190.73267890001839 2.675678566036311
190.7326774768652 2.6819862469745264
190.73898904930658 2.6504491382916724
190.73898766584762 2.6567568204207612
190.73898628002954 2.6630645025493416
190.7389848918522 2.6693721846774143
190.73898350131563 2.675679866804976
190.74529353009953 2.6504504064547567
190.74529217669286 2.656758089747047
190.7452908209783 2.6630657730388516
190.74528946295578 2.6693734563301685
190.74528810262524 2.6756811396209987
190.75159536193908 2.6630670156267966
190.72008001277229 2.6315221312376593
190.7263872686528 2.6189081197756416
190.7263858373964 2.625215799504442
190.72638440367876 2.631523479232694
190.72638296749977 2.6378311589603958
190.72638152885938 2.6441388386875477
190.73269159992864 2.6189094375685014
190.73269019846828 2.625217118511481
190.7326887945979 2.631524799453935
190.7326873883174 2.637832480395862
190.73268597962672 2.6441401613372615
190.7389973005224 2.6126030455065195
190.7389959312168 2.6189107276386387
190.73899455955248 2.625218409770255
190.73899318552938 2.6315260919013674
190.7389918091474 2.637833774031975
190.73899043040646 2.6441414561620773
190.73898904930658 2.6504491382916724
190.74530026251702 2.6189119899860387
190.74529892064876 2.625219673280749
190.74529757647295 2.6315273565749764
190.74529622998952 2.6378350398687203
190.74529488119842 2.6441427231619805
190.75160459382897 2.618913224610687
190.75160328175681 2.6252209090429464
190.75160196742837 2.631528593474746
190.7516006508435 2.637836277906082
190.75159933200223 2.644143962336957
190.75790635839533 2.6315298026006615
190.72637138945103 2.688292596762125
190.73267890001839 2.675678566036311
190.7326774768652 2.6819862469745264
190.73267605130138 2.688293927912208
190.73267462332683 2.6946016088493554
190.73267319294146 2.7009092897859674
190.73898350131563 2.675679866804976
190.73898210841972 2.681987548932028
190.7389807131644 2.688295231058569
190.7389793155496 2.6946029131845974
190.73897791557525 2.7009105953101145
190.74528946295578 2.6693734563301685
190.74528810262524 2.6756811396209987
190.7452867399866 2.6819888229113396
190.7452853750398 2.6882965062011923
190.7452840077848 2.6946041894905544
190.74528263822145 2.7009118727794266
190.7452812663498 2.707219556067807
190.75159270394687 2.675682384484364
190.75159137156555 2.681990068912447
190.75159003692733 2.6882977533400627
190.7515887000321 2.6946054377672106
190.75158736087985 2.7009131221938882
190.7578973052803 2.6756836013950567
190.75789600315633 2.681991286935335
190.75789469882668 2.688298972475167
190.75789339229132 2.6946066580145507
190.7578920835502 2.700914343553487
190.76419936073762 2.6883001636064896
190.7263684703204 2.7009079562070015
190.73267605130138 2.688293927912208
190.73267462332683 2.6946016088493554
190.73267319294146 2.7009092897859674
190.73267176014522 2.7072169707220435
190.73267032493803 2.7135246516575826
190.7389807131644 2.688295231058569
190.7389793155496 2.6946029131845974
190.73897791557525 2.7009105953101145
190.73897651324125 2.707218277435117
190.73897510854758 2.7135259595596057
190.7452867399866 2.6819888229113396
190.7452853750398 2.6882965062011923
190.7452840077848 2.6946041894905544
190.74528263822145 2.7009118727794266
190.7452812663498 2.707219556067807
190.7452798921697 2.7135272393556944
190.74527851568106 2.71983492264309
190.75159003692733 2.6882977533400627
190.7515887000321 2.6946054377672106
190.75158736087985 2.7009131221938882
190.75158601947052 2.707220806620097
190.751584675804 2.7135284910458357
190.75789469882668 2.688298972475167
190.75789339229132 2.6946066580145507
190.7578920835502 2.700914343553487
190.7578907726032 2.7072220290919744
190.7578894594503 2.7135297146300124
190.76419680623212 2.7009155368582065
190.73267462332683 2.6946016088493554
190.73898210841972 2.681987548932028
190.7389807131644 2.688295231058569
190.7389793155496 2.6946029131845974
190.73897791557525 2.7009105953101145
190.73897651324125 2.707218277435117
190.7452867399866 2.6819888229113396
190.7452853750398 2.6882965062011923
190.7452840077848 2.6946041894905544
190.74528263822145 2.7009118727794266
190.7452812663498 2.707219556067807
190.75159270394687 2.675682384484364
190.75159137156555 2.681990068912447
190.75159003692733 2.6882977533400627
190.7515887000321 2.6946054377672106
190.75158736087985 2.7009131221938882
190.75158601947052 2.707220806620097
190.751584675804 2.7135284910458357
190.75789600315633 2.681991286935335
190.75789469882668 2.688298972475167
190.75789339229132 2.6946066580145507
190.7578920835502 2.700914343553487
190.7578907726032 2.7072220290919744
190.76420063475862 2.6819924769799894
190.76419936073762 2.6883001636064896
190.76419808456214 2.6946078502325617
190.76419680623212 2.7009155368582065
190.76419552574754 2.7072232234834233
190.7705027768443 2.694609014421229
