# successful candidates for region at (2.981473021695724, 5.715023444471696) and radius 1.03.688393880593607 6.394455228521257
3.6696674235209 6.3944786822535
3.675893228288096 6.381987182992765
3.675901399328221 6.388229058649268
3.6759095760623124 6.394470934298587
3.6759177584907716 6.4007128099407185
3.6759259466139986 6.4069546855756565
3.6821352337136446 6.381979370724041
3.6821434781944653 6.388221243559581
3.6821517284204304 6.394463116387808
3.682159984391945 6.400704989208717
3.6821682461094136 6.406946862022303
3.688368926829234 6.37572961855326
3.688377238954641 6.3819714885500325
3.688385556875963 6.3882133585393674
3.688393880593607 6.394455228521257
3.688402210107983 6.400697098495698
3.6884105454194978 6.406938968462686
3.688418886528562 6.413180838422215
3.69461924400944 6.381963536470834
3.694627635371067 6.388205403588719
3.6946360325801937 6.39444727069903
3.694644435637234 6.400689137801757
3.6946528445426003 6.4069310048969
3.7008612488763992 6.3819555144865365
3.700869713678133 6.388197378707733
3.700878184378545 6.394439242921218
3.7008866609780515 6.400681107126988
3.70089514347707 6.40692297132504
3.7071203359870126 6.39443114518792
