# successful candidates for region at (4.326957749432765, -23.02505734925426) and radius 1.0
3.5546586928411257 -23.231687528859133
3.554731531865376 -23.219060419958172
3.561420367650468 -23.23803396888587
3.5615647636196184 -23.21277973354748
3.575122983332715 -23.219158165582936
3.5342653484303796 -23.23158714101607
3.5409889659216867 -23.244247985283376
3.541026051144879 -23.237934439817955
3.5410631264969576 -23.231620894312307
3.5411001919802234 -23.225307348766442
3.541137247596976 -23.218993803180368
3.547787388779686 -23.244281456823966
3.54782415327124 -23.23796790689519
3.547860907977045 -23.231654356926864
3.5478976528993824 -23.225340806919025
3.5479343880405305 -23.219027256871662
3.554549361563173 -23.25062819191925
3.554585815024382 -23.244314637604738
3.554622258782946 -23.238001083251362
3.5546586928411257 -23.231687528859133
3.5546951172011823 -23.22537397442807
3.554731531865376 -23.219060419958172
3.554767936835965 -23.212746865449468
3.561384244626235 -23.244347527625074
3.561420367650468 -23.23803396888587
3.5614564810596816 -23.231720410108498
3.5614925848561185 -23.22540685129297
3.5615286790420178 -23.219093292439297
3.5681826775557037 -23.244380126884366
3.5682184798442758 -23.23806656379811
3.568254272603196 -23.23175300067436
3.568290055834684 -23.225439437513124
3.568325829540962 -23.219125874314415
3.57505206744215 -23.231785300556105
3.5343401105642043 -23.2189600588849
3.5410631264969576 -23.231620894312307
3.5411001919802234 -23.225307348766442
3.541137247596976 -23.218993803180368
3.5411742933495134 -23.212680257554105
3.5412113292401335 -23.206366711887657
3.547860907977045 -23.231654356926864
3.5478976528993824 -23.225340806919025
3.5479343880405305 -23.219027256871662
3.5479711134027694 -23.212713706784807
3.548007828988376 -23.20640015665846
3.554622258782946 -23.238001083251362
3.5546586928411257 -23.231687528859133
3.5546951172011823 -23.22537397442807
3.554731531865376 -23.219060419958172
3.554767936835965 -23.212746865449468
3.554804332115207 -23.20643331090196
3.55484071770536 -23.200119756315665
3.5614564810596816 -23.231720410108498
3.5614925848561185 -23.22540685129297
3.5615286790420178 -23.219093292439297
3.5615647636196184 -23.21277973354748
3.5616008385911586 -23.206466174617557
3.568254272603196 -23.23175300067436
3.568290055834684 -23.225439437513124
3.568325829540962 -23.219125874314415
3.5683615937242474 -23.21281231107825
3.568397348386759 -23.206498747804634
3.575122983332715 -23.219158165582936
3.541026051144879 -23.237934439817955
3.5477506145001008 -23.2505950067132
3.547787388779686 -23.244281456823966
3.54782415327124 -23.23796790689519
3.547860907977045 -23.231654356926864
3.5478976528993824 -23.225340806919025
3.554549361563173 -23.25062819191925
3.554585815024382 -23.244314637604738
3.554622258782946 -23.238001083251362
3.5546586928411257 -23.231687528859133
3.5546951172011823 -23.22537397442807
3.561311969723747 -23.256974644988915
3.5613481119847425 -23.25066108632609
3.561384244626235 -23.244347527625074
3.561420367650468 -23.23803396888587
3.5614564810596816 -23.231720410108498
3.5614925848561185 -23.22540685129297
3.5615286790420178 -23.219093292439297
3.5681468657352573 -23.250693689933115
3.5681826775557037 -23.244380126884366
3.5682184798442758 -23.23806656379811
3.568254272603196 -23.23175300067436
3.568290055834684 -23.225439437513124
3.5749456227851644 -23.250726002739725
3.5749811137832466 -23.24441243538202
3.575016595334841 -23.23809886798748
3.57505206744215 -23.231785300556105
3.575087530107375 -23.225471733087925
3.5818147140926335 -23.238130881453383
3.5411742933495134 -23.212680257554105
3.5478976528993824 -23.225340806919025
3.5479343880405305 -23.219027256871662
3.5479711134027694 -23.212713706784807
3.548007828988376 -23.20640015665846
3.548044534799627 -23.20008660649264
3.5546951172011823 -23.22537397442807
3.554731531865376 -23.219060419958172
3.554767936835965 -23.212746865449468
3.554804332115207 -23.20643331090196
3.55484071770536 -23.200119756315665
3.5614564810596816 -23.231720410108498
3.5614925848561185 -23.22540685129297
3.5615286790420178 -23.219093292439297
3.5615647636196184 -23.21277973354748
3.5616008385911586 -23.206466174617557
3.5616369039588758 -23.20015261564951
3.5616729597250054 -23.193839056643377
3.568290055834684 -23.225439437513124
3.568325829540962 -23.219125874314415
3.5683615937242474 -23.21281231107825
3.568397348386759 -23.206498747804634
3.568433093530714 -23.200185184493584
3.575087530107375 -23.225471733087925
3.575122983332715 -23.219158165582936
3.57515842712037 -23.21284459804116
3.5751938614725383 -23.2065310304626
3.5752292863914166 -23.20021746284727
3.5819552637785033 -23.21287659443562
3.554731531865376 -23.219060419958172
3.5614564810596816 -23.231720410108498
3.5614925848561185 -23.22540685129297
3.5615286790420178 -23.219093292439297
3.5615647636196184 -23.21277973354748
3.5616008385911586 -23.206466174617557
3.568254272603196 -23.23175300067436
3.568290055834684 -23.225439437513124
3.568325829540962 -23.219125874314415
3.5683615937242474 -23.21281231107825
3.568397348386759 -23.206498747804634
3.575016595334841 -23.23809886798748
3.57505206744215 -23.231785300556105
3.575087530107375 -23.225471733087925
3.575122983332715 -23.219158165582936
3.57515842712037 -23.21284459804116
3.5751938614725383 -23.2065310304626
3.5752292863914166 -23.20021746284727
3.581849865547027 -23.231817309753158
3.581885007644683 -23.225503738016783
3.581920140387781 -23.21919016624427
3.5819552637785033 -23.21287659443562
3.5819903778190247 -23.20656302259086
3.5886476668883076 -23.231849028264918
3.5886824884171027 -23.225535452299106
3.588717300676668 -23.219221876297816
3.588752103669164 -23.212908300261052
3.588786897396748 -23.206594724188825
3.595514464169879 -23.219253295743002
