# successful candidates for region at (251.53832889474918, 35.619541862036364) and radius 1.0250.5245613609449 36.18572282430206
250.5323675924289 36.185787799769756
250.5553124849371 36.223894301687714
250.56320093501648 36.21763821186449
250.56304410674915 36.230276423990375
250.57093258988115 36.22401983166993
250.57085479336877 36.2303389458948
250.57077697643544 36.23665806000649
250.57905113292543 36.19880535211531
250.57889693741632 36.21144359765052
250.57858830351427 36.23672008738586
250.59451460560174 36.211566079735945
250.59428692710125 36.23052349551905
250.6023234578418 36.211626567047865
250.60217294745826 36.224264860249235
250.60209766263702 36.230584006691025
250.602022358054 36.23690315302683
250.60998306703866 36.224324860844256
250.60990841015214 36.23064401517511
250.60983373366858 36.236963169401726
250.6177931984938 36.224384358815584
250.61771916954666 36.23070352096941
250.6176451211673 36.23702268302078
250.61757105334917 36.24334184496962
250.6174969660858 36.24966100681592
250.61742285937072 36.255980168559624
250.61734873319733 36.26229933020072
250.62530962208086 36.249720033199736
250.6252361439693 36.256039202707285
250.6251626465644 36.26235837211395
250.62508912985984 36.2686775414197
250.63297657163423 36.26241691100311
250.64071824948297 36.26879413150825
250.6483895104139 36.281490056046465
250.6483178240862 36.287809247969534
250.64817439493535 36.30044763152782
250.6481026520995 36.30676682316293
250.648030890415 36.313086014702016
250.65620535734206 36.28154710836548
250.65613430046176 36.28786630779626
250.6558498862336 36.31314310457629
250.66402121558585 36.28160365745464
250.66395078815745 36.287922864326895
250.6718370850452 36.28165970331215
250.67127818757564 36.3322134147438
250.67937618253805 36.306992131626664
250.6792376819006 36.31963057393544
250.67916840428637 36.32594979495562
250.679099108467 36.332269015886276
250.6790297944364 36.338588236727375
250.6869887056043 36.326004885078675
250.6869200404082 36.33232411326353
250.6868513571666 36.33864334136046
250.69501301435335 36.30710176486518
250.6949450333885 36.313421000496724
250.69474098329874 36.332378706873826
250.5011427445458 36.18552488467069
250.5091142505993 36.17295327158985
250.50903160459205 36.1792723192341
250.50894893690378 36.185591366750465
250.50886624752735 36.191910414138896
250.50878353645544 36.198229461399336
250.5169192028158 36.17301923413297
250.5168371833679 36.1793382904436
250.51675514240335 36.185657346628275
250.51667307991497 36.19197640268694
250.51659099589557 36.19829545861956
250.52480553960234 36.16676562956891
250.52472416806407 36.173084694603965
250.52464277518064 36.179403759515026
250.5245613609449 36.18572282430206
250.52447992534974 36.19204188896498
250.524398468388 36.198360953503794
250.52431699005243 36.20468001791842
250.53252914624454 36.17314965300079
250.53244837993068 36.179468726446345
250.5323675924289 36.185787799769756
250.532286783732 36.19210687297098
250.53220595383297 36.19842594604999
250.54033413725767 36.17321410932141
250.54025399751848 36.17953319123551
250.54017383675563 36.18585227302934
250.54009365496213 36.19217135470288
250.54001345213086 36.198490436256094
250.5479800938256 36.18591624407879
250.50894893690378 36.185591366750465
250.5169192028158 36.17301923413297
250.5168371833679 36.1793382904436
250.51675514240335 36.185657346628275
250.51667307991497 36.19197640268694
250.51659099589557 36.19829545861956
250.52472416806407 36.173084694603965
250.52464277518064 36.179403759515026
250.5245613609449 36.18572282430206
250.52447992534974 36.19204188896498
250.524398468388 36.198360953503794
250.53260989137746 36.16683057943314
250.53252914624454 36.17314965300079
250.53244837993068 36.179468726446345
250.5323675924289 36.185787799769756
250.532286783732 36.19210687297098
250.53220595383297 36.19842594604999
250.53212510272465 36.20474501900671
250.54033413725767 36.17321410932141
250.54025399751848 36.17953319123551
250.54017383675563 36.18585227302934
250.54009365496213 36.19217135470288
250.54001345213086 36.198490436256094
250.548139141004 36.173278063563814
250.54805962784448 36.17959715388048
250.5479800938256 36.18591624407879
250.54790053894044 36.19223533415867
250.54782096318206 36.1985544241201
250.55578636353914 36.18597971291611
250.53188242207318 36.223702237142824
250.53985298332708 36.21112859900131
250.53977271734038 36.217447680193246
250.53969243028777 36.22376676126467
250.53961212216223 36.23008584221554
250.5395317929566 36.2364049230458
250.5476617490174 36.21119260368738
250.5475821105972 36.21751169329316
250.5475024512757 36.2238307827803
250.54742277104597 36.230149872148765
250.547343069901 36.236468961398494
250.55554951749036 36.204937007827
250.55547052737123 36.21125610589732
250.5553915165225 36.21757520385089
250.5553124849371 36.223894301687714
250.55523343260825 36.2302133994077
250.5551543595289 36.236532497010856
250.55507526569207 36.24285159449708
250.56327931828883 36.21131910562913
250.56320093501648 36.21763821186449
250.56312253117224 36.2239573179849
250.56304410674915 36.230276423990375
250.56296566174032 36.23659552988084
250.57108812167047 36.21138160288085
250.57101036597942 36.21770071733194
250.57093258988115 36.22401983166993
250.57085479336877 36.2303389458948
250.57077697643544 36.23665806000649
250.57874266096405 36.224081842740816
250.53977271734038 36.217447680193246
250.54774136654333 36.204873513963015
250.5476617490174 36.21119260368738
250.5475821105972 36.21751169329316
250.5475024512757 36.2238307827803
250.54742277104597 36.230149872148765
250.55554951749036 36.204937007827
250.55547052737123 36.21125610589732
250.5553915165225 36.21757520385089
250.5553124849371 36.223894301687714
250.55523343260825 36.2302133994077
250.5634360231453 36.198680892813826
250.56335768099615 36.20499999927889
250.56327931828883 36.21131910562913
250.56320093501648 36.21763821186449
250.56312253117224 36.2239573179849
250.56304410674915 36.230276423990375
250.56296566174032 36.23659552988084
250.5711658569611 36.20506248831671
250.57108812167047 36.21138160288085
250.57101036597942 36.21770071733194
250.57093258988115 36.22401983166993
250.57085479336877 36.2303389458948
250.5789740452854 36.2051244749385
250.57889693741632 36.21144359765052
250.5788198093115 36.21776272025131
250.57874266096405 36.224081842740816
250.57866549236724 36.23040096511902
250.58662926491283 36.217824220620635
250.53961212216223 36.23008584221554
250.5475821105972 36.21751169329316
250.5475024512757 36.2238307827803
250.54742277104597 36.230149872148765
250.547343069901 36.236468961398494
250.54726334783373 36.24278805052949
250.5553915165225 36.21757520385089
250.5553124849371 36.223894301687714
250.55523343260825 36.2302133994077
250.5551543595289 36.236532497010856
250.55507526569207 36.24285159449708
250.56327931828883 36.21131910562913
250.56320093501648 36.21763821186449
250.56312253117224 36.2239573179849
250.56304410674915 36.230276423990375
250.56296566174032 36.23659552988084
250.56288719613895 36.242914635656234
250.56280870993803 36.24923374131657
250.57101036597942 36.21770071733194
250.57093258988115 36.22401983166993
250.57085479336877 36.2303389458948
250.57077697643544 36.23665806000649
250.57069913907432 36.24297717400497
250.5788198093115 36.21776272025131
250.57874266096405 36.224081842740816
250.57866549236724 36.23040096511902
250.57858830351427 36.23672008738586
250.57851109439838 36.243039209541315
250.5864762036447 36.23046248166107
250.5475024512757 36.2238307827803
250.55547052737123 36.21125610589732
250.5553915165225 36.21757520385089
250.5553124849371 36.223894301687714
250.55523343260825 36.2302133994077
250.5551543595289 36.236532497010856
250.56327931828883 36.21131910562913
250.56320093501648 36.21763821186449
250.56312253117224 36.2239573179849
250.56304410674915 36.230276423990375
250.56296566174032 36.23659552988084
250.5711658569611 36.20506248831671
250.57108812167047 36.21138160288085
250.57101036597942 36.21770071733194
250.57093258988115 36.22401983166993
250.57085479336877 36.2303389458948
250.57077697643544 36.23665806000649
250.57069913907432 36.24297717400497
250.57889693741632 36.21144359765052
250.5788198093115 36.21776272025131
250.57874266096405 36.224081842740816
250.57866549236724 36.23040096511902
250.57858830351427 36.23672008738586
250.5867057654267 36.21150508993619
250.58662926491283 36.217824220620635
250.58655274432107 36.22414335119561
250.5864762036447 36.23046248166107
250.58639964287693 36.23678161201699
250.59436283985247 36.22420435703239
250.54742277104597 36.230149872148765
250.5553915165225 36.21757520385089
250.5553124849371 36.223894301687714
250.55523343260825 36.2302133994077
250.5551543595289 36.236532497010856
250.55507526569207 36.24285159449708
250.56320093501648 36.21763821186449
250.56312253117224 36.2239573179849
250.56304410674915 36.230276423990375
250.56296566174032 36.23659552988084
250.56288719613895 36.242914635656234
250.57108812167047 36.21138160288085
250.57101036597942 36.21770071733194
250.57093258988115 36.22401983166993
250.57085479336877 36.2303389458948
250.57077697643544 36.23665806000649
250.57069913907432 36.24297717400497
250.57062128127868 36.249296287890196
250.5788198093115 36.21776272025131
250.57874266096405 36.224081842740816
250.57866549236724 36.23040096511902
250.57858830351427 36.23672008738586
250.57851109439838 36.243039209541315
250.58662926491283 36.217824220620635
250.58655274432107 36.22414335119561
250.5864762036447 36.23046248166107
250.58639964287693 36.23678161201699
250.58632306201108 36.24310074226332
250.59428692710125 36.23052349551905
250.547343069901 36.236468961398494
250.5553124849371 36.223894301687714
250.55523343260825 36.2302133994077
250.5551543595289 36.236532497010856
250.55507526569207 36.24285159449708
250.5549961510909 36.24917069186639
250.56312253117224 36.2239573179849
250.56304410674915 36.230276423990375
250.56296566174032 36.23659552988084
250.56288719613895 36.242914635656234
250.56280870993803 36.24923374131657
250.57101036597942 36.21770071733194
250.57093258988115 36.22401983166993
250.57085479336877 36.2303389458948
250.57077697643544 36.23665806000649
250.57069913907432 36.24297717400497
250.57062128127868 36.249296287890196
250.57054340304148 36.25561540166213
250.57874266096405 36.224081842740816
250.57866549236724 36.23040096511902
250.57858830351427 36.23672008738586
250.57851109439838 36.243039209541315
250.57843386501278 36.24935833158533
250.58655274432107 36.22414335119561
250.5864762036447 36.23046248166107
250.58639964287693 36.23678161201699
250.58632306201108 36.24310074226332
250.5862464610404 36.24941987240001
250.59421099442352 36.23684263389795
250.55562848688675 36.19861790964
250.56359264579672 36.18604267953931
250.5635143447432 36.192361786233946
250.5634360231453 36.198680892813826
250.56335768099615 36.20499999927889
250.56327931828883 36.21131910562913
250.57139894049868 36.186105143946406
250.5713212663684 36.19242425884946
250.57124357185813 36.19874337363958
250.5711658569611 36.20506248831671
250.57108812167047 36.21138160288085
250.57928227453897 36.17984798297892
250.57920524754545 36.18616710613547
250.57912820034318 36.192486229180936
250.57905113292543 36.19880535211531
250.5789740452854 36.2051244749385
250.57889693741632 36.21144359765052
250.5788198093115 36.21776272025131
250.5870115668374 36.18622856610454
250.58693514656795 36.19254769722645
250.58685870624754 36.198866828239076
250.58678224586933 36.20518595914233
250.5867057654267 36.21150508993619
250.59481789827487 36.18628952385169
250.59474210494315 36.19260866298408
250.59466629172482 36.198927802008946
250.59459045861325 36.20524694092625
250.59451460560174 36.211566079735945
250.6024738892575 36.19898827342303
250.55547052737123 36.21125610589732
250.5634360231453 36.198680892813826
250.56335768099615 36.20499999927889
250.56327931828883 36.21131910562913
250.56320093501648 36.21763821186449
250.56312253117224 36.2239573179849
250.57124357185813 36.19874337363958
250.5711658569611 36.20506248831671
250.57108812167047 36.21138160288085
250.57101036597942 36.21770071733194
250.57093258988115 36.22401983166993
250.57912820034318 36.192486229180936
250.57905113292543 36.19880535211531
250.5789740452854 36.2051244749385
250.57889693741632 36.21144359765052
250.5788198093115 36.21776272025131
250.57874266096405 36.224081842740816
250.57866549236724 36.23040096511902
250.58685870624754 36.198866828239076
250.58678224586933 36.20518595914233
250.5867057654267 36.21150508993619
250.58662926491283 36.217824220620635
250.58655274432107 36.22414335119561
250.59466629172482 36.198927802008946
250.59459045861325 36.20524694092625
250.59451460560174 36.211566079735945
250.5944387326837 36.217885218438006
250.59436283985247 36.22420435703239
250.6023234578418 36.211626567047865
250.5551543595289 36.236532497010856
250.56312253117224 36.2239573179849
250.56304410674915 36.230276423990375
250.56296566174032 36.23659552988084
250.56288719613895 36.242914635656234
250.56280870993803 36.24923374131657
250.57093258988115 36.22401983166993
250.57085479336877 36.2303389458948
250.57077697643544 36.23665806000649
250.57069913907432 36.24297717400497
250.57062128127868 36.249296287890196
250.5788198093115 36.21776272025131
250.57874266096405 36.224081842740816
250.57866549236724 36.23040096511902
250.57858830351427 36.23672008738586
250.57851109439838 36.243039209541315
250.57843386501278 36.24935833158533
250.57835661535063 36.255677453517876
250.58655274432107 36.22414335119561
250.5864762036447 36.23046248166107
250.58639964287693 36.23678161201699
250.58632306201108 36.24310074226332
250.5862464610404 36.24941987240001
250.59436283985247 36.22420435703239
250.59428692710125 36.23052349551905
250.59421099442352 36.23684263389795
250.59413504181245 36.24316177216905
250.5940590692615 36.24948091033233
250.602022358054 36.23690315302683
250.57108812167047 36.21138160288085
250.57905113292543 36.19880535211531
250.5789740452854 36.2051244749385
250.57889693741632 36.21144359765052
250.5788198093115 36.21776272025131
250.57874266096405 36.224081842740816
250.58685870624754 36.198866828239076
250.58678224586933 36.20518595914233
250.5867057654267 36.21150508993619
250.58662926491283 36.217824220620635
250.58655274432107 36.22414335119561
250.59474210494315 36.19260866298408
250.59466629172482 36.198927802008946
250.59459045861325 36.20524694092625
250.59451460560174 36.211566079735945
250.5944387326837 36.217885218438006
250.59436283985247 36.22420435703239
250.59428692710125 36.23052349551905
250.6024738892575 36.19898827342303
250.60239868341733 36.205307420288364
250.6023234578418 36.211626567047865
250.60224821252427 36.21794571370151
250.60217294745826 36.224264860249235
250.610281498746 36.19904824247942
250.6102069201819 36.20536739722678
250.61013232204698 36.211686551870066
250.6100577043348 36.21800570640924
250.60998306703866 36.224324860844256
250.61794119811756 36.211746034200644
250.57085479336877 36.2303389458948
250.5788198093115 36.21776272025131
250.57874266096405 36.224081842740816
250.57866549236724 36.23040096511902
250.57858830351427 36.23672008738586
250.57851109439838 36.243039209541315
250.58662926491283 36.217824220620635
250.58655274432107 36.22414335119561
250.5864762036447 36.23046248166107
250.58639964287693 36.23678161201699
250.58632306201108 36.24310074226332
250.59451460560174 36.211566079735945
250.5944387326837 36.217885218438006
250.59436283985247 36.22420435703239
250.59428692710125 36.23052349551905
250.59421099442352 36.23684263389795
250.59413504181245 36.24316177216905
250.5940590692615 36.24948091033233
250.60224821252427 36.21794571370151
250.60217294745826 36.224264860249235
250.60209766263702 36.230584006691025
250.602022358054 36.23690315302683
250.6019470337026 36.24322229925661
250.6100577043348 36.21800570640924
250.60998306703866 36.224324860844256
250.60990841015214 36.23064401517511
250.60983373366858 36.236963169401726
250.60975903758145 36.2432823235241
250.61771916954666 36.23070352096941
250.57889693741632 36.21144359765052
250.58685870624754 36.198866828239076
250.58678224586933 36.20518595914233
250.5867057654267 36.21150508993619
250.58662926491283 36.217824220620635
250.58655274432107 36.22414335119561
250.59466629172482 36.198927802008946
250.59459045861325 36.20524694092625
250.59451460560174 36.211566079735945
250.5944387326837 36.217885218438006
250.59436283985247 36.22420435703239
250.60254907536898 36.19266912645191
250.6024738892575 36.19898827342303
250.60239868341733 36.205307420288364
250.6023234578418 36.211626567047865
250.60224821252427 36.21794571370151
250.60217294745826 36.224264860249235
250.60209766263702 36.230584006691025
250.610281498746 36.19904824247942
250.6102069201819 36.20536739722678
250.61013232204698 36.211686551870066
250.6100577043348 36.21800570640924
250.60998306703866 36.224324860844256
250.61808912009056 36.19910770917623
250.6180151688072 36.205426871739604
250.61794119811756 36.211746034200644
250.61786720801533 36.21806519655931
250.6177931984938 36.224384358815584
250.62575008595383 36.21180501403776
250.57874266096405 36.224081842740816
250.5867057654267 36.21150508993619
250.58662926491283 36.217824220620635
250.58655274432107 36.22414335119561
250.5864762036447 36.23046248166107
250.58639964287693 36.23678161201699
250.59451460560174 36.211566079735945
250.5944387326837 36.217885218438006
250.59436283985247 36.22420435703239
250.59428692710125 36.23052349551905
250.59421099442352 36.23684263389795
250.60239868341733 36.205307420288364
250.6023234578418 36.211626567047865
250.60224821252427 36.21794571370151
250.60217294745826 36.224264860249235
250.60209766263702 36.230584006691025
250.602022358054 36.23690315302683
250.6019470337026 36.24322229925661
250.61013232204698 36.211686551870066
250.6100577043348 36.21800570640924
250.60998306703866 36.224324860844256
250.60990841015214 36.23064401517511
250.60983373366858 36.236963169401726
250.61794119811756 36.211746034200644
250.61786720801533 36.21806519655931
250.6177931984938 36.224384358815584
250.61771916954666 36.23070352096941
250.6176451211673 36.23702268302078
250.62560334172392 36.22444335416134
250.57866549236724 36.23040096511902
250.58662926491283 36.217824220620635
250.58655274432107 36.22414335119561
250.5864762036447 36.23046248166107
250.58639964287693 36.23678161201699
250.58632306201108 36.24310074226332
250.5944387326837 36.217885218438006
250.59436283985247 36.22420435703239
250.59428692710125 36.23052349551905
250.59421099442352 36.23684263389795
250.59413504181245 36.24316177216905
250.6023234578418 36.211626567047865
250.60224821252427 36.21794571370151
250.60217294745826 36.224264860249235
250.60209766263702 36.230584006691025
250.602022358054 36.23690315302683
250.6019470337026 36.24322229925661
250.60187168957614 36.249541445380345
250.6100577043348 36.21800570640924
250.60998306703866 36.224324860844256
250.60990841015214 36.23064401517511
250.60983373366858 36.236963169401726
250.60975903758145 36.2432823235241
250.61786720801533 36.21806519655931
250.6177931984938 36.224384358815584
250.61771916954666 36.23070352096941
250.6176451211673 36.23702268302078
250.61757105334917 36.24334184496962
250.62552994072072 36.230762524072084
250.57858830351427 36.23672008738586
250.58655274432107 36.22414335119561
250.5864762036447 36.23046248166107
250.58639964287693 36.23678161201699
250.58632306201108 36.24310074226332
250.5862464610404 36.24941987240001
250.59436283985247 36.22420435703239
250.59428692710125 36.23052349551905
250.59421099442352 36.23684263389795
250.59413504181245 36.24316177216905
250.5940590692615 36.24948091033233
250.60224821252427 36.21794571370151
250.60217294745826 36.224264860249235
250.60209766263702 36.230584006691025
250.602022358054 36.23690315302683
250.6019470337026 36.24322229925661
250.60187168957614 36.249541445380345
250.601796325668 36.255860591397976
250.60998306703866 36.224324860844256
250.60990841015214 36.23064401517511
250.60983373366858 36.236963169401726
250.60975903758145 36.2432823235241
250.60968432188426 36.24960147754217
250.6177931984938 36.224384358815584
250.61771916954666 36.23070352096941
250.6176451211673 36.23702268302078
250.61757105334917 36.24334184496962
250.6174969660858 36.24966100681592
250.62545652045011 36.23708169388209
250.58655274432107 36.22414335119561
250.59451460560174 36.211566079735945
250.5944387326837 36.217885218438006
250.59436283985247 36.22420435703239
250.59428692710125 36.23052349551905
250.59421099442352 36.23684263389795
250.6023234578418 36.211626567047865
250.60224821252427 36.21794571370151
250.60217294745826 36.224264860249235
250.60209766263702 36.230584006691025
250.602022358054 36.23690315302683
250.6102069201819 36.20536739722678
250.61013232204698 36.211686551870066
250.6100577043348 36.21800570640924
250.60998306703866 36.224324860844256
250.60990841015214 36.23064401517511
250.60983373366858 36.236963169401726
250.60975903758145 36.2432823235241
250.61794119811756 36.211746034200644
250.61786720801533 36.21806519655931
250.6177931984938 36.224384358815584
250.61771916954666 36.23070352096941
250.6176451211673 36.23702268302078
250.62575008595383 36.21180501403776
250.62567672346614 36.21812418414988
250.62560334172392 36.22444335416134
250.62552994072072 36.230762524072084
250.62545652045011 36.23708169388209
250.6334134966291 36.22450184687967
250.5864762036447 36.23046248166107
250.5944387326837 36.217885218438006
250.59436283985247 36.22420435703239
250.59428692710125 36.23052349551905
250.59421099442352 36.23684263389795
250.59413504181245 36.24316177216905
250.60224821252427 36.21794571370151
250.60217294745826 36.224264860249235
250.60209766263702 36.230584006691025
250.602022358054 36.23690315302683
250.6019470337026 36.24322229925661
250.61013232204698 36.211686551870066
250.6100577043348 36.21800570640924
250.60998306703866 36.224324860844256
250.60990841015214 36.23064401517511
250.60983373366858 36.236963169401726
250.60975903758145 36.2432823235241
250.60968432188426 36.24960147754217
250.61786720801533 36.21806519655931
250.6177931984938 36.224384358815584
250.61771916954666 36.23070352096941
250.6176451211673 36.23702268302078
250.61757105334917 36.24334184496962
250.62567672346614 36.21812418414988
250.62560334172392 36.22444335416134
250.62552994072072 36.230762524072084
250.62545652045011 36.23708169388209
250.6253830809057 36.24340086359132
250.63334072357446 36.23082102448127
250.58639964287693 36.23678161201699
250.59436283985247 36.22420435703239
250.59428692710125 36.23052349551905
250.59421099442352 36.23684263389795
250.59413504181245 36.24316177216905
250.5940590692615 36.24948091033233
250.60217294745826 36.224264860249235
250.60209766263702 36.230584006691025
250.602022358054 36.23690315302683
250.6019470337026 36.24322229925661
250.60187168957614 36.249541445380345
250.6100577043348 36.21800570640924
250.60998306703866 36.224324860844256
250.60990841015214 36.23064401517511
250.60983373366858 36.236963169401726
250.60975903758145 36.2432823235241
250.60968432188426 36.24960147754217
250.60960958657026 36.25592063145591
250.6177931984938 36.224384358815584
250.61771916954666 36.23070352096941
250.6176451211673 36.23702268302078
250.61757105334917 36.24334184496962
250.6174969660858 36.24966100681592
250.62560334172392 36.22444335416134
250.62552994072072 36.230762524072084
250.62545652045011 36.23708169388209
250.6253830809057 36.24340086359132
250.62530962208086 36.249720033199736
250.6332679314173 36.23714020198384
250.59436283985247 36.22420435703239
250.6023234578418 36.211626567047865
250.60224821252427 36.21794571370151
250.60217294745826 36.224264860249235
250.60209766263702 36.230584006691025
250.602022358054 36.23690315302683
250.61013232204698 36.211686551870066
250.6100577043348 36.21800570640924
250.60998306703866 36.224324860844256
250.60990841015214 36.23064401517511
250.60983373366858 36.236963169401726
250.6180151688072 36.205426871739604
250.61794119811756 36.211746034200644
250.61786720801533 36.21806519655931
250.6177931984938 36.224384358815584
250.61771916954666 36.23070352096941
250.6176451211673 36.23702268302078
250.61757105334917 36.24334184496962
250.62575008595383 36.21180501403776
250.62567672346614 36.21812418414988
250.62560334172392 36.22444335416134
250.62552994072072 36.230762524072084
250.62545652045011 36.23708169388209
250.633558985456 36.211863491379546
250.63348625058742 36.21818266917909
250.6334134966291 36.22450184687967
250.63334072357446 36.23082102448127
250.6332679314173 36.23714020198384
250.64122366310943 36.22455983696876
250.59428692710125 36.23052349551905
250.60224821252427 36.21794571370151
250.60217294745826 36.224264860249235
250.60209766263702 36.230584006691025
250.602022358054 36.23690315302683
250.6019470337026 36.24322229925661
250.6100577043348 36.21800570640924
250.60998306703866 36.224324860844256
250.60990841015214 36.23064401517511
250.60983373366858 36.236963169401726
250.60975903758145 36.2432823235241
250.61794119811756 36.211746034200644
250.61786720801533 36.21806519655931
250.6177931984938 36.224384358815584
250.61771916954666 36.23070352096941
250.6176451211673 36.23702268302078
250.61757105334917 36.24334184496962
250.6174969660858 36.24966100681592
250.62567672346614 36.21812418414988
250.62560334172392 36.22444335416134
250.62552994072072 36.230762524072084
250.62545652045011 36.23708169388209
250.6253830809057 36.24340086359132
250.63348625058742 36.21818266917909
250.6334134966291 36.22450184687967
250.63334072357446 36.23082102448127
250.6332679314173 36.23714020198384
250.63319512015104 36.24345937938733
250.641151518008 36.23087902219512
250.59421099442352 36.23684263389795
250.60217294745826 36.224264860249235
250.60209766263702 36.230584006691025
250.602022358054 36.23690315302683
250.6019470337026 36.24322229925661
250.60187168957614 36.249541445380345
250.60998306703866 36.224324860844256
250.60990841015214 36.23064401517511
250.60983373366858 36.236963169401726
250.60975903758145 36.2432823235241
250.60968432188426 36.24960147754217
250.61786720801533 36.21806519655931
250.6177931984938 36.224384358815584
250.61771916954666 36.23070352096941
250.6176451211673 36.23702268302078
250.61757105334917 36.24334184496962
250.6174969660858 36.24966100681592
250.61742285937072 36.255980168559624
250.62560334172392 36.22444335416134
250.62552994072072 36.230762524072084
250.62545652045011 36.23708169388209
250.6253830809057 36.24340086359132
250.62530962208086 36.249720033199736
250.6334134966291 36.22450184687967
250.63334072357446 36.23082102448127
250.6332679314173 36.23714020198384
250.63319512015104 36.24345937938733
250.6331222897694 36.249778556691744
250.64107935396876 36.23719820732417
250.59413504181245 36.24316177216905
250.60209766263702 36.230584006691025
250.602022358054 36.23690315302683
250.6019470337026 36.24322229925661
250.60187168957614 36.249541445380345
250.601796325668 36.255860591397976
250.60990841015214 36.23064401517511
250.60983373366858 36.236963169401726
250.60975903758145 36.2432823235241
250.60968432188426 36.24960147754217
250.60960958657026 36.25592063145591
250.6177931984938 36.224384358815584
250.61771916954666 36.23070352096941
250.6176451211673 36.23702268302078
250.61757105334917 36.24334184496962
250.6174969660858 36.24966100681592
250.61742285937072 36.255980168559624
250.61734873319733 36.26229933020072
250.62552994072072 36.230762524072084
250.62545652045011 36.23708169388209
250.6253830809057 36.24340086359132
250.62530962208086 36.249720033199736
250.6252361439693 36.256039202707285
250.63334072357446 36.23082102448127
250.6332679314173 36.23714020198384
250.63319512015104 36.24345937938733
250.6331222897694 36.249778556691744
250.63304944026592 36.25609773389701
250.64100717098532 36.243517392355834
250.5940590692615 36.24948091033233
250.602022358054 36.23690315302683
250.6019470337026 36.24322229925661
250.60187168957614 36.249541445380345
250.601796325668 36.255860591397976
250.60172094197156 36.262179737309474
250.60983373366858 36.236963169401726
250.60975903758145 36.2432823235241
250.60968432188426 36.24960147754217
250.60960958657026 36.25592063145591
250.60953483163303 36.26223978526527
250.61771916954666 36.23070352096941
250.6176451211673 36.23702268302078
250.61757105334917 36.24334184496962
250.6174969660858 36.24966100681592
250.61742285937072 36.255980168559624
250.61734873319733 36.26229933020072
250.61727458755917 36.26861849173915
250.62545652045011 36.23708169388209
250.6253830809057 36.24340086359132
250.62530962208086 36.249720033199736
250.6252361439693 36.256039202707285
250.6251626465644 36.26235837211395
250.6332679314173 36.23714020198384
250.63319512015104 36.24345937938733
250.6331222897694 36.249778556691744
250.63304944026592 36.25609773389701
250.63297657163423 36.26241691100311
250.64093496905141 36.249836577290125
250.59398307676392 36.25580004838773
250.6019470337026 36.24322229925661
250.60187168957614 36.249541445380345
250.601796325668 36.255860591397976
250.60172094197156 36.262179737309474
250.60164553848023 36.2684988831148
250.60975903758145 36.2432823235241
250.60968432188426 36.24960147754217
250.60960958657026 36.25592063145591
250.60953483163303 36.26223978526527
250.60946005706592 36.26855893897023
250.6176451211673 36.23702268302078
250.61757105334917 36.24334184496962
250.6174969660858 36.24966100681592
250.61742285937072 36.255980168559624
250.61734873319733 36.26229933020072
250.61727458755917 36.26861849173915
250.61720042244968 36.27493765317488
250.6253830809057 36.24340086359132
250.62530962208086 36.249720033199736
250.6252361439693 36.256039202707285
250.6251626465644 36.26235837211395
250.62508912985984 36.2686775414197
250.63319512015104 36.24345937938733
250.6331222897694 36.249778556691744
250.63304944026592 36.25609773389701
250.63297657163423 36.26241691100311
250.63290368386785 36.26873608801001
250.64086274816057 36.25615576212698
250.59390706431304 36.26211918633521
250.60187168957614 36.249541445380345
250.601796325668 36.255860591397976
250.60172094197156 36.262179737309474
250.60164553848023 36.2684988831148
250.60157011518726 36.27481802881391
250.60968432188426 36.24960147754217
250.60960958657026 36.25592063145591
250.60953483163303 36.26223978526527
250.60946005706592 36.26855893897023
250.60938526286233 36.27487809257073
250.61757105334917 36.24334184496962
250.6174969660858 36.24966100681592
250.61742285937072 36.255980168559624
250.61734873319733 36.26229933020072
250.61727458755917 36.26861849173915
250.61720042244968 36.27493765317488
250.6171262378623 36.28125681450788
250.62530962208086 36.249720033199736
250.6252361439693 36.256039202707285
250.6251626465644 36.26235837211395
250.62508912985984 36.2686775414197
250.6250155938491 36.27499671062448
250.6331222897694 36.249778556691744
250.63304944026592 36.25609773389701
250.63297657163423 36.26241691100311
250.63290368386785 36.26873608801001
250.6328307769604 36.27505526491766
250.6407905083066 36.26247494686636
250.60187168957614 36.249541445380345
250.60983373366858 36.236963169401726
250.60975903758145 36.2432823235241
250.60968432188426 36.24960147754217
250.60960958657026 36.25592063145591
250.60953483163303 36.26223978526527
250.6176451211673 36.23702268302078
250.61757105334917 36.24334184496962
250.6174969660858 36.24966100681592
250.61742285937072 36.255980168559624
250.61734873319733 36.26229933020072
250.62552994072072 36.230762524072084
250.62545652045011 36.23708169388209
250.6253830809057 36.24340086359132
250.62530962208086 36.249720033199736
250.6252361439693 36.256039202707285
250.6251626465644 36.26235837211395
250.62508912985984 36.2686775414197
250.6332679314173 36.23714020198384
250.63319512015104 36.24345937938733
250.6331222897694 36.249778556691744
250.63304944026592 36.25609773389701
250.63297657163423 36.26241691100311
250.64107935396876 36.23719820732417
250.64100717098532 36.243517392355834
250.64093496905141 36.249836577290125
250.64086274816057 36.25615576212698
250.6407905083066 36.26247494686636
250.64874765982682 36.24989409499305
250.601796325668 36.255860591397976
250.60975903758145 36.2432823235241
250.60968432188426 36.24960147754217
250.60960958657026 36.25592063145591
250.60953483163303 36.26223978526527
250.60946005706592 36.26855893897023
250.61757105334917 36.24334184496962
250.6174969660858 36.24966100681592
250.61742285937072 36.255980168559624
250.61734873319733 36.26229933020072
250.61727458755917 36.26861849173915
250.62545652045011 36.23708169388209
250.6253830809057 36.24340086359132
250.62530962208086 36.249720033199736
250.6252361439693 36.256039202707285
250.6251626465644 36.26235837211395
250.62508912985984 36.2686775414197
250.6250155938491 36.27499671062448
250.63319512015104 36.24345937938733
250.6331222897694 36.249778556691744
250.63304944026592 36.25609773389701
250.63297657163423 36.26241691100311
250.63290368386785 36.26873608801001
250.64100717098532 36.243517392355834
250.64093496905141 36.249836577290125
250.64086274816057 36.25615576212698
250.6407905083066 36.26247494686636
250.64071824948297 36.26879413150825
250.64867606755323 36.256213287395354
250.60172094197156 36.262179737309474
250.60968432188426 36.24960147754217
250.60960958657026 36.25592063145591
250.60953483163303 36.26223978526527
250.60946005706592 36.26855893897023
250.60938526286233 36.27487809257073
250.6174969660858 36.24966100681592
250.61742285937072 36.255980168559624
250.61734873319733 36.26229933020072
250.61727458755917 36.26861849173915
250.61720042244968 36.27493765317488
250.6253830809057 36.24340086359132
250.62530962208086 36.249720033199736
250.6252361439693 36.256039202707285
250.6251626465644 36.26235837211395
250.62508912985984 36.2686775414197
250.6250155938491 36.27499671062448
250.6249420385256 36.281315879728254
250.6331222897694 36.249778556691744
250.63304944026592 36.25609773389701
250.63297657163423 36.26241691100311
250.63290368386785 36.26873608801001
250.6328307769604 36.27505526491766
250.64093496905141 36.249836577290125
250.64086274816057 36.25615576212698
250.6407905083066 36.26247494686636
250.64071824948297 36.26879413150825
250.64064597168343 36.2751133160526
250.64860445648145 36.26253247970189
250.60164553848023 36.2684988831148
250.60960958657026 36.25592063145591
250.60953483163303 36.26223978526527
250.60946005706592 36.26855893897023
250.60938526286233 36.27487809257073
250.60931044901577 36.28119724606676
250.61742285937072 36.255980168559624
250.61734873319733 36.26229933020072
250.61727458755917 36.26861849173915
250.61720042244968 36.27493765317488
250.6171262378623 36.28125681450788
250.62530962208086 36.249720033199736
250.6252361439693 36.256039202707285
250.6251626465644 36.26235837211395
250.62508912985984 36.2686775414197
250.6250155938491 36.27499671062448
250.6249420385256 36.281315879728254
250.62486846388302 36.28763504873101
250.63304944026592 36.25609773389701
250.63297657163423 36.26241691100311
250.63290368386785 36.26873608801001
250.6328307769604 36.27505526491766
250.63275785090548 36.28137444172604
250.64086274816057 36.25615576212698
250.6407905083066 36.26247494686636
250.64071824948297 36.26879413150825
250.64064597168343 36.2751133160526
250.64057367490162 36.28143250049938
250.64853282660516 36.2688516719126
250.60953483163303 36.26223978526527
250.6174969660858 36.24966100681592
250.61742285937072 36.255980168559624
250.61734873319733 36.26229933020072
250.61727458755917 36.26861849173915
250.61720042244968 36.27493765317488
250.62530962208086 36.249720033199736
250.6252361439693 36.256039202707285
250.6251626465644 36.26235837211395
250.62508912985984 36.2686775414197
250.6250155938491 36.27499671062448
250.63319512015104 36.24345937938733
250.6331222897694 36.249778556691744
250.63304944026592 36.25609773389701
250.63297657163423 36.26241691100311
250.63290368386785 36.26873608801001
250.6328307769604 36.27505526491766
250.63275785090548 36.28137444172604
250.64093496905141 36.249836577290125
250.64086274816057 36.25615576212698
250.6407905083066 36.26247494686636
250.64071824948297 36.26879413150825
250.64064597168343 36.2751133160526
250.64874765982682 36.24989409499305
250.64867606755323 36.256213287395354
250.64860445648145 36.26253247970189
250.64853282660516 36.2688516719126
250.64846117791808 36.275170864027466
250.65641841605876 36.26258950950787
250.61727458755917 36.26861849173915
250.6252361439693 36.256039202707285
250.6251626465644 36.26235837211395
250.62508912985984 36.2686775414197
250.6250155938491 36.27499671062448
250.6249420385256 36.281315879728254
250.63304944026592 36.25609773389701
250.63297657163423 36.26241691100311
250.63290368386785 36.26873608801001
250.6328307769604 36.27505526491766
250.63275785090548 36.28137444172604
250.64093496905141 36.249836577290125
250.64086274816057 36.25615576212698
250.6407905083066 36.26247494686636
250.64071824948297 36.26879413150825
250.64064597168343 36.2751133160526
250.64057367490162 36.28143250049938
250.6405013591311 36.28775168484855
250.64867606755323 36.256213287395354
250.64860445648145 36.26253247970189
250.64853282660516 36.2688516719126
250.64846117791808 36.275170864027466
250.6483895104139 36.281490056046465
250.65648939834384 36.25627030970036
250.65641841605876 36.26258950950787
250.65634741513426 36.26890870922125
250.65627639556413 36.27522790884046
250.65620535734206 36.28154710836548
250.66416201497015 36.26896524343242
250.6249420385256 36.281315879728254
250.63290368386785 36.26873608801001
250.6328307769604 36.27505526491766
250.63275785090548 36.28137444172604
250.6326849056966 36.2876936184351
250.63261194132738 36.29401279504482
250.64071824948297 36.26879413150825
250.64064597168343 36.2751133160526
250.64057367490162 36.28143250049938
250.6405013591311 36.28775168484855
250.64042902436552 36.29407086910008
250.64860445648145 36.26253247970189
250.64853282660516 36.2688516719126
250.64846117791808 36.275170864027466
250.6483895104139 36.281490056046465
250.6483178240862 36.287809247969534
250.64824611892885 36.294128439796665
250.64817439493535 36.30044763152782
250.65634741513426 36.26890870922125
250.65627639556413 36.27522790884046
250.65620535734206 36.28154710836548
250.65613430046176 36.28786630779626
250.65606322491703 36.29418550713275
250.66416201497015 36.26896524343242
250.6640916245214 36.27528445048979
250.66402121558585 36.28160365745464
250.66395078815745 36.287922864326895
250.66388034222987 36.294242071106545
250.6718370850452 36.28165970331215
250.62486846388302 36.28763504873101
250.6328307769604 36.27505526491766
250.63275785090548 36.28137444172604
250.6326849056966 36.2876936184351
250.63261194132738 36.29401279504482
250.6325389577914 36.30033197155514
250.64064597168343 36.2751133160526
250.64057367490162 36.28143250049938
250.6405013591311 36.28775168484855
250.64042902436552 36.29407086910008
250.64035667059855 36.300390053253935
250.64853282660516 36.2688516719126
250.64846117791808 36.275170864027466
250.6483895104139 36.281490056046465
250.6483178240862 36.287809247969534
250.64824611892885 36.294128439796665
250.64817439493535 36.30044763152782
250.6481026520995 36.30676682316293
250.65627639556413 36.27522790884046
250.65620535734206 36.28154710836548
250.65613430046176 36.28786630779626
250.65606322491703 36.29418550713275
250.65599213070163 36.300504706374944
250.6640916245214 36.27528445048979
250.66402121558585 36.28160365745464
250.66395078815745 36.287922864326895
250.66388034222987 36.294242071106545
250.66380987779692 36.30056127779356
250.671767287073 36.287978917559705
250.62472125661438 36.30027338643325
250.6326849056966 36.2876936184351
250.63261194132738 36.29401279504482
250.6325389577914 36.30033197155514
250.6324659550823 36.30665114796605
250.63239293319344 36.3129703242775
250.6405013591311 36.28775168484855
250.64042902436552 36.29407086910008
250.64035667059855 36.300390053253935
250.64028429782377 36.30670923731007
250.6402119060348 36.31302842126847
250.6483895104139 36.281490056046465
250.6483178240862 36.287809247969534
250.64824611892885 36.294128439796665
250.64817439493535 36.30044763152782
250.6481026520995 36.30676682316293
250.648030890415 36.313086014702016
250.64795910987542 36.31940520614498
250.65613430046176 36.28786630779626
250.65606322491703 36.29418550713275
250.65599213070163 36.300504706374944
250.65592101780922 36.306823905522805
250.6558498862336 36.31314310457629
250.66395078815745 36.287922864326895
250.66388034222987 36.294242071106545
250.66380987779692 36.30056127779356
250.66373939485246 36.3068804843879
250.6636688933902 36.31319969088954
250.671627636121 36.30061734578187
250.62464762397542 36.30659255513268
250.63261194132738 36.29401279504482
250.6325389577914 36.30033197155514
250.6324659550823 36.30665114796605
250.63239293319344 36.3129703242775
250.63231989211857 36.31928950048946
250.64042902436552 36.29407086910008
250.64035667059855 36.300390053253935
250.64028429782377 36.30670923731007
250.6402119060348 36.31302842126847
250.6401394952253 36.31934760512909
250.6483178240862 36.287809247969534
250.64824611892885 36.294128439796665
250.64817439493535 36.30044763152782
250.6481026520995 36.30676682316293
250.648030890415 36.313086014702016
250.64795910987542 36.31940520614498
250.64788731047446 36.32572439749185
250.65606322491703 36.29418550713275
250.65599213070163 36.300504706374944
250.65592101780922 36.306823905522805
250.6558498862336 36.31314310457629
250.65577873596843 36.31946230353537
250.66388034222987 36.294242071106545
250.66380987779692 36.30056127779356
250.66373939485246 36.3068804843879
250.6636688933902 36.31319969088954
250.66359837340394 36.319518897298416
250.67155778312886 36.306936559756444
250.62457397199137 36.31291172373092
250.6325389577914 36.30033197155514
250.6324659550823 36.30665114796605
250.63239293319344 36.3129703242775
250.63231989211857 36.31928950048946
250.63224683185118 36.325608676601895
250.64035667059855 36.300390053253935
250.64028429782377 36.30670923731007
250.6402119060348 36.31302842126847
250.6401394952253 36.31934760512909
250.64006706538888 36.32566678889188
250.64824611892885 36.294128439796665
250.64817439493535 36.30044763152782
250.6481026520995 36.30676682316293
250.648030890415 36.313086014702016
250.64795910987542 36.31940520614498
250.64788731047446 36.32572439749185
250.6478154922058 36.332043588742565
250.65599213070163 36.300504706374944
250.65592101780922 36.306823905522805
250.6558498862336 36.31314310457629
250.65577873596843 36.31946230353537
250.65570756700748 36.325781502400005
250.66380987779692 36.30056127779356
250.66373939485246 36.3068804843879
250.6636688933902 36.31319969088954
250.66359837340394 36.319518897298416
250.66352783488747 36.32583810361452
250.6714879117844 36.313255773639945
250.63275785090548 36.28137444172604
250.64071824948297 36.26879413150825
250.64064597168343 36.2751133160526
250.64057367490162 36.28143250049938
250.6405013591311 36.28775168484855
250.64042902436552 36.29407086910008
250.64853282660516 36.2688516719126
250.64846117791808 36.275170864027466
250.6483895104139 36.281490056046465
250.6483178240862 36.287809247969534
250.64824611892885 36.294128439796665
250.65641841605876 36.26258950950787
250.65634741513426 36.26890870922125
250.65627639556413 36.27522790884046
250.65620535734206 36.28154710836548
250.65613430046176 36.28786630779626
250.65606322491703 36.29418550713275
250.65599213070163 36.300504706374944
250.66416201497015 36.26896524343242
250.6640916245214 36.27528445048979
250.66402121558585 36.28160365745464
250.66395078815745 36.287922864326895
250.66388034222987 36.294242071106545
250.67197662601265 36.269021274544315
250.6719068646897 36.27534048897368
250.6718370850452 36.28165970331215
250.671767287073 36.287978917559705
250.67169747076701 36.29429813171628
250.6796529656198 36.28171524593627
250.6326849056966 36.2876936184351
250.64064597168343 36.2751133160526
250.64057367490162 36.28143250049938
250.6405013591311 36.28775168484855
250.64042902436552 36.29407086910008
250.64035667059855 36.300390053253935
250.64846117791808 36.275170864027466
250.6483895104139 36.281490056046465
250.6483178240862 36.287809247969534
250.64824611892885 36.294128439796665
250.64817439493535 36.30044763152782
250.65634741513426 36.26890870922125
250.65627639556413 36.27522790884046
250.65620535734206 36.28154710836548
250.65613430046176 36.28786630779626
250.65606322491703 36.29418550713275
250.65599213070163 36.300504706374944
250.65592101780922 36.306823905522805
250.6640916245214 36.27528445048979
250.66402121558585 36.28160365745464
250.66395078815745 36.287922864326895
250.66388034222987 36.294242071106545
250.66380987779692 36.30056127779356
250.6719068646897 36.27534048897368
250.6718370850452 36.28165970331215
250.671767287073 36.287978917559705
250.67169747076701 36.29429813171628
250.671627636121 36.30061734578187
250.67958379710825 36.2880344674929
250.63239293319344 36.3129703242775
250.64035667059855 36.300390053253935
250.64028429782377 36.30670923731007
250.6402119060348 36.31302842126847
250.6401394952253 36.31934760512909
250.64006706538888 36.32566678889188
250.64817439493535 36.30044763152782
250.6481026520995 36.30676682316293
250.648030890415 36.313086014702016
250.64795910987542 36.31940520614498
250.64788731047446 36.32572439749185
250.65606322491703 36.29418550713275
250.65599213070163 36.300504706374944
250.65592101780922 36.306823905522805
250.6558498862336 36.31314310457629
250.65577873596843 36.31946230353537
250.65570756700748 36.325781502400005
250.6556363793445 36.33210070117017
250.66380987779692 36.30056127779356
250.66373939485246 36.3068804843879
250.6636688933902 36.31319969088954
250.66359837340394 36.319518897298416
250.66352783488747 36.32583810361452
250.671627636121 36.30061734578187
250.67155778312886 36.306936559756444
250.6714879117844 36.313255773639945
250.6714180220815 36.319574987432375
250.67134811401394 36.325894201133664
250.6793069413158 36.313311352825785
250.64057367490162 36.28143250049938
250.64853282660516 36.2688516719126
250.64846117791808 36.275170864027466
250.6483895104139 36.281490056046465
250.6483178240862 36.287809247969534
250.64824611892885 36.294128439796665
250.65634741513426 36.26890870922125
250.65627639556413 36.27522790884046
250.65620535734206 36.28154710836548
250.65613430046176 36.28786630779626
250.65606322491703 36.29418550713275
250.66423238693838 36.262646036282526
250.66416201497015 36.26896524343242
250.6640916245214 36.27528445048979
250.66402121558585 36.28160365745464
250.66395078815745 36.287922864326895
250.66388034222987 36.294242071106545
250.66380987779692 36.30056127779356
250.67197662601265 36.269021274544315
250.6719068646897 36.27534048897368
250.6718370850452 36.28165970331215
250.671767287073 36.287978917559705
250.67169747076701 36.29429813171628
250.67979124816168 36.2690768025552
250.67972211596893 36.27539602429037
250.6796529656198 36.28171524593627
250.67958379710825 36.2880344674929
250.67951461042819 36.29435368896019
250.68746885720944 36.28177028532527
250.6405013591311 36.28775168484855
250.64846117791808 36.275170864027466
250.6483895104139 36.281490056046465
250.6483178240862 36.287809247969534
250.64824611892885 36.294128439796665
250.64817439493535 36.30044763152782
250.65627639556413 36.27522790884046
250.65620535734206 36.28154710836548
250.65613430046176 36.28786630779626
250.65606322491703 36.29418550713275
250.65599213070163 36.300504706374944
250.66416201497015 36.26896524343242
250.6640916245214 36.27528445048979
250.66402121558585 36.28160365745464
250.66395078815745 36.287922864326895
250.66388034222987 36.294242071106545
250.66380987779692 36.30056127779356
250.66373939485246 36.3068804843879
250.6719068646897 36.27534048897368
250.6718370850452 36.28165970331215
250.671767287073 36.287978917559705
250.67169747076701 36.29429813171628
250.671627636121 36.30061734578187
250.67972211596893 36.27539602429037
250.6796529656198 36.28171524593627
250.67958379710825 36.2880344674929
250.67951461042819 36.29435368896019
250.6794454055735 36.30067291033812
250.68740031816287 36.28808951412474
250.6483895104139 36.281490056046465
250.65634741513426 36.26890870922125
250.65627639556413 36.27522790884046
250.65620535734206 36.28154710836548
250.65613430046176 36.28786630779626
250.65606322491703 36.29418550713275
250.66416201497015 36.26896524343242
250.6640916245214 36.27528445048979
250.66402121558585 36.28160365745464
250.66395078815745 36.287922864326895
250.66388034222987 36.294242071106545
250.6720463690202 36.262702060024075
250.67197662601265 36.269021274544315
250.6719068646897 36.27534048897368
250.6718370850452 36.28165970331215
250.671767287073 36.287978917559705
250.67169747076701 36.29429813171628
250.671627636121 36.30061734578187
250.67979124816168 36.2690768025552
250.67972211596893 36.27539602429037
250.6796529656198 36.28171524593627
250.67958379710825 36.2880344674929
250.67951461042819 36.29435368896019
250.68760588131704 36.269131827463305
250.68753737825884 36.27545105643811
250.68746885720944 36.28177028532527
250.68740031816287 36.28808951412474
250.6873317611131 36.29440874283653
250.6952847597139 36.281824821477386
250.6478154922058 36.332043588742565
250.65577873596843 36.31946230353537
250.65570756700748 36.325781502400005
250.6556363793445 36.33210070117017
250.65556517297316 36.33841989984582
250.65549394788718 36.34473909842692
250.66359837340394 36.319518897298416
250.66352783488747 36.32583810361452
250.66345727783462 36.332157309837825
250.66338670223908 36.338476515968296
250.66331610809465 36.344795722005884
250.6714879117844 36.313255773639945
250.6714180220815 36.319574987432375
250.67134811401394 36.325894201133664
250.67127818757564 36.3322134147438
250.67120824276031 36.33853262826274
250.67113827956192 36.344851841690456
250.6710682979742 36.351171055026924
250.6792376819006 36.31963057393544
250.67916840428637 36.32594979495562
250.679099108467 36.332269015886276
250.6790297944364 36.338588236727375
250.67896046218831 36.3449074574789
250.68705735276083 36.31968565680591
250.6869887056043 36.326004885078675
250.6869200404082 36.33232411326353
250.6868513571666 36.33864334136046
250.68678265587334 36.344962569369436
250.69474098329874 36.332378706873826
250.65592101780922 36.306823905522805
250.66388034222987 36.294242071106545
250.66380987779692 36.30056127779356
250.66373939485246 36.3068804843879
250.6636688933902 36.31319969088954
250.66359837340394 36.319518897298416
250.67169747076701 36.29429813171628
250.671627636121 36.30061734578187
250.67155778312886 36.306936559756444
250.6714879117844 36.313255773639945
250.6714180220815 36.319574987432375
250.67958379710825 36.2880344674929
250.67951461042819 36.29435368896019
250.6794454055735 36.30067291033812
250.67937618253805 36.306992131626664
250.6793069413158 36.313311352825785
250.6792376819006 36.31963057393544
250.67916840428637 36.32594979495562
250.6873317611131 36.29440874283653
250.68726318605403 36.30072797146056
250.6871945929797 36.307047199996816
250.68712598188398 36.313366428445285
250.68705735276083 36.31968565680591
250.69514892272144 36.294463293343554
250.69508097746234 36.300782529147455
250.69501301435335 36.30710176486518
250.6949450333885 36.313421000496724
250.69487703456178 36.31974023604202
250.7028314465587 36.30715582623003
250.65577873596843 36.31946230353537
250.66373939485246 36.3068804843879
250.6636688933902 36.31319969088954
250.66359837340394 36.319518897298416
250.66352783488747 36.32583810361452
250.66345727783462 36.332157309837825
250.67155778312886 36.306936559756444
250.6714879117844 36.313255773639945
250.6714180220815 36.319574987432375
250.67134811401394 36.325894201133664
250.67127818757564 36.3322134147438
250.6794454055735 36.30067291033812
250.67937618253805 36.306992131626664
250.6793069413158 36.313311352825785
250.6792376819006 36.31963057393544
250.67916840428637 36.32594979495562
250.679099108467 36.332269015886276
250.6790297944364 36.338588236727375
250.6871945929797 36.307047199996816
250.68712598188398 36.313366428445285
250.68705735276083 36.31968565680591
250.6869887056043 36.326004885078675
250.6869200404082 36.33232411326353
250.69501301435335 36.30710176486518
250.6949450333885 36.313421000496724
250.69487703456178 36.31974023604202
250.69480901786721 36.326059471501075
250.69474098329874 36.332378706873826
250.70269672720295 36.31979431164208
250.65570756700748 36.325781502400005
250.6636688933902 36.31319969088954
250.66359837340394 36.319518897298416
250.66352783488747 36.32583810361452
250.66345727783462 36.332157309837825
250.66338670223908 36.338476515968296
250.6714879117844 36.313255773639945
250.6714180220815 36.319574987432375
250.67134811401394 36.325894201133664
250.67127818757564 36.3322134147438
250.67120824276031 36.33853262826274
250.67937618253805 36.306992131626664
250.6793069413158 36.313311352825785
250.6792376819006 36.31963057393544
250.67916840428637 36.32594979495562
250.679099108467 36.332269015886276
250.6790297944364 36.338588236727375
250.67896046218831 36.3449074574789
250.68712598188398 36.313366428445285
250.68705735276083 36.31968565680591
250.6869887056043 36.326004885078675
250.6869200404082 36.33232411326353
250.6868513571666 36.33864334136046
250.6949450333885 36.313421000496724
250.69487703456178 36.31974023604202
250.69480901786721 36.326059471501075
250.69474098329874 36.332378706873826
250.6946729308505 36.33869794216026
250.70262934097462 36.32611355422111
250.6556363793445 36.33210070117017
250.66359837340394 36.319518897298416
250.66352783488747 36.32583810361452
250.66345727783462 36.332157309837825
250.66338670223908 36.338476515968296
250.66331610809465 36.344795722005884
250.6714180220815 36.319574987432375
250.67134811401394 36.325894201133664
250.67127818757564 36.3322134147438
250.67120824276031 36.33853262826274
250.67113827956192 36.344851841690456
250.6793069413158 36.313311352825785
250.6792376819006 36.31963057393544
250.67916840428637 36.32594979495562
250.679099108467 36.332269015886276
250.6790297944364 36.338588236727375
250.67896046218831 36.3449074574789
250.6788911117168 36.3512266781408
250.68705735276083 36.31968565680591
250.6869887056043 36.326004885078675
250.6869200404082 36.33232411326353
250.6868513571666 36.33864334136046
250.68678265587334 36.344962569369436
250.69487703456178 36.31974023604202
250.69480901786721 36.326059471501075
250.69474098329874 36.332378706873826
250.6946729308505 36.33869794216026
250.69460486051628 36.34501717736034
250.70256193703807 36.33243279671543
250.65556517297316 36.33841989984582
250.66352783488747 36.32583810361452
250.66345727783462 36.332157309837825
250.66338670223908 36.338476515968296
250.66331610809465 36.344795722005884
250.66324549539513 36.351114927950555
250.67134811401394 36.325894201133664
250.67127818757564 36.3322134147438
250.67120824276031 36.33853262826274
250.67113827956192 36.344851841690456
250.6710682979742 36.351171055026924
250.6792376819006 36.31963057393544
250.67916840428637 36.32594979495562
250.679099108467 36.332269015886276
250.6790297944364 36.338588236727375
250.67896046218831 36.3449074574789
250.6788911117168 36.3512266781408
250.67882174301567 36.35754589871305
250.6869887056043 36.326004885078675
250.6869200404082 36.33232411326353
250.6868513571666 36.33864334136046
250.68678265587334 36.344962569369436
250.6867139365224 36.351281797290405
250.69480901786721 36.326059471501075
250.69474098329874 36.332378706873826
250.6946729308505 36.33869794216026
250.69460486051628 36.34501717736034
250.69453677229023 36.35133641247403
250.70249451538737 36.33875203912505
250.66352783488747 36.32583810361452
250.6714879117844 36.313255773639945
250.6714180220815 36.319574987432375
250.67134811401394 36.325894201133664
250.67127818757564 36.3322134147438
250.67120824276031 36.33853262826274
250.6793069413158 36.313311352825785
250.6792376819006 36.31963057393544
250.67916840428637 36.32594979495562
250.679099108467 36.332269015886276
250.6790297944364 36.338588236727375
250.6871945929797 36.307047199996816
250.68712598188398 36.313366428445285
250.68705735276083 36.31968565680591
250.6869887056043 36.326004885078675
250.6869200404082 36.33232411326353
250.6868513571666 36.33864334136046
250.68678265587334 36.344962569369436
250.6949450333885 36.313421000496724
250.69487703456178 36.31974023604202
250.69480901786721 36.326059471501075
250.69474098329874 36.332378706873826
250.6946729308505 36.33869794216026
250.70276409572895 36.313475068978384
250.70269672720295 36.31979431164208
250.70262934097462 36.32611355422111
250.70256193703807 36.33243279671543
250.70249451538737 36.33875203912505
250.710449674826 36.32616713323708
250.66345727783462 36.332157309837825
250.6714180220815 36.319574987432375
250.67134811401394 36.325894201133664
250.67127818757564 36.3322134147438
250.67120824276031 36.33853262826274
250.67113827956192 36.344851841690456
250.6792376819006 36.31963057393544
250.67916840428637 36.32594979495562
250.679099108467 36.332269015886276
250.6790297944364 36.338588236727375
250.67896046218831 36.3449074574789
250.68712598188398 36.313366428445285
250.68705735276083 36.31968565680591
250.6869887056043 36.326004885078675
250.6869200404082 36.33232411326353
250.6868513571666 36.33864334136046
250.68678265587334 36.344962569369436
250.6867139365224 36.351281797290405
250.69487703456178 36.31974023604202
250.69480901786721 36.326059471501075
250.69474098329874 36.332378706873826
250.6946729308505 36.33869794216026
250.69460486051628 36.34501717736034
250.70269672720295 36.31979431164208
250.70262934097462 36.32611355422111
250.70256193703807 36.33243279671543
250.70249451538737 36.33875203912505
250.70242707601656 36.34507128144989
250.71038290152558 36.33248638278667
250.66338670223908 36.338476515968296
250.67134811401394 36.325894201133664
250.67127818757564 36.3322134147438
250.67120824276031 36.33853262826274
250.67113827956192 36.344851841690456
250.6710682979742 36.351171055026924
250.67916840428637 36.32594979495562
250.679099108467 36.332269015886276
250.6790297944364 36.338588236727375
250.67896046218831 36.3449074574789
250.6788911117168 36.3512266781408
250.68705735276083 36.31968565680591
250.6869887056043 36.326004885078675
250.6869200404082 36.33232411326353
250.6868513571666 36.33864334136046
250.68678265587334 36.344962569369436
250.6867139365224 36.351281797290405
250.6866451991077 36.35760102512336
250.69480901786721 36.326059471501075
250.69474098329874 36.332378706873826
250.6946729308505 36.33869794216026
250.69460486051628 36.34501717736034
250.69453677229023 36.35133641247403
250.70262934097462 36.32611355422111
250.70256193703807 36.33243279671543
250.70249451538737 36.33875203912505
250.70242707601656 36.34507128144989
250.70235961891967 36.35139052368995
250.71031611067676 36.33880563225313
250.67155778312886 36.306936559756444
250.67951461042819 36.29435368896019
250.6794454055735 36.30067291033812
250.67937618253805 36.306992131626664
250.6793069413158 36.313311352825785
250.6792376819006 36.31963057393544
250.6873317611131 36.29440874283653
250.68726318605403 36.30072797146056
250.6871945929797 36.307047199996816
250.68712598188398 36.313366428445285
250.68705735276083 36.31968565680591
250.6952168501366 36.28814405745352
250.69514892272144 36.294463293343554
250.69508097746234 36.300782529147455
250.69501301435335 36.30710176486518
250.6949450333885 36.313421000496724
250.69487703456178 36.31974023604202
250.69480901786721 36.326059471501075
250.70296609515287 36.29451734047957
250.70289877969802 36.300836583397086
250.7028314465587 36.30715582623003
250.70276409572895 36.313475068978384
250.70269672720295 36.31979431164208
250.71078327830722 36.294570884242866
250.71071659266082 36.30089013420777
250.71064988949536 36.307209384089674
250.710583168805 36.313528633888545
250.71051643058382 36.31984788360436
250.71846834306294 36.30726243844242
250.6714879117844 36.313255773639945
250.6794454055735 36.30067291033812
250.67937618253805 36.306992131626664
250.6793069413158 36.313311352825785
250.6792376819006 36.31963057393544
250.67916840428637 36.32594979495562
250.68726318605403 36.30072797146056
250.6871945929797 36.307047199996816
250.68712598188398 36.313366428445285
250.68705735276083 36.31968565680591
250.6869887056043 36.326004885078675
250.69514892272144 36.294463293343554
250.69508097746234 36.300782529147455
250.69501301435335 36.30710176486518
250.6949450333885 36.313421000496724
250.69487703456178 36.31974023604202
250.69480901786721 36.326059471501075
250.69474098329874 36.332378706873826
250.70289877969802 36.300836583397086
250.7028314465587 36.30715582623003
250.70276409572895 36.313475068978384
250.70269672720295 36.31979431164208
250.70262934097462 36.32611355422111
250.71071659266082 36.30089013420777
250.71064988949536 36.307209384089674
250.710583168805 36.313528633888545
250.71051643058382 36.31984788360436
250.710449674826 36.32616713323708
250.7184022525161 36.31358169522556
250.67127818757564 36.3322134147438
250.6792376819006 36.31963057393544
250.67916840428637 36.32594979495562
250.679099108467 36.332269015886276
250.6790297944364 36.338588236727375
250.67896046218831 36.3449074574789
250.68705735276083 36.31968565680591
250.6869887056043 36.326004885078675
250.6869200404082 36.33232411326353
250.6868513571666 36.33864334136046
250.68678265587334 36.344962569369436
250.6949450333885 36.313421000496724
250.69487703456178 36.31974023604202
250.69480901786721 36.326059471501075
250.69474098329874 36.332378706873826
250.6946729308505 36.33869794216026
250.69460486051628 36.34501717736034
250.69453677229023 36.35133641247403
250.70269672720295 36.31979431164208
250.70262934097462 36.32611355422111
250.70256193703807 36.33243279671543
250.70249451538737 36.33875203912505
250.70242707601656 36.34507128144989
250.71051643058382 36.31984788360436
250.710449674826 36.32616713323708
250.71038290152558 36.33248638278667
250.71031611067676 36.33880563225313
250.71024930227352 36.345124881636394
250.71820387666085 36.33253946508585
