# successful candidates for region at (74.70378406156067, -0.6435798242063663) and radius 1.0
74.61580166702291 0.16522322773168738 22.0
74.82252369065866 -0.19987907227246007 92.0
74.8350523452133 -0.1935839633141407 93.0
74.84131727543237 -0.23135306839984413 92.0
74.84131717873393 -0.22505819645443947 93.0
74.84131698865752 -0.21246845256357574 92.0
74.84758166773325 -0.23135293253292247 92.0
74.85384606003392 -0.2313527906153187 93.0
74.85384534684357 -0.18728869505879855 92.0
74.8601104523344 -0.2313526426470347 93.0
74.86010970937186 -0.18728855138475778 93.0
74.86010950841927 -0.17469881102390458 93.0
74.86637484463466 -0.23135248862807253 93.0
74.86637473031857 -0.22505761908637117 92.0
74.86637417836522 -0.1935832713774884 92.0
74.86637407189995 -0.18728840183563816 92.0
74.86637396674313 -0.18099353229376397 93.0
74.86637386289475 -0.17469866275186616 93.0
74.86637376035482 -0.16840379320994484 92.0
74.86637365912333 -0.16210892366800025 92.0
74.87263935701412 -0.2376471974364673 95.0
74.87263923693472 -0.23135232855843413 96.0
74.87263911821422 -0.22505745968037336 94.0
74.87263865692113 -0.1998779841678583 93.0
74.87263854499506 -0.19358311528966293 94.0
74.87263843442786 -0.18728824641144162 95.0
74.87263832521951 -0.18099337753319417 95.0
74.87263821737004 -0.17469850865492118 93.0
74.8789038797123 -0.24394189881670122 92.0
74.87890375376877 -0.2376470306274265 94.0
74.87890362923456 -0.23135216243812176 96.0
74.87890350610965 -0.22505729424878698 94.0
74.87890326408778 -0.2124675578700298 92.0
74.87890302770309 -0.19987782149115665 92.0
74.87890291162469 -0.19358295330167735 94.0
74.87890279695556 -0.1872880851121701 94.0
74.87890268369571 -0.18099321692263476 96.0
74.87890257184515 -0.17469834873307202 95.0
74.87890246140384 -0.16840348054348242 93.0
74.87890235237181 -0.1621086123538654 92.0
74.88516815052316 -0.23764685774262798 94.0
74.88516789400485 -0.22505712279161483 93.0
74.88516776793529 -0.21876225531606064 94.0
74.88516764332542 -0.2124673878404753 94.0
74.88516752017527 -0.2061725203648587 94.0
74.88516739848484 -0.1998776528892113 93.0
74.88516715948306 -0.1872879179378258 92.0
74.88516704217172 -0.180993050462088 92.0
74.88516692632004 -0.1746981829863208 92.0
74.89143309615415 -0.26282614572808705 93.0
74.8914329566697 -0.25653127899163697 92.0
74.89143215147625 -0.21876207857220029 92.0
74.89143202256284 -0.2124672118355084 95.0
74.89143189515954 -0.20617234509878313 93.0
74.89143128079475 -0.1746980114146696 93.0
74.89769765693289 -0.2691208236082289 92.0
74.90396192630838 -0.26282576336744273 92.0
74.9102269718145 -0.28800502039936426 92.0
74.910226811715 -0.28171015603033484 92.0
74.9102264965003 -0.26912042729214253 94.0
74.91022559073002 -0.23135124107652835 92.0
74.9102254455832 -0.22505637670711218 92.0
74.91022530209771 -0.21876151233765492 92.0
74.91022516027363 -0.2124666479681571 92.0
74.91648983347712 -0.22505617512204534 93.0
74.91648968563769 -0.2187613115918267 92.0
75.49917403239871 -0.8985413999507436 22.0
75.49917279467084 -0.8922467242162733 22.0
75.50544043123567 -0.9048349623396096 23.0
75.50543917730457 -0.8985402898051928 23.0
75.5054379298285 -0.8922456172695212 23.0
75.5117055859367 -0.9048338402605737 22.0
75.51170432220697 -0.8985391709500719 22.0
75.51170306498273 -0.8922445016382953 22.0
75.51170181426393 -0.8859498323252499 22.0
75.51170057005048 -0.8796551630109419 22.0
75.5179707406342 -0.9048327094468834 22.0
75.51796946710589 -0.898538043385393 22.0
75.51796820013351 -0.8922433773226081 22.0
75.517966939717 -0.8859487112585347 22.0
75.52423589532818 -0.9048315698985517 22.0
75.5242346120013 -0.8985369071111692 22.0
75.52423333528081 -0.8922422443224726 22.0
75.52423206516663 -0.8859475815324672 22.0
75.53050105001859 -0.9048304216155914 22.0
75.53049975689318 -0.8985357621274139 23.0
75.5304984704246 -0.8922411026379015 22.0
75.53676490178151 -0.8985346084341393 22.0
75.53676231605542 -0.885945296102328 22.0
75.5367610332531 -0.8796506399344057 22.0
75.54302744149453 -0.8859441403982824 22.0
75.54302614904506 -0.8796494875796969 22.0
75.54302486335312 -0.8733548347597555 22.0
75.54302358441863 -0.8670601819384646 23.0
75.54928868106417 -0.867059027698357 22.0
75.55555507573312 -0.8733525109216607 22.0
