# successful candidates for region at (110.65236528006244, -75.16310643526117) and radius 1.0
107.73542594942732 -74.91870848985215 47.0
107.76030811676684 -74.91289388850578 47.0
109.61067145192916 -74.9656238147102 47.0
109.63450356346226 -74.96573119756204 48.0
109.65794011214682 -74.9719600794527 48.0
109.65833600384364 -74.96583609549745 49.0
109.65873157301039 -74.95971211082458 47.0
109.68178236199614 -74.97206253417124 49.0
109.68216876538108 -74.96593850846443 50.0
109.70562492569215 -74.97216250285798 48.0
109.70600184038172 -74.96603843641218 49.0
109.72946779553199 -74.9722599854633 48.0
109.72983522115206 -74.96613587929113 47.0
109.75259421514336 -74.98460326994798 47.0
109.7529527356463 -74.97847912623743 47.0
109.75331096381214 -74.9723549819388 47.0
109.75366889999806 -74.96623083705289 47.0
109.75402654456066 -74.96010669158031 47.0
109.75438389785599 -74.95398254552188 47.0
109.77610737679387 -74.99082003665588 47.0
109.77645667696099 -74.98469585574078 48.0
109.777502869225 -74.96632330965036 48.0
109.77785103172636 -74.96019912650749 48.0
109.77819891067915 -74.95407494280934 48.0
109.77854650642946 -74.94795075855667 47.0
109.77889381932275 -74.9418265737501 47.0
109.80065893211126 -74.97866173506144 47.0
109.80099816487652 -74.97253751631293 47.0
109.80133712113768 -74.96641329703769 48.0
109.80167580123243 -74.96028907723644 49.0
109.80201420549797 -74.9541648569098 49.0
109.8023523342709 -74.94804063605834 48.0
109.82451244769612 -74.97874930857391 47.0
109.82484218225086 -74.97262505412087 48.0
109.82517164804024 -74.96650079917022 49.0
109.8255008453925 -74.9603765437226 49.0
109.8258297746354 -74.95425228777857 47.0
109.84740395382657 -74.99720725937125 47.0
109.84772497483966 -74.9910829716389 47.0
109.8486864672458 -74.97271010561774 47.0
109.84900644223632 -74.96658581600458 50.0
109.84932615651958 -74.96046152592263 48.0
109.84964561041387 -74.95433723537246 47.0
109.87284149602907 -74.96666834749851 47.0
109.8731517269262 -74.96054402379434 47.0
110.01585683922625 -74.96711134210685 47.0
110.01611016367349 -74.9609868379264 47.0
110.03969349464124 -74.96717647514043 47.0
110.06259102046722 -74.9917373449799 47.0
110.0628261398609 -74.98561278974894 48.0
110.06306106743472 -74.97948823426519 48.0
110.06353034806051 -74.96723912254052 47.0
110.06376470158035 -74.96111456630022 47.0
110.08488169423995 -75.03466965717479 47.0
110.08669168747858 -74.9856730251379 47.0
110.08714234069723 -74.9734238647956 47.0
110.08736739178308 -74.96729928427607 47.0
110.08759225948576 -74.9611747035246 47.0
110.1090411052532 -75.02860299107437 47.0
110.11120461810756 -74.9673569603171 47.0
110.11141999977 -74.96123235606706 47.0
110.11185023700702 -74.94898314692975 47.0
110.13297379600884 -75.02865840726463 47.0
110.13318137983421 -75.02253378248331 47.0
110.13545364244086 -74.95516289696873 48.0
110.13565920263724 -74.94903826984455 47.0
110.15690665602384 -75.02871132753276 47.0
110.15730253324324 -75.01646203449242 47.0
110.1576977634446 -75.00421274073749 47.0
110.15789513640874 -74.99808809359263 47.0
110.18102813264973 -75.02263708479312 48.0
110.18121643366703 -75.0165124175719 47.0
110.1814045807417 -75.01038775018885 47.0
110.20459381562972 -75.03493436671877 47.0
110.20495174316532 -75.02268499353143 47.0
110.2051304873785 -75.01656030671867 47.0
110.22853670927385 -75.03497981766853 47.0
110.2523197185988 -75.04114749416142 47.0
110.25247974115582 -75.03502277157592 48.0
110.27627246171824 -75.04118796757649 47.0
110.27642290346746 -75.03506322841942 49.0
110.27657322207166 -75.02893848915922 47.0
110.3000843513743 -75.0473506974999 47.0
110.30022532760975 -75.04122594288464 48.0
110.30036618840047 -75.0351011881788 48.0
110.30050693388812 -75.02897643338254 48.0
110.32325633059509 -75.08413480248234 47.0
110.32444076037636 -75.02901188152461 47.0
110.32522554444607 -74.99226326401806 47.0
110.34837469373714 -75.02904483356771 47.0
110.34861759305318 -75.0167952677604 47.0
110.37253250195532 -75.01682569877825 47.0
110.3965497024332 -75.01072882884256 47.0
