# successful candidates for region at (223.79970004972662, -28.773143413783558) and radius 1.0
223.4230305716194 -29.52918596409281 41.0
223.42305352354342 -29.522973562997823 41.0
223.42307646969718 -29.516761161890642 41.0
223.42312234470018 -29.504336359639744 41.0
223.4232369313393 -29.473274353799532 41.0
223.42325983138815 -29.467061952595014 41.0
223.42993294028435 -29.541629875934273 41.0
223.4299780144907 -29.529205068956525 41.0
223.43000054309488 -29.522992665450033 41.0
223.4300230660352 -29.516780261931807 41.0
223.4300455833132 -29.510567858401835 42.0
223.43006809493042 -29.50435545486013 41.0
223.4300906008885 -29.498143051306705 43.0
223.43018056816052 -29.47329343697577 41.0
223.43020304584627 -29.467081033363748 41.0
223.43688123269652 -29.54164862987962 42.0
223.43690334909942 -29.535436224029134 42.0
223.43692545994176 -29.529223818167345 42.0
223.4369475652251 -29.52301141229424 43.0
223.436969664951 -29.51679900640984 43.0
223.43699175912099 -29.510586600514134 43.0
223.43701384773655 -29.50437419460713 43.0
223.43703593079934 -29.498161788688844 42.0
223.43705800831077 -29.491949382759262 42.0
223.4370800802725 -29.48573697681839 42.0
223.43710214668596 -29.47952457086625 41.0
223.43712420755276 -29.47331216490282 42.0
223.43714626287445 -29.46709975892813 42.0
223.43716831265252 -29.46088735294216 41.0
223.44378612553732 -29.554091844395316 41.0
223.44380782931813 -29.54787943624403 44.0
223.44382952764187 -29.541667028081857 43.0
223.44385122051006 -29.535454619908798 43.0
223.44387290792415 -29.52924221172485 43.0
223.4438945898857 -29.52302980353003 44.0
223.4439162663962 -29.51681739532434 44.0
223.44393793745718 -29.510604987107772 44.0
223.44395960307017 -29.504392578880346 43.0
223.44398126323662 -29.498180170642048 42.0
223.44400291795813 -29.49196776239289 42.0
223.44402456723614 -29.485755354132873 42.0
223.4440462110722 -29.479542945862008 43.0
223.44406784946776 -29.47333053758029 42.0
223.44408948242437 -29.46711812928773 42.0
223.44411110994355 -29.46090572098432 41.0
223.45073527035828 -29.554109891410647 43.0
223.4507565503904 -29.547897480980836 44.0
223.45077782507195 -29.541685070540577 43.0
223.45079909440443 -29.535472660089848 43.0
223.45082035838934 -29.52926024962866 44.0
223.45084161702815 -29.523047839157016 45.0
223.45086287032234 -29.516835428674913 44.0
223.45088411827342 -29.510623018182358 43.0
223.45090536088284 -29.504410607679358 42.0
223.4509265981521 -29.498198197165916 42.0
223.4509478300827 -29.491985786642033 42.0
223.45096905667606 -29.48577337610771 42.0
223.4509902779337 -29.479560965562964 43.0
223.45101149385712 -29.473348555007778 43.0
223.45103270444778 -29.467136144442165 42.0
223.45105390970713 -29.460923733866128 41.0
223.45115985608632 -29.429861680829724 41.0
223.45118102938898 -29.42364927019122 42.0
223.45768441761732 -29.554127582592223 42.0
223.45770527389976 -29.54791516992884 45.0
223.4577261249382 -29.541702757255397 44.0
223.45774697073406 -29.53549034457191 45.0
223.45776781128887 -29.52927793187837 45.0
223.45778864660403 -29.523065519174786 46.0
223.457809476681 -29.516853106461163 46.0
223.45783030152126 -29.510640693737493 44.0
223.4578511211262 -29.5044282810038 42.0
223.45787193549734 -29.49821586826007 42.0
223.45789274463607 -29.49200345550631 42.0
223.45791354854393 -29.48579104274253 42.0
223.45793434722228 -29.479578629968714 43.0
223.45795514067257 -29.47336621718489 43.0
223.45797592889633 -29.467153804391053 42.0
223.45799671189496 -29.460941391587195 42.0
223.45807979166716 -29.436091740271713 41.0
223.45810054856184 -29.42987932741785 41.0
223.4581213002401 -29.42366691455399 42.0
223.464613129595 -29.560357332782072 41.0
223.4646335672658 -29.554144917939677 43.0
223.4646539997977 -29.54793250308763 45.0
223.4646744271921 -29.541720088225937 46.0
223.46469484945052 -29.53550767335459 46.0
223.4647152665743 -29.529295258473603 45.0
223.4647356785649 -29.523082843582976 46.0
223.46475608542374 -29.516870428682708 47.0
223.46477648715222 -29.510658013772808 44.0
223.46479688375183 -29.504445598853273 43.0
223.4648172752239 -29.49823318392411 43.0
223.46483766156993 -29.492020768985327 43.0
223.46485804279132 -29.485808354036923 42.0
223.46487841888947 -29.479595939078894 43.0
223.46489878986583 -29.473383524111245 43.0
223.4649191557218 -29.467171109133993 42.0
223.46493951645877 -29.46095869414713 41.0
223.46502090824546 -29.436109034103627 41.0
223.46504124340893 -29.429896619068757 42.0
223.46506157346187 -29.4236842040243 41.0
223.4650818984058 -29.417471788970253 41.0
223.46510221824207 -29.41125937390662 41.0
223.46512253297215 -29.405046958833406 41.0
223.4651428425974 -29.398834543750617 41.0
223.4715827192552 -29.554161897452627 43.0
223.47160272803566 -29.54794948045685 44.0
223.4716227317852 -29.541737063451812 47.0
223.4716427305052 -29.535524646437523 46.0
223.4716627241971 -29.52931222941398 45.0
223.47168271286228 -29.523099812381204 46.0
223.4717026965021 -29.516887395339182 45.0
223.47172267511797 -29.510674978287913 45.0
223.4717426487113 -29.504462561227417 43.0
223.4717626172835 -29.498250144157684 43.0
223.47178258083594 -29.492037727078717 43.0
223.47180253936997 -29.48582530999053 43.0
223.47182249288707 -29.47961289289312 44.0
223.47184244138856 -29.47340047578648 43.0
223.47186238487583 -29.467188058670622 42.0
223.47188232335034 -29.460975641545556 42.0
223.47190225681342 -29.454763224411277 42.0
223.47192218526646 -29.448550807267782 42.0
223.47194210871086 -29.44233839011509 42.0
223.471962027148 -29.436125972953185 42.0
223.4719819405793 -29.429913555782086 44.0
223.4720018490061 -29.423701138601785 42.0
223.47202175242978 -29.417488721412298 42.0
223.47204165085182 -29.411276304213608 43.0
223.4720615442735 -29.40506388700574 42.0
223.47208143269623 -29.398851469788685 41.0
223.47210131612138 -29.392639052562444 14.0
223.47853187353698 -29.554178521130712 41.0
223.47855145856516 -29.547966102036117 44.0
223.47857103866895 -29.541753682932658 47.0
223.47859061384972 -29.535541263820328 46.0
223.47861018410885 -29.529328844699144 46.0
223.4786297494477 -29.5231164255691 45.0
223.47864930986768 -29.516904006430202 45.0
223.47866886537005 -29.510691587282455 45.0
223.4786884159563 -29.504479168125854 44.0
223.4787079616277 -29.49826674896041 43.0
223.47872750238565 -29.492054329786118 43.0
223.47874703823152 -29.485841910602986 43.0
223.47876656916668 -29.47962949141102 45.0
223.47878609519242 -29.473417072210218 44.0
223.4788056163102 -29.467204653000586 44.0
223.47882513252134 -29.460992233782115 44.0
223.47884464382713 -29.454779814554836 42.0
223.47886415022904 -29.44856739531872 43.0
223.4788836517284 -29.44235497607378 44.0
223.4789031483265 -29.436142556820034 43.0
223.4789226400248 -29.429930137557466 43.0
223.4789421268246 -29.423717718286085 42.0
223.47896160872722 -29.417505299005903 42.0
223.4789810857341 -29.411292879716907 42.0
223.47900055784652 -29.405080460419114 41.0
223.4790200250659 -29.398868041112518 14.0
223.47903948739352 -29.39265562179712 14.0
223.4790589448308 -29.386443202472933 13.0
223.48550019133765 -29.547982367825085 42.0
223.48551934779482 -29.54176994666812 45.0
223.4855384994355 -29.535557525502657 46.0
223.48555764626104 -29.529345104328726 46.0
223.48557678827274 -29.523132683146308 44.0
223.48559592547198 -29.51692026195542 44.0
223.48561505786006 -29.510707840756062 45.0
223.48563418543833 -29.50449541954823 45.0
223.48565330820813 -29.498282998331927 44.0
223.48567242617077 -29.492070577107157 44.0
223.4856915393276 -29.485858155873935 44.0
223.48571064767995 -29.479645734632243 45.0
223.48572975122914 -29.4734333133821 44.0
223.48574884997655 -29.4672208921235 44.0
223.48576794392346 -29.461008470856456 44.0
223.48578703307123 -29.454796049580956 43.0
223.48580611742116 -29.448583628297015 44.0
223.4858251969746 -29.442371207004626 44.0
223.48584427173284 -29.436158785703803 43.0
223.4858633416973 -29.42994636439454 42.0
223.48588240686922 -29.42373394307684 42.0
223.48590146724996 -29.41752152175071 42.0
223.48592052284084 -29.411309100416155 13.0
223.48593957364318 -29.405096679073164 13.0
223.48595861965833 -29.398884257721758 13.0
223.48597766088758 -29.392671836361927 13.0
223.48599669733227 -29.386459414993677 14.0
223.49243018878357 -29.554210700980843 41.0
223.4924489263046 -29.547998277823396 42.0
223.49246765911434 -29.54178585465783 43.0
223.49248638721411 -29.535573431484163 43.0
223.4925051106052 -29.529361008302374 42.0
223.49252382928893 -29.52314858511248 43.0
223.4925425432666 -29.516936161914487 43.0
223.49256125253956 -29.51072373870839 45.0
223.49257995710903 -29.504511315494184 45.0
223.49259865697638 -29.49829889227189 43.0
223.4926173521429 -29.492086469041496 43.0
223.49263604260986 -29.485874045803016 45.0
223.49265472837862 -29.479661622556442 43.0
223.49267340945045 -29.47344919930178 43.0
223.49269208582663 -29.467236776039037 43.0
223.49271075750852 -29.46102435276821 44.0
223.49272942449736 -29.454811929489303 44.0
223.4927480867945 -29.448599506202328 44.0
223.4927667444012 -29.442387082907278 44.0
223.49278539731878 -29.43617465960415 43.0
223.49280404554855 -29.42996223629296 42.0
223.4928226890918 -29.4237498129737 41.0
223.4928413279498 -29.417537389646373 41.0
223.4928599621239 -29.411324966310993 14.0
223.49287859161532 -29.405112542967547 14.0
223.49289721642543 -29.398900119616048 14.0
223.49291583655548 -29.39268769625651 14.0
223.4929344520068 -29.386475272888905 13.0
223.49937934965124 -29.55422625715219 41.0
223.49939766341748 -29.548013832030705 42.0
223.499415972579 -29.541801406901474 42.0
223.49943427713703 -29.535588981764484 44.0
223.49945257709288 -29.52937655661975 42.0
223.49947087244783 -29.52316413146727 41.0
223.49948916320315 -29.516951706307044 42.0
223.49950744936012 -29.510739281139088 43.0
223.49952573092 -29.504526855963388 44.0
223.4995440078841 -29.498314430779953 43.0
223.49956228025368 -29.492102005588784 42.0
223.49958054803 -29.485889580389884 42.0
223.49959881121433 -29.479677155183264 43.0
223.49961706980795 -29.473464729968914 42.0
223.49963532381213 -29.467252304746836 43.0
223.4996535732282 -29.46103987951705 43.0
223.49967181805732 -29.45482745427954 43.0
223.49969005830084 -29.44861502903431 43.0
223.49970829396003 -29.442402603781375 42.0
223.49972652503612 -29.43619017852072 44.0
223.49974475153041 -29.429977753252366 42.0
223.49976297344418 -29.423765327976316 42.0
223.49979940353512 -29.411340477401087 13.0
223.49981761171486 -29.405128052101926 14.0
223.49983581531913 -29.398915626795073 14.0
223.49985401434918 -29.39270320148052 14.0
223.50636428814022 -29.541816603398683 42.0
223.50638216915576 -29.535604176343288 42.0
223.50640004567558 -29.52939174928051 43.0
223.50641791770096 -29.523179322210332 42.0
223.50643578523315 -29.516966895132768 42.0
223.50645364827335 -29.510754468047825 42.0
223.50647150682286 -29.504542040955492 43.0
223.5064893608829 -29.49832961385578 43.0
223.50650721045474 -29.49211718674869 41.0
223.5065250555396 -29.48590475963422 41.0
223.50654289613874 -29.479692332512375 42.0
223.50656073225338 -29.47347990538316 43.0
223.50657856388477 -29.46726747824658 43.0
223.5065963910342 -29.461055051102626 43.0
223.50661421370285 -29.45484262395131 43.0
223.506632031892 -29.44863019679263 42.0
223.50664984560285 -29.44241776962659 43.0
223.50666765483666 -29.4362053424532 44.0
223.5066854595947 -29.429992915272454 43.0
223.50675663389367 -29.40514320647595 13.0
223.5067744162913 -29.398930779258464 14.0
223.5067921942206 -29.392718352033633 13.0
223.50682773667899 -29.380293497561958 13.0
223.5133300632218 -29.53561901522026 43.0
223.51334751630483 -29.529406586284328 42.0
223.51336496499988 -29.523194157341358 42.0
223.5133824093081 -29.516981728391332 42.0
223.5133998492308 -29.510769299434276 42.0
223.51341728476916 -29.504556870470182 43.0
223.5134347159244 -29.49834444149905 43.0
223.51348698310352 -29.479707154543455 42.0
223.51350439673843 -29.4734947255442 42.0
223.51352180599628 -29.467282296537924 42.0
223.5135392108783 -29.461069867524625 42.0
223.5135566113857 -29.454857438504302 41.0
223.51357400751965 -29.448645009476962 41.0
223.51359139928144 -29.442432580442617 43.0
223.51373037612163 -29.392733147915514 13.0
223.51374772858804 -29.38652071881813 13.0
223.51376507669434 -29.380308289713756 14.0
223.52026092535849 -29.541845929152537 42.0
223.5202779592867 -29.535633498395068 42.0
223.52029498893214 -29.529421067630892 41.0
223.52031201429608 -29.523208636860005 41.0
223.52032903537966 -29.516996206082414 41.0
223.5203460521841 -29.510783775298115 41.0
223.52036306471055 -29.504571344507116 41.0
223.52038007296022 -29.498358913709424 42.0
223.5204310720604 -29.47972162127617 41.0
223.5204480632148 -29.47350919045171 41.0
223.52046505009832 -29.467296759620552 41.0
223.5205159851356 -29.44865946708699 41.0
223.52053295494756 -29.442447036229108 41.0
223.5206516242788 -29.398960020037094 13.0
223.5272092469185 -29.54186005840855 42.0
223.52722585730191 -29.535647625867394 42.0
223.52724246350908 -29.52943519331987 41.0
223.52727566339937 -29.517010328205686 41.0
223.52729225708475 -29.510797895639026 41.0
223.52730884659857 -29.504585463066004 41.0
223.52737516296096 -29.47973573271023 41.0
223.52739173163414 -29.47352330010537 41.0
223.52757371242467 -29.405186541032734 13.0
223.5275902311979 -29.398974108351705 13.0
223.53415757038107 -29.541873831916856 41.0
223.53417375721898 -29.535661397636943 42.0
223.53418993998716 -29.52944896335097 42.0
223.53420611868668 -29.52323652905894 41.0
223.5342384638844 -29.51081166045671 41.0
223.53431925575694 -29.4797494888453 41.0
223.53451274243946 -29.405200276362187 13.0
223.54110589569768 -29.54188724967719 41.0
223.5411216589894 -29.53567481370341 42.0
223.54113741831785 -29.529462377723895 41.0
223.54115317368414 -29.523249941738626 41.0
223.54143609399932 -29.41142609302378 13.0
223.59024098402742 -29.299685793877 41.0
223.59711156541067 -29.330758553950137 41.0
223.59712383500636 -29.324546105922465 41.0
223.5971361015198 -29.318333657891294 41.0
223.59714836495192 -29.312121209856624 41.0
223.60405741368666 -29.32455627694138 41.0
223.60408110405368 -29.312131378313012 41.0
223.61101384450535 -29.312141192675 42.0
223.6179245750523 -29.32457555642813 41.0
