# successful candidates for region at (331.1642615142984, -52.171185501346045) and radius 1.0
330.4198597453331 -51.34930350506351 16.0
330.41996087287737 -51.34310157289126 16.0
330.42006196724293 -51.336899640594936 16.0
330.4201630284456 -51.33069770817463 16.0
330.42026405650114 -51.32449577563038 16.0
330.42036505142545 -51.31829384296228 16.0
330.42904740257535 -51.367969529959474 16.0
330.4291473398453 -51.36176758827979 16.0
330.42924724431236 -51.355565646479015 16.0
330.42934711599196 -51.3493637045572 16.0
330.4294469548999 -51.34316176251443 18.0
330.4295467610519 -51.33695982035074 18.0
330.42964653446336 -51.3307578780662 18.0
330.4297462751501 -51.32455593566087 18.0
330.4298459831276 -51.318353993134814 18.0
330.438439986834 -51.37423093789889 16.0
330.4385386665813 -51.368028986584 16.0
330.4386373139334 -51.361827035151045 18.0
330.4387359289058 -51.35562508360012 18.0
330.438834511514 -51.349423131931275 19.0
330.4389330617734 -51.34322118014456 19.0
330.43903157969953 -51.33701922824004 19.0
330.43913006530767 -51.33081727621776 19.0
330.4392285186133 -51.32461532407777 19.0
330.4393269396318 -51.318413371820164 19.0
330.43942532837866 -51.312211419444964 19.0
330.44773769100806 -51.38669355319376 16.0
330.4478351443911 -51.38049159247933 18.0
330.4479325657719 -51.37428963164982 18.0
330.4480299551658 -51.3680876707053 19.0
330.448127312588 -51.36188570964579 19.0
330.4482246380538 -51.355683748471364 19.0
330.4483219315784 -51.34948178718208 19.0
330.4484191931772 -51.343279825778 19.0
330.4485164228654 -51.33707786425915 19.0
330.4486136206581 -51.330875902625635 19.0
330.44871078657053 -51.32467394087745 19.0
330.4488079206181 -51.31847197901471 19.0
330.44890502281584 -51.31227001703743 19.0
330.4570404570821 -51.3991554334364 16.0
330.45713668245406 -51.392953463437294 19.0
330.4572328762174 -51.386751493326024 19.0
330.4573290383874 -51.38054952310263 19.0
330.4574251689791 -51.37434755276719 19.0
330.45752126800755 -51.36814558231976 19.0
330.4576173354879 -51.3619436117604 19.0
330.45771337143515 -51.355741641089125 19.0
330.4578093758643 -51.349539670306015 19.0
330.4579053487906 -51.34333769941113 19.0
330.4580012902289 -51.33713572840452 19.0
330.4580972001943 -51.330933757286246 19.0
330.45819307870175 -51.324731786056326 19.0
330.45828892576634 -51.318529814714864 19.0
330.4583847414031 -51.312327843261876 19.0
330.4584805256269 -51.30612587169743 19.0
330.46644328548746 -51.40541459872922 16.0
330.46653824998515 -51.399212619451205 20.0
330.46663318328376 -51.39301064006396 20.0
330.4667280853982 -51.38680866056757 20.0
330.4668229563433 -51.38060668096206 19.0
330.46691779613406 -51.37440470124747 19.0
330.4670126047854 -51.36820272142387 19.0
330.467107382312 -51.36200074149132 19.0
330.4672021287289 -51.35579876144987 19.0
330.46729684405085 -51.34959678129956 19.0
330.4673915282928 -51.34339480104047 19.0
330.4674861814695 -51.337192820672605 19.0
330.46758080359587 -51.330990840196066 19.0
330.4676753946866 -51.32478885961088 19.0
330.46776995475653 -51.31858687891708 19.0
330.46786448382056 -51.31238489811476 20.0
330.46795898189333 -51.30618291720395 20.0
330.46805344898974 -51.29998093618472 20.0
330.4758486917955 -51.41167300929609 18.0
330.47594239457294 -51.40547102086022 20.0
330.47603606656105 -51.39926903231804 20.0
330.47612970777465 -51.393067043669575 20.0
330.4762233182285 -51.386865054914914 20.0
330.4763168979371 -51.380663066054076 19.0
330.47641044691534 -51.37446107708712 19.0
330.47650396517776 -51.36825908801412 19.0
330.47659745273916 -51.36205709883508 19.0
330.47669090961404 -51.355855109550106 19.0
330.47678433581723 -51.3496531201592 19.0
330.47687773136323 -51.34345113066246 19.0
330.47697109626677 -51.3372491410599 19.0
330.47706443054244 -51.33104715135157 19.0
330.4771577342048 -51.32484516153755 19.0
330.47725100726853 -51.31864317161788 20.0
330.4773442497482 -51.312441181592604 20.0
330.4774374616585 -51.30623919146177 20.0
330.47753064301384 -51.30003720122543 20.0
330.48525667697834 -51.41793066476141 19.0
330.485349117189 -51.41172866728886 20.0
330.4854415270206 -51.40552666971284 20.0
330.4855339064877 -51.39932467203344 20.0
330.48562625560487 -51.39312267425066 20.0
330.4857185743865 -51.386920676364575 20.0
330.4858108628472 -51.380718678375246 19.0
330.48590312100134 -51.37451668028272 19.0
330.4859953488635 -51.36831468208701 19.0
330.4860875464481 -51.36211268378821 19.0
330.4861797137696 -51.35591068538636 19.0
330.4862718508425 -51.349708686881506 19.0
330.48636395768114 -51.343506688273685 19.0
330.48645603430003 -51.33730468956294 19.0
330.4865480807136 -51.33110269074936 20.0
330.4866400969363 -51.324900691832966 20.0
330.48673208298237 -51.318698692813804 20.0
330.48682403886636 -51.31249669369195 20.0
330.4869159646026 -51.306294694467425 20.0
330.48700786020544 -51.300092695140286 20.0
330.48709972568935 -51.293890695710594 20.0
330.49466724200835 -51.42418756474941 19.0
330.4947584188053 -51.41798555836145 20.0
330.49484956563384 -51.411783551872865 20.0
330.4949406825083 -51.40558154528368 20.0
330.495031769443 -51.39937953859398 20.0
330.4951228264523 -51.39317753180379 20.0
330.4952138535505 -51.386975524913176 20.0
330.4953048507519 -51.380773517922165 20.0
330.4953958180707 -51.37457151083082 19.0
330.4954867555212 -51.368369503639194 19.0
330.49557766311773 -51.36216749634731 19.0
330.49566854087453 -51.35596548895523 19.0
330.4957593888058 -51.349763481463036 19.0
330.49585020692587 -51.343561473870714 19.0
330.4959409952489 -51.33735946617836 20.0
330.49603175378905 -51.33115745838601 20.0
330.4961224825607 -51.3249554504937 20.0
330.4962131815779 -51.31875344250148 20.0
330.4963038508549 -51.312551434409414 20.0
330.4963944904059 -51.306349426217544 20.0
330.4964851002451 -51.300147417925906 20.0
330.4965756803866 -51.29394540953456 20.0
330.5040803878581 -51.430443708884084 19.0
330.50417030039387 -51.42424169370213 20.0
330.5042601833723 -51.41803967842232 20.0
330.5043500368075 -51.41183766304471 20.0
330.50443986071366 -51.40563564756936 20.0
330.5045296551048 -51.39943363199632 20.0
330.50461941999504 -51.39323161632561 20.0
330.5047091553986 -51.387029600557305 20.0
330.50479886132945 -51.38082758469145 20.0
330.5048885378018 -51.37462556872808 19.0
330.5049781848295 -51.368423552667245 19.0
330.5050678024268 -51.36222153650899 19.0
330.50515739060774 -51.35601952025338 19.0
330.50524694938633 -51.34981750390045 19.0
330.50533647877654 -51.343615487450236 20.0
330.5054259787926 -51.33741347090278 20.0
330.5055154494483 -51.33121145425816 20.0
330.50560489075775 -51.325009437516385 20.0
330.505694302735 -51.31880742067754 20.0
330.50578368539396 -51.31260540374166 20.0
330.5058730387487 -51.306403386708766 20.0
330.5059623628131 -51.30020136957893 20.0
330.5060516576011 -51.293999352352195 20.0
330.50614092312685 -51.28779733502861 20.0
330.51349611550035 -51.436699096789255 19.0
330.5135847629271 -51.4304970729348 20.0
330.5136733812079 -51.424295048985265 20.0
330.51376197035677 -51.418093024940674 20.0
330.51385053038763 -51.411891000801084 20.0
330.5139390613144 -51.40568897656655 20.0
330.51402756315093 -51.399486952237105 20.0
330.5141160359112 -51.39328492781281 20.0
330.514204479609 -51.38708290329369 20.0
330.51429289425835 -51.38088087867979 20.0
330.5143812798731 -51.37467885397119 19.0
330.5144696364671 -51.3684768291679 19.0
330.5145579640542 -51.36227480426998 19.0
330.5146462626483 -51.35607277927748 19.0
330.5147345322631 -51.349870754190434 20.0
330.5148227729127 -51.34366872900888 20.0
330.51491098461065 -51.3374667037329 20.0
330.51499916737095 -51.3312646783625 20.0
330.5150873212074 -51.325062652897756 20.0
330.51517544613364 -51.31886062733869 20.0
330.5152635421636 -51.31265860168536 20.0
330.5153516093111 -51.30645657593781 20.0
330.5154396475898 -51.30025455009608 20.0
330.5155276570135 -51.29405252416021 20.0
330.51561563759594 -51.287850498130254 20.0
330.51570358935095 -51.28164847200627 20.0
330.52282701569084 -51.4491557604014 16.0
330.522914425908 -51.442953728088526 20.0
330.5230018073774 -51.43675169568323 19.0
330.5230891601127 -51.43054966318556 20.0
330.5231764841277 -51.42434763059554 20.0
330.5232637794361 -51.418145597913245 20.0
330.5233510460517 -51.41194356513871 20.0
330.5234382839881 -51.40574153227198 20.0
330.52352549325917 -51.399539499313086 20.0
330.5236126738785 -51.393337466262075 20.0
330.5236998258598 -51.38713543311901 20.0
330.52378694921686 -51.38093339988393 20.0
330.5238740439632 -51.37473136655685 20.0
330.52396111011257 -51.36852933313786 19.0
330.5240481476786 -51.362327299626976 19.0
330.524135156675 -51.35612526602426 20.0
330.5242221371154 -51.349923232329736 20.0
330.52430908901334 -51.34372119854346 20.0
330.52439601238257 -51.33751916466547 20.0
330.52448290723663 -51.3313171306958 20.0
330.5245697735891 -51.325115096634526 20.0
330.5246566114537 -51.31891306248166 20.0
330.52474342084395 -51.312711028237274 20.0
330.5248302017734 -51.30650899390139 20.0
330.5249169542556 -51.300306959474064 20.0
330.5250036783042 -51.294104924955334 20.0
330.52509037393276 -51.28790289034525 20.0
330.52517704115473 -51.281700855643855 20.0
330.53224917705586 -51.45540964314997 16.0
330.53233532005436 -51.44920760240533 19.0
330.53242143471755 -51.44300556157095 19.0
330.5325075210589 -51.436803520646855 20.0
330.532593579092 -51.43060147963312 20.0
330.5326796088304 -51.424399438529754 20.0
330.5327656102876 -51.41819739733682 20.0
330.53285158347717 -51.41199535605436 20.0
330.5329375284127 -51.405793314682406 20.0
330.53302344510746 -51.399591273221006 20.0
330.5331093335752 -51.39338923167022 20.0
330.5331951938293 -51.387187190030076 20.0
330.53328102588324 -51.380985148300624 20.0
330.5333668297505 -51.37478310648189 20.0
330.5334526054446 -51.36858106457393 19.0
330.5335383529789 -51.36237902257679 20.0
330.53362407236693 -51.3561769804905 20.0
330.53370976362214 -51.34997493831513 20.0
330.53379542675793 -51.343772896050694 20.0
330.5338810617877 -51.33757085369725 20.0
330.5339666687249 -51.33136881125484 20.0
330.53405224758285 -51.325166768723506 20.0
330.53413779837507 -51.318964726103275 20.0
330.53422332111495 -51.312762683394205 20.0
330.53430881581573 -51.30656064059635 20.0
330.53439428249095 -51.30035859770972 20.0
330.5344797211538 -51.29415655473439 20.0
330.53456513181777 -51.2879545116704 20.0
330.53465051449615 -51.28175246851777 20.0
330.53473586920234 -51.275550425276556 20.0
330.5417587989127 -51.45546071936288 19.0
330.54184364592044 -51.44925867022129 20.0
330.54192846501894 -51.443056620992635 20.0
330.5420132562217 -51.436854571676946 20.0
330.54209801954204 -51.430652522274286 20.0
330.54218275499323 -51.42445047278469 20.0
330.54226746258865 -51.41824842320818 20.0
330.54235214234166 -51.412046373544825 20.0
330.5424367942656 -51.40584432379467 20.0
330.54252141837367 -51.39964227395772 20.0
330.54260601467917 -51.393440224034045 20.0
330.54269058319545 -51.38723817402371 20.0
330.5427751239358 -51.3810361239267 20.0
330.54285963691353 -51.37483407374308 20.0
330.54294412214176 -51.36863202347293 20.0
330.54302857963387 -51.36242997311623 20.0
330.54311300940304 -51.35622792267307 20.0
330.54319741146253 -51.350025872143455 20.0
330.5432817858256 -51.343823821527465 20.0
330.54336613250547 -51.3376217708251 20.0
330.5434504515153 -51.33141972003644 20.0
330.5435347428683 -51.325217669161496 20.0
330.5436190065777 -51.31901561820034 20.0
330.5437032426567 -51.31281356715299 20.0
330.5437874511184 -51.306611516019494 20.0
330.54387163197606 -51.30040946479988 20.0
330.5439557852428 -51.29420741349423 20.0
330.5440399109318 -51.28800536210254 20.0
330.5441240090561 -51.281803310624866 20.0
330.54420807962896 -51.27560125906127 20.0
330.55118486345674 -51.46171307858421 16.0
330.55126844195917 -51.455511021257415 20.0
330.5513519929655 -51.44930896384615 20.0
330.551435516489 -51.44310690635044 20.0
330.5515190125427 -51.43690484877036 20.0
330.55160248113975 -51.43070279110593 20.0
330.5516859222934 -51.42450073335721 20.0
330.55176933601666 -51.41829867552421 20.0
330.5518527223227 -51.412096617607006 20.0
330.5519360812246 -51.4058945596056 20.0
330.5520194127355 -51.39969250152007 21.0
330.5521027168685 -51.393490443350444 20.0
330.5521859936366 -51.38728838509676 20.0
330.552269243053 -51.38108632675903 20.0
330.5523524651307 -51.37488426833733 21.0
330.5524356598828 -51.36868220983171 20.0
330.5525188273223 -51.36248015124218 20.0
330.55260196746224 -51.35627809256879 20.0
330.5526850803157 -51.350076033811604 20.0
330.55276816589577 -51.34387397497062 20.0
330.5528512242153 -51.337671916045906 20.0
330.5529342552874 -51.331469857037504 20.0
330.55301725912517 -51.325267797945436 20.0
330.55310023574145 -51.319065738769766 20.0
330.55318318514924 -51.31286367951051 20.0
330.5532661073616 -51.30666162016772 20.0
330.5533490023914 -51.30045956074143 20.0
330.5534318702517 -51.29425750123172 20.0
330.55351471095537 -51.28805544163856 20.0
330.55359752451545 -51.28185338196205 20.0
330.5536803109448 -51.27565132220219 20.0
330.55376307025637 -51.26944926235905 20.0
330.56069582380707 -51.46176261430225 19.0
330.5607781058715 -51.45556054883045 20.0
330.5608603608663 -51.449358483276775 21.0
330.5609425888044 -51.443156417641276 21.0
330.56102478969876 -51.436954351923994 21.0
330.5611069635624 -51.430752286124964 21.0
330.56118911040807 -51.42455022024423 21.0
330.5612712302489 -51.41834815428183 21.0
330.5613533230977 -51.41214608823779 21.0
330.56143538896737 -51.40594402211216 21.0
330.56151742787085 -51.399741955904986 21.0
330.561599439821 -51.393539889616285 21.0
330.5616814248308 -51.38733782324613 21.0
330.561763382913 -51.38113575679454 21.0
330.5618453140805 -51.37493369026156 22.0
330.56192721834617 -51.36873162364722 21.0
330.5620090957229 -51.362529556951564 21.0
330.5620909462234 -51.35632749017464 21.0
330.56217276986075 -51.35012542331648 20.0
330.56225456664754 -51.343923356377104 20.0
330.5623363365967 -51.33772128935659 20.0
330.56241807972094 -51.33151922225495 20.0
330.5624997960332 -51.32531715507222 20.0
330.5625814855461 -51.31911508780847 20.0
330.56266314827263 -51.312913020463704 20.0
330.56274478422546 -51.30671095303798 20.0
330.5628263934173 -51.30050888553133 20.0
330.56290797586104 -51.2943068179438 20.0
330.5629895315694 -51.28810475027542 20.0
330.563071060555 -51.28190268252624 20.0
330.5631525628307 -51.27570061469629 20.0
330.5632340384092 -51.269498546785606 20.0
330.5701257924378 -51.46801344897857 17.0
330.5702068047099 -51.46181137556842 21.0
330.5702877903262 -51.45560930207894 21.0
330.5703687492993 -51.44940722851017 22.0
330.57044968164183 -51.4432051548621 21.0
330.57053058736676 -51.43700308113482 21.0
330.57061146648675 -51.43080100732834 21.0
330.5706923190145 -51.42459893344271 21.0
330.57077314496274 -51.41839685947796 21.0
330.5708539443442 -51.41219478543414 21.0
330.5709347171716 -51.40599271131128 21.0
330.5710154634576 -51.39979063710942 21.0
330.57109618321493 -51.393588562828604 21.0
330.57117687645615 -51.387386488468835 21.0
330.5712575431941 -51.3811844140302 22.0
330.57133818344136 -51.37498233951272 22.0
330.57141879721064 -51.368780264916424 21.0
330.5714993845144 -51.36257819024136 21.0
330.5715799453656 -51.35637611548754 21.0
330.5716604797766 -51.35017404065505 21.0
330.57174098776017 -51.3439719657439 21.0
330.5718214693289 -51.33776989075413 21.0
330.57190192449525 -51.33156781568576 20.0
330.571982353272 -51.32536574053885 20.0
330.5720627556717 -51.31916366531344 20.0
330.5721431317069 -51.312961590009564 20.0
330.5722234813902 -51.306759514627245 20.0
330.57230380473413 -51.30055743916654 20.0
330.57238410175137 -51.294355363627474 20.0
330.57246437245425 -51.2881532880101 20.0
330.5725446168555 -51.28195121231443 20.0
330.5726248349676 -51.27574913654053 20.0
330.5727050268031 -51.26954706068843 20.0
330.57278519237445 -51.263344984758156 20.0
330.5795583488249 -51.4742635249089 16.0
330.5796380904541 -51.46806144368274 19.0
330.5797178058415 -51.46185936237975 21.0
330.5797974949996 -51.45565728099991 21.0
330.5798771579409 -51.44945519954328 22.0
330.5799567946781 -51.44325311800991 21.0
330.58003640522355 -51.43705103639983 21.0
330.58011598959 -51.430848954713056 21.0
330.5801955477898 -51.42464687294965 21.0
330.5802750798356 -51.41844479110965 21.0
330.58035458573977 -51.412242709193066 21.0
330.5804340655149 -51.40604062719998 21.0
330.58051351917345 -51.39983854513038 21.0
330.58059294672796 -51.393636462984325 21.0
330.5806723481909 -51.38743438076186 22.0
330.5807517235747 -51.381232298463026 22.0
330.5808310728918 -51.37503021608783 22.0
330.5809103961547 -51.36882813363633 21.0
330.5809896933758 -51.36262605110856 21.0
330.58106896456763 -51.356423968504565 21.0
330.58114820974254 -51.350221885824354 21.0
330.58122742891294 -51.344019803068 21.0
330.58130662209135 -51.33781772023551 21.0
330.58138578929004 -51.331615637326955 21.0
330.5814649305214 -51.32541355434235 21.0
330.581544045798 -51.319211471281704 21.0
330.5816231351321 -51.31300938814509 20.0
330.58170219853605 -51.30680730493255 20.0
330.5817812360222 -51.30060522164409 20.0
330.58186024760306 -51.29440313827978 20.0
330.58193923329077 -51.28820105483962 20.0
330.5820181930979 -51.281998971323695 20.0
330.58209712703655 -51.27579688773199 20.0
330.58217603511923 -51.26959480406457 20.0
330.58225491735817 -51.263392720321455 20.0
330.5890719640775 -51.47431075279591 18.0
330.5891504083852 -51.46810866380176 20.0
330.58922882687796 -51.46190657473324 21.0
330.58930721956807 -51.455704485590374 22.0
330.58938558646787 -51.44950239637319 22.0
330.58946392758975 -51.443300307081735 21.0
330.58954224294604 -51.437098217716056 21.0
330.5896205325491 -51.43089612827616 21.0
330.58969879641114 -51.424694038762105 21.0
330.5897770345446 -51.418491949173905 21.0
330.5898552469618 -51.41228985951164 21.0
330.58993343367496 -51.40608776977529 21.0
330.59001159469636 -51.39988567996493 21.0
330.5900897300383 -51.39368359008058 21.0
330.59016783971305 -51.38748150012226 22.0
330.59024592373294 -51.381279410090066 22.0
330.5903239821102 -51.37507731998396 22.0
330.59040201485703 -51.36887522980401 22.0
330.5904800219857 -51.36267313955026 21.0
330.5905580035084 -51.35647104922274 21.0
330.5906359594375 -51.350268958821474 21.0
330.5907138897851 -51.34406686834651 21.0
330.5907917945635 -51.33786477779788 21.0
330.5908696737847 -51.331662687175616 21.0
330.59094752746114 -51.325460596479765 21.0
330.59102535560487 -51.31925850571035 21.0
330.5911031582282 -51.313056414867404 21.0
330.5911809353431 -51.306854323950965 21.0
330.5912586869619 -51.30065223296109 20.0
330.5913364130967 -51.294450141897784 20.0
330.59141411375964 -51.2882480507611 20.0
330.59149178896286 -51.28204595955106 20.0
330.5915694387186 -51.27584386826772 20.0
330.59164706303875 -51.26964177691109 20.0
330.59172466193564 -51.263439685481224 20.0
330.5918022354213 -51.257237593978154 20.0
330.5985855989306 -51.47435720596741 18.0
330.59866274590706 -51.468155109332685 21.0
330.5987398674955 -51.46195301262601 21.0
330.598816963708 -51.45575091584742 22.0
330.5988940345566 -51.44954881899699 21.0
330.59897108005356 -51.4433467220747 21.0
330.599048100211 -51.437144625080606 21.0
330.5991250950411 -51.430942528014754 21.0
330.5992020645558 -51.42474043087716 21.0
330.5992790087674 -51.418538333667875 21.0
330.5993559276879 -51.41233623638692 21.0
330.5994328213294 -51.40613413903434 21.0
330.59950968970395 -51.399932041610164 21.0
330.59958653282376 -51.393729944114426 22.0
330.59966335070084 -51.38752784654718 22.0
330.5997401433472 -51.38132574890841 22.0
330.59981691077496 -51.37512365119821 22.0
330.5998936529962 -51.368921553416584 21.0
330.5999703700228 -51.362719455563564 21.0
330.600047061867 -51.35651735763919 21.0
330.60012372854067 -51.3503152596435 21.0
330.60020037005586 -51.34411316157653 21.0
330.60027698642466 -51.33791106343831 21.0
330.600353577659 -51.33170896522888 21.0
330.60043014377084 -51.325506866948245 21.0
330.60050668477226 -51.319304768596474 21.0
330.6005832006752 -51.31310267017359 21.0
330.60065969149167 -51.306900571679634 21.0
330.6007361572335 -51.30069847311463 21.0
330.6008125979128 -51.29449637447861 20.0
330.6008890135414 -51.288294275771634 20.0
330.60096540413133 -51.2820921769937 20.0
330.60104176969446 -51.275890078144876 20.0
330.60111811024274 -51.26968797922515 20.0
330.6011944257881 -51.263485880234605 20.0
330.60127071634247 -51.25728378117325 20.0
330.60809925306 -51.47440288442056 19.0
330.60817510269584 -51.46820078027264 21.0
330.6082509273704 -51.461998676055195 21.0
330.6083267270957 -51.455796571768225 22.0
330.6084025018837 -51.44959446741179 21.0
330.60847825174625 -51.44339236298591 21.0
330.60855397669536 -51.43719025849063 21.0
330.6086296767429 -51.43098815392598 21.0
330.6087053519008 -51.42478604929199 21.0
330.60878100218105 -51.41858394458869 21.0
330.6088566275954 -51.41238183981609 21.0
330.6089322281558 -51.40617973497427 21.0
330.6090078038742 -51.39997763006326 21.0
330.60908335476245 -51.39377552508305 22.0
330.6091588808323 -51.38757342003372 22.0
330.6092343820958 -51.38137131491526 22.0
330.60930985856464 -51.375169209727744 22.0
330.6093853102508 -51.368967104471196 21.0
330.609460737166 -51.36276499914563 21.0
330.60953613932213 -51.35656289375109 21.0
330.60961151673104 -51.35036078828762 21.0
330.60968686940447 -51.34415868275522 21.0
330.6097621973543 -51.33795657715396 21.0
330.60983750059233 -51.331754471483855 21.0
330.60991277913024 -51.325552365744954 21.0
330.60998803298 -51.319350259937266 21.0
330.61006326215323 -51.313148154060855 21.0
330.61013846666174 -51.30694604811572 21.0
330.61021364651737 -51.30074394210191 21.0
330.61028880173177 -51.29454183601947 21.0
330.6103639323167 -51.288339729868405 21.0
330.61043903828397 -51.28213762364879 20.0
330.6105141196453 -51.275935517360615 20.0
330.61058917641236 -51.26973341100393 20.0
330.61066420859686 -51.26353130457876 20.0
330.61073921621056 -51.257329198085166 20.0
330.61081419926523 -51.251127091523145 20.0
330.61753834930977 -51.480649899618975 17.0
330.6176129261416 -51.47444778815251 19.0
330.6176874784274 -51.46824567661883 21.0
330.61776200617885 -51.462043565017964 22.0
330.61783650940765 -51.455841453349954 22.0
330.6179109881256 -51.44963934161481 21.0
330.61798544234443 -51.4434372298126 21.0
330.61805987207583 -51.43723511794333 21.0
330.61813427733165 -51.43103300600704 21.0
330.6182086581234 -51.42483089400375 21.0
330.6182830144629 -51.41862878193352 21.0
330.6183573463619 -51.41242666979635 21.0
330.6184316538319 -51.4062245575923 21.0
330.6185059368848 -51.40002244532138 21.0
330.61858019553216 -51.393820332983644 22.0
330.61865442978564 -51.387618220579114 22.0
330.61872863965687 -51.3814161081078 22.0
330.6188028251576 -51.37521399556978 22.0
330.6188769862994 -51.36901188296505 21.0
330.61895112309395 -51.36280977029365 21.0
330.61902523555284 -51.35660765755563 21.0
330.6190993236877 -51.350405544751 21.0
330.61917338751016 -51.344203431879805 21.0
330.6192474270318 -51.33800131894206 21.0
330.61932144226427 -51.33179920593782 21.0
330.6193954332191 -51.325597092867106 21.0
330.61946939990787 -51.319394979729935 21.0
330.61954334234224 -51.31319286652638 21.0
330.6196172605337 -51.30699075325643 21.0
330.61969115449375 -51.30078863992016 21.0
330.61976502423414 -51.29458652651754 21.0
330.6198388697662 -51.288384413048654 21.0
330.6199126911017 -51.28218229951353 21.0
330.619986488252 -51.27598018591217 20.0
330.6200602612287 -51.269778072244634 20.0
330.6201340100432 -51.263575958510934 20.0
330.62020773470715 -51.257373844711125 20.0
330.620281435232 -51.251171730845215 20.0
330.62705333880587 -51.48069403588765 17.0
330.6271266178514 -51.47449191716051 20.0
330.6271998727779 -51.46828979836848 21.0
330.627273103597 -51.46208767951157 22.0
330.62734631032015 -51.455885560589834 21.0
330.6274194929589 -51.44968344160329 21.0
330.62749265152485 -51.44348132255197 21.0
330.6275657860295 -51.43727920343592 21.0
330.62763889648426 -51.43107708425515 21.0
330.62771198290073 -51.424874965009714 21.0
330.62778504529047 -51.41867284569963 21.0
330.6278580836648 -51.41247072632493 21.0
330.6279310980354 -51.40626860688565 21.0
330.6280040884136 -51.40006648738181 22.0
330.62807705481094 -51.39386436781345 22.0
330.6281499972389 -51.3876622481806 22.0
330.6282229157089 -51.38146012848329 22.0
330.6282958102323 -51.37525800872155 22.0
330.6283686808207 -51.36905588889542 21.0
330.62844152748545 -51.36285376900492 21.0
330.628514350238 -51.35665164905008 21.0
330.62858714908975 -51.35044952903093 21.0
330.6286599240521 -51.344247408947524 21.0
330.6287326751365 -51.338045288799876 21.0
330.6288054023543 -51.33184316858801 21.0
330.6288781057169 -51.32564104831196 21.0
330.62895078523576 -51.31943892797177 21.0
330.62902344092214 -51.31323680756745 21.0
330.6290960727875 -51.307034687099055 21.0
330.6291686808431 -51.30083256656659 21.0
330.62924126510035 -51.294630445970114 21.0
330.62931382557065 -51.28842832530964 21.0
330.6293863622652 -51.28222620458521 21.0
330.6294588751955 -51.27602408379683 21.0
330.6295313643728 -51.269821962944555 20.0
330.62960382980833 -51.2636198420284 20.0
330.6296762715135 -51.25741772104841 20.0
330.62974868949954 -51.25121560000461 20.0
330.63656834661504 -51.48073739730223 16.0
330.63664032786517 -51.47453527144185 20.0
330.6367122854234 -51.46833314551886 21.0
330.6367842193011 -51.46213101953329 22.0
330.6368561295095 -51.455928893485144 21.0
330.6369280160601 -51.4497267673745 21.0
330.6369998789641 -51.443524641201336 21.0
330.6370717182329 -51.4373225149657 21.0
330.63714353387775 -51.431120388667644 21.0
330.63721532590995 -51.424918262307166 21.0
330.6372870943408 -51.41871613588432 21.0
330.6373588391817 -51.412514009399125 21.0
330.63743056044376 -51.40631188285161 21.0
330.63750225813834 -51.40010975624181 22.0
330.6375739322767 -51.39390762956975 22.0
330.63764558287016 -51.38770550283549 22.0
330.63771720992986 -51.381503376039 22.0
330.6377888134671 -51.37530124918037 22.0
330.6378603934931 -51.36909912225958 21.0
330.6379319500192 -51.36289699527669 21.0
330.6380034830564 -51.35669486823174 21.0
330.63807499261617 -51.350492741124725 21.0
330.63814647870953 -51.344290613955714 21.0
330.6382179413478 -51.3380884867247 21.0
330.63828938054206 -51.331886359431735 21.0
330.6383607963036 -51.32568423207684 21.0
330.63843218864355 -51.319482104660054 21.0
330.63850355757313 -51.31327997718138 21.0
330.63857490310346 -51.3070778496409 21.0
330.6386462252457 -51.30087572203858 21.0
330.638717524011 -51.29467359437451 21.0
330.6387887994105 -51.28847146664868 21.0
330.6388600514554 -51.282269338861134 21.0
330.6389312801568 -51.2760672110119 21.0
330.6390024855258 -51.269865083101 21.0
330.6390736675735 -51.26366295512848 20.0
330.63914482631105 -51.25746082709435 20.0
330.6392159617495 -51.25125869899867 20.0
330.63928707390005 -51.245056570841435 20.0
330.6460833724129 -51.48077998385999 16.0
330.6461540558588 -51.47457785099386 20.0
330.64622471603985 -51.46837571806732 21.0
330.6462953529673 -51.46217358508045 22.0
330.6463659666522 -51.455971452033246 21.0
330.6464365571057 -51.44976931892577 21.0
330.64650712433894 -51.443567185758006 21.0
330.6465776683631 -51.437365052530005 21.0
330.6466481891891 -51.43116291924181 21.0
330.6467186868282 -51.42496078589343 21.0
330.6467891612914 -51.41875865248492 21.0
330.64685961258994 -51.41255651901627 21.0
330.6469300407347 -51.406354385487546 21.0
330.64700044573686 -51.400152251898746 22.0
330.6470708276075 -51.39395011824994 22.0
330.64714118635754 -51.38774798454111 22.0
330.6472115219982 -51.38154585077231 22.0
330.6472818345405 -51.37534371694356 22.0
330.6473521239954 -51.36914158305491 21.0
330.64742239037395 -51.362939449106364 21.0
330.64749263368714 -51.356737315097966 21.0
330.64756285394606 -51.35053518102973 21.0
330.6476330511617 -51.3443330469017 21.0
330.64770322534497 -51.338130912713886 21.0
330.647773376507 -51.33192877846635 21.0
330.6478435046587 -51.32572664415907 21.0
330.64791360981104 -51.31952450979214 21.0
330.64798369197507 -51.31332237536554 21.0
330.6480537511616 -51.30712024087931 21.0
330.64812378738173 -51.30091810633348 21.0
330.6481938006464 -51.294715971728074 21.0
330.6482637909665 -51.288513837063135 21.0
330.648333758353 -51.28231170233869 21.0
330.6484037028168 -51.27610956755475 21.0
330.6484736243688 -51.269907432711356 21.0
330.64854352302 -51.26370529780854 21.0
330.6486133987812 -51.257503162846334 20.0
330.6486832516635 -51.251301027824745 20.0
330.6487530816775 -51.24509889274381 20.0
330.6555984158752 -51.480821795558334 16.0
330.6556678015081 -51.47461965581388 21.0
330.65573716430333 -51.46841751601122 21.0
330.6558065042718 -51.46221537615042 21.0
330.65587582142444 -51.45601323623149 21.0
330.6559451157722 -51.449811096254464 21.0
330.65601438732597 -51.44360895621936 21.0
330.65608363609675 -51.43740681612622 21.0
330.65615286209527 -51.43120467597506 21.0
330.6562220653326 -51.4250025357659 21.0
330.65629124581955 -51.41880039549879 21.0
330.656360403567 -51.412598255173755 21.0
330.6564295385858 -51.406396114790816 22.0
330.6564986508869 -51.40019397435001 22.0
330.6565677404811 -51.393991833851345 22.0
330.65663680737924 -51.38778969329485 22.0
330.6567058515922 -51.38158755268059 22.0
330.6567748731308 -51.37538541200855 22.0
330.65684387200594 -51.36918327127878 21.0
330.6569128482284 -51.3629811304913 21.0
330.6569818018089 -51.35677898964614 21.0
330.6570507327585 -51.35057684874332 21.0
330.65711964108766 -51.34437470778288 21.0
330.6571885268075 -51.338172566764854 21.0
330.65725738992865 -51.33197042568925 21.0
330.65732623046193 -51.325768284556105 21.0
330.65739504841804 -51.319566143365456 21.0
330.65746384380793 -51.313364002117304 21.0
330.65753261664224 -51.30716186081171 21.0
330.65760136693166 -51.300959719448684 21.0
330.6576700946871 -51.29475757802824 21.0
330.6577387999192 -51.28855543655043 21.0
330.65780748263876 -51.282353295015284 21.0
330.6578761428564 -51.276151153422816 21.0
330.6579447805829 -51.269949011773036 21.0
330.6580133958291 -51.263746870065994 21.0
330.6580819886055 -51.25754472830174 21.0
330.65815055892296 -51.25134258648026 20.0
330.6582191067921 -51.245140444601596 20.0
330.65828763222356 -51.23893830266578 20.0
330.66511347667773 -51.48086283239468 16.0
330.66518156448905 -51.47466068589936 20.0
330.66524962988984 -51.46845853934799 21.0
330.6653176728908 -51.46225639274064 21.0
330.6653856935026 -51.45605424607731 21.0
330.66545369173616 -51.44985209935805 21.0
330.6655216676019 -51.44364995258284 21.0
330.66558962111077 -51.43744780575176 21.0
330.66565755227333 -51.43124565886482 21.0
330.66572546110035 -51.42504351192202 21.0
330.66579334760246 -51.418841364923416 21.0
330.66586121179034 -51.41263921786903 21.0
330.66592905367474 -51.40643707075889 22.0
330.6659968732662 -51.40023492359302 22.0
330.6660646705755 -51.394032776371446 22.0
330.66613244561324 -51.38783062909418 22.0
330.6662001983901 -51.38162848176129 22.0
330.66626792891657 -51.37542633437276 21.0
330.6663356372035 -51.36922418692863 21.0
330.6664033232613 -51.36302203942895 21.0
330.66647098710075 -51.35681989187372 21.0
330.6665386287324 -51.35061774426297 21.0
330.66660624816683 -51.34441559659674 21.0
330.66667384541466 -51.33821344887504 21.0
330.6667414204865 -51.33201130109791 21.0
330.6668089733929 -51.32580915326536 21.0
330.6668765041445 -51.31960700537744 21.0
330.6669440127518 -51.31340485743415 21.0
330.66701149922534 -51.30720270943556 21.0
330.66707896357576 -51.301000561381635 21.0
330.6671464058135 -51.29479841327246 21.0
330.6672138259492 -51.288596265108026 21.0
330.66728122399337 -51.28239411688837 21.0
330.66734859995654 -51.27619196861352 21.0
330.66741595384923 -51.26998982028349 21.0
330.66748328568195 -51.26378767189834 21.0
330.6675505954652 -51.257585523458054 21.0
330.66761788320946 -51.25138337496269 21.0
330.6676851489253 -51.24518122641226 20.0
330.6677523926231 -51.23897907780679 20.0
330.6746285544961 -51.48090309436649 17.0
330.67469534447747 -51.47470094124775 20.0
330.67476211247543 -51.46849878807512 20.0
330.6748288585005 -51.46229663484857 21.0
330.6748955825631 -51.456094481568186 21.0
330.67496228467394 -51.449892328233965 21.0
330.67502896484336 -51.44369017484593 21.0
330.675095623082 -51.43748802140412 21.0
330.67516225940017 -51.43128586790854 21.0
330.6752288738085 -51.425083714359246 21.0
330.67529546631744 -51.418881560756226 21.0
330.6753620369375 -51.41267940709957 21.0
330.675428585679 -51.40647725338922 22.0
330.6754951125526 -51.40027509962526 22.0
330.6755616175687 -51.394072945807714 22.0
330.67562810073764 -51.38787079193658 22.0
330.67569456206996 -51.3816686380119 22.0
330.67576100157606 -51.37546648403369 21.0
330.6758274192664 -51.36926433000198 21.0
330.67589381515137 -51.363062175916816 21.0
330.67596018924144 -51.356860021778196 21.0
330.67602654154695 -51.350657867586165 21.0
330.6760928720783 -51.34445571334074 21.0
330.6761591808459 -51.338253559041945 21.0
330.67622546786015 -51.33205140468979 21.0
330.67629173313145 -51.32584925028434 21.0
330.67635797667015 -51.31964709582561 21.0
330.6764241984866 -51.31344494131359 21.0
330.67649039859117 -51.30724278674834 21.0
330.67655657699424 -51.301040632129876 21.0
330.67662273370615 -51.29483847745822 21.0
330.67668886873724 -51.28863632273341 21.0
330.6767549820978 -51.28243416795546 21.0
330.67682107379824 -51.2762320131244 21.0
330.67688714384883 -51.27002985824025 21.0
330.6769531922599 -51.263827703303036 21.0
330.6770192190417 -51.257625548312795 21.0
330.67708522420463 -51.25142339326955 21.0
330.6771512077589 -51.24522123817331 21.0
330.67721716971494 -51.239019083024104 20.0
330.6772831100828 -51.232816927821986 20.0
330.684143649006 -51.48094258147129 16.0
330.6842091411492 -51.474740421856595 19.0
330.6842746117361 -51.46853826219008 21.0
330.684340060777 -51.462336102471745 21.0
330.68440548828227 -51.456133942701626 21.0
330.6844708942622 -51.44993178287975 21.0
330.684536278727 -51.443729623006135 21.0
330.68460164168715 -51.43752746308081 21.0
330.6846669831528 -51.43132530310379 21.0
330.68473230313424 -51.42512314307512 21.0
330.68479760164183 -51.418920982994806 21.0
330.68486287868575 -51.41271882286288 21.0
330.6849281342764 -51.406516662679365 22.0
330.6849933684239 -51.400314502444296 22.0
330.68505858113855 -51.394112342157676 22.0
330.6851237724306 -51.38791018181956 22.0
330.6851889423103 -51.381708021429944 22.0
330.6852540907878 -51.37550586098887 21.0
330.6853192178735 -51.36930370049636 21.0
330.6853843235774 -51.363101539952424 21.0
330.6854494079099 -51.35689937935711 21.0
330.68551447088106 -51.35069721871045 21.0
330.68557951250125 -51.34449505801243 21.0
330.6856445327805 -51.338292897263095 21.0
330.68570953172906 -51.33209073646249 21.0
330.6857745093571 -51.325888575610605 21.0
330.6858394656748 -51.31968641470748 21.0
330.6859044006923 -51.313484253753145 21.0
330.6859693144198 -51.30728209274761 21.0
330.6860342068675 -51.301079931690936 21.0
330.6860990780454 -51.29487777058309 21.0
330.6861639279638 -51.28867560942414 21.0
330.6862287566327 -51.282473448214105 21.0
330.68629356406234 -51.276271286953 21.0
330.68635835026276 -51.27006912564084 21.0
330.6864231152441 -51.26386696427768 21.0
330.6864878590165 -51.25766480286351 21.0
330.68655258159 -51.251462641398376 21.0
330.68661728297474 -51.2452604798823 21.0
330.6866819631808 -51.23905831831531 20.0
330.6867466222182 -51.23285615669742 20.0
330.69365875988314 -51.48098129370661 17.0
330.69372295418003 -51.47477912772344 18.0
330.69378712734783 -51.468576961690474 20.0
330.69385127939654 -51.462374795607715 21.0
330.6939154103364 -51.45617262947521 21.0
330.6939795201773 -51.44997046329297 21.0
330.6940436089295 -51.443768297061034 21.0
330.6941076766031 -51.4375661307794 21.0
330.6941717232081 -51.43136396444813 21.0
330.6942357487547 -51.4251617980672 21.0
330.6942997532529 -51.418959631636675 21.0
330.6943637367128 -51.41275746515656 21.0
330.69442769914434 -51.40655529862688 22.0
330.69449164055777 -51.40035313204766 22.0
330.694555560963 -51.39415096541893 22.0
330.69461946037006 -51.38794879874071 22.0
330.6946833387891 -51.38174663201302 21.0
330.6947471962301 -51.37554446523589 21.0
330.69481103270306 -51.369342298409336 21.0
330.69487484821803 -51.363140131533385 21.0
330.69493864278496 -51.356937964608065 21.0
330.6950024164139 -51.35073579763339 21.0
330.69506616911485 -51.344533630609405 21.0
330.69512990089777 -51.338331463536115 21.0
330.69519361177265 -51.33212929641355 21.0
330.6952573017495 -51.325927129241734 21.0
330.6953209708383 -51.31972496202068 21.0
330.695384619049 -51.313522794750426 21.0
330.6954482463915 -51.307320627431 21.0
330.6955118528757 -51.301118460062405 21.0
330.6955754385118 -51.29491629264467 21.0
330.6956390033095 -51.28871412517783 21.0
330.6957025472789 -51.2825119576619 21.0
330.6957660704298 -51.27630979009692 21.0
330.6958295727721 -51.27010762248288 21.0
330.69589305431583 -51.26390545481985 21.0
330.69595651507086 -51.25770328710781 21.0
330.69601995504706 -51.25150111934681 21.0
330.69608337425433 -51.24529895153685 21.0
330.6961467727026 -51.23909678367799 21.0
330.69621015040167 -51.232894615770206 20.0
330.7032367832459 -51.474817058845915 17.0
330.7032996589867 -51.468614886573896 20.0
330.7033625140353 -51.462412714254114 21.0
330.7034253484017 -51.45621054188655 21.0
330.70348816209577 -51.45000836947126 21.0
330.70355095512747 -51.44380619700824 21.0
330.70361372750665 -51.437604024497524 21.0
330.7036764792432 -51.43140185193916 21.0
330.703739210347 -51.425199679333126 21.0
330.7038019208279 -51.41899750667949 21.0
330.7038646106958 -51.41279533397823 21.0
330.7039272799605 -51.40659316122941 22.0
330.703989928632 -51.400390988433 22.0
330.70405255671994 -51.39418881558909 22.0
330.7041151642343 -51.38798664269766 22.0
330.70417775118483 -51.38178446975875 21.0
330.7042403175814 -51.37558229677237 21.0
330.70430286343384 -51.369380123738544 21.0
330.70436538875197 -51.36317795065731 21.0
330.7044278935455 -51.35697577752867 21.0
330.70449037782436 -51.35077360435267 21.0
330.7045528415983 -51.3445714311293 21.0
330.7046152848771 -51.33836925785861 21.0
330.70467770767056 -51.33216708454064 21.0
330.7047401099884 -51.32596491117537 21.0
330.70480249184044 -51.31976273776284 21.0
330.7048648532365 -51.313560564303074 21.0
330.70492719418615 -51.307358390796104 21.0
330.7049895146993 -51.30115621724193 21.0
330.70505181478575 -51.294954043640594 21.0
330.70511409445504 -51.28875186999212 21.0
330.7051763537171 -51.28254969629653 21.0
330.70523859258145 -51.27634752255382 21.0
330.70530081105795 -51.27014534876404 21.0
330.7053630091563 -51.26394317492721 21.0
330.7054251868862 -51.25774100104335 21.0
330.7054873442574 -51.25153882711248 21.0
330.7055494812795 -51.24533665313463 21.0
330.7056115979622 -51.23913447910981 21.0
330.70567369431524 -51.232932305038055 21.0
330.70573577034827 -51.22673013091937 20.0
330.71275062802266 -51.47485421522167 17.0
330.7128122063286 -51.46865203683804 20.0
330.71287376436936 -51.46244985840859 21.0
330.7129353021546 -51.45624767993332 21.0
330.7129968196942 -51.450045501412255 21.0
330.71305831699755 -51.443843322845446 21.0
330.7131197940746 -51.43764114423286 21.0
330.71318125093495 -51.431438965574564 21.0
330.71324268758826 -51.42523678687058 21.0
330.7133041040442 -51.419034608120896 21.0
330.71336550031236 -51.41283242932557 21.0
330.71342687640254 -51.4066302504846 22.0
330.7134882323243 -51.40042807159801 22.0
330.71354956808733 -51.39422589266585 22.0
330.7136108837012 -51.388023713688106 22.0
330.71367217917555 -51.3818215346648 21.0
330.7137334545201 -51.375619355596 21.0
330.7137947097443 -51.369417176481676 21.0
330.7138559448579 -51.363214997321876 21.0
330.71391715987045 -51.357012818116615 21.0
330.7139783547916 -51.35081063886592 21.0
330.71403952963084 -51.34460845956981 21.0
330.7141006843978 -51.3384062802283 21.0
330.7141618191022 -51.33220410084143 21.0
330.7142229337534 -51.3260019214092 21.0
330.71428402836113 -51.31979974193165 21.0
330.71434510293483 -51.31359756240877 21.0
330.71440615748406 -51.30739538284064 21.0
330.7144671920185 -51.30119320322723 21.0
330.7145282065476 -51.29499102356858 21.0
330.7145892010809 -51.28878884386471 21.0
330.714650175628 -51.282586664115634 21.0
330.7147111301983 -51.27638448432139 21.0
330.7147720648014 -51.270182304482006 21.0
330.7148329794468 -51.263980124597474 21.0
330.714893874144 -51.25777794466785 21.0
330.7149547489025 -51.25157576469311 21.0
330.71501560373184 -51.24537358467332 21.0
330.7150764386415 -51.23917140460847 21.0
330.71513725364093 -51.23296922449861 21.0
330.7151980487395 -51.226767044343745 20.0
330.72226448818606 -51.474890596848404 17.0
330.7223247690496 -51.46868841248058 19.0
330.7223850300749 -51.46248622806885 21.0
330.7224452712715 -51.45628404361321 21.0
330.72250549264885 -51.450081859113695 21.0
330.7225656942164 -51.443879674570326 21.0
330.7226258759838 -51.43767748998311 21.0
330.72268603796033 -51.43147530535207 21.0
330.7227461801556 -51.42527312067723 21.0
330.722806302579 -51.41907093595865 21.0
330.7228664052399 -51.41286875119628 22.0
330.722926488148 -51.40666656639019 22.0
330.72298655131254 -51.40046438154041 22.0
330.72304659474304 -51.39426219664691 22.0
330.7231066184489 -51.388060011709754 21.0
330.7231666224396 -51.38185782672895 21.0
330.72322660672444 -51.375655641704505 21.0
330.723286571313 -51.36945345663647 21.0
330.7233465162146 -51.36325127152483 21.0
330.7234064414386 -51.35704908636965 21.0
330.7234663469945 -51.350846901170904 21.0
330.7235262328916 -51.34464471592865 21.0
330.7235860991393 -51.3384425306429 21.0
330.7236459457471 -51.332240345313664 21.0
330.72370577272414 -51.32603815994098 21.0
330.72376558008006 -51.319835974524835 21.0
330.72382536782396 -51.313633789065285 21.0
330.72388513596536 -51.30743160356233 21.0
330.72394488451357 -51.301229418016014 21.0
330.7240046134779 -51.29502723242634 21.0
330.7240643228678 -51.28882504679333 21.0
330.7241240126924 -51.28262286111701 21.0
330.72418368296115 -51.27642067539738 21.0
330.72424333368343 -51.27021848963451 21.0
330.72430296486846 -51.26401630382836 21.0
330.72436257652555 -51.257814117979 21.0
330.72442216866403 -51.251611932086426 21.0
330.7244817412932 -51.24540974615066 21.0
330.7245412944223 -51.239207560171735 21.0
330.7246008280606 -51.23300537414966 21.0
330.7246603422175 -51.22680318808446 21.0
330.7247198369021 -51.22060100197615 20.0
330.73183734682567 -51.468724013499305 17.0
330.7318963108281 -51.46252182323268 21.0
330.73195525542855 -51.456319632924 21.0
330.7320141806363 -51.45011744257334 21.0
330.7320730864607 -51.44391525218066 21.0
330.7321319729109 -51.437713061746024 21.0
330.7321908399963 -51.431510871269445 21.0
330.73224968772604 -51.42530868075091 21.0
330.7323085161095 -51.41910649019048 21.0
330.7323673251559 -51.412904299588156 21.0
330.73242611487444 -51.40670210894396 22.0
330.7324848852744 -51.400499918257914 22.0
330.732543636365 -51.394297727530045 22.0
330.7326023681555 -51.38809553676037 21.0
330.7326610806551 -51.38189334594889 21.0
330.73271977387304 -51.37569115509565 21.0
330.73277844781853 -51.36948896420066 21.0
330.7328371025007 -51.36328677326395 21.0
330.73289573792886 -51.35708458228552 21.0
330.7329543541121 -51.350882391265394 21.0
330.7330129510597 -51.34468020020361 21.0
330.73307152878084 -51.33847800910019 21.0
330.7331300872846 -51.332275817955114 21.0
330.73318862658033 -51.32607362676845 21.0
330.73324714667706 -51.31987143554018 21.0
330.7333056475839 -51.31366924427035 21.0
330.73336412931013 -51.307467052958984 21.0
330.7334225918648 -51.30126486160608 21.0
330.73348103525706 -51.295062670211664 21.0
330.73353945949617 -51.288860478775774 21.0
330.7335978645911 -51.2826582872984 21.0
330.73365625055106 -51.27645609577959 21.0
330.73371461738515 -51.270253904219345 21.0
330.7337729651025 -51.26405171261768 21.0
330.7338312937122 -51.257849520974645 21.0
330.73388960322336 -51.251647329290236 21.0
330.73394789364505 -51.245445137564474 21.0
330.7340061649864 -51.239242945797386 21.0
330.73406441725643 -51.23304075398898 21.0
330.7341226504643 -51.22683856213931 21.0
330.734180864619 -51.22063637024834 20.0
330.7413499393329 -51.46875883989198 17.0
330.74140760630513 -51.46255664389785 21.0
330.74146525430217 -51.456354447863504 21.0
330.7415228833331 -51.45015225178897 21.0
330.74158049340696 -51.44395005567428 21.0
330.74163808453284 -51.43774785951943 21.0
330.74169565671974 -51.43154566332446 21.0
330.7417532099768 -51.42534346708938 21.0
330.7418107443131 -51.41914127081424 21.0
330.7418682597376 -51.412939074499 21.0
330.74192575625943 -51.40673687814372 22.0
330.74198323388765 -51.40053468174841 22.0
330.7420406926311 -51.39433248531308 21.0
330.74209813249905 -51.388130288837786 21.0
330.74215555350037 -51.3819280923225 21.0
330.7422129556441 -51.37572589576726 21.0
330.7422703389393 -51.36952369917212 21.0
330.74232770339495 -51.36332150253703 21.0
330.74238504902 -51.357119305862064 21.0
330.74244237582354 -51.35091710914721 21.0
330.74249968381446 -51.34471491239251 21.0
330.74255697300174 -51.33851271559797 21.0
330.7426142433945 -51.332310518763634 21.0
330.74267149500156 -51.32610832188947 21.0
330.7427287278319 -51.31990612497553 21.0
330.7427859418945 -51.31370392802186 21.0
330.7428431371984 -51.307501731028424 21.0
330.7429003137524 -51.30129953399527 21.0
330.74295747156555 -51.29509733692241 21.0
330.7430146106467 -51.288895139809874 21.0
330.74307173100476 -51.28269294265768 21.0
330.74312883264884 -51.27649074546583 21.0
330.7431859155877 -51.270288548234355 21.0
330.7432429798302 -51.264086350963275 21.0
330.7433000253854 -51.25788415365261 21.0
330.7433570522621 -51.251681956302384 21.0
330.74341406046926 -51.245479758912595 21.0
330.7434710500157 -51.23927756148327 22.0
330.74352802091033 -51.233075364014454 22.0
330.74358497316206 -51.22687316650613 22.0
330.74364190677977 -51.22067096895834 21.0
330.7508625462471 -51.46879289165653 17.0
330.7509189161821 -51.46259069006224 20.0
330.7509752675687 -51.45638848842955 21.0
330.7510316004157 -51.450186286758466 21.0
330.7510879147319 -51.443984085049 21.0
330.75114421052626 -51.43778188330117 21.0
330.75120048780775 -51.43157968151501 21.0
330.751256746585 -51.425377479690525 21.0
330.751312986867 -51.41917527782773 21.0
330.75136920866265 -51.41297307592666 21.0
330.7514254119807 -51.40677087398731 22.0
330.75148159682993 -51.40056867200971 21.0
330.75153776321935 -51.39436646999389 21.0
330.75159391115756 -51.38816426793985 21.0
330.75165004065354 -51.38196206584763 21.0
330.75170615171606 -51.37575986371723 21.0
330.751762244354 -51.369557661548676 21.0
330.751818318576 -51.363355459341975 21.0
330.7518743743909 -51.35715325709715 21.0
330.7519304118077 -51.35095105481424 21.0
330.7519864308349 -51.34474885249323 21.0
330.75204243148147 -51.33854665013416 21.0
330.752098413756 -51.33234444773705 21.0
330.75215437766747 -51.326142245301924 21.0
330.75221032322446 -51.319940042828776 21.0
330.75226625043587 -51.31373784031763 21.0
330.7523221593104 -51.307535637768524 21.0
330.7523780498567 -51.301333435181455 21.0
330.7524339220837 -51.29513123255644 21.0
330.7524897759999 -51.28892902989352 21.0
330.75254561161427 -51.282726827192704 21.0
330.75260142893535 -51.276524624454005 21.0
330.75265722797195 -51.27032242167743 21.0
330.7527130087327 -51.26412021886303 21.0
330.75276877122644 -51.25791801601079 22.0
330.7528245154618 -51.25171581312074 22.0
330.7528802414474 -51.2455136101929 22.0
330.752935949192 -51.23931140722729 22.0
330.7529916387043 -51.23310920422392 22.0
330.753047309993 -51.22690700118283 22.0
330.7531029630667 -51.220704798104016 22.0
330.75315859793403 -51.214502594987486 21.0
330.76043024013524 -51.46262396172375 17.0
330.76048529490436 -51.45642175462006 21.0
330.7605403315604 -51.450219547479726 21.0
330.7605953501121 -51.444017340302764 21.0
330.76065035056814 -51.437815133089174 21.0
330.7607053329371 -51.431612925839 21.0
330.76076029722765 -51.425410718552236 21.0
330.7608152434485 -51.41920851122893 21.0
330.7608701716083 -51.41300630386907 21.0
330.76092508171564 -51.40680409647266 22.0
330.7609799737791 -51.40060188903976 21.0
330.76103484780737 -51.394399681570384 21.0
330.7610897038091 -51.38819747406452 21.0
330.76114454179293 -51.38199526652219 21.0
330.76119936176735 -51.37579305894343 21.0
330.761254163741 -51.369590851328255 21.0
330.76130894772257 -51.36338864367667 21.0
330.7613637137205 -51.35718643598872 21.0
330.7614184617436 -51.350984228264366 21.0
330.76147319180023 -51.344782020503686 21.0
330.7615279038991 -51.33857981270667 21.0
330.76158259804873 -51.33237760487333 21.0
330.7616372742577 -51.326175397003716 21.0
330.7616919325345 -51.3199731890978 21.0
330.76174657288783 -51.31377098115563 21.0
330.7618011953261 -51.3075687731772 21.0
330.761855799858 -51.301366565162546 21.0
330.7619103864919 -51.295164357111695 21.0
330.76196495523646 -51.28896214902465 21.0
330.76201950610016 -51.282759940901414 21.0
330.7620740390915 -51.276557732742035 22.0
330.7621285542191 -51.27035552454651 22.0
330.76218305149126 -51.264153316314854 22.0
330.7622375309167 -51.2579511080471 22.0
330.76229199250383 -51.251748899743255 22.0
330.76234643626117 -51.24554669140334 22.0
330.7624008621972 -51.239344483027374 22.0
330.7624552703204 -51.23314227461536 22.0
330.7625096606392 -51.226940066167344 22.0
330.76256403316216 -51.220737857683304 22.0
330.76261838789765 -51.214535649163295 21.0
330.76994157784054 -51.46265645888032 17.0
330.7699953359854 -51.45645424643298 20.0
330.77004907644385 -51.450252033950704 21.0
330.7701027992242 -51.444049821433495 21.0
330.77015650433503 -51.43784760888137 21.0
330.7702101917848 -51.43164539629437 21.0
330.7702638615819 -51.425443183672485 21.0
330.7703175137348 -51.419240971015746 21.0
330.770371148252 -51.413038758324156 21.0
330.77042476514185 -51.40683654559773 21.0
330.77047836441284 -51.40063433283651 21.0
330.77053194607333 -51.3944321200405 21.0
330.7705855101318 -51.388229907209706 21.0
330.7706390565966 -51.38202769434416 21.0
330.7706925854762 -51.37582548144386 21.0
330.77074609677896 -51.36962326850885 21.0
330.7707995905133 -51.36342105553911 21.0
330.7708530666876 -51.35721884253471 21.0
330.77090652531024 -51.35101662949561 21.0
330.7709599663896 -51.34481441642186 21.0
330.7710133899341 -51.33861220331346 21.0
330.77106679595204 -51.33240999017045 21.0
330.77112018445183 -51.32620777699282 21.0
330.77117355544186 -51.3200055637806 21.0
330.7712269089304 -51.3138033505338 21.0
330.77128024492583 -51.307601137252455 21.0
330.7713335634365 -51.30139892393657 21.0
330.7713868644707 -51.29519671058615 21.0
330.7714401480369 -51.28899449720121 22.0
330.77149341414326 -51.2827922837818 22.0
330.7715466627983 -51.27659007032791 22.0
330.7715998940101 -51.27038785683956 22.0
330.7716531077871 -51.264185643316765 22.0
330.77170630413764 -51.25798342975954 22.0
330.7717594830699 -51.25178121616791 22.0
330.77181264459233 -51.245579002541895 22.0
330.77186578871306 -51.23937678888149 22.0
330.77191891544044 -51.23317457518675 22.0
330.7719720247828 -51.22697236145764 22.0
330.77202511674835 -51.220770147694225 22.0
330.7720781913454 -51.2145679338965 21.0
330.7795053904883 -51.456485963866314 19.0
330.7795578347424 -51.4502837461694 20.0
330.77961026174484 -51.44408152843922 21.0
330.77966267150384 -51.43787931067579 21.0
330.7797150640278 -51.43167709287914 21.0
330.77976743932487 -51.42547487504926 21.0
330.7798197974032 -51.4192726571862 21.0
330.77987213827123 -51.41307043928995 20.0
330.779924461937 -51.40686822136053 21.0
330.77997676840886 -51.40066600339797 21.0
330.780029057695 -51.39446378540226 21.0
330.7800813298036 -51.38826156737344 21.0
330.7801335847429 -51.38205934931153 21.0
330.7801858225211 -51.37585713121653 21.0
330.78023804314637 -51.36965491308843 21.0
330.7802902466269 -51.363452694927304 21.0
330.78034243297094 -51.35725047673314 21.0
330.7803946021866 -51.35104825850595 21.0
330.7804467542822 -51.34484604024574 21.0
330.78049888926574 -51.33864382195255 21.0
330.7805510071455 -51.33244160362638 21.0
330.7806031079296 -51.326239385267264 21.0
330.7806551916262 -51.32003716687519 21.0
330.7807072582434 -51.3138349484502 21.0
330.7807593077895 -51.30763272999229 21.0
330.78081134027246 -51.301430511501486 21.0
330.78086335570055 -51.29522829297781 22.0
330.78091535408174 -51.28902607442127 22.0
330.78096733542435 -51.28282385583188 22.0
330.7810192997364 -51.27662163720965 22.0
330.7810712470261 -51.2704194185546 22.0
330.78112317730137 -51.26421719986676 22.0
330.7811750905704 -51.25801498114614 22.0
330.78122698684143 -51.25181276239275 22.0
330.78127886612236 -51.245610543606595 22.0
330.7813307284214 -51.23940832478772 22.0
330.78138257374655 -51.2332061059361 22.0
330.78143440210596 -51.227003887051794 22.0
330.7814862135077 -51.22080166813479 22.0
330.7815380079598 -51.21459944918511 22.0
330.7815897854703 -51.20839723020278 21.0
330.7890666061325 -51.45031468413385 19.0
330.7891177373506 -51.444112461317964 21.0
330.78916885175136 -51.43791023847046 21.0
330.789219949343 -51.43170801559135 21.0
330.7892710301336 -51.42550579268063 21.0
330.78932209413097 -51.419303569738354 20.0
330.7893731413434 -51.413101346764506 20.0
330.78942417177865 -51.406899123759096 21.0
330.789475185445 -51.40069690072218 21.0
330.78952618235024 -51.39449467765373 21.0
330.7895771625026 -51.38829245455379 21.0
330.7896281259099 -51.38209023142236 21.0
330.78967907258027 -51.37588800825945 21.0
330.7897300025217 -51.3696857850651 21.0
330.7897809157421 -51.363483561839296 21.0
330.7898318122495 -51.35728133858207 21.0
330.78988269205183 -51.35107911529343 21.0
330.7899335551572 -51.344876891973406 21.0
330.78998440157346 -51.338674668622 21.0
330.79003523130854 -51.33247244523922 21.0
330.7900860443706 -51.3262702218251 21.0
330.7901368407674 -51.32006799837965 21.0
330.79018762050697 -51.313865774902865 21.0
330.7902383835972 -51.30766355139478 22.0
330.7902891300461 -51.301461327855414 22.0
330.79033985986166 -51.29525910428476 22.0
330.7903905730517 -51.289056880682864 22.0
330.79044126962407 -51.28285465704971 22.0
330.7904919495869 -51.27665243338532 22.0
330.790542612948 -51.270450209689734 22.0
330.79059325971525 -51.264247985962946 22.0
330.79064388989656 -51.25804576220496 22.0
330.7906945034999 -51.25184353841581 22.0
330.7907451005331 -51.245641314595524 22.0
330.79079568100406 -51.23943909074409 22.0
330.7908462449207 -51.23323686686152 22.0
330.7908967922908 -51.22703464294784 22.0
330.7909473231224 -51.22083241900308 22.0
330.7909978374232 -51.21463019502723 22.0
330.7910483352012 -51.208427971020335 21.0
330.7985753902907 -51.45034484784217 19.0
330.798625225718 -51.44414262006784 20.0
330.79867504475436 -51.43794039226347 21.0
330.7987248474074 -51.43173816442908 21.0
330.7987746336851 -51.425535936564685 20.0
330.7988244035953 -51.41933370867028 20.0
330.79887415714575 -51.4131314807459 20.0
330.79892389434434 -51.40692925279155 20.0
330.7989736151988 -51.40072702480725 21.0
330.799023319717 -51.39452479679301 21.0
330.7990730079068 -51.38832256874883 21.0
330.79912267977596 -51.38212034067475 21.0
330.79917233533223 -51.37591811257077 21.0
330.7992219745835 -51.36971588443692 21.0
330.7992715975374 -51.3635136562732 21.0
330.799321204202 -51.35731142807963 21.0
330.7993707945848 -51.351109199856204 21.0
330.79942036869363 -51.344906971602974 21.0
330.79946992653635 -51.33870474331993 21.0
330.7995194681207 -51.332502515007086 21.0
330.79956899345433 -51.326300286664456 21.0
330.7996185025452 -51.32009805829206 21.0
330.79966799540085 -51.31389582988992 22.0
330.79971747202916 -51.30769360145804 22.0
330.7997669324378 -51.30149137299644 22.0
330.79981637663457 -51.295289144505126 22.0
330.79986580462713 -51.289086915984115 22.0
330.79991521642324 -51.28288468743343 23.0
330.7999646120306 -51.276682458853074 22.0
330.8000139914569 -51.270480230243066 22.0
330.80006335470995 -51.264278001603415 22.0
330.80011270179733 -51.258075772934156 22.0
330.80016203272686 -51.251873544235266 22.0
330.8002113475061 -51.2456713155068 22.0
330.8002606461429 -51.239469086748734 22.0
330.80030992864477 -51.23326685796112 22.0
330.8003591950195 -51.22706462914395 22.0
330.8004084452748 -51.220862400297236 22.0
330.80045767941823 -51.214660171420995 22.0
330.8005068974575 -51.20845794251525 21.0
330.8080841868933 -51.45037423729247 16.0
330.80813272652387 -51.444172004686976 19.0
330.8081812501895 -51.43796977205298 20.0
330.8082297578979 -51.43176753939051 20.0
330.80827824965667 -51.42556530669956 20.0
330.8083267254735 -51.41936307398015 20.0
330.8083751853558 -51.413160841232305 20.0
330.80842362931156 -51.40695860845602 20.0
330.80847205734807 -51.400756375651326 21.0
330.80852046947314 -51.39455414281823 21.0
330.80856886569427 -51.388351909956754 21.0
330.80861724601914 -51.38214967706688 21.0
330.80866561045525 -51.375947444148665 21.0
330.8087139590103 -51.36974521120209 21.0
330.8087622916917 -51.36354297822717 21.0
330.80881060850726 -51.357340745223944 21.0
330.8088589094644 -51.35113851219242 21.0
330.80890719457074 -51.34493627913259 21.0
330.80895546383385 -51.33873404604449 21.0
330.8090037172613 -51.33253181292811 21.0
330.8090519548606 -51.32632957978349 22.0
330.8091001766394 -51.320127346610626 23.0
330.80914838260514 -51.31392511340953 23.0
330.8091965727654 -51.30772288018023 23.0
330.80924474712776 -51.30152064692274 23.0
330.8092929056997 -51.29531841363706 23.0
330.80934104848876 -51.28911618032321 23.0
330.8093891755025 -51.282913946981196 23.0
330.80943728674833 -51.276711713611036 23.0
330.8094853822339 -51.27050948021275 23.0
330.8095334619667 -51.26430724678635 23.0
330.8095815259541 -51.25810501333186 23.0
330.80962957420377 -51.25190277984926 23.0
330.80967760672314 -51.24570054633858 23.0
330.8097256235196 -51.239498312799846 23.0
330.80977362460084 -51.23329607923308 22.0
330.80982160997416 -51.22709384563826 22.0
330.8098695796471 -51.22089161201543 22.0
330.80991753362713 -51.21468937836457 22.0
330.80996547192177 -51.20848714468572 21.0
330.8100133945384 -51.20228491097891 21.0
330.8176402394446 -51.44420061517357 16.0
330.8176874677336 -51.43799837783719 18.0
330.8177346804913 -51.4317961404738 19.0
330.81778187772517 -51.42559390308346 20.0
330.81782905944266 -51.419391665666154 20.0
330.81787622565105 -51.41318942822191 20.0
330.8179233763579 -51.40698719075072 20.0
330.81797051157065 -51.400784953252625 21.0
330.8180176312965 -51.39458271572761 21.0
330.8180647355431 -51.38838047817569 21.0
330.81811182431767 -51.38217824059692 21.0
330.8181588976277 -51.37597600299127 21.0
330.81820595548055 -51.369773765358765 21.0
330.8182529978836 -51.36357152769942 21.0
330.8183000248442 -51.357369290013246 21.0
330.81834703636974 -51.35116705230026 21.0
330.81839403246767 -51.34496481456045 22.0
330.8184410131453 -51.33876257679389 22.0
330.8184879784099 -51.33256033900052 22.0
330.81853492826895 -51.3263581011804 23.0
330.81858186272973 -51.32015586333351 23.0
330.81862878179965 -51.31395362545992 23.0
330.81867568548597 -51.30775138755958 23.0
330.81872257379615 -51.30154914963252 23.0
330.81876944673735 -51.29534691167876 23.0
330.81881630431707 -51.289144673698324 23.0
330.8188631465425 -51.282942435691226 23.0
330.81890997342106 -51.276740197657446 23.0
330.81895678496 -51.270537959597036 23.0
330.8190035811666 -51.26433572150998 23.0
330.8190503620483 -51.25813348339629 23.0
330.8190971276122 -51.25193124525601 23.0
330.8191438778657 -51.24572900708912 23.0
330.81919061281616 -51.23952676889566 23.0
330.8192373324708 -51.23332453067561 23.0
330.8192840368369 -51.227122292429 23.0
330.8193307259217 -51.22092005415586 23.0
330.81937739973245 -51.214717815856176 22.0
330.8194240582766 -51.20851557752998 21.0
330.8194707015611 -51.20231333917728 21.0
330.8271936970634 -51.43802620961431 16.0
330.82723961486465 -51.43182396767722 18.0
330.8272855175679 -51.42562172571463 19.0
330.8273314051802 -51.41941948372652 20.0
330.8273772777088 -51.41321724171294 20.0
330.82742313516104 -51.407014999673876 20.0
330.827468977544 -51.400812757609366 20.0
330.827514804865 -51.39461051551938 21.0
330.8275606171312 -51.388408273403975 21.0
330.82760641434976 -51.38220603126314 21.0
330.82765219652794 -51.37600378909688 21.0
330.8276979636728 -51.36980154690523 21.0
330.82774371579166 -51.36359930468819 22.0
330.8277894528916 -51.35739706244576 22.0
330.82783517497984 -51.35119482017798 22.0
330.82788088206354 -51.34499257788485 22.0
330.82792657414984 -51.338790335566365 22.0
330.8279722512459 -51.33258809322256 23.0
330.8280179133589 -51.32638585085344 23.0
330.828063560496 -51.32018360845902 23.0
330.8281091926644 -51.31398136603931 23.0
330.8281548098711 -51.30777912359431 23.0
330.82820041212324 -51.30157688112405 23.0
330.8282459994281 -51.295374638628516 23.0
330.82829157179265 -51.28917239610776 23.0
330.8283371292241 -51.28297015356177 23.0
330.82838267172957 -51.27676791099056 23.0
330.8284281993162 -51.27056566839414 23.0
330.82847371199097 -51.26436342577254 23.0
330.82851920976105 -51.258161183125736 23.0
330.8285646926336 -51.251958940453775 23.0
330.82861016061565 -51.245756697756654 23.0
330.8286556137143 -51.23955445503437 23.0
330.82870105193666 -51.23335221228699 23.0
330.8287464752898 -51.227149969514464 23.0
330.82879188378075 -51.22094772671683 23.0
330.8288372774166 -51.214745483894106 23.0
330.8288826562045 -51.208543241046286 22.0
330.8289280201514 -51.2023409981734 22.0
330.83674456069485 -51.43185102099904 16.0
330.8367891688617 -51.425648774591345 18.0
330.8368337623632 -51.41944652815957 19.0
330.8368783412064 -51.41324428170372 20.0
330.8369229053984 -51.407042035223796 20.0
330.83696745494603 -51.40083978871984 20.0
330.8370119898565 -51.39463754219186 21.0
330.8370565101367 -51.38843529563983 21.0
330.8371010157936 -51.38223304906381 21.0
330.83714550683425 -51.37603080246379 22.0
330.83718998326555 -51.36982855583977 22.0
330.83723444509457 -51.36362630919177 22.0
330.83727889232824 -51.35742406251981 22.0
330.83732332497357 -51.351221815823905 22.0
330.8373677430374 -51.345019569104046 22.0
330.83741214652684 -51.338817322360256 23.0
330.83745653544884 -51.33261507559255 23.0
330.8375009098102 -51.32641282880093 23.0
330.83754526961803 -51.320210581985414 23.0
330.83758961487916 -51.31400833514602 23.0
330.83763394560066 -51.30780608828274 23.0
330.83767826178934 -51.301603841395604 23.0
330.83772256345213 -51.295401594484616 23.0
330.83776685059604 -51.2891993475498 23.0
330.837811123228 -51.28299710059116 23.0
330.8378553813548 -51.276794853608685 23.0
330.8378996249835 -51.270592606602406 23.0
330.83794385412085 -51.26439035957235 23.0
330.8379880687739 -51.258188112518496 23.0
330.83803226894946 -51.251985865440886 23.0
330.83807645465447 -51.2457836183395 23.0
330.83812062589584 -51.239581371214385 23.0
330.83816478268034 -51.233379124065515 23.0
330.838208925015 -51.22717687689293 23.0
330.83825305290657 -51.22097462969664 23.0
330.83829716636205 -51.21477238247662 23.0
330.8383412653882 -51.20857013523295 22.0
330.8383853499919 -51.20236788796557 22.0
330.84629283128373 -51.42567504971194 16.0
330.846336130669 -51.41947279896359 18.0
330.8463794158213 -51.41327054819255 19.0
330.84642268674753 -51.40706829739882 20.0
330.84646594345446 -51.400866046582415 20.0
330.84650918594883 -51.39466379574334 21.0
330.8465524142376 -51.38846154488164 21.0
330.84659562832735 -51.38225929399727 22.0
330.8466388282251 -51.37605704309031 22.0
330.8466820139373 -51.36985479216072 22.0
330.8467251854711 -51.36365254120852 22.0
330.84676834283306 -51.357450290233714 22.0
330.84681148602994 -51.351248039236324 22.0
330.84685461506854 -51.34504578821639 23.0
330.8468977299557 -51.33884353717388 23.0
330.84694083069803 -51.332641286108796 23.0
330.8469839173024 -51.326439035021195 23.0
330.8470269897755 -51.32023678391106 23.0
330.847070048124 -51.31403453277839 23.0
330.84711309235485 -51.307832281623234 23.0
330.8471561224746 -51.30163003044558 23.0
330.84719913849 -51.29542777924542 23.0
330.84724214040784 -51.289225528022804 23.0
330.8472851282348 -51.28302327677772 23.0
330.8473281019776 -51.27682102551017 23.0
330.8473710616429 -51.27061877422019 23.0
330.8474140072375 -51.26441652290777 23.0
330.84745693876806 -51.258214271572925 23.0
330.8474998562413 -51.25201202021568 23.0
330.8475427596639 -51.245809768836025 23.0
330.8475856490425 -51.23960751743398 23.0
330.8476285243839 -51.23340526600956 23.0
330.84767138569464 -51.22720301456278 23.0
330.84771423298156 -51.22100076309364 23.0
330.8477570662512 -51.214798511602154 23.0
330.8477998855102 -51.20859626008833 23.0
330.84784269076533 -51.20239400855219 22.0
330.84788548202323 -51.19619175699372 22.0
330.8558385097748 -51.41949829613701 16.0
330.85588050123084 -51.41329604117782 18.0
330.85592247888604 -51.407093786197315 19.0
330.8559644427468 -51.40089153119545 20.0
330.85600639281995 -51.39468927617226 21.0
330.85604832911184 -51.388487021127766 22.0
330.85609025162927 -51.382284766061964 22.0
330.85613216037865 -51.376082510974854 22.0
330.85617405536664 -51.36988025586647 22.0
330.8562159365998 -51.363678000736805 22.0
330.8562578040847 -51.357475745585894 22.0
330.85629965782795 -51.351273490413696 23.0
330.856341497836 -51.34507123522028 23.0
330.85638332411554 -51.33886898000562 23.0
330.856425136673 -51.33266672476974 23.0
330.8564669355151 -51.32646446951264 23.0
330.85650872064815 -51.320262214234354 23.0
330.85655049207884 -51.314059958934855 23.0
330.85659224981373 -51.307857703614175 23.0
330.8566339938593 -51.30165544827233 23.0
330.856675724222 -51.29545319290933 23.0
330.85671744090854 -51.28925093752517 23.0
330.8567591439253 -51.28304868211987 23.0
330.8568008332788 -51.27684642669343 23.0
330.85684250897555 -51.27064417124587 23.0
330.8568841710221 -51.26444191577719 23.0
330.856925819425 -51.25823966028744 23.0
330.8569674541906 -51.25203740477657 23.0
330.85700907532555 -51.245835149244634 23.0
330.8570506828362 -51.23963289369162 23.0
330.85709227672913 -51.23343063811754 23.0
330.85713385701087 -51.22722838252242 23.0
330.85717542368775 -51.22102612690626 23.0
330.8572169767663 -51.21482387126906 23.0
330.8572585162531 -51.20862161561085 22.0
330.85730004215446 -51.202419359931625 22.0
330.85734155447693 -51.196217104231394 22.0
330.8653815971125 -51.413320760658 16.0
330.8654222814915 -51.40711850161772 18.0
330.865462952501 -51.40091624255739 20.0
330.8655036101476 -51.39471398347703 20.0
330.86554425443757 -51.388511724376656 22.0
330.8655848853774 -51.38230946525626 22.0
330.8656255029734 -51.37610720611587 22.0
330.8656661072319 -51.36990494695548 22.0
330.8657066981594 -51.36370268777511 22.0
330.8657472757621 -51.357500428574745 22.0
330.8657878400465 -51.351298169354436 23.0
330.86582839101897 -51.34509591011417 23.0
330.86586892868576 -51.338893650853954 23.0
330.8659094530533 -51.33269139157379 23.0
330.8659499641279 -51.326489132273714 23.0
330.8659904619158 -51.32028687295372 23.0
330.86603094642356 -51.31408461361383 23.0
330.8660714176574 -51.307882354254026 23.0
330.86611187562363 -51.30168009487434 23.0
330.8661523203286 -51.29547783547477 23.0
330.86619275177867 -51.28927557605534 23.0
330.8662331699801 -51.28307331661604 23.0
330.8662735749392 -51.2768710571569 23.0
330.86631396666235 -51.27066879767791 23.0
330.8663543451558 -51.2644665381791 23.0
330.8663947104259 -51.25826427866047 23.0
330.86643506247884 -51.25206201912202 23.0
330.866475401321 -51.245859759563764 23.0
330.8665157269587 -51.23965749998573 23.0
330.8665560393982 -51.23345524038791 23.0
330.8665963386457 -51.22725298077031 23.0
330.86663662470755 -51.22105072113294 23.0
330.8666768975901 -51.214848461475825 23.0
330.86671715729943 -51.20864620179897 22.0
330.86675740384203 -51.20244394210237 22.0
330.866797637224 -51.19624168238605 22.0
330.87492209424124 -51.407142443658515 17.0
330.8749614723946 -51.40094018066673 17.0
330.87500083760966 -51.394737917656144 19.0
330.8750401898928 -51.388535654626786 20.0
330.87507952925006 -51.38233339157867 22.0
330.8751188556876 -51.376131128511815 22.0
330.87515816921166 -51.3699288654262 22.0
330.8751974698285 -51.363726602321876 22.0
330.8752367575441 -51.3575243391988 23.0
330.8752760323647 -51.35132207605702 23.0
330.87531529429646 -51.345119812896534 23.0
330.87535454334557 -51.33891754971734 23.0
330.8753937795181 -51.332715286519466 23.0
330.87543300282033 -51.32651302330291 23.0
330.87547221325826 -51.3203107600677 23.0
330.87551141083804 -51.31410849681381 23.0
330.8755505955659 -51.30790623354127 23.0
330.87558976744793 -51.30170397025009 23.0
330.87562892649015 -51.29550170694027 23.0
330.87566807269883 -51.28929944361182 23.0
330.87570720608 -51.28309718026476 23.0
330.8757463266398 -51.276894916899096 23.0
330.87578543438434 -51.270692653514814 23.0
330.8758245293198 -51.26449039011197 23.0
330.8758636114521 -51.25828812669052 23.0
330.87590268078753 -51.252085863250514 23.0
330.87594173733197 -51.245883599791945 23.0
330.87598078109176 -51.23968133631482 23.0
330.87601981207285 -51.23347907281916 23.0
330.8760588302813 -51.22727680930494 23.0
330.87609783572333 -51.2210745457722 23.0
330.8761368284048 -51.21487228222095 23.0
330.87617580833194 -51.20867001865118 22.0
330.8762147755107 -51.20246775506291 22.0
330.8762537299473 -51.19626549145617 22.0
330.88438381900147 -51.41336787909697 16.0
330.8844219168131 -51.40716561231826 16.0
330.88446000210536 -51.40096334552197 17.0
330.8844980748841 -51.39476107870811 17.0
330.88453613515543 -51.38855881187669 19.0
330.88457418292523 -51.38235654502773 20.0
330.8846122181996 -51.376154278161245 21.0
330.88465024098446 -51.3699520112772 22.0
330.8846882512857 -51.36374974437564 23.0
330.88472624910935 -51.35754747745657 23.0
330.88476423446144 -51.35134521051998 23.0
330.8848022073477 -51.34514294356592 23.0
330.8848401677743 -51.33894067659433 23.0
330.88487811574714 -51.33273840960528 23.0
330.8849160512721 -51.32653614259877 23.0
330.8849539743552 -51.32033387557477 23.0
330.88499188500225 -51.31413160853332 23.0
330.8850297832193 -51.30792934147443 23.0
330.88506766901224 -51.301727074398094 23.0
330.88510554238707 -51.29552480730434 23.0
330.88514340334956 -51.28932254019314 23.0
330.88518125190564 -51.28312027306454 23.0
330.8852190880614 -51.27691800591854 23.0
330.8852569118226 -51.27071573875514 23.0
330.88529472319516 -51.26451347157434 23.0
330.885332522185 -51.25831120437615 23.0
330.8853703087981 -51.252108937160614 23.0
330.88540808304015 -51.2459066699277 23.0
330.8854458449173 -51.23970440267744 23.0
330.88548359443513 -51.233502135409815 23.0
330.8855213315998 -51.22729986812486 23.0
330.8855590564171 -51.22109760082259 23.0
330.88559676889287 -51.21489533350297 23.0
330.88563446903294 -51.20869306616605 22.0
330.88567215684327 -51.202490798811816 21.0
330.8857098323298 -51.196288531440295 19.0
330.8939585413109 -51.400985737121715 16.0
330.8939953216487 -51.39478346663153 17.0
330.89403208990353 -51.38858119612497 17.0
330.8940688460813 -51.382378925602026 17.0
330.8941055901878 -51.376176655062714 20.0
330.8941423222287 -51.36997438450704 21.0
330.89417904220977 -51.36377211393502 22.0
330.8942157501369 -51.35756984334664 22.0
330.89425244601557 -51.35136757274193 23.0
330.8942891298518 -51.34516530212089 23.0
330.8943258016513 -51.338963031483516 23.0
330.8943624614197 -51.332760760829835 23.0
330.8943991091628 -51.32655849015985 23.0
330.8944357448863 -51.32035621947355 23.0
330.89447236859604 -51.31415394877098 23.0
330.89450898029776 -51.30795167805212 23.0
330.894545579997 -51.30174940731699 23.0
330.89458216769964 -51.29554713656558 23.0
330.89461874341134 -51.28934486579791 23.0
330.8946553071378 -51.28314259501399 23.0
330.8946918588848 -51.27694032421383 23.0
330.89472839865806 -51.27073805339743 23.0
330.8947649264632 -51.264535782564806 23.0
330.89480144230595 -51.25833351171596 23.0
330.894837946192 -51.25213124085089 23.0
330.8948744381271 -51.24592896996963 23.0
330.89491091811686 -51.23972669907217 23.0
330.894947386167 -51.23352442815852 23.0
330.8949838422833 -51.22732215722868 23.0
330.89502028647127 -51.221119886282665 22.0
330.8950567187367 -51.2149176153205 22.0
330.89509313908525 -51.208715344342174 19.0
330.8951295475225 -51.20251307334769 18.0
330.89516594405427 -51.19631080233706 17.0
330.9034925775812 -51.39480508142501 16.0
330.9035280538152 -51.388602807370205 16.0
330.90356351839637 -51.382400533300164 17.0
330.90359897133044 -51.376198259214874 17.0
330.90363441262286 -51.36999598511436 19.0
330.90366984227927 -51.36379371099861 19.0
330.90370526030523 -51.35759143686764 21.0
330.90374066670626 -51.35138916272147 22.0
330.90377606148786 -51.345186888560086 22.0
330.9038114446557 -51.33898461438351 22.0
330.9038468162152 -51.33278234019174 23.0
330.903882176172 -51.32658006598481 23.0
330.9039175245315 -51.320377791762674 23.0
330.90395286129944 -51.314175517525406 23.0
330.9039881864811 -51.30797324327296 24.0
330.90402350008225 -51.30177096900537 23.0
330.9040588021083 -51.29556869472262 23.0
330.9040940925648 -51.28936642042475 23.0
330.90412937145715 -51.28316414611174 23.0
330.904164638791 -51.27696187178361 23.0
330.9041998945717 -51.270759597440374 23.0
330.90423513880495 -51.26455732308201 23.0
330.9042703714961 -51.25835504870856 23.0
330.9043055926508 -51.25215277432002 23.0
330.9043408022744 -51.24595049991638 23.0
330.9043760003725 -51.239748225497664 22.0
330.9044111869504 -51.23354595106389 22.0
330.90444636201386 -51.22734367661504 20.0
330.9044815255681 -51.221141402151126 19.0
330.9045166776188 -51.21493912767217 19.0
330.9045518181713 -51.208736853178166 18.0
330.90458694723105 -51.202534578669145 17.0
330.9046220648037 -51.196332304145066 17.0
330.9130581995486 -51.38242136812082 16.0
330.91309236130587 -51.37621909061638 17.0
330.9131265118455 -51.37001681309781 18.0
330.9131606511729 -51.36381453556509 19.0
330.9131947792934 -51.35761225801825 19.0
330.9132288962123 -51.35140998045728 20.0
330.913263001935 -51.34520770288219 20.0
330.9132970964668 -51.339005425293 22.0
330.9133311798131 -51.3328031476897 23.0
330.9133652519792 -51.32660087007232 23.0
330.91339931297045 -51.32039859244084 23.0
330.91343336279215 -51.314196314795275 23.0
330.9134674014497 -51.307994037135636 23.0
330.91350142894834 -51.301791759461935 23.0
330.9135354452934 -51.29558948177416 23.0
330.91356945049034 -51.28938720407234 24.0
330.91360344454426 -51.283184926356476 23.0
330.91363742746057 -51.27698264862658 23.0
330.9136713992446 -51.270780370882626 23.0
330.91370535990166 -51.26457809312464 23.0
330.913739309437 -51.25837581535266 22.0
330.91377324785594 -51.25217353756665 22.0
330.91380717516375 -51.245971259766634 20.0
330.9138410913658 -51.23976898195262 19.0
330.9138749964673 -51.233566704124605 19.0
330.9139088904735 -51.227364426282605 19.0
330.9139427733898 -51.221162148426636 19.0
330.91397664522145 -51.21495987055667 18.0
330.91401050597364 -51.20875759267277 17.0
330.9140443556517 -51.20255531477488 17.0
330.91407819426087 -51.19635303686305 17.0
330.9226186195751 -51.37003686845614 17.0
330.9226514685693 -51.3638345876332 19.0
330.92268430678007 -51.357632306797186 20.0
330.92271713421275 -51.35143002594809 20.0
330.9227499508723 -51.34522774508593 20.0
330.922782756764 -51.33902546421071 20.0
330.9228155518928 -51.33282318332243 20.0
330.9228483362641 -51.326620902421105 20.0
330.92288110988284 -51.32041862150673 20.0
330.92291387275424 -51.31421634057932 20.0
330.9229466248834 -51.30801405963888 20.0
330.9229793662754 -51.30181177868541 20.0
330.92301209693545 -51.295609497718935 22.0
330.9230448168686 -51.289407216739434 21.0
330.9230775260799 -51.28320493574692 20.0
330.92311022457466 -51.27700265474142 20.0
330.9231429123578 -51.27080037372291 20.0
330.9231755894345 -51.26459809269144 20.0
330.9232082558098 -51.258395811646956 20.0
330.9232409114889 -51.25219353058953 20.0
330.92327355647683 -51.24599124951912 20.0
330.9233061907787 -51.23978896843574 19.0
330.9233388143996 -51.233586687339425 18.0
330.9233714273446 -51.22738440623014 18.0
330.9234040296187 -51.22118212510792 18.0
330.92343662122715 -51.214979843972756 17.0
330.9234692021749 -51.20877756282466 17.0
330.9235017724671 -51.202575281663655 16.0
330.9320791664684 -51.37625843516242 17.0
330.9321107354901 -51.370056151188095 17.0
330.932142294147 -51.36385386720169 17.0
330.9321738424442 -51.35765158320323 17.0
330.93220538038645 -51.35144929919268 18.0
330.9322369079789 -51.34524701517008 20.0
330.9322684252264 -51.33904473113542 20.0
330.9322999321339 -51.33284244708871 20.0
330.9323314287063 -51.32664016302994 20.0
330.93236291494856 -51.32043787895914 20.0
330.93239439086557 -51.314235594876315 20.0
330.9324258564623 -51.308033310781454 20.0
330.9324573117437 -51.30183102667456 20.0
330.93248875671463 -51.29562874255567 20.0
330.93252019138004 -51.28942645842477 20.0
330.9325516157448 -51.28322417428186 20.0
330.9325830298139 -51.27702189012695 20.0
330.93261443359216 -51.27081960596004 20.0
330.9326458270845 -51.26461732178117 20.0
330.9326772102959 -51.25841503759029 20.0
330.93270858323115 -51.25221275338746 19.0
330.93273994589515 -51.246010469172624 19.0
330.9327712982929 -51.23980818494586 19.0
330.9328026404292 -51.23360590070711 19.0
330.9328339723089 -51.22740361645642 19.0
330.93286529393697 -51.221201332193786 18.0
330.93289660531826 -51.21499904791921 16.0
330.9416028592689 -51.37007466129251 16.0
330.94163312758474 -51.36387237426941 16.0
330.9416633859643 -51.357670087235185 17.0
330.9416936344125 -51.351467800189866 17.0
330.94172387293395 -51.34526551313344 18.0
330.9417541015334 -51.33906322606593 18.0
330.9417843202156 -51.332860938987324 18.0
330.9418145289853 -51.32665865189765 19.0
330.9418447278472 -51.320456364796904 19.0
330.94187491680606 -51.314254077685085 19.0
330.94190509586656 -51.308051790562196 19.0
330.94193526503346 -51.301849503428265 20.0
330.94196542431143 -51.29564721628326 19.0
330.94199557370524 -51.28944492912722 19.0
330.9420257132196 -51.283242641960115 19.0
330.94205584285925 -51.277040354781995 19.0
330.94208596262877 -51.270838067592834 19.0
330.942116072533 -51.26463578039265 19.0
330.9421461725765 -51.25843349318145 19.0
330.9421762627641 -51.25223120595922 19.0
330.9422063431004 -51.24602891872599 19.0
330.9422364135902 -51.23982663148176 19.0
330.94226647423807 -51.23362434422651 18.0
330.94229652504873 -51.22742205696028 17.0
330.9423265660269 -51.221219769683046 16.0
330.9511818959698 -51.35148552893849 16.0
330.9512108454165 -51.34528323897489 16.0
330.9512397853642 -51.33908094900113 18.0
330.95126871581743 -51.3328786590172 18.0
330.9512976367807 -51.326676369023104 18.0
330.9513265482585 -51.32047407901888 18.0
330.9513554502555 -51.31427178900449 18.0
330.95138434277607 -51.308069498979975 18.0
330.9514132258248 -51.30186720894531 18.0
330.9514420994062 -51.29566491890052 18.0
330.95147096352474 -51.289462628845605 18.0
330.951499818185 -51.28326033878058 19.0
330.95152866339146 -51.27705804870541 18.0
330.95155749914863 -51.27085575862015 18.0
330.95158632546094 -51.264653468524784 18.0
330.951615142333 -51.25845117841931 18.0
330.9516439497693 -51.25224888830373 18.0
330.95167274777424 -51.246046598178076 17.0
330.95170153635235 -51.23984430804232 16.0
330.95173031550814 -51.23364201789649 16.0
330.9607531186188 -51.33289560717719 17.0
330.96078075177206 -51.32669331440522 17.0
330.9608083758623 -51.32049102162398 17.0
330.9608359908939 -51.31428872883346 17.0
330.960863596871 -51.308086436033705 17.0
330.96089119379803 -51.30188414322466 17.0
330.96091878167925 -51.295681850406396 18.0
330.9609463605191 -51.289479557578886 17.0
330.9609739303217 -51.28327726474213 17.0
330.96100149109145 -51.27707497189614 17.0
330.9610290428327 -51.27087267904091 17.0
330.9610565855497 -51.26467038617647 17.0
330.9610841192468 -51.25846809330279 16.0
330.9611116439281 -51.252265800419906 16.0
330.9703428578314 -51.30810260172233 16.0
330.9704217643687 -51.28949571532601 16.0
