# successful candidates for region at (140.3498113820368, -20.861765843154473) and radius 1.0
140.0212657921025 -21.335594343584614 47.0
140.0346170017236 -21.373195720953373 47.0
140.03463038054767 -21.366933025875678 47.0
140.03464375571718 -21.36067033079228 47.0
140.0346838593064 -21.341882245507886 47.0
140.03469721986565 -21.33561955040169 47.0
140.03471057677433 -21.329356855289806 47.0
140.03473727964302 -21.316831465048956 47.0
140.041399859617 -21.34189445609864 47.0
140.04141293544214 -21.335631759315884 47.0
140.0481030664397 -21.348169102074742 47.0
140.0481542238137 -21.323118308371512 47.0
140.0548568728038 -21.329392688122006 47.0
140.05486937232578 -21.3231299880845 47.0
140.05488186843203 -21.316867288042005 47.0
140.06832352341812 -21.31062715244867 48.0
140.06833544400152 -21.304364449298113 48.0
140.06834736132683 -21.298101746143015 48.0
140.06835927539478 -21.291839042983383 47.0
140.07502646666154 -21.316900745037632 47.0
140.07503810607858 -21.31063804039649 47.0
140.0750497423146 -21.304375335751015 48.0
140.0750613753702 -21.29811263110122 48.0
140.0816958837119 -21.34196219595093 47.0
140.08170725112333 -21.335699489867224 47.0
140.08171861542883 -21.329436783779403 47.0
140.081729976629 -21.323174077687458 47.0
140.08175268971598 -21.31064866549121 47.0
140.08176404160417 -21.30438595938692 47.0
140.08177539038968 -21.298123253278504 48.0
140.0817867360732 -21.29186054716598 47.0
140.08841189120966 -21.341972565309117 47.0
140.0884229738841 -21.33570985780166 47.0
140.08843405353034 -21.32944715029029 47.0
140.08844513014904 -21.323184442775 47.0
140.08847834184635 -21.304396320205637 47.0
140.0884894063614 -21.298133612674697 47.0
140.09511709875048 -21.348245380524705 47.0
140.12197261629893 -21.354545894747076 47.0
