# successful candidates for region at (297.0658390131089, -21.370074762717046) and radius 1.0
296.2787458515971 -21.659148068017192 102.0
296.28528879248046 -21.703134185667768 101.0
296.28545809010603 -21.67173806030636 102.0
296.28549192203525 -21.66545883512629 101.0
296.29196994150277 -21.722003172141488 101.0
296.29203715437126 -21.709444713785512 101.0
296.29220502683654 -21.678048567277 102.0
296.29223857396744 -21.671769337869343 104.0
296.29871945698574 -21.728313443958076 103.0
296.29875278248187 -21.72203421060191 104.0
296.29878609892603 -21.715754977210995 105.0
296.29881940632004 -21.70947574378532 104.0
296.2989525454356 -21.684358809735325 103.0
296.29898580760926 -21.678079576136057 104.0
296.29901906074474 -21.6718003425021 102.0
296.3054695556673 -21.734623450899935 104.0
296.305502595501 -21.72834421338395 105.0
296.3055356263608 -21.7220649758338 105.0
296.3055686482486 -21.7157857382495 105.0
296.30560166116635 -21.709506500631065 101.0
296.30563466511603 -21.70322726297849 101.0
296.30566766009963 -21.696948025291803 102.0
296.3057006461191 -21.690668787571003 101.0
296.3057336231764 -21.68438954981611 103.0
296.3057665912735 -21.678110312027133 104.0
296.3122202377633 -21.7409331928566 102.0
296.31225299177544 -21.73465395121683 101.0
296.3122857368916 -21.72837470954349 104.0
296.31231847311386 -21.7220954678366 105.0
296.31235120044414 -21.71581622609616 102.0
296.3125147037843 -21.684420016891167 101.0
296.3125473778037 -21.67814077494968 103.0
296.3125800429447 -21.671861532974727 101.0
296.3126126992094 -21.665582290966313 101.0
296.31900397152106 -21.740963423990078 103.0
296.3190364307344 -21.7346841782296 106.0
296.31906888113184 -21.72840493243616 104.0
296.3191013227154 -21.722125686609765 104.0
296.3191337554871 -21.715846440750422 103.0
296.31919859460226 -21.703287948932953 101.0
296.3192310009497 -21.697008702974852 102.0
296.3192957872338 -21.68445021095994 102.0
296.3193281671743 -21.678170964903163 103.0
296.31939290066197 -21.665612472691 102.0
296.3257233530636 -21.75355188137233 101.0
296.32578770810517 -21.740993381781628 104.0
296.3258198725185 -21.734714131937704 105.0
296.3258520281961 -21.72843488206141 104.0
296.3258841751399 -21.72215563215276 102.0
296.3259163133517 -21.71587638221176 103.0
296.3259484428336 -21.709597132238425 104.0
296.3259805635873 -21.703317882232756 101.0
296.3260126756149 -21.69703863219478 101.0
296.32604477891823 -21.690759382124494 101.0
296.3260768734992 -21.684480132021907 103.0
296.32610895935966 -21.678200881887033 105.0
296.3261410365017 -21.67192163171989 102.0
296.3261731049271 -21.66564238152048 102.0
296.3325076822908 -21.753581573915593 102.0
296.3325395692201 -21.747302320089062 102.0
296.3325714474899 -21.741023066230728 105.0
296.33260331710215 -21.734743812340614 108.0
296.33263517805875 -21.728464558418715 106.0
296.33266703036156 -21.722185304465054 104.0
296.3326988740124 -21.71590605047964 103.0
296.33273070901333 -21.709626796462466 102.0
296.33276253536616 -21.703347542413564 101.0
296.332857962555 -21.684509780076525 104.0
296.33288975433436 -21.678230525900773 104.0
296.3329215374751 -21.67195127169333 105.0
296.33295331197917 -21.66567201745422 101.0
296.3329850778484 -21.659392763183433 102.0
296.33926041374696 -21.75989025084675 101.0
296.3393236062621 -21.7473317352047 103.0
296.33935518964967 -21.741052477336847 105.0
296.33938676445973 -21.7347732194378 107.0
296.3394183306941 -21.728493961507557 107.0
296.3394498883548 -21.722214703546125 105.0
296.3394814374437 -21.715935445553527 103.0
296.3395129779625 -21.709656187529767 102.0
296.33954450991325 -21.703376929474846 102.0
296.33957603329776 -21.69709767138879 104.0
296.33960754811795 -21.690818413271597 104.0
296.33963905437565 -21.684539155123282 105.0
296.3396705520728 -21.67825989694385 105.0
296.3397020412112 -21.67198063873332 105.0
296.3397335217927 -21.665701380491694 103.0
296.34601372953904 -21.766198662276068 101.0
296.34604504354655 -21.759919400527888 103.0
296.34607634905115 -21.753640138749052 103.0
296.34610764605463 -21.747360876939577 106.0
296.3461389345588 -21.741081615099468 106.0
296.34617021456546 -21.734802353228734 107.0
296.3462014860766 -21.728523091327393 105.0
296.34623274909404 -21.722243829395445 106.0
296.3462640036197 -21.715964567432906 106.0
296.3462952496554 -21.70968530543978 104.0
296.34632648720293 -21.703406043416084 103.0
296.34635771626427 -21.69712678136182 101.0
296.3463889368412 -21.690847519277003 106.0
296.3464201489356 -21.684568257161644 105.0
296.3464513525493 -21.678288995015745 105.0
296.3464825476843 -21.67200973283932 103.0
296.3465137343422 -21.665730470632386 101.0
296.3465449125251 -21.659451208394945 101.0
296.3527986571905 -21.766227542438106 104.0
296.3528296760732 -21.759948276753203 103.0
296.35286068653306 -21.75366901103822 103.0
296.35289168857184 -21.74738974529317 101.0
296.3529226821915 -21.741110479518067 104.0
296.35295366739376 -21.734831213712912 104.0
296.35298464418054 -21.728551947877722 107.0
296.3530156125537 -21.7222726820125 106.0
296.35304657251504 -21.715993416117254 105.0
296.35307752406635 -21.70971415019201 105.0
296.35310846720967 -21.703434884236756 106.0
296.35313940194663 -21.697155618251518 103.0
296.3532012462092 -21.684597086191093 104.0
296.3532321557384 -21.67831782011594 104.0
296.35326305686874 -21.67203855401083 102.0
296.35329394960206 -21.665759287875783 105.0
296.35332483394006 -21.65948002171079 101.0
296.3595528554431 -21.77253541866136 102.0
296.3596143113012 -21.759976879522174 103.0
296.35964502671516 -21.753697609908322 102.0
296.3596757337882 -21.747418340264964 103.0
296.3597064325222 -21.741139070592126 103.0
296.35973712291894 -21.73485980088981 103.0
296.35976780498027 -21.728580531158023 103.0
296.359798478708 -21.722301261396773 103.0
296.3598291441039 -21.71602199160607 105.0
296.3598598011699 -21.709742721785926 104.0
296.35989044990777 -21.703463451936354 106.0
296.35992109031935 -21.697184182057352 106.0
296.3599517224065 -21.690904912148948 104.0
296.3599823461709 -21.68462564221113 104.0
296.3600129616146 -21.67834637224392 105.0
296.36004356873923 -21.67206710224733 102.0
296.3600741675467 -21.66578783222136 102.0
296.36010475803886 -21.65950856216602 102.0
296.36588053730156 -21.866752853481277 102.0
296.36639894920467 -21.76000520883431 103.0
296.36642936957173 -21.753725935358855 102.0
296.36645978167803 -21.747446661854465 101.0
296.3664901855253 -21.74116738832115 103.0
296.3665205811154 -21.73488811475892 101.0
296.36655096845016 -21.72860884116779 101.0
296.36658134753134 -21.722329567547757 105.0
296.3666117183608 -21.71605029389883 105.0
296.3666420809403 -21.709771020221037 105.0
296.3666724352717 -21.703491746514366 105.0
296.36670278135676 -21.69721247277884 104.0
296.36673311919736 -21.690933199014463 103.0
296.3667634487952 -21.68465392522124 105.0
296.3667937701522 -21.67837465139919 103.0
296.3668240832701 -21.67209537754831 102.0
296.3727004706125 -21.860501697619238 103.0
296.3731835897582 -21.760033264689095 102.0
296.37321371507716 -21.75375398738931 101.0
296.37324383221556 -21.74747471006115 103.0
296.37327394117506 -21.74119543270463 104.0
296.37330404195745 -21.734916155319745 104.0
296.3733341345646 -21.728636877906514 103.0
296.3733642189981 -21.722357600464942 106.0
296.37339429526 -21.71607832299505 106.0
296.373424363352 -21.709799045496826 106.0
296.37345442327586 -21.703519767970295 105.0
296.3734844750333 -21.697240490415464 104.0
296.3735145186263 -21.69096121283233 104.0
296.3735445540565 -21.684681935220915 102.0
296.37357458132567 -21.678402657581227 102.0
296.37945987723356 -21.86680882129692 101.0
296.3794898454859 -21.86052954068441 103.0
296.37951980560734 -21.85425026004393 103.0
296.37993839456345 -21.766340328145038 103.0
296.3799682329358 -21.760061047086033 103.0
296.3799980632058 -21.753781765999197 102.0
296.38002788537517 -21.74750248488453 102.0
296.38005769944584 -21.74122320374206 106.0
296.38008750541945 -21.73494392257178 107.0
296.3801173032978 -21.728664641373708 104.0
296.38014709308277 -21.72238536014785 105.0
296.380176874776 -21.716106078894217 107.0
296.3802066483794 -21.709826797612806 105.0
296.3802364138945 -21.70354751630364 101.0
296.38029592066766 -21.690988953602062 103.0
296.38032566192913 -21.68470967220967 101.0
296.3803553951095 -21.67843039078955 101.0
296.38669378420394 -21.772647125616004 102.0
296.38675287871195 -21.760088556024627 103.0
296.3867824139318 -21.753809271188008 102.0
296.3868119411312 -21.747529986324118 102.0
296.38684146031187 -21.741250701432953 106.0
296.3868709714757 -21.73497141651454 105.0
296.38690047462427 -21.728692131568877 101.0
296.3869299697595 -21.722412846595972 102.0
296.38695945688306 -21.71613356159584 105.0
296.3869889359968 -21.709854276568485 105.0
296.3870184071023 -21.70357499151391 104.0
296.38704787020146 -21.697295706432136 102.0
296.3871067723876 -21.684737136187007 101.0
296.39347902289575 -21.77267436852241 101.0
296.3935082789502 -21.766395080026772 103.0
296.39353752706097 -21.76011579150439 102.0
296.39356676722963 -21.753836502955263 103.0
296.39359599945794 -21.74755721437941 103.0
296.3936252237476 -21.74127792577682 106.0
296.39365444010053 -21.734998637147527 105.0
296.3936836485184 -21.728719348491527 105.0
296.39371284900284 -21.722440059808825 104.0
296.39374204155564 -21.71616077109943 104.0
296.39377122617856 -21.70988148236336 107.0
296.39380040287335 -21.70360219360062 107.0
296.3938295716418 -21.697322904811205 102.0
296.3938587324855 -21.69104361599514 102.0
296.39409173415567 -21.640809304508036 101.0
296.39971251174177 -21.892007884170482 101.0
296.40023529542935 -21.778980630040664 101.0
296.40026426413675 -21.772701337894937 103.0
296.4002932249787 -21.766422045722997 104.0
296.40032217795704 -21.76014275352484 105.0
296.4003511230735 -21.753863461300483 105.0
296.40038006032967 -21.747584169049926 108.0
296.4004089897274 -21.741304876773185 108.0
296.4004379112684 -21.735025584470264 107.0
296.4004668249544 -21.728746292141174 104.0
296.400495730787 -21.72246699978592 104.0
296.40052462876804 -21.716187707404515 103.0
296.4005535188992 -21.709908414996963 105.0
296.4005824011823 -21.703629122563274 103.0
296.4006112756189 -21.69734983010346 101.0
296.40066900095974 -21.68479124510547 103.0
296.40075553016584 -21.66595336741273 101.0
296.40078435756 -21.659674074796314 102.0
296.40081317711974 -21.653394782153825 101.0
296.4008419888468 -21.647115489485273 102.0
296.4008707927429 -21.640836196790673 105.0
296.4008995888098 -21.634556904070024 105.0
296.40092837704907 -21.628277611323334 102.0
296.4009571574625 -21.62199831855062 101.0
296.40098593005183 -21.615719025751886 101.0
296.40101469481874 -21.60943973292714 102.0
296.4065609996819 -21.879476058582526 101.0
296.40702083448747 -21.779007329518382 104.0
296.40704950790115 -21.772728033733102 105.0
296.4070781735296 -21.766448737922136 104.0
296.4071068313746 -21.760169442085495 106.0
296.40713548143776 -21.753890146223174 105.0
296.4071641237208 -21.747610850335192 108.0
296.40719275822556 -21.741331554421553 109.0
296.4072213849535 -21.735052258482266 103.0
296.4072500039066 -21.728772962517343 102.0
296.4072786150864 -21.722493666526784 103.0
296.4073072184947 -21.716214370510603 103.0
296.4073358141331 -21.70993507446881 101.0
296.40736440200334 -21.703655778401405 104.0
296.4073929821071 -21.697376482308403 101.0
296.4074215544462 -21.69109718618981 102.0
296.4074501190223 -21.684817890045636 102.0
296.40747867583696 -21.67853859387589 102.0
296.407507224892 -21.672259297680576 101.0
296.40753576618914 -21.6659800014597 102.0
296.40756429973 -21.659700705213275 105.0
296.4075928255163 -21.653421408941316 106.0
296.4076213435498 -21.647142112643813 104.0
296.40764985383214 -21.640862816320787 105.0
296.407678356365 -21.63458351997225 104.0
296.40770685115007 -21.6283042235982 103.0
296.4077353381891 -21.622024927198645 103.0
296.4077638174838 -21.6157456307736 101.0
296.4077922890358 -21.60946633432307 102.0
296.40801978291796 -21.55923196180233 101.0
296.4132942504086 -21.892061140087897 101.0
296.4133227675084 -21.885781841154643 101.0
296.4138063760444 -21.779033755423985 104.0
296.41383475416336 -21.77275445603644 105.0
296.41386312457723 -21.766475156623738 102.0
296.4138914872878 -21.760195857185874 104.0
296.41391984229665 -21.753916557722874 106.0
296.4139481896056 -21.74763725823473 105.0
296.41397652921626 -21.74135795872146 105.0
296.4140048611303 -21.735078659183063 104.0
296.4140331853495 -21.72879935961955 102.0
296.4140615018755 -21.722520060030938 103.0
296.4140898107099 -21.71624076041723 103.0
296.4141181118545 -21.709961460778423 101.0
296.414146405311 -21.70368216111454 102.0
296.414174691081 -21.697402861425573 102.0
296.41420296916624 -21.691123561711553 103.0
296.4142312395683 -21.68484426197247 101.0
296.41425950228904 -21.678564962208334 101.0
296.41428775733 -21.672285662419156 107.0
296.4143160046929 -21.66600636260494 105.0
296.4143442443795 -21.659727062765707 106.0
296.4143724763914 -21.65344776290145 106.0
296.41440070073025 -21.647168463012182 104.0
296.4144289173978 -21.640889163097917 103.0
296.4144571263957 -21.634609863158648 102.0
296.41448532772563 -21.6283305631944 104.0
296.4145135213892 -21.622051263205176 104.0
296.4145417073882 -21.615771963190973 103.0
296.41456988572423 -21.609492663151812 101.0
296.41459805639903 -21.60321336308769 101.0
296.41473879491235 -21.571816862393053 101.0
296.41479503674736 -21.55925826194079 102.0
296.41482314619213 -21.55297896167732 101.0
296.42002865980385 -21.904645961620595 101.0
296.42014155655255 -21.879528751639658 102.0
296.4201697616019 -21.87324944908247 102.0
296.4201979589995 -21.86697014650051 102.0
296.4205919200744 -21.779059907756988 102.0
296.4206200028976 -21.772780604804474 101.0
296.4206480780959 -21.76650130182732 103.0
296.42067614567105 -21.760221998825525 105.0
296.42070420562465 -21.753942695799108 106.0
296.42073225795843 -21.747663392748073 105.0
296.420760302674 -21.74138408967243 103.0
296.4207883397731 -21.735104786572187 106.0
296.42081636925735 -21.72882548344735 104.0
296.42084439112847 -21.722546180297922 101.0
296.42087240538814 -21.716266877123918 102.0
296.42090041203795 -21.70998757392534 103.0
296.4209284110796 -21.703708270702204 103.0
296.4209564025148 -21.69742896745451 103.0
296.42098438634514 -21.69114966418227 102.0
296.4210123625723 -21.684870360885487 103.0
296.42104033119807 -21.678591057564176 108.0
296.42106829222394 -21.67231175421834 110.0
296.4210962456517 -21.666032450847986 109.0
296.42112419148293 -21.659753147453134 107.0
296.42115212971936 -21.65347384403377 107.0
296.42118006036264 -21.647194540589922 105.0
296.4212079834144 -21.64091523712158 104.0
296.4212358988763 -21.63463593362876 103.0
296.42126380675 -21.62835663011148 102.0
296.42129170703726 -21.622077326569734 104.0
296.42131959973955 -21.615798023003535 104.0
296.42134748485864 -21.609518719412893 104.0
296.4215424685016 -21.565563593594536 101.0
296.42157029301467 -21.559284289808595 103.0
296.4269039226554 -21.88583399298167 103.0
296.4269318386958 -21.87955468691278 102.0
296.4269597471632 -21.87327538081964 101.0
296.42698764805937 -21.866996074702243 101.0
296.42740525407817 -21.772806480036742 102.0
296.42743303405985 -21.76652717353241 101.0
296.42746080649863 -21.76024786700397 102.0
296.42748857139594 -21.753968560451412 102.0
296.42751632875354 -21.74768925387476 103.0
296.4275440785731 -21.741409947274008 103.0
296.42757182085626 -21.735130640649167 106.0
296.4275995556046 -21.72885133400025 102.0
296.42762728281986 -21.72257202732726 103.0
296.4276550025037 -21.716292720630207 102.0
296.4276827146577 -21.710013413909092 104.0
296.4277104192835 -21.703734107163935 101.0
296.4277381163829 -21.69745480039473 101.0
296.4277658059574 -21.6911754936015 105.0
296.4277934880087 -21.684896186784236 106.0
296.42782116253846 -21.678616879942957 107.0
296.4278488295483 -21.672337573077673 109.0
296.4278764890399 -21.666058266188376 108.0
296.42790414101484 -21.659778959275087 110.0
296.4279317854748 -21.653499652337807 104.0
296.42795942242145 -21.647220345376553 102.0
296.42798705185646 -21.64094103839132 103.0
296.4280146737814 -21.634661731382124 103.0
296.4280422881979 -21.628382424348974 103.0
296.4280698951077 -21.62210311729187 104.0
296.4280974945124 -21.615823810210824 104.0
296.42812508641356 -21.609544503105848 104.0
296.42815267081295 -21.603265195976938 102.0
296.4282629334247 -21.578147967222193 102.0
296.4282904803395 -21.57186865997377 105.0
296.42831801976223 -21.565589352701462 103.0
296.42834555169463 -21.55931004540528 103.0
296.43369450389946 -21.885859657582973 102.0
296.43372212327654 -21.879580348014997 101.0
296.43374973516103 -21.87330103842327 101.0
296.4342454697448 -21.760273461720747 101.0
296.43427293958484 -21.75399415167933 102.0
296.43441017692396 -21.7225976011185 101.0
296.434437602031 -21.71631829093564 103.0
296.4344650196882 -21.71003898072923 102.0
296.4344924298973 -21.70375967049928 104.0
296.4345198326598 -21.697480360245795 102.0
296.4345472279775 -21.691201049968786 101.0
296.43457461585194 -21.684921739668255 102.0
296.4346019962847 -21.67864242934422 103.0
296.4346293692775 -21.672363118996678 104.0
296.4346567348319 -21.666083808625636 105.0
296.43468409294957 -21.659804498231114 106.0
296.4347114436321 -21.65352518781311 107.0
296.4347387868812 -21.647245877371624 104.0
296.4347661226984 -21.64096656690668 103.0
296.43479345108545 -21.63468725641828 103.0
296.4348207720438 -21.62840794590642 105.0
296.4348480855752 -21.622128635371126 105.0
296.43487539168126 -21.61584932481239 104.0
296.4349026903635 -21.609570014230226 104.0
296.4349299816237 -21.603290703624644 102.0
296.43495726546337 -21.597011392995643 101.0
296.43498454188415 -21.590732082343244 103.0
296.4350118108877 -21.58445277166744 103.0
296.43503907247566 -21.578173460968248 103.0
296.4350663266495 -21.571894150245665 103.0
296.43509357341105 -21.565614839499705 102.0
296.44048508755606 -21.885885047975524 102.0
296.44051241026875 -21.87960573494584 101.0
296.4411930734151 -21.72262290167119 102.0
296.44122020394434 -21.716343588039763 103.0
296.44124732710384 -21.71006427438529 101.0
296.4412744428952 -21.703784960707775 103.0
296.4413557460764 -21.68494701953709 102.0
296.4413828324112 -21.678667705767502 102.0
296.441409911386 -21.672388391974913 103.0
296.44143698300223 -21.66610907815933 104.0
296.44146404726166 -21.659829764320758 104.0
296.4414911041659 -21.65355045045921 102.0
296.4415181537164 -21.647271136574695 104.0
296.4415451959149 -21.64099182266721 104.0
296.441572230763 -21.634712508736765 103.0
296.44159925826216 -21.628433194783373 105.0
296.4416262784143 -21.622153880807044 105.0
296.4416532912207 -21.615874566807772 105.0
296.44168029668305 -21.60959525278557 104.0
296.4417072948031 -21.603315938740458 104.0
296.44173428558236 -21.597036624672427 104.0
296.44176126902244 -21.590757310581488 103.0
296.4417882451249 -21.58447799646765 104.0
296.44181521389135 -21.57819868233092 104.0
296.4418421753234 -21.57191936817131 102.0
296.44186912942274 -21.565640053988822 102.0
296.4472756735993 -21.885910164158865 102.0
296.44797597226767 -21.72264792898487 102.0
296.4480028082182 -21.71636861194212 103.0
296.44802963687897 -21.71008929487682 107.0
296.4480564582516 -21.70380997778898 103.0
296.4481100791387 -21.691251343545705 101.0
296.4481904558482 -21.67241339201193 102.0
296.44821723352544 -21.666134074789 103.0
296.44824400392565 -21.659854757543577 106.0
296.4482707670505 -21.65357544027568 105.0
296.44829752290144 -21.647296122985303 105.0
296.44832427148026 -21.641016805672454 104.0
296.44835101278846 -21.634737488337148 104.0
296.44837774682765 -21.628458170979385 104.0
296.44840447359934 -21.622178853599173 106.0
296.44843119310525 -21.615899536196526 106.0
296.4484579053468 -21.609620218771447 107.0
296.44848461032575 -21.603340901323936 107.0
296.4485113080436 -21.597061583854014 107.0
296.4485379985019 -21.590782266361675 108.0
296.4485646817023 -21.584502948846932 104.0
296.44859135764636 -21.578223631309797 102.0
296.44861802633574 -21.57194431375027 103.0
296.4486446877719 -21.56566499616836 104.0
296.4540127814816 -21.898493645747692 102.0
296.45403952536947 -21.89221432595125 101.0
296.45475887345606 -21.722672683059105 102.0
296.4547854148269 -21.71639336264228 105.0
296.454811948988 -21.710114042203386 106.0
296.4548384759409 -21.703834721742446 103.0
296.45486499568733 -21.697555401259468 102.0
296.4549710026386 -21.672438119107284 101.0
296.45499748637576 -21.666158798514203 103.0
296.45502396291585 -21.65987947789913 104.0
296.4550504322604 -21.65360015726206 105.0
296.4550768944109 -21.647320836603008 106.0
296.4551033493691 -21.641041515921973 105.0
296.45512979713646 -21.634762195218972 105.0
296.45515623771456 -21.628482874494004 109.0
296.45518267110504 -21.622203553747084 108.0
296.4552090973094 -21.61592423297821 106.0
296.45523551632925 -21.60964491218739 106.0
296.4552619281661 -21.60336559137464 105.0
296.4552883328216 -21.597086270539958 104.0
296.4553147302973 -21.59080694968336 103.0
296.4553411205947 -21.58452762880484 103.0
296.4553675037154 -21.578248307904413 106.0
296.455393879661 -21.571968986982085 103.0
296.45542024843314 -21.565689666037866 103.0
296.46093612937256 -21.86712160425943 101.0
296.4613315457753 -21.772931753145592 101.0
296.4615417769546 -21.722697163893454 102.0
296.4615680237448 -21.71641784013978 106.0
296.46159426340535 -21.710138516364538 106.0
296.46162049593767 -21.703859192567734 107.0
296.46164672134336 -21.69757986874937 104.0
296.46175155173165 -21.672462573260532 101.0
296.46177774152784 -21.666183249334505 102.0
296.46180392420683 -21.659903925386963 102.0
296.46183009977005 -21.653624601417917 105.0
296.46185626821926 -21.64734527742737 106.0
296.4618824295559 -21.64106595341533 106.0
296.4619085837815 -21.634786629381804 108.0
296.4619347308976 -21.628507305326803 109.0
296.4619608709059 -21.622227981250326 110.0
296.4619870038078 -21.615948657152384 107.0
296.46201312960494 -21.609669333032983 105.0
296.4620392482988 -21.60339000889213 105.0
296.462065359891 -21.597110684729834 105.0
296.4620914643831 -21.590831360546098 103.0
296.46211756177655 -21.58455203634093 104.0
296.46214365207305 -21.57827271211434 105.0
296.462169735274 -21.571993387866332 102.0
296.46219581138104 -21.56571406359691 101.0
296.4680907953679 -21.77923531401694 101.0
296.4681168110935 -21.772955987153754 104.0
296.46814281975554 -21.76667666026941 101.0
296.46816882135533 -21.760397333363933 101.0
296.46832468273766 -21.72272137148748 102.0
296.4683506349463 -21.71644204443421 103.0
296.46837658010526 -21.71016271735985 105.0
296.46840251821607 -21.70388339026441 103.0
296.4684284492802 -21.697604063147892 101.0
296.4685321031018 -21.672486754471244 101.0
296.46863564430095 -21.64736944545796 106.0
296.46866151201505 -21.64109011815209 105.0
296.468687372698 -21.63481079082521 107.0
296.4687132263512 -21.628531463477337 109.0
296.4687390729764 -21.622252136108468 108.0
296.4687649125749 -21.615972808718613 106.0
296.4687907451484 -21.609693481307776 105.0
296.46881657069844 -21.603414153875974 104.0
296.4688423892264 -21.597134826423197 104.0
296.46886820073394 -21.590855498949463 103.0
296.4688940052226 -21.584576171454778 103.0
296.46891980269385 -21.578296843939142 101.0
296.47487635825587 -21.77925927775286 102.0
296.47505625461207 -21.735303966410154 101.0
296.47513324840577 -21.71646597552512 101.0
296.4753894415869 -21.653672671236333 104.0
296.47541502263056 -21.647393340694347 105.0
296.4754405967212 -21.641114010131826 105.0
296.4754661638605 -21.63483467954877 109.0
296.47549172404996 -21.628555348945188 109.0
296.4755172772911 -21.622276018321084 105.0
296.47554282358533 -21.615996687676475 104.0
296.47556836293427 -21.609717357011355 102.0
296.4755938953394 -21.603438026325737 104.0
296.4756194208023 -21.597158695619626 101.0
296.4756449393244 -21.590879364893027 102.0
296.4756704509073 -21.584600034145954 101.0
296.48158560659687 -21.798120967868506 101.0
296.4816873485031 -21.773003634552975 102.0
296.48196656951563 -21.703930966270207 101.0
296.4822196836488 -21.64113762935411 102.0
296.4822449572436 -21.634858295552046 105.0
296.48227022396827 -21.628578961729925 107.0
296.48229548382443 -21.622299627887756 103.0
296.48234598293703 -21.609740960143288 105.0
296.48237122219643 -21.603461626241003 102.0
296.4883972106299 -21.79186505753775 101.0
296.48859816728924 -21.741630364891066 104.0
296.4886483382679 -21.729071691532273 101.0
296.4887485984856 -21.703954344578484 102.0
296.48902375282165 -21.634881638834628 103.0
296.4890487260808 -21.62860230183113 105.0
296.4890736925511 -21.622322964808053 101.0
296.4890986522341 -21.616043627765396 103.0
296.4891236051312 -21.609764290703154 101.0
296.4953819661898 -21.74165348897419 101.0
296.4955058692193 -21.710256789674123 102.0
296.49553062963486 -21.70397744975646 101.0
296.4958272303619 -21.6286253692484 102.0
296.4958519034455 -21.622346029081573 107.0
296.4958765698215 -21.616066688895625 104.0
296.4959012294914 -21.609787348690553 102.0
296.50226372431064 -21.716558967845252 101.0
296.50228819694826 -21.710279624833863 101.0
296.50231266293775 -21.70400028180372 101.0
296.5026057367862 -21.62864816398131 103.0
296.5026301164822 -21.622368820707894 104.0
296.50265448955037 -21.616089477415812 102.0
296.50911886336473 -21.69774349459618 101.0
296.50938424532825 -21.628670686029466 102.0
296.50940833163577 -21.622391339686626 102.0
296.5161865488806 -21.622413586017363 101.0
296.5226823518122 -21.6977877869956 101.0
296.5294640991244 -21.697809523552888 101.0
296.5829611801968 -21.9240311654857 101.0
296.5897535921638 -21.92405053902338 101.0
296.58977442190786 -21.917771159375327 101.0
296.6031763405603 -21.974323540863928 101.0
296.61042934527256 -21.829916201462005 101.0
296.6235219510069 -21.98693721237478 101.0
