# successful candidates for region at (110.29166553140244, 46.61971313985487) and radius 1.0
109.26174877851804 46.125755588729334 67.0
109.2615125569095 46.13835080969289 67.0
109.26139439312897 46.144648419879964 67.0
109.26127619401093 46.15094602987046 67.0
109.26115795954043 46.15724363966428 67.0
109.27079987520014 46.12583696918461 67.0
109.27044860320439 46.14472983681434 68.0
109.27033144250461 46.15102745897142 67.0
109.27021424676283 46.15732508093527 67.0
109.27009701596415 46.16362270270581 67.0
109.26997975009375 46.169920324282955 67.0
109.2796189275657 46.13851290075273 67.0
109.27950284001301 46.14481053515879 67.0
109.27938671774348 46.1511081693751 69.0
109.27927056074242 46.1574058034016 67.0
109.27915436899505 46.163703437238205 67.0
109.27903814248667 46.17000107088483 69.0
109.28878716776792 46.13229522201372 67.0
109.2884420194906 46.151188161077336 67.0
109.28821174855797 46.16378345285439 67.0
109.30655270156171 46.151345988361214 67.0
109.30632658633124 46.16394132732182 67.0
109.31572004984255 46.14512614255492 67.0
109.3156080814118 46.15142382393477 67.0
109.32477441676443 46.145203247888375 67.0
109.32466348682229 46.151500940790754 67.0
109.33448746819026 46.10749340513675 68.0
109.33437777366743 46.11379111047269 68.0
109.33426804635947 46.12008881563907 67.0
109.33415828625249 46.12638652063585 68.0
109.33404849333259 46.13268422546291 68.0
109.33393866758585 46.138981930120195 67.0
109.33382880899836 46.14527963460765 67.0
109.33371891755617 46.15157733892519 68.0
109.33360899324538 46.15787504307275 67.0
109.34353566094548 46.107569005458124 67.0
109.34342700307356 46.113866722082726 68.0
109.34331831272623 46.120164438540954 68.0
109.34320958988972 46.126462154832744 68.0
109.34310083455028 46.13275987095805 68.0
109.34299204669414 46.13905758691677 67.0
109.34288322630748 46.14535530270884 68.0
109.3427743733765 46.151653018334216 68.0
109.34266548788743 46.15795073379277 68.0
109.35258387847229 46.10764388780103 67.0
109.35247625726237 46.11394161560711 68.0
109.35236860388677 46.120239343249985 68.0
109.35226091833188 46.12653707072959 70.0
109.35215320058403 46.13283479804586 68.0
109.35204545062959 46.13913252519871 68.0
109.3519376684549 46.145430252188085 67.0
109.3617386732289 46.10142031312124 67.0
109.36163212053442 46.10771805216163 68.0
109.36152553599753 46.11401579104202 68.0
109.36141891960466 46.12031352976234 69.0
109.36131227134238 46.12661126832252 69.0
109.36120559119713 46.1329090067225 70.0
109.36109887915543 46.13920674496219 68.0
109.37078590321585 46.10149374853171 67.0
109.37068038689567 46.107791498536145 68.0
109.37057483904265 46.114089248383664 68.0
109.37046925964344 46.12038699807424 69.0
109.37036364868466 46.126684747607754 69.0
109.37025800615294 46.132982496984155 71.0
109.37015233203489 46.139280246203406 68.0
109.37004662631712 46.1455779952654 68.0
109.37993760597996 46.0952687050444 67.0
109.37983315725484 46.101566466059495 68.0
109.37972867731972 46.107864226920825 70.0
109.37962416616139 46.11416198762831 72.0
109.37951962376661 46.12045974818191 72.0
109.37941505012215 46.12675750858152 71.0
109.37931044521476 46.13305526882711 70.0
109.37920580903116 46.13935302891859 72.0
109.37910114155812 46.14565078885591 67.0
109.38919058037716 46.082745149963515 68.0
109.38908722950005 46.08904292202658 67.0
109.38898384774859 46.095340693939065 67.0
109.38888043510973 46.101638465700866 68.0
109.38877699157035 46.10793623731194 68.0
109.38867351711738 46.11423400877222 71.0
109.38857001173773 46.12053178008164 70.0
109.38846647541827 46.126829551240114 70.0
109.3883629081459 46.13312732224761 71.0
109.38825930990747 46.13942509310403 71.0
109.38815568068988 46.14572286380934 67.0
109.39833705929607 46.07651861696083 68.0
109.39823477444932 46.082816399805026 70.0
109.3981324590504 46.0891141825017 69.0
109.3980301130864 46.095411965050765 70.0
109.39792773654435 46.10170974745217 68.0
109.39782532941128 46.10800752970584 69.0
109.39772289167425 46.11430531181172 70.0
109.39762042332029 46.120603093769745 68.0
109.39751792433643 46.12690087557984 69.0
109.39741539470965 46.13319865724198 69.0
109.397312834427 46.13949643875604 68.0
109.40738024150089 46.07658913870635 67.0
109.40727899183369 46.08288693207412 69.0
109.40717771192342 46.0891847252973 69.0
109.40707640175731 46.09548251837587 68.0
109.40697506132251 46.10178031130974 69.0
109.40687369060622 46.108078104098865 69.0
109.40677228959561 46.11437589674317 69.0
109.4066708582778 46.120673689242594 67.0
109.40656939664001 46.12697148159708 69.0
109.40646790466936 46.133269273806576 68.0
109.40636638235296 46.13956706587098 67.0
109.4163232322944 46.08295674676714 67.0
109.41622298788313 46.08925455040979 68.0
109.41612271352525 46.09555235391077 69.0
109.41602240920807 46.101850157269986 68.0
109.41592207491891 46.108147960487415 68.0
109.41582171064506 46.11444576356295 67.0
109.41572131637382 46.120743566496564 69.0
109.41562089209246 46.12704136928819 68.0
109.41552043778829 46.13333917193777 67.0
109.42536749559561 46.08302584388056 67.0
109.42497048211307 46.1082170988679 67.0
109.42487115458624 46.1145149122675 68.0
109.4247717973718 46.120812725528104 67.0
109.43470612580506 46.06420075011491 67.0
109.43411717335665 46.10198769548428 67.0
