# successful candidates for region at (79.15182613091184, -7.4151536744209) and radius 1.0
78.74906386775329 -6.773981389753389 91.0
78.74906927237357 -6.7677038387193935 90.0
78.83141793733493 -6.730103073375504 91.0
78.83772893949597 -6.7614952890212185 90.0
78.84406551286943 -6.7552219914141 91.0
78.85039787662839 -6.7552261786675345 90.0
78.85040191410044 -6.748948604195233 91.0
78.8567262853801 -6.761507854582201 90.0
78.85673419315431 -6.748952703158093 90.0
78.8567381433452 -6.742675127443778 90.0
78.8630121030831 -6.8368427919431305 90.0
78.86306260447994 -6.755234292024144 90.0
78.86306647231771 -6.748956715097168 91.0
78.86307033774428 -6.742679138168747 90.0
78.86307420075981 -6.736401561238886 91.0
78.86307806136452 -6.730123984307583 90.0
78.86934557460926 -6.836846733493721 90.0
78.86936842137554 -6.799181264892145 91.0
78.86937222090954 -6.792903686787022 90.0
78.8693911831888 -6.761515796240639 90.0
78.87566784782169 -6.855683325420842 90.0
78.87567904624164 -6.836850587651582 90.0
78.8756827744321 -6.830573008392499 91.0
78.87568650031473 -6.82429542913209 91.0
78.87569022388976 -6.81801784987035 90.0
78.87569394515734 -6.811740270607282 90.0
78.87569766411767 -6.805462691342889 93.0
78.87570138077092 -6.7991851120771685 91.0
78.87570880715691 -6.786629953541752 91.0
78.87571251689 -6.7803523742720575 91.0
78.87571622431673 -6.774074795001041 91.0
78.8757310309637 -6.748964477903756 90.0
78.88201251797784 -6.836854354416662 92.0
78.88201616066304 -6.830576774021643 90.0
78.88201980109338 -6.824299193625354 90.0
78.88202343926902 -6.818021613227796 91.0
78.88202707519014 -6.811744032828972 93.0
78.88203070885692 -6.80546645242888 93.0
78.88203434026954 -6.799188872027523 91.0
78.88203796942817 -6.792911291624899 91.0
78.88204159633297 -6.786633711221012 91.0
78.88204522098415 -6.78035613081586 91.0
78.88204884338185 -6.774078550409445 92.0
78.88205246352628 -6.767800970001767 90.0
78.88205969705598 -6.75524580918263 92.0
78.88206692157463 -6.742690648358449 90.0
78.88207053045525 -6.736413067944471 90.0
78.88834243043348 -6.8431356152923115 90.0
78.88834954699534 -6.830580452284314 91.0
78.88835310197328 -6.824302870778501 90.0
78.88835665474943 -6.818025289271477 93.0
78.88836020532399 -6.811747707763246 93.0
78.88836375369715 -6.805470126253806 93.0
78.88836729986903 -6.79919254474316 91.0
78.88837084383982 -6.792914963231304 90.0
78.88837438560972 -6.786637381718245 90.0
78.88837792517889 -6.780359800203979 91.0
78.88838146254749 -6.774082218688511 92.0
78.88838499771568 -6.767804637171837 90.0
78.88838853068366 -6.76152705565396 90.0
78.88839206145158 -6.755249474134881 92.0
78.88839559001961 -6.7489718926146 92.0
78.88839911638796 -6.742694311093119 90.0
78.89467598792854 -6.843139208354979 90.0
78.89467946175218 -6.836861625768301 90.0
78.89468640295205 -6.824306460591482 90.0
78.89468987032865 -6.818028878001347 94.0
78.89469333555655 -6.811751295410058 94.0
78.89469679863596 -6.80547371281762 94.0
78.89470025956703 -6.799196130224032 91.0
78.89470371834993 -6.792918547629292 90.0
78.8947071749848 -6.786640965033405 90.0
78.89471062947186 -6.78036338243637 91.0
78.89471408181124 -6.774085799838189 92.0
78.89471753200313 -6.76780821723886 90.0
78.89472098004768 -6.761530634638386 93.0
78.89472442594506 -6.755253052036765 91.0
78.90099936814569 -6.861975464922609 91.0
78.90102308600426 -6.818032379417357 93.0
78.90102646588544 -6.811754795769364 95.0
78.90102984367103 -6.805477212120274 94.0
78.90103321936118 -6.799199628470092 94.0
78.90103659295606 -6.792922044818818 92.0
78.90103996445588 -6.786644461166448 92.0
78.90104333386071 -6.780366877512988 90.0
78.9010467011708 -6.774089293858436 90.0
78.9010534295073 -6.761534126546059 93.0
78.90106014946666 -6.748978959229325 90.0
78.90735300519673 -6.824313378196773 90.0
78.90735630177392 -6.818035793519464 90.0
78.90735959630825 -6.811758208841116 92.0
78.90736288879994 -6.805480624161728 91.0
78.9073661792491 -6.7992030394812994 90.0
78.90736946765591 -6.792925454799833 90.0
78.90737932062379 -6.7740927007492076 91.0
78.90738915521621 -6.75525994668925 91.0
78.91368630645786 -6.82431670598899 90.0
78.91369272682266 -6.811761534625273 90.0
78.91369593402034 -6.8054839489419345 90.0
78.91369913922843 -6.799206363257609 92.0
78.91370234244707 -6.792928777572298 90.0
78.9137055436764 -6.786651191886001 91.0
78.9137087429166 -6.780373606198721 91.0
78.91372151998917 -6.755263263439763 90.0
78.92002897932987 -6.805487186460852 90.0
78.92003521732717 -6.792932013136169 91.0
78.92003833342116 -6.786654426472428 93.0
78.92004144757891 -6.780376839807753 92.0
78.92004455980059 -6.774099253142145 90.0
78.92636809229386 -6.792935161491408 90.0
78.92637112325242 -6.786657573876563 92.0
78.92637415232765 -6.780379986260838 92.0
78.92637717951969 -6.7741023986442315 90.0
78.9263802048287 -6.767824811026742 90.0
78.9327009673448 -6.79293822263797 90.0
78.93270391316784 -6.7866606340983715 90.0
78.93270685716047 -6.780383045557938 90.0
78.9327097993228 -6.774105457016674 92.0
78.93271567815714 -6.761550279931646 90.0
