# successful candidates for region at (89.06012869890435, 63.1628540876489) and radius 1.0
87.83815259107732 63.50358080004605 149.0
87.85225285941803 63.503699958337464 149.0
87.85198710814895 63.50998791860423 149.0
87.86661576999595 63.497529744977385 149.0
87.88045374528943 63.50393412668999 151.0
87.8796747242521 63.52279817338286 150.0
87.89455436009536 63.504049136714286 150.0
87.894041339773 63.516625223260036 149.0
87.8937846460168 63.522913265730914 151.0
87.90840173959471 63.5104508345852 149.0
89.68951652129988 63.03568746642066 149.0
89.71811927410556 63.07329433015411 149.0
89.75934518750033 63.054228541457114 149.0
89.77338322955865 63.0604481208216 150.0
89.78742727677577 63.06666630699328 149.0
89.80131711881066 63.06659438319043 150.0
89.80147733198497 63.07288309900253 150.0
89.81488069133056 63.0539437009803 149.0
89.81537010646919 63.072809797484325 151.0
89.82843250633556 63.04129172736909 149.0
89.82942910496436 63.07902381601008 149.0
