# successful candidates for region at (306.72221398609474, 3.817655960958448) and radius 1.0
306.0107399793674 4.200470718132124 73.0
306.01701765057885 4.200476043641096 74.0
306.01700105934833 4.219374162699663 74.0
306.02328436522794 4.213080073692172 73.0
306.0295675669629 4.206785931765289 73.0
306.029562135007 4.2130853104528985 73.0
306.0295566973811 4.219384689135712 73.0
306.0358399048675 4.213090499967228 74.0
306.0358345165203 4.219389881445989 73.0
306.0609457938786 4.219410177967343 73.0
306.1426072492288 4.150177241617945 73.0
306.14888453044836 4.150181557313538 75.0
306.1551662127118 4.143886396215727 73.0
306.15516181173433 4.150185826016165 74.0
306.16143909308596 4.150190047725774 73.0
306.1614216381506 4.1753877760405995 73.0
306.1676991149447 4.175391959800297 73.0
306.2117046208737 4.074628735971521 73.0
306.21170070428525 4.08092818545866 74.0
306.2179774531357 4.080931961604937 73.0
306.2179735805747 4.087231413145931 74.0
306.2242503776859 4.087235144609558 73.0
