# successful candidates for region at (43.812821097389154, 16.312086077266297) and radius 1.0
44.25034658597598 16.311118364683853 25.0
44.25040257045696 16.33615533807056 25.0
44.25041657752133 16.34241458139701 26.0
44.25043058896486 16.34867382471535 25.0
44.25678167648969 16.342401375802666 26.0
44.25679589172966 16.34866061705592 25.0
44.26314677459203 16.34238797951548 25.0
44.26332010067882 16.41749884884871 25.0
44.288637631286946 16.354850948393636 25.0
44.28865287502803 16.361110178854993 25.0
44.29501858018691 16.361095822373727 25.0
