# successful candidates for region at (216.66410393692934, -82.13846446892259) and radius 1.0
220.1244914429181 -82.39685969888116 16.0
220.11035121164213 -82.36550964626096 16.0
220.10753709001514 -82.35923958020982 16.0
220.10472758332259 -82.35296949575599 17.0
220.1019226802355 -82.34669939294464 17.0
220.17159946434776 -82.39648371835462 16.0
220.1687236601946 -82.39021405479414 17.0
220.15726767671853 -82.36513520962093 16.0
220.15441543107184 -82.35886545082973 18.0
220.1515678624223 -82.35259567313278 18.0
220.14872495929006 -82.34632587657671 17.0
220.1458867102328 -82.34005606120762 17.0
220.21870282428785 -82.3961026606635 17.0
220.2157885950198 -82.38983331104836 17.0
220.21287916350258 -82.38356394177703 17.0
220.2099745179133 -82.37729455289798 16.0
220.20707464646804 -82.37102514445955 16.0
220.20417953742134 -82.36475571650989 17.0
220.20128917906615 -82.35848626909717 18.0
220.19840355973383 -82.35221680226908 18.0
220.19552266779385 -82.34594731607348 17.0
220.26875897617566 -82.40198553786202 16.0
220.262848818194 -82.38944749505158 16.0
220.25695810224846 -82.37690937152564 16.0
220.25402000512426 -82.37064027961874 17.0
220.2510867326894 -82.36437116768184 16.0
220.24815827308547 -82.35810203576422 17.0
220.24523461449266 -82.35183288391511 16.0
220.24231574512987 -82.34556371218345 16.0
220.23068792570007 -82.32048682740482 16.0
220.30990426809478 -82.38905660757517 16.0
220.30393693679434 -82.37651912695033 17.0
220.30096062567551 -82.37025035570306 16.0
220.2979892014987 -82.36398156390048 16.0
220.29502265225398 -82.35771275159297 16.0
220.29206096597076 -82.35144391883097 16.0
220.28320496576953 -82.33263729832007 16.0
220.28026261240595 -82.32636838424122 16.0
220.2773250627342 -82.32009944995748 17.0
220.27439230501602 -82.3138304955184 16.0
220.3539304349032 -82.38239224527102 17.0
220.3509109602664 -82.37612381994954 17.0
220.34488688286245 -82.36358690593958 16.0
220.3358877640132 -82.34478137728564 16.0
220.33289787529839 -82.33851282590363 16.0
220.3299128753299 -82.33224425369175 16.0
220.32693275214382 -82.325975660701 17.0
220.32395749381513 -82.31970704698237 17.0
220.32098708845774 -82.31343841258652 16.0
220.39482740795978 -82.36945533375997 16.0
220.38569931635914 -82.35065085156172 16.0
220.38266658451067 -82.3443826478238 16.0
220.37963881498496 -82.33811442267113 16.0
220.3766159956298 -82.33184617615639 16.0
220.37359811433262 -82.3255779083319 16.0
220.37058515902032 -82.31930961924975 17.0
220.42944053174173 -82.34397887806689 16.0
220.52927169731598 -82.35569059551926 16.0
