# successful candidates for region at (49.2973045887386, 10.508586485681231) and radius 1.0
48.59979583378277 10.940806217655304 15.0
48.60588270710214 10.904653108367471 15.0
48.60579952682429 10.94081942582919 15.0
48.61187194957348 10.910693908451536 15.0
48.61185821496879 10.916721630750628 15.0
48.61786142745547 10.916734599853326 15.0
48.617847807562285 10.922762324821619 15.0
48.623824125205985 10.934830637719893 15.0
48.62982769984848 10.934843386566103 15.0
48.629814304202846 10.940871116792147 15.0
49.29623092781172 9.675722839015238 15.0
49.29623090800144 9.681750715029363 15.0
49.29623088818252 9.687778591043486 15.0
49.29623086835496 9.693806467057609 15.0
49.30221050979283 9.681750680008221 15.0
49.30221060035053 9.687778556014903 15.0
49.30221069094768 9.693806432021582 15.0
49.30819151995994 9.723945667529222 15.0
49.30819172150727 9.729973543505206 15.0
49.31417158326217 9.717917537628917 15.0
49.31417189538713 9.723945413550977 15.0
49.32015142540644 9.711889298430457 15.0
49.320151848012806 9.717917174275359 15.0
49.32015227080299 9.72394505012025 15.0
