# successful candidates for region at (78.60376339299376, -8.72320963314021) and radius 1.0
78.70396240105038 -8.911935914894984 77.0
78.71034446481303 -8.96810493292898 76.0
78.71034083532567 -8.955622543749381 77.0
78.71033539788448 -8.936898959978125 76.0
78.71033358721436 -8.93065776538721 79.0
78.71032816063358 -8.911934181612992 77.0
78.71032635358289 -8.905692987021089 76.0
78.71672083081961 -8.999309059371999 77.0
78.71671890239176 -8.993067865247522 77.0
78.71671697492391 -8.98682667112276 77.0
78.71671504841596 -8.980585476997723 76.0
78.7167092746506 -8.961861894620936 77.0
78.71670735198131 -8.955620700494785 77.0
78.71670543027145 -8.949379506368356 78.0
78.71670350952093 -8.943138312241649 79.0
78.71670158972964 -8.936897118114665 78.0
78.7166996708975 -8.930655923987404 77.0
78.7166977530244 -8.924414729859862 80.0
78.71669583611026 -8.918173535732047 78.0
78.71669392015498 -8.911932341603952 79.0
78.71669200515846 -8.905691147475581 77.0
78.71669009112063 -8.899449953346931 76.0
78.72309014533822 -9.005548299400044 77.0
78.72308810719329 -8.999307105766741 76.0
78.72308607006258 -8.993065912133128 76.0
78.72308403394597 -8.986824718499202 76.0
78.72307589961865 -8.961859943960393 77.0
78.72307386857109 -8.955618750324916 76.0
78.72307183853704 -8.949377556689127 79.0
78.7230698095164 -8.94313636305303 80.0
78.72306778150909 -8.936895169416621 79.0
78.72306575451496 -8.930653975779903 77.0
78.72306372853394 -8.924412782142877 78.0
78.72306170356595 -8.918171588505539 81.0
78.72305967961086 -8.911930394867891 82.0
78.72305765666859 -8.905689201229938 80.0
78.72305563473901 -8.89944800759167 78.0
78.72946182740809 -9.01802862440333 76.0
78.72945967836924 -9.011787431288527 77.0
78.72945753039892 -9.005546238173384 76.0
78.72945538349705 -8.999305045057893 77.0
78.72945109289819 -8.986822658825876 77.0
78.72944252451708 -8.961857886357702 76.0
78.72944038509131 -8.955616693239797 77.0
78.72943824673312 -8.949375500121548 80.0
78.72943610944243 -8.943134307002955 79.0
78.72943397321912 -8.93689311388402 78.0
78.72943183806306 -8.930651920764738 77.0
78.7294297039742 -8.924410727645116 79.0
78.7294275709524 -8.918169534525148 78.0
78.72942543899754 -8.911928341404836 80.0
78.72942330810955 -8.905687148284184 80.0
78.72942117828829 -8.89944595516319 79.0
78.7294190495337 -8.893204762041849 77.0
78.72941692184563 -8.886963568920168 76.0
78.73583394924768 -9.030508840095496 77.0
78.735831689098 -9.024267647526257 78.0
78.73582717216723 -9.011785262386631 76.0
78.7358249153859 -9.005544069816247 77.0
78.73582265972715 -8.99930287724548 76.0
78.73582040519085 -8.993061684674334 77.0
78.73581815177687 -8.986820492102803 77.0
78.73581589948515 -8.980579299530895 76.0
78.73581364831553 -8.974338106958607 76.0
78.7358113982679 -8.968096914385937 76.0
78.73580690153825 -8.955614529239455 78.0
78.735804654856 -8.949373336665642 78.0
78.73580240929529 -8.943132144091452 78.0
78.73580016485603 -8.936890951516885 79.0
78.73579792153814 -8.930649758941934 80.0
78.73579567934145 -8.924408566366605 77.0
78.73579343826589 -8.9181673737909 77.0
78.73579119831133 -8.911926181214813 78.0
78.73578895947767 -8.905684988638349 79.0
78.73578672176481 -8.899443796061504 79.0
78.73578448517262 -8.893202603484283 78.0
78.73578224970099 -8.886961410906684 77.0
78.74220176972581 -9.030506562320985 77.0
78.74219230029543 -9.005541794328662 76.0
78.74218757264083 -8.993059410329984 78.0
78.74218521057827 -8.986818218330018 78.0
78.74218284969206 -8.980577026329636 78.0
78.74218048998205 -8.974335834328834 77.0
78.74217813144816 -8.968094642327612 77.0
78.7421734179082 -8.955612258323917 77.0
78.74217106290192 -8.949371066321445 79.0
78.74216870907127 -8.943129874318553 79.0
78.74216635641613 -8.936888682315244 78.0
78.74216400493641 -8.93064749031152 78.0
78.74216165463199 -8.924406298307378 77.0
78.74215695754853 -8.911923914297848 76.0
78.74215461076928 -8.905682722292457 77.0
78.74215226516483 -8.899441530286651 79.0
78.74214992073512 -8.893200338280428 76.0
78.74214757747998 -8.886959146273792 76.0
78.74855474000975 -8.993057028909044 77.0
78.74855226929866 -8.986815837507548 77.0
78.74854979981802 -8.980574646105596 78.0
78.74854733156769 -8.974333454703185 77.0
78.74854486454757 -8.96809226330032 76.0
78.74854239875752 -8.961851071896993 76.0
78.74853993419744 -8.955609880493212 77.0
78.74853747086719 -8.949368689088976 78.0
78.74853500876667 -8.94312749768428 79.0
78.74853254789572 -8.936886306279131 79.0
78.74853008825424 -8.930645114873526 78.0
78.74852762984213 -8.92440392346746 76.0
78.7485178084847 -8.899439157838655 77.0
78.74851535621752 -8.893197966430318 76.0
78.75492448793813 -8.999295731187152 77.0
78.75492190729388 -8.993054540411537 77.0
78.75491932793432 -8.986813349635424 77.0
78.75491674985932 -8.980572158858811 77.0
78.75491417306873 -8.9743309680817 76.0
78.75491159756245 -8.96808977730409 77.0
78.75490902334033 -8.961848586525981 77.0
78.75490645040226 -8.955607395747375 77.0
78.75490387874812 -8.949366204968273 79.0
78.75490130837777 -8.943125014188672 80.0
78.75489873929108 -8.936883823408571 79.0
78.75489617148791 -8.930642632627976 79.0
78.75489360496816 -8.924401441846884 79.0
78.75489103973169 -8.918160251065297 77.0
78.75488847577839 -8.911919060283209 76.0
78.75488591310811 -8.905677869500627 76.0
78.75488335172075 -8.899436678717551 77.0
78.75488079161615 -8.893195487933978 79.0
78.76129983991062 -9.01801670532737 77.0
78.76129714654668 -9.011775515205715 76.0
78.76129176383624 -8.99929313496078 76.0
78.76128638648152 -8.986810754713675 77.0
78.76127296651897 -8.955604804086436 77.0
78.76127028654099 -8.949363613959363 80.0
78.76126760790088 -8.943122423831753 80.0
78.76126493059849 -8.936881233703602 80.0
78.7612622546337 -8.930640043574911 80.0
78.7612595800064 -8.92439885344568 79.0
78.76125690671644 -8.918157663315911 79.0
78.76125423476367 -8.9119164731856 76.0
78.76125156414798 -8.905675283054753 77.0
78.76124889486924 -8.899434092923366 79.0
78.76124622692728 -8.893192902791442 78.0
78.76124356032203 -8.886951712658979 76.0
78.76767305078654 -9.030496378842374 76.0
78.76767024577072 -9.024255189401275 76.0
78.76765624159283 -8.993049242186961 76.0
78.76765344493653 -8.986808052742338 76.0
78.76763948254383 -8.955602105510424 77.0
78.76763669424207 -8.949360916062284 81.0
78.76763390733228 -8.94311972661356 82.0
78.76763112181428 -8.936878537164251 80.0
78.76762833768795 -8.93063734771436 79.0
78.76762555495316 -8.924396158263882 80.0
78.76762277360973 -8.91815496881282 78.0
78.76761999365758 -8.911913779361175 79.0
78.76761721509655 -8.905672589908948 78.0
78.7676144379265 -8.899431400456137 77.0
78.76761166214729 -8.893190211002745 77.0
78.76760888775878 -8.88694902154877 77.0
78.77404670314156 -9.042975942345262 76.0
78.77400599847313 -8.955599300019378 77.0
78.7740031018477 -8.949358111277068 81.0
78.77400020666828 -8.943116922534127 79.0
78.77399731293472 -8.936875733790556 80.0
78.77399442064691 -8.930634545046356 79.0
78.77399152980469 -8.924393356301522 82.0
78.77398864040792 -8.918152167556059 80.0
78.77398575245644 -8.911910978809967 80.0
78.77398286595015 -8.905669790063246 77.0
78.77397998088885 -8.899428601315897 78.0
78.77397709727245 -8.893187412567919 78.0
78.78042686007214 -9.06793777166925 76.0
78.78042079762244 -9.055455395673972 76.0
78.7804177686516 -9.049214207675304 76.0
78.78041474118326 -9.042973019675953 77.0
78.78041171521724 -9.036731831675917 80.0
78.7804086907534 -9.030490643675193 78.0
78.78040566779161 -9.024249455673791 76.0
78.78037552075247 -8.961837575622235 76.0
78.78037251430318 -8.955596387613333 78.0
78.7803695093541 -8.949355199603753 79.0
78.78036650590515 -8.943114011593494 80.0
78.78036350395614 -8.936872823582554 79.0
78.78036050350691 -8.930631635570938 81.0
78.78035750455736 -8.92439044755864 81.0
78.78035450710728 -8.918149259545668 80.0
78.78035151115657 -8.911908071532016 79.0
78.78034851670506 -8.905666883517688 78.0
78.78034552375263 -8.89942569550268 76.0
78.786792193602 -9.06169355142963 78.0
78.78678905388489 -9.055452364192126 76.0
78.78678591572458 -9.049211176953886 78.0
78.7867827791209 -9.042969989714914 80.0
78.7867796440737 -9.036728802475205 79.0
78.78677651058285 -9.030487615234764 76.0
78.78677024826953 -9.018005240751679 77.0
78.78676711944674 -9.011764053509037 76.0
78.78673903003025 -8.955593368292327 76.0
78.78673591675764 -8.949352181042373 80.0
78.78673280503921 -8.943110993791693 79.0
78.78672969487481 -8.936869806540281 80.0
78.78672658626425 -8.930628619288143 83.0
78.78672347920741 -8.924387432035273 81.0
78.78672037370414 -8.918146244781678 79.0
78.78671726975426 -8.911905057527356 79.0
78.78671416735763 -8.905663870272306 77.0
78.79316706175497 -9.074172784712669 76.0
78.79316055900006 -9.06169041181484 77.0
78.79315731003936 -9.055449225364741 77.0
78.79315406268964 -9.049208038913859 77.0
78.79314757282243 -9.03672566600973 76.0
78.79310232405456 -8.949349055592972 77.0
78.79309910406674 -8.943107869128763 79.0
78.79309588568701 -8.936866682663775 80.0
78.79309266891521 -8.930625496198008 79.0
78.79308945375118 -8.924384309731462 78.0
78.79308624019478 -8.918143123264134 79.0
78.7930830282458 -8.911901936796028 79.0
78.79307981790414 -8.905660750327144 77.0
78.79951885466897 -9.042963607917814 76.0
78.79946873124113 -8.949345823255587 78.0
78.79946540298403 -8.943104637604751 78.0
78.79946207638906 -8.936863451953078 79.0
78.79945875145611 -8.930622266300574 79.0
78.79945542818497 -8.92438108064724 78.0
78.7994521065755 -8.91813989499307 78.0
78.79944878662755 -8.911898709338068 77.0
78.80583857655645 -8.955583668839939 77.0
78.80583513831371 -8.94934248403026 79.0
78.80583170178738 -8.943101299219691 79.0
78.80582826697727 -8.936860114408233 79.0
78.80582483388324 -8.930618929595887 80.0
78.80582140250507 -8.924377744782655 79.0
78.80581797284265 -8.91813655996853 78.0
78.81220154526854 -8.949339037917035 76.0
78.81219800047309 -8.94309785397363 79.0
78.81219445744792 -8.93685667002928 79.0
78.81219091619288 -8.930615486083985 79.0
78.81218737670778 -8.924374302137744 77.0
78.81218383899248 -8.918133118190562 76.0
78.81856795210192 -8.949335484915954 76.0
78.81856429903742 -8.94309430186661 78.0
78.8185606477973 -8.936853118816265 79.0
79.02232852582647 -8.980371053564635 76.0
79.02868098447097 -8.967881687511142 77.0
79.0414442868525 -8.992831734545929 76.0
79.06054576412667 -8.992809171438074 76.0
79.06053796976987 -8.986568042325317 77.0
79.06048351793842 -8.942880138408581 76.0
79.06692082962297 -8.999042563419398 76.0
79.06691292268802 -8.992801436255247 76.0
79.06690501968927 -8.986560309086412 76.0
79.06689712062634 -8.980319181912893 77.0
79.06688922549883 -8.974078054734692 77.0
79.07328809660895 -8.999034719192345 78.0
79.07328008097814 -8.992793593999155 76.0
79.07327206933766 -8.986552468801147 78.0
79.07326406168708 -8.980311343598325 78.0
79.07325605802605 -8.974070218390692 78.0
79.07964723899332 -8.99278564466989 77.0
79.0796391187113 -8.98654452146962 77.0
79.07963100247328 -8.980303398264404 77.0
79.07962289027891 -8.974062275054244 77.0
79.08599794298122 -8.980295345911228 76.0
79.21957796961765 -8.905208655191952 77.0
79.23249115406597 -9.0112859405982 77.0
79.23248041042531 -9.005044873442005 77.0
79.23246967212879 -8.998803806277165 76.0
79.23245893917583 -8.992562739103686 76.0
79.23241606078939 -8.96759847032346 76.0
79.23238395808127 -8.948875268647786 76.0
79.232373267858 -8.942634201405344 78.0
79.23236258297354 -8.9363931341543 76.0
79.23235190342737 -8.930152066894657 76.0
79.23231989681342 -8.911428865064185 76.0
79.2388803513004 -9.023757435408188 76.0
79.23886948806384 -9.01751637094061 77.0
79.23885863022657 -9.011275306464203 79.0
79.2388477777881 -9.005034241978976 78.0
79.23883693074787 -8.998793177484929 77.0
79.23878277650154 -8.967587854882547 76.0
79.23877196183949 -8.961346790335671 76.0
79.23876115257194 -8.955105725780008 76.0
79.23875034869836 -8.948864661215557 79.0
79.2387395502182 -8.942623596642328 80.0
79.23872875713093 -8.936382532060321 77.0
79.23870718713295 -8.923900402869991 77.0
79.23869641022117 -8.917659338261677 77.0
79.23868563870013 -8.911418273644605 79.0
79.2452370727034 -9.017505626957762 78.0
79.24522610601446 -9.011264565179415 78.0
79.24521514477843 -9.005023503392067 78.0
79.24520418899478 -8.998782441595722 78.0
79.24519323866292 -8.992541379790385 76.0
79.2451494918429 -8.967577132479196 77.0
79.24513856876203 -8.96133607062896 77.0
79.24512765112975 -8.955095008769758 78.0
79.24511673894548 -8.948853946901592 77.0
79.24510583220872 -8.94261288502447 78.0
79.24508403507555 -8.930130761243365 77.0
79.24506225972591 -8.917648637426483 76.0
79.25159358142588 -9.011253716743974 76.0
79.25157144686578 -8.998771598609688 76.0
79.2515603878449 -8.992530539528786 76.0
79.25152724381239 -8.973807362231092 78.0
79.25151620680978 -8.967566303113545 76.0
79.25150517531036 -8.961325243986849 77.0
79.2514941493136 -8.955084184851007 77.0
79.25148312881896 -8.948843125706023 77.0
79.25147211382588 -8.9426020665519 77.0
79.25146110433383 -8.93636100738865 77.0
79.25143910185064 -8.923878889034764 76.0
79.25794987762684 -9.00500170484717 76.0
79.25793870435716 -8.998760648526966 76.0
79.25788292139842 -8.967555366785732 76.0
79.25787178148076 -8.961314310409477 79.0
79.25786064711983 -8.955073254023896 78.0
79.25784951831507 -8.948832197628988 77.0
79.25783839506596 -8.942591141224767 76.0
79.25777177220901 -8.905144802604022 76.0
79.25774960901026 -8.892662689656104 76.0
79.26431724347744 -9.004990644889464 76.0
79.26430596146517 -8.998749591347698 76.0
79.26426088955218 -8.97378537708531 76.0
79.26424963560515 -8.967544323495906 77.0
79.2642383872695 -8.96130326989699 76.0
79.27068460894064 -9.00497947780844 76.0
79.27067321818609 -8.998738427072022 77.0
79.27066183309984 -8.992497376325879 76.0
79.27065045368127 -8.986256325570022 78.0
79.27063907992986 -8.980015274804453 76.0
79.27061634942623 -8.9675331732442 77.0
79.2706049926729 -8.961292122449525 76.0
79.27053697109619 -8.923845817478087 76.0
79.27705197401274 -9.004968203604243 79.0
79.2770404745162 -8.998727155700081 78.0
79.27702898074205 -8.992486107786014 77.0
79.27701749268972 -8.986245059862043 77.0
79.27700601035863 -8.980004011928175 77.0
79.27698306285795 -8.967521916030764 76.0
79.28341933868998 -9.004956822277018 77.0
79.28340773045174 -8.998715777232027 78.0
79.28339612799 -8.992474732176943 79.0
79.2833845313042 -8.986233687111763 77.0
79.28337294039373 -8.979992642036501 78.0
79.28336135525807 -8.973751596951157 77.0
79.28334977589658 -8.967510551855739 77.0
79.28333820230874 -8.961269506750245 76.0
79.28332663449399 -8.955028461634686 76.0
79.28330351618133 -8.94254637137339 76.0
79.28979842577947 -9.01118637597553 77.0
79.28978670296863 -9.004945333826914 79.0
79.28977498598898 -8.998704291668002 80.0
79.28976327483997 -8.99246324949881 79.0
79.28975156952097 -8.986222207319331 79.0
79.28973987003144 -8.979981165129582 78.0
79.28972817637077 -8.97374012292956 77.0
79.28971648853842 -8.967499080719271 76.0
79.29618957932139 -9.023656855928909 76.0
79.29617773594296 -9.017415816714454 77.0
79.29616589845102 -9.011174777489506 79.0
79.29615406684496 -9.004933738254074 81.0
79.29614224112423 -8.998692699008156 80.0
79.29613042128821 -8.992451659751763 78.0
79.29611860733634 -8.986210620484895 80.0
79.29610679926803 -8.97996958120756 81.0
79.29609499708269 -8.973728541919765 79.0
79.29608320077973 -8.967487502621513 78.0
79.29605962581869 -8.95500542399365 77.0
79.30256922756159 -9.029886180675891 76.0
79.30254531705721 -9.017404108138644 76.0
79.30253337071622 -9.01116307185399 80.0
79.30252143031525 -9.004922035558652 80.0
79.30250949585371 -8.998680999252636 80.0
79.30249756733103 -8.992439962935954 80.0
79.30248564474657 -8.986198926608603 80.0
79.30247372809978 -8.979957890270592 82.0
79.30246181739007 -8.973716853921925 79.0
79.30244991261682 -8.967475817562606 78.0
79.30243801377948 -8.961234781192646 79.0
79.30242612087746 -8.954993744812041 76.0
79.30241423391014 -8.948752708420804 76.0
79.3089249589455 -9.023633325693142 76.0
79.30891289776105 -9.017392292386575 77.0
79.30890084257133 -9.011151259069123 78.0
79.30888879337576 -9.004910225740797 80.0
79.30887675017372 -8.998669192401598 81.0
79.30886471296466 -8.992428159051531 81.0
79.30885268174795 -8.986187125690607 80.0
79.30884065652299 -8.979946092318825 81.0
79.3088286372892 -8.97370505893619 78.0
79.30881662404597 -8.96746402554271 79.0
79.30880461679274 -8.961222992138392 80.0
79.30879261552889 -8.954981958723236 77.0
79.31526831401263 -9.011139339135067 77.0
79.31525615602276 -9.00489830880066 80.0
79.31524400408054 -8.998657278455187 81.0
79.3152318581854 -8.992416248098648 80.0
79.3152197183367 -8.986175217731056 81.0
79.3152075845339 -8.979934187352407 81.0
79.31519545677635 -8.97369315696271 79.0
79.31518333506347 -8.967452126561973 79.0
79.31517121939463 -8.961211096150198 82.0
79.31515910976927 -8.954970065727393 76.0
79.32163578503635 -9.011127312051968 76.0
79.3216235182525 -9.004886284738399 77.0
79.32161125757041 -8.998645257413562 79.0
79.3215990029895 -8.99240423007746 81.0
79.32158675450917 -8.986163202730104 79.0
79.3215745121288 -8.979922175371495 81.0
79.3215622758478 -8.97368114800164 80.0
79.32155004566555 -8.967440120620546 80.0
79.32153782158146 -8.961199093228215 78.0
79.3215256035949 -8.954958065824654 76.0
79.32799088006124 -9.004874153554164 77.0
79.3279785106396 -8.998633129276875 78.0
79.32796614737326 -8.992392104988122 77.0
79.32795379026159 -8.98615108068791 77.0
79.32794143930398 -8.979910056376248 79.0
79.32792909449986 -8.973669032053136 80.0
79.32791675584856 -8.967428007718587 78.0
79.3279044233495 -8.9611869833726 76.0
79.32787977680564 -8.948704934646344 77.0
79.32786746275964 -8.942463910266085 76.0
79.32781826806757 -8.917499812630961 76.0
79.32780598476451 -8.911258788193688 77.0
79.32779370760822 -8.905017763745027 76.0
79.3277691717335 -8.89253571481357 76.0
79.33432082559025 -8.986138851604625 78.0
79.33430836605574 -8.979897830366813 78.0
79.33429591272876 -8.973656809117353 76.0
79.33428346560875 -8.967415787856249 78.0
79.33427102469504 -8.961174766583508 76.0
79.33425858998703 -8.954933745299135 77.0
79.33424616148413 -8.948692724003134 76.0
79.33423373918572 -8.942451702695514 76.0
79.3407004348648 -8.992367533605607 77.0
79.34068786049141 -8.986126515480413 76.0
79.3406752923803 -8.979885497343355 78.0
79.34066273053084 -8.97364447919445 77.0
79.34065017494241 -8.967403461033694 77.0
79.34063762561436 -8.961162442861095 76.0
79.34062508254613 -8.954921424676666 76.0
79.34708026728589 -8.998596102298013 76.0
79.34706757796512 -8.992355087312756 76.0
79.34705489496136 -8.986114072315427 81.0
79.34704221827397 -8.979873057306031 78.0
79.34702954790234 -8.973632042284578 76.0
79.34701688384581 -8.967391027251074 77.0
79.34699157467561 -8.954908997147928 76.0
79.34697892956069 -8.948667982078305 76.0
79.35343472063019 -8.992342533952382 76.0
79.35342192899638 -8.986101522109827 76.0
79.35340914373303 -8.979860510255001 77.0
79.35339636483954 -8.973619498387908 76.0
79.35338359231525 -8.967378486508556 77.0
79.35337082615955 -8.96113747461695 76.0
79.35335806637178 -8.954896462713096 76.0
79.35977606875376 -8.979847856190426 76.0
79.36612999739623 -8.973594089634807 76.0
79.36591005699869 -8.867496994579492 76.0
79.37227503602752 -8.867484184687132 77.0
79.37226204903838 -8.86124318221342 76.0
79.37223609461918 -8.848761177227658 78.0
79.37222312718782 -8.842520174715622 77.0
79.37865311572425 -8.873712267468296 78.0
79.37864001461287 -8.867471268265717 77.0
79.37862692007602 -8.861230269050132 77.0
79.37861383211306 -8.854989269821559 78.0
79.37860075072335 -8.848748270579993 78.0
79.37858767590623 -8.842507271325449 77.0
79.37857460766108 -8.836266272057928 76.0
79.38503141680579 -8.879940237136918 77.0
79.38501820146385 -8.873699241232773 77.0
79.38500499275109 -8.867458245315406 77.0
79.38499179066686 -8.861217249384827 78.0
79.3849785952105 -8.85497625344104 78.0
79.3849654063814 -8.84873525748405 77.0
79.38495222417885 -8.842494261513863 77.0
79.38493904860225 -8.836253265530488 77.0
79.38492587965092 -8.83001226953393 77.0
79.39142327579549 -8.892409086176828 76.0
79.3913966097493 -8.879927101033491 76.0
79.3913832867523 -8.873686108441651 78.0
79.39136997043849 -8.867445115836375 79.0
79.39130348909431 -8.836240152608665 76.0
79.39778868375527 -8.892395836812081 76.0
79.3977752396272 -8.886154847586754 76.0
79.39776180223764 -8.87991385834776 76.0
79.39774837158593 -8.873672869095103 79.0
79.39773494767142 -8.86743187982879 76.0
79.40415409125552 -8.892382480811447 76.0
79.40411345596108 -8.873659523193297 76.0
79.41665179683747 -8.786258803190053 77.0
79.4230566911229 -8.804968113300628 76.0
79.42304291324936 -8.798727137499366 77.0
79.42302914232086 -8.792486161683646 77.0
79.42301537833671 -8.78624518585347 78.0
79.4294205930079 -8.804954379373703 76.0
79.42940670812911 -8.798713407043284 76.0
79.42939283024928 -8.792472434698178 76.0
79.42937895936777 -8.786231462338392 78.0
79.43584053249775 -8.829904414369508 77.0
79.43582651239548 -8.823663445596514 76.0
79.43581249934888 -8.817422476808575 76.0
79.43578449441996 -8.8049405391879 76.0
79.44219073466829 -8.823649488576994 78.0
79.44217661445532 -8.817408523314292 76.0
79.44216250135126 -8.811167558036427 76.0
79.4485549564598 -8.823635425218384 76.0
79.4485407290808 -8.81739446350778 76.0
79.4549335195286 -8.82986221363688 76.0
79.45491917776636 -8.823621255520868 76.0
79.45490484322168 -8.81738029738922 76.0
