# successful candidates for region at (50.54448813516543, 21.862192264372947) and radius 1.0
50.61979004634543 22.555870067543893 50.0
50.83627755836392 22.468430095268165 50.0
50.836290566548435 22.474658577594294 50.0
50.83630357820201 22.48088705991529 51.0
50.83631659332545 22.48711554223114 50.0
50.8363296119195 22.49334402454186 50.0
50.84305755875697 22.474646474589296 50.0
50.84307087214884 22.48087495528712 51.0
50.84308418909104 22.487103435979556 51.0
50.84983816490926 22.480862573168853 50.0
50.849851783669735 22.487091052200665 51.0
51.05891431676941 22.287260404001348 50.0
51.08596998599438 22.29340245015641 50.0
51.08599397522924 22.299630848150837 50.0
51.09272820164814 22.293380168384264 50.0
51.09948641514675 22.29335761024733 50.0
