# successful candidates for region at (24.749734824647046, -77.42567427367604) and radius 1.0
20.946457950863866 -77.31086276416761 63.0
20.969160490215675 -77.3300287242974 63.0
20.970998357735244 -77.32377357630925 63.0
20.972834411946607 -77.31751841528697 63.0
20.97466865552756 -77.31126324124976 63.0
20.98927774108505 -77.26122138271704 63.0
20.999238083529374 -77.32417146840699 63.0
21.00288110547851 -77.31166074095346 63.0
21.004699923175046 -77.30540535801303 63.0
21.025668997841322 -77.33082191943377 63.0
21.03109528785507 -77.31205526299885 63.0
21.032900485068307 -77.30579968560622 63.0
21.05931118979072 -77.31244680710812 63.0
21.06110276398267 -77.3061910367191 64.0
21.083967634615632 -77.32534726014731 63.0
21.08574909512899 -77.31909132270182 63.0
21.091082943672873 -77.30032343693239 63.0
21.09640104704806 -77.28155544139285 63.0
21.112214233182268 -77.3257332282878 63.0
21.142216666184865 -77.31985989785083 63.0
21.23366494299047 -77.08874097391855 63.0
21.235341922684878 -77.08248403702716 64.0
21.23701727821734 -77.07622708907681 63.0
21.24299767164904 -77.15793860694507 63.0
21.24467936612884 -77.1516816115464 63.0
21.261406640447547 -77.0891110518284 63.0
21.26307045288939 -77.0828539356355 64.0
21.270886632734882 -77.15830772515568 64.0
21.272555017179645 -77.15205054995597 63.0
21.289149895782913 -77.08947820179513 63.0
21.290800538711565 -77.08322090770923 63.0
21.297120478178517 -77.16493124243507 63.0
21.29877716441832 -77.15867389958723 64.0
21.300432236536658 -77.15241654601022 64.0
21.310328904222985 -77.11487220011135 64.0
21.329951170402065 -77.14652205838587 63.0
21.334862076226997 -77.12774937207546 63.0
21.336495862556916 -77.1214917889913 64.0
21.33812806160672 -77.1152341954423 64.0
21.33975867568513 -77.10897659144368 63.0
21.362689256112766 -77.12810878225505 65.0
21.367546135996932 -77.10933547809668 63.0
21.37238888660737 -77.09056208154836 63.0
21.390517958110177 -77.12846525501637 63.0
21.43023658897085 -76.97201397477899 63.0
21.456181709951025 -76.97862160125308 63.0
21.483698693387716 -76.9789681534315 63.0
21.506613626840895 -76.9980877540988 63.0
21.508149598515338 -76.99182911245406 64.0
21.53417242471109 -76.99842898931445 64.0
21.535695397994917 -76.99217018344982 65.0
21.53721690606509 -76.98591136840037 63.0
21.56022121128745 -77.00502627509307 63.0
21.561732639017375 -76.99876731544173 65.0
21.5632426118686 -76.9925083467488 66.0
21.564751131938063 -76.98624936902735 66.0
21.5662582013187 -76.97999038229035 63.0
21.5692679963651 -76.96747238182179 63.0
21.58629598759579 -77.01162096584066 65.0
21.58779584492297 -77.00536185349665 66.0
21.58929425774189 -76.99910273225353 66.0
21.5907912281357 -76.99284360212408 65.0
21.59228675818354 -76.98658446312113 64.0
21.59893754671207 -77.07454603685805 63.0
21.600438809441346 -77.06828685231119 64.0
21.601938619264523 -77.06202765889175 65.0
21.603436978287075 -77.05576845661257 63.0
21.610907084798484 -77.02447231276984 64.0
21.612396783005565 -77.01821305760132 65.0
21.613885045037172 -77.01195379366249 65.0
21.615371872966566 -77.00569452096603 66.0
21.616857268863008 -76.9994352395246 69.0
21.618341234791792 -76.99317594935081 68.0
21.619823772814243 -76.98691665045719 64.0
21.626658992781913 -77.07487755015526 63.0
21.62963376363986 -77.06235885134812 63.0
21.631118990786383 -77.05609948888096 63.0
21.638523626904192 -77.02480254641283 64.0
21.64000026870341 -77.01854313198059 64.0
21.641475486842122 -77.01228370893139 64.0
21.64294928337565 -77.00602427727753 64.0
21.644421660355373 -76.9997648370316 68.0
21.64589261982872 -76.99350538820592 66.0
21.64736216383919 -76.98724593081282 64.0
21.664676548697003 -77.0313894283064 63.0
21.666141545282947 -77.02512986448592 64.0
21.667605128685864 -77.01887029218815 66.0
21.669067300947063 -77.01261071142525 64.0
21.670528064103927 -77.0063511222096 65.0
21.671987420189932 -77.00009152455321 66.0
21.673445371234646 -76.99383191846839 65.0
21.693760827832826 -77.02545426676843 63.0
21.696660475284734 -77.01293480092411 63.0
21.727122996751124 -77.00073616876439 63.0
21.767414017638828 -76.94471321350703 63.0
21.76882071141071 -76.93845307267765 63.0
21.79347330544514 -76.95128718245283 63.0
21.794868432277116 -76.94502689897851 63.0
21.796262221419244 -76.9387666077687 63.0
21.82232413820463 -76.94533768588818 63.0
21.82370502086229 -76.9390772456803 64.0
21.825084580057197 -76.93281679789057 65.0
21.851149097860443 -76.93938498620574 64.0
21.852515761042977 -76.93312439094198 63.0
21.8538811149546 -76.92686378824828 63.0
21.857969339830365 -76.90808193569443 63.0
21.8785944405309 -76.93968982914006 63.0
21.879948205883778 -76.93342908778405 64.0
21.8813006742615 -76.9271683391378 64.0
21.884001727531505 -76.91464682001674 63.0
21.885350316134936 -76.90838604956275 63.0
21.902010713276294 -76.95877438946604 64.0
21.904698884741734 -76.94625265318476 63.0
21.906041036987503 -76.9399917742804 63.0
21.90872148375734 -76.92746999499602 63.0
21.910059781971672 -76.9212090946365 63.0
21.91139679919324 -76.91494818714575 64.0
21.92949732986105 -76.95907386741997 63.0
21.930829122280706 -76.95281285913012 64.0
21.93215963682849 -76.94655184379535 64.0
21.933488875340757 -76.94029082142575 65.0
21.934816839650328 -76.9340297920314 63.0
21.936143531586527 -76.9277687556225 64.0
21.937468952975177 -76.92150771220905 65.0
21.938793105638617 -76.91524666180115 64.0
21.951697081277104 -76.9844149763145 64.0
21.953021013802484 -76.97815385340463 64.0
21.954343673505072 -76.97189272354625 65.0
21.955665062217573 -76.96563158674941 64.0
21.956985181769173 -76.95937044302406 65.0
21.95830403398555 -76.95310929238025 66.0
21.959621620688882 -76.94684813482783 65.0
21.960937943697868 -76.94058697037687 63.0
21.96225300482772 -76.93432579903715 64.0
21.963566805890167 -76.92806462081865 65.0
21.964879348693497 -76.92180343573125 64.0
21.966190635042526 -76.91554224378476 67.0
21.967500666738626 -76.90928104498906 67.0
21.968809445579723 -76.90301983935399 65.0
21.97792584524416 -76.99097047219075 63.0
21.979238048388762 -76.98470921459395 65.0
21.980548989325342 -76.97844795017467 66.0
21.981858669872295 -76.97218667894275 65.0
21.98316709184453 -76.965925400908 65.0
21.98447425705347 -76.95966411608025 65.0
21.985780167307073 -76.95340282446925 66.0
21.98708482440983 -76.9471415260848 64.0
21.988388230162773 -76.94088022093658 63.0
21.98969038636349 -76.93461890903434 64.0
21.99358937557663 -76.91583493290064 63.0
21.994886551475663 -76.90957359407923 67.0
21.996182486758993 -76.90331224855215 65.0
21.99877064258344 -76.89078953741951 63.0
22.00006286666855 -76.88452817183305 63.0
22.005481036583713 -76.99126194241624 63.0
22.006780233929316 -76.98500054456767 64.0
22.008078181521256 -76.9787391400314 65.0
22.009374881160106 -76.97247772881703 65.0
22.010670334642967 -76.96621631093414 64.0
22.011964543763494 -76.95995488639235 64.0
22.013257510311917 -76.95369345520133 66.0
22.014549236075016 -76.94743201737053 66.0
22.015839722836173 -76.94117057290961 65.0
22.017128972375332 -76.93490912182801 64.0
22.01841698646905 -76.92864766413531 63.0
22.019703766890476 -76.922386199841 63.0
22.02739864117143 -76.88481727597033 64.0
22.03303743607176 -76.9915505027466 64.0
22.034323625876393 -76.98528896604034 63.0
22.035608578385087 -76.97902742277974 64.0
22.036892295380547 -76.97276587297422 65.0
22.038174778642077 -76.96650431663325 65.0
22.039456029945562 -76.96024275376621 67.0
22.04073605106348 -76.95398118438247 67.0
22.042014843764914 -76.94771960849143 67.0
22.04329240981556 -76.94145802610252 67.0
22.044568750977735 -76.93519643722502 66.0
22.04584386901038 -76.92893484186824 63.0
22.05473559465886 -76.88510349373117 63.0
22.056000990575225 -76.87884184687388 63.0
22.056768123339317 -77.01062113687041 63.0
22.060595031665432 -76.99183615298814 64.0
22.061868212204402 -76.98557447881852 64.0
22.063140167908454 -76.97931279822657 64.0
22.06441090054245 -76.97305111122158 64.0
22.06568041186786 -76.96678941781279 65.0
22.066948703642797 -76.96052771800943 65.0
22.068215777621994 -76.9542660118207 65.0
22.069481635556805 -76.94800429925581 64.0
22.07074627919526 -76.94174258032393 65.0
22.072009710282014 -76.93548085503419 63.0
22.08689242763178 -76.99838069688704 64.0
22.08815381131866 -76.99211889294918 63.0
22.089413980884547 -76.98585708271072 63.0
22.090672938079802 -76.97959526618062 63.0
22.091930684651448 -76.97333344336808 63.0
22.094442552895153 -76.96080977893168 64.0
22.095696678044504 -76.9545479373259 63.0
22.096949599524827 -76.94828608947373 65.0
22.09820131906644 -76.94202423538414 65.0
22.09945183839636 -76.93576237506612 64.0
22.100701159238284 -76.92950050852868 64.0
22.115713762982217 -76.99239872243984 63.0
22.11696091988486 -76.98613677752738 63.0
22.11820687688442 -76.97987482645269 64.0
22.120695198087553 -76.96735090585241 64.0
22.121937565739454 -76.96108893634452 64.0
22.123178740384965 -76.95482696070984 64.0
22.124418723739993 -76.9485649789573 66.0
22.12565751751717 -76.9423029910956 65.0
22.126895123425843 -76.9360409971336 64.0
22.33271017928995 -76.86275509895464 63.0
22.352136547021093 -76.90685048225887 63.0
22.35326428636931 -76.90058743842502 63.0
22.354390947596315 -76.89432438951941 64.0
22.380640140853732 -76.90083924608189 64.0
22.381753960546337 -76.89457607681096 65.0
22.387307124226208 -76.86326015635359 63.0
22.408017024236862 -76.90108816229882 64.0
22.409118000921087 -76.89482487404017 64.0
22.410217925490535 -76.88856158094548 64.0
22.411316799451356 -76.88229828302167 65.0
22.435394924693565 -76.90133418691084 64.0
22.436483056912294 -76.8950707810423 65.0
22.437570149251673 -76.88880737045001 64.0
22.438656203200406 -76.88254395514066 63.0
22.43974122024436 -76.87628053512111 63.0
22.460620168947344 -76.9141043500909 64.0
22.461697514967753 -76.90784083723602 64.0
22.46277383039601 -76.9015773197551 65.0
22.463849116709007 -76.89531379765474 63.0
22.464923375380817 -76.88905027094152 64.0
22.465996607882712 -76.88278673962208 63.0
22.467068815683138 -76.87652320370307 64.0
22.480545844385855 -76.9581900895431 64.0
22.481617487854585 -76.95192649340996 63.0
22.486960305580414 -76.92060844444867 64.0
22.48802579951588 -76.91434482104304 63.0
22.49015372951371 -76.90181756067047 63.0
22.491216168497612 -76.89555392371652 63.0
22.492277592081216 -76.88929028225937 63.0
22.49439739885999 -76.87676298586145 63.0
22.49418688384012 -77.03985629414838 63.0
22.49953668778447 -77.00853798822327 63.0
22.50060355414501 -77.00227431348137 63.0
22.501669392505338 -76.99601063423573 64.0
22.505922495580524 -76.97095587234581 63.0
22.506983216141894 -76.96469217067892 64.0
22.508042917564016 -76.95842846454707 65.0
22.509101601313805 -76.9521647539568 64.0
22.510159268855375 -76.94590103891447 65.0
22.51121592165002 -76.93963731942652 65.0
22.51227156115625 -76.93337359549933 66.0
22.51332618882977 -76.9271098671393 64.0
22.527138881118052 -77.00877436696835 64.0
22.528192686462713 -77.00251057828689 65.0
22.52924547635547 -76.99624678521135 65.0
22.53029725226222 -76.98998298774815 63.0
22.531348015646035 -76.9837191859036 63.0
22.532397767967186 -76.97745537968395 63.0
22.533446510683127 -76.97119156909558 63.0
22.53449424524852 -76.9649277541448 65.0
22.535540973115236 -76.95866393483786 65.0
22.53658669573235 -76.95240011118103 65.0
22.537631414546173 -76.94613628318058 65.0
22.538675131000236 -76.93987245084278 65.0
22.5397178465353 -76.93360861417386 64.0
22.540759562589383 -76.92734477318002 64.0
22.54180028059773 -76.9210809278675 63.0
22.542840001992865 -76.9148170782425 63.0
22.554742056102388 -77.00900782966818 64.0
22.555782799012977 -77.0027439284487 64.0
22.5568225390227 -76.99648002294347 64.0
22.560971498968126 -76.97142435818914 63.0
22.562006246135624 -76.96516043134801 63.0
22.563039999047696 -76.95889650025812 65.0
22.56407275913559 -76.9526325649256 66.0
22.565104527827796 -76.94636862535651 67.0
22.56613530655007 -76.94010468155705 67.0
22.56716509672544 -76.9338407335332 64.0
22.573323157639567 -76.89625695701837 63.0
22.581317529748837 -77.01550238433646 63.0
22.58337387968009 -77.00297436380973 63.0
22.589519206791557 -76.96539020213278 64.0
22.59053998336699 -76.95912616065235 65.0
22.591559779546312 -76.95286211503517 67.0
22.592578596740193 -76.94659806528723 66.0
22.593596436356616 -76.94033401141448 66.0
22.594613299800848 -76.93406995342285 66.0
22.59562918847549 -76.92780589131826 64.0
22.596644103780434 -76.92154182510662 63.0
22.59968302343598 -76.90274960188835 64.0
22.60069405920769 -76.89648551930739 63.0
22.60170412856917 -76.89022143264876 63.0
22.602713232904353 -76.88395734191833 63.0
22.603721373594517 -76.87769324712184 63.0
22.606901580012277 -77.02825834807761 63.0
22.607919135739834 -77.02199423824221 64.0
22.60893570942511 -77.01573012431604 63.0
22.61197955241272 -76.99693775805171 64.0
22.61299221210069 -76.99067362782141 63.0
22.61804091407615 -76.95935291586706 65.0
22.61904774498475 -76.95308876135651 67.0
22.620053609320774 -76.94682460281969 67.0
22.62105850847441 -76.94056044026225 67.0
22.622062443833176 -76.93429627369012 65.0
22.623065416781948 -76.92803210310902 66.0
22.624067428702933 -76.92176792852469 64.0
22.625068480975713 -76.9155037499429 63.0
22.62606857497721 -76.90923956736938 64.0
22.627067712081733 -76.9029753808099 66.0
22.628065893660953 -76.89671119027015 66.0
22.629063121083927 -76.89044699575577 63.0
22.6300593957171 -76.88418279727254 64.0
22.631054718924304 -76.87791859482613 63.0
22.635551353784226 -77.02221916884818 63.0
22.63655483571326 -77.0159549463808 63.0
22.638558896889048 -77.00342648951103 63.0
22.639559478931194 -76.99716225512014 65.0
22.64055909713528 -76.99089801676617 63.0
22.64454795935058 -76.96584102383424 63.0
22.64554277917568 -76.9595767657507 65.0
22.64653664346862 -76.95331250373827 66.0
22.64752955360442 -76.94704823780266 66.0
22.64852151095548 -76.94078396794947 67.0
22.64951251689156 -76.93451969418433 67.0
22.6505025727798 -76.92825541651291 68.0
22.651491679984723 -76.92199113494078 69.0
22.652479839868242 -76.91572684947354 66.0
22.65346705378967 -76.90946256011685 66.0
22.65445332310571 -76.90319826687616 67.0
22.65543864917048 -76.89693396975719 67.0
22.656423033335514 -76.89066966876538 67.0
22.657406476949763 -76.88440536390634 63.0
22.658388981359604 -76.87814105518564 63.0
22.664174896454856 -77.01617685037928 64.0
22.665164329844888 -77.00991251689892 64.0
22.66615280918659 -77.00364817954708 64.0
22.667140335858186 -76.99738383832944 64.0
22.668126911235266 -76.99111949325157 64.0
22.67009721359501 -76.97859079153747 63.0
22.671080943315634 -76.97232643491233 63.0
22.672063727217687 -76.96606207444917 64.0
22.67304556666359 -76.95979771015357 67.0
22.674026463013142 -76.953533342031 68.0
22.675006417623543 -76.947268970087 66.0
22.675985431849387 -76.94100459432707 66.0
22.676963507042668 -76.93474021475669 67.0
22.6779406445528 -76.92847583138132 68.0
22.678916845726597 -76.92221144420647 68.0
22.67989211190832 -76.91594705323756 67.0
22.68086644443964 -76.90968265848007 67.0
22.681839844659663 -76.90341825993939 68.0
22.682812313904954 -76.897153857621 68.0
22.683783853509507 -76.89088945153027 66.0
22.684754464804776 -76.88462504167266 64.0
22.686692907780582 -76.8720962106782 63.0
22.68766074211135 -76.86583178955217 63.0
22.688627653433308 -76.85956736468074 63.0
22.689593643065265 -76.85330293606923 63.0
22.692772231033732 -77.0101313970526 63.0
22.694722111085223 -76.99760250753069 64.0
22.695695642309595 -76.9913380571289 64.0
22.696668236140447 -76.98507360297374 65.0
22.697639893930056 -76.97880914507068 65.0
22.698610617028127 -76.97254468342506 66.0
22.69958040678174 -76.96628021804237 65.0
22.70054926453542 -76.96001574892794 66.0
22.701517191631083 -76.95375127608715 66.0
22.702484189408096 -76.94748679952536 67.0
22.703450259203237 -76.94122231924796 68.0
22.704415402350737 -76.93495783526025 69.0
22.705379620182267 -76.92869334756763 68.0
22.706342914026948 -76.92242885617534 67.0
22.707305285211348 -76.91616436108873 66.0
22.708266735059517 -76.90989986231313 66.0
22.70922726489296 -76.90363535985377 67.0
22.710186876030658 -76.89737085371601 67.0
22.711145569789082 -76.89110634390505 64.0
22.713060210421386 -76.87857731328474 64.0
22.714016159915655 -76.87231279248589 64.0
22.714971197271428 -76.86604826803483 63.0
22.722304792501376 -76.99781826257681 63.0
22.723265278264755 -76.99155370825122 64.0
22.724224839165178 -76.98528915027225 65.0
22.725183476536916 -76.97902458864519 65.0
22.726141191711672 -76.97276002337532 65.0
22.7270979860186 -76.96649545446786 66.0
22.72805386078429 -76.96023088192807 65.0
22.729008817332787 -76.9539663057612 67.0
22.72996285698561 -76.94770172597245 68.0
22.730915981061727 -76.94143714256704 68.0
22.73186819087759 -76.9351725555502 69.0
22.732819487747125 -76.92890796492703 69.0
22.733769872981743 -76.92264337070284 68.0
22.734719347890337 -76.91637877288271 68.0
22.735667913779313 -76.91011417147183 67.0
22.736615571952566 -76.90384956647537 66.0
22.737562323711504 -76.89758495789845 66.0
22.73850817035505 -76.89132034574624 65.0
22.739453113179646 -76.8850557300238 64.0
22.740397153479257 -76.8787911107363 64.0
22.741340292545384 -76.87252648788879 66.0
22.74228253166707 -76.86626186148641 65.0
22.74988836799326 -76.99803110332272 63.0
22.750835807004798 -76.99176644647368 65.0
22.751782333686428 -76.98550178606989 66.0
22.7527279493544 -76.97923712211652 64.0
22.75367265532243 -76.97297245461873 63.0
22.754616452901708 -76.96670778358151 63.0
22.755559343400908 -76.96044310901006 65.0
22.7565013281262 -76.95417843090948 66.0
22.757442408381234 -76.94791374928474 68.0
22.758382585467167 -76.94164906414102 68.0
22.75932186068267 -76.93538437548337 69.0
22.760260235323916 -76.92911968331677 68.0
22.761197710684602 -76.92285498764633 68.0
22.76213428805594 -76.91659028847708 67.0
22.76306996872668 -76.91032558581402 66.0
22.764004753983105 -76.90406087966218 67.0
22.764938645109048 -76.89779617002655 64.0
22.76587164338588 -76.89153145691213 65.0
22.766803750092524 -76.88526674032393 65.0
22.76773496650547 -76.87900202026688 67.0
22.768665293898767 -76.87273729674598 67.0
22.770906784720655 -77.04209423819908 63.0
22.775601338883934 -77.01077053517666 63.0
22.778407216431386 -76.99197627165327 66.0
22.779340707623263 -76.98571151022396 66.0
22.780273300318946 -76.97944674534222 63.0
22.782135795402137 -76.96691720524126 65.0
22.783065700373626 -76.96065243003206 65.0
22.783994712016895 -76.9543876513902 65.0
22.784922831617752 -76.94812286932077 65.0
22.78585006045952 -76.94185808382862 68.0
22.78677639982308 -76.9355932949187 68.0
22.787701850986853 -76.92932850259594 67.0
22.788626415226805 -76.92306370686518 65.0
22.78955009381647 -76.91679890773136 66.0
22.790472888026944 -76.91053410519937 64.0
22.79139479912689 -76.9042692992741 65.0
22.79231582838255 -76.89800448996043 64.0
22.793235977057734 -76.89173967726315 64.0
22.794155246413858 -76.88547486118715 65.0
22.79507363770992 -76.87921004173727 66.0
22.79599115220251 -76.87294521891833 64.0
22.803212802426092 -77.0109777466271 63.0
22.80689994889238 -76.98591832259366 63.0
22.808738201138294 -76.97338859041774 63.0
22.809656001488626 -76.9671237193069 66.0
22.81057291968845 -76.96085884485395 65.0
22.81148895700814 -76.95459396706369 65.0
22.81240411471563 -76.94832908594091 65.0
22.813318394076425 -76.94206420149045 67.0
22.814231796353603 -76.93579931371703 66.0
22.815144322807825 -76.92953442262547 65.0
22.81605597469733 -76.92326952822054 65.0
22.816966753277963 -76.917004630507 65.0
22.817876659803154 -76.91073972948958 66.0
22.818785695523943 -76.90447482517298 65.0
22.81969386168897 -76.89820991756206 64.0
22.820601159544506 -76.89194500666146 66.0
22.821507590334424 -76.88568009247585 64.0
22.822413155300232 -76.87941517501005 65.0
22.82331785568107 -76.87315025426867 64.0
22.829002400522445 -77.02371192963392 63.0
22.836272259243934 -76.97359229469448 63.0
22.837177059127598 -76.96732732564016 66.0
22.838080989329093 -76.96106235333782 64.0
22.838984051100883 -76.95479737779205 63.0
22.839886245693037 -76.94853239900756 63.0
22.840787574353232 -76.94226741698903 64.0
22.841688038326744 -76.93600243174106 65.0
22.842587638856457 -76.92973744326838 65.0
22.843486377182888 -76.92347245157555 65.0
22.84438425454417 -76.91720745666721 65.0
22.845281272176084 -76.91094245854798 64.0
22.846177431312025 -76.90467745722252 64.0
22.847072733183044 -76.89841245269535 63.0
22.847967179017836 -76.89214744497113 63.0
22.84886077004275 -76.88588243405438 64.0
22.8497535074818 -76.87961741994972 64.0
22.85064539255665 -76.87335240266171 63.0
22.8646989562832 -76.96752802410475 63.0
22.865589897276976 -76.96126295534745 63.0
22.86647998229381 -76.95499788343933 63.0
22.86736921256589 -76.94873280838495 63.0
22.868257589323047 -76.94246773018881 64.0
22.86914511379275 -76.9362026488555 63.0
22.870031787200123 -76.9299375643895 65.0
22.87091761076794 -76.9236724767953 65.0
22.872686713264283 -76.91114229224023 63.0
22.874452431017264 -76.8986120952262 65.0
22.875334023647156 -76.89234699205822 63.0
22.876214773725174 -76.88608188578893 64.0
22.877094682457813 -76.8798167764227 65.0
22.87797375104929 -76.87355166396398 64.0
22.89572842701674 -76.94266514095631 63.0
22.89747675590399 -76.93013478585559 63.0
22.901832943341947 -76.89880884502229 64.0
22.902701681599716 -76.89254364779066 63.0
22.903569589565834 -76.88627844754758 63.0
22.904436668429295 -76.88001324429722 63.0
22.905302919376837 -76.87374803804397 64.0
22.930070141040613 -76.89273741203833 63.0
22.933485503393428 -76.86767622319022 63.0
23.074014421150373 -76.83727115091186 64.0
23.100500167614797 -76.84371264632759 64.0
23.10127223253165 -76.83744680765682 64.0
23.102043562561903 -76.83118096659747 64.0
23.10435315380467 -76.8123834291219 63.0
23.128530753303192 -76.8376195844337 63.0
23.12928934221694 -76.83135366114594 64.0
23.349245809856967 -76.81383196889148 64.0
23.376459263186437 -76.81397854185366 63.0
23.504386271192637 -76.90240523509901 63.0
23.506141635082173 -76.88360447964061 63.0
23.532355046284216 -76.89626844049101 63.0
23.53292730308194 -76.89000145978834 63.0
23.560298060850553 -76.89012862751343 63.0
23.58766933476458 -76.89025290258499 64.0
23.589850222488092 -76.86518448673364 63.0
23.617170657585284 -76.86530563735118 63.0
23.643453475739697 -76.87795833971424 64.0
23.6444915822891 -76.86542390067075 65.0
23.645009892735768 -76.85915667953388 65.0
23.671306998163278 -76.87180655176634 64.0
23.67181298480312 -76.86553927661441 63.0
23.672318488682325 -76.8592720004387 64.0
23.672823510491174 -76.85300472324079 63.0
23.6867711622718 -76.6775205525177 63.0
23.69962754997486 -76.85938443526796 64.0
23.70011977675521 -76.85311710445887 63.0
23.7694145264188 -76.65277487407788 63.0
23.769866811407155 -76.646507412058 63.0
23.770318671928848 -76.64023994920649 63.0
23.8070998352016 -76.88487543056718 64.0
23.80754256329742 -76.87860790219263 63.0
23.834462361167816 -76.88497362132631 65.0
23.83489224221084 -76.87870604603934 64.0
23.835321712674652 -76.87243847001417 63.0
23.85051408010545 -76.64680525024592 63.0
23.861825284038204 -76.88506892007753 64.0
23.862242317459852 -76.87880129925914 64.0
23.863075189930615 -76.86626605553924 63.0
23.86390647370032 -76.85373080904843 63.0
23.89039999011034 -76.86635832989504 63.0
23.8908030188712 -76.8600906629715 65.0
23.89120566323855 -76.85382299539818 63.0
23.91772516187948 -76.8664477162584 65.0
23.91811537868128 -76.86018000668814 65.0
23.91850522330407 -76.85391229650874 63.0
23.91928379813966 -76.84137687432617 63.0
23.94505069343041 -76.86653421457031 64.0
23.94542809775846 -76.86026646373067 64.0
23.945805142122982 -76.85399871232126 65.0
23.946181827038536 -76.84773096034293 64.0
23.972376572954552 -76.86661782477371 63.0
23.972741164311046 -76.86035003404214 65.0
23.973105407920443 -76.85408224277884 64.0
23.97346930427985 -76.8478144509846 63.0
23.999350674728085 -76.87296637556378 63.0
24.00005456654643 -76.86043071756744 63.0
24.601080193585823 -76.8552069828359 63.0
24.682964210895076 -76.86150947800397 63.0
24.819652596302806 -76.88031370390708 63.0
