# successful candidates for region at (280.61015183684293, -49.584417715889685) and radius 1.0
279.3829851535259 -49.721997626486576 135.0
279.38346410062775 -49.70302844885941 136.0
279.39291031617796 -49.7157771848464 135.0
279.39306869520124 -49.70945410907508 135.0
279.4015746347359 -49.76014061883927 135.0
279.40267581933796 -49.71587898224214 135.0
279.4028329283386 -49.70955589004086 138.0
279.4111928382956 -49.766564816626214 137.0
279.4113490804252 -49.760241710606095 139.0
279.4115052720761 -49.75391860427559 138.0
279.4116614132718 -49.747595497634855 138.0
279.41181750403587 -49.741272390684045 136.0
279.4208135790122 -49.772988225731 135.0
279.420968597887 -49.766665103810624 140.0
279.4211235666708 -49.760341981584766 140.0
279.4212784853872 -49.75401885905358 139.0
279.42143335405933 -49.7476957362172 138.0
279.4215881727106 -49.741372613075775 136.0
279.4301291190217 -49.79205712025783 137.0
279.4305906526256 -49.77308770806654 135.0
279.4307443977238 -49.76676457006801 137.0
279.4308980931425 -49.76044143176901 138.0
279.4310517389048 -49.754118293169675 135.0
279.4312053350338 -49.747795154270136 136.0
279.4400626756721 -49.78583267633717 136.0
279.4402152455798 -49.77950952298458 137.0
279.4403677661734 -49.77318636933617 137.0
279.44052023747565 -49.76686321539212 136.0
279.4406726595098 -49.760540061152554 135.0
279.4501449193248 -49.773284209533706 135.0
279.45029611681196 -49.766961039776746 136.0
279.45962211901633 -49.7860275986697 136.0
279.6486629015396 -49.129994732200565 136.0
279.65806944564446 -49.142721783955814 136.0
279.6583129001392 -49.13007482818637 135.0
279.65843456922073 -49.12375135001419 136.0
279.6591637705092 -49.08581047696246 136.0
279.6592851686895 -49.07948699745155 135.0
279.6601338753243 -49.0352226355352 135.0
279.66784245553725 -49.136477606913736 135.0
279.6679629298318 -49.1301541163058 138.0
279.6680833657479 -49.12383062551014 135.0
279.66820376330315 -49.11750713452682 137.0
279.66892534404224 -49.07956618469114 137.0
279.6690454735639 -49.073242692396704 137.0
279.6691655648653 -49.06691919991531 135.0
279.66940563287716 -49.05427221439201 137.0
279.6774937495808 -49.13655609966068 136.0
279.6776129903023 -49.13023259655402 135.0
279.6777321930383 -49.12390909326344 135.0
279.67785135780605 -49.117585589789044 137.0
279.677970484623 -49.11126208613089 138.0
279.6780895735066 -49.10493858228908 136.0
279.67820862447434 -49.098615078263705 135.0
279.67844661273136 -49.08596806966258 136.0
279.6785655500555 -49.079644565086994 136.0
279.6786844495332 -49.07332106032818 137.0
279.6790409210609 -49.054350544953216 137.0
279.6791596693261 -49.04802703946233 135.0
279.6792783798315 -49.041703533788635 136.0
279.67939705259437 -49.03538002793223 137.0
279.679515687632 -49.029056521893175 137.0
279.67963428496165 -49.022733015671584 136.0
279.6871450741018 -49.13663378440303 136.0
279.68726308123587 -49.130310268926245 140.0
279.6873810507771 -49.123986753269314 138.0
279.6874989827428 -49.11766323743236 141.0
279.68761687715016 -49.11133972141544 141.0
279.6877347340165 -49.10501620521863 141.0
279.68785255335905 -49.09869268884205 135.0
279.6879703351949 -49.09236917228576 138.0
279.6880880795414 -49.08604565554983 138.0
279.68820578641555 -49.07972213863436 136.0
279.6883234558348 -49.07339862153944 140.0
279.688441087816 -49.06707510426514 136.0
279.68855868237654 -49.060751586811534 135.0
279.68867623953355 -49.05442806917873 135.0
279.688793759304 -49.04810455136681 135.0
279.6889112417052 -49.04178103337583 135.0
279.6890286867542 -49.035457515205906 137.0
279.68914609446813 -49.0291339968571 137.0
279.689263464864 -49.0228104783295 139.0
279.6893807979589 -49.01648695962318 137.0
279.68973257360886 -48.99751640243283 135.0
279.69691320231726 -49.13038713341771 141.0
279.69702993864934 -49.12406360552303 141.0
279.69714663779865 -49.11774007745206 142.0
279.6972632997821 -49.11141654920486 140.0
279.69737992461677 -49.10509302078154 140.0
279.69749651231973 -49.098769492182164 139.0
279.69761306290803 -49.0924459634068 138.0
279.6977295763987 -49.08612243445556 137.0
279.6978460528086 -49.07979890532851 138.0
279.69796249215494 -49.07347537602574 136.0
279.6980788944546 -49.06715184654732 136.0
279.69819525972457 -49.06082831689333 137.0
279.69831158798183 -49.05450478706387 137.0
279.69842787924335 -49.04818125705901 136.0
279.69854413352607 -49.04185772687881 136.0
279.69866035084686 -49.0355341965234 138.0
279.69877653122273 -49.02921066599282 139.0
279.6988926746706 -49.02288713528717 138.0
279.69900878120734 -49.016563604406535 135.0
279.6991248508498 -49.01024007335098 136.0
279.69924088361495 -49.00391654212059 135.0
279.69935687951954 -48.997593010715455 139.0
279.6994728385806 -48.99126947913566 137.0
279.6995887608149 -48.98494594738126 135.0
279.69970464623924 -48.97862241545237 136.0
279.7064478133157 -49.13678672985494 135.0
279.70656335323156 -49.13046319002375 140.0
279.7066788563403 -49.1241396500199 140.0
279.7067943226589 -49.11781610984344 144.0
279.7069097522041 -49.11149256949449 141.0
279.7070251449929 -49.10516902897309 141.0
279.7071405010421 -49.09884548827934 139.0
279.7072558203686 -49.092521947413324 139.0
279.70737110298916 -49.0861984063751 135.0
279.7074863489207 -49.079874865164776 138.0
279.7076015581801 -49.07355132378242 136.0
279.7078318667492 -49.06090424050193 136.0
279.7079469660926 -49.05458069860394 139.0
279.70806202883097 -49.04825715653426 138.0
279.70817705498104 -49.04193361429293 137.0
279.7082920445596 -49.035610071880065 142.0
279.7084069975833 -49.0292865292957 141.0
279.708521914069 -49.02296298653995 140.0
279.7086367940334 -49.016639443612895 140.0
279.70875163749315 -49.0103159005146 139.0
279.708866444465 -49.00399235724515 142.0
279.70898121496566 -48.997668813804616 142.0
279.70909594901184 -48.991345270193094 140.0
279.70921064662014 -48.98502172641065 139.0
279.7093253078072 -48.97869818245736 137.0
279.71621353366373 -49.13053843873971 139.0
279.71632780353497 -49.12421488675525 143.0
279.71644203700873 -49.11789133460188 143.0
279.7165562341017 -49.11156778227964 145.0
279.7166703948305 -49.10524422978866 143.0
279.7167845192119 -49.098920677128966 141.0
279.7168986072625 -49.09259712430066 141.0
279.71701265899907 -49.086273571303806 137.0
279.71712667443813 -49.07995001813851 135.0
279.7172406535964 -49.073626464804846 135.0
279.717468503137 -49.060979357632675 136.0
279.7175823735526 -49.05465580379435 136.0
279.71769620775376 -49.04833224978794 139.0
279.7178100057572 -49.042008695613546 137.0
279.7179237675795 -49.03568514127125 141.0
279.71803749323715 -49.029361586761105 143.0
279.71815118274674 -49.02303803208322 143.0
279.71826483612483 -49.016714477237656 140.0
279.7183784533879 -49.0103909222245 142.0
279.7184920345526 -49.00406736704382 142.0
279.7186055796353 -48.9977438116957 142.0
279.7187190886526 -48.991420256180206 142.0
279.718832561621 -48.98509670049743 137.0
279.72575067065736 -49.13693644323209 135.0
279.7258637432986 -49.130612879561 137.0
279.7259767799184 -49.12428931572453 142.0
279.72608978053347 -49.11796575172277 143.0
279.7262027451602 -49.11164218755577 143.0
279.7263156738152 -49.105318623223646 142.0
279.7264285665148 -49.098995058726445 143.0
279.7265414232757 -49.09267149406425 140.0
279.72665424411423 -49.08634792923713 138.0
279.726767029047 -49.08002436424517 136.0
279.7268797780903 -49.073700799088456 136.0
279.7269924912607 -49.06737723376707 138.0
279.7271051685746 -49.06105366828105 136.0
279.72721781004844 -49.054730102630494 137.0
279.7273304156987 -49.048406536815484 139.0
279.72744298554164 -49.04208297083611 140.0
279.7275555195938 -49.03575940469241 142.0
279.72766801787157 -49.029435838384494 143.0
279.7277804803913 -49.023112271912424 144.0
279.72789290716923 -49.016788705276284 144.0
279.7280052982219 -49.01046513847614 143.0
279.72811765356556 -49.00414157151208 145.0
279.7282299732166 -48.99781800438416 145.0
279.72834225719134 -48.99149443709246 142.0
279.7284545055061 -48.98517086963709 141.0
279.7285667181771 -48.97884730201808 137.0
279.7355139818212 -49.13068651248307 136.0
279.73562578517584 -49.124362936923184 139.0
279.73573755291835 -49.118039361201575 141.0
279.73584928506506 -49.11171578531834 142.0
279.7359609816324 -49.10539220927354 141.0
279.7360726426365 -49.09906863306725 138.0
279.7361842680939 -49.09274505669955 140.0
279.7362958580207 -49.086421480170515 140.0
279.7364074124333 -49.08009790348021 139.0
279.73651893134803 -49.073774326628715 136.0
279.73663041478096 -49.06745074961613 136.0
279.7367418627486 -49.06112717244248 141.0
279.73685327526704 -49.05480359510789 138.0
279.7369646523525 -49.0484800176124 140.0
279.73707599402144 -49.04215643995611 144.0
279.7371873002898 -49.03583286213907 145.0
279.73729857117394 -49.029509284161364 146.0
279.73740980669 -49.02318570602307 145.0
279.7375210068542 -49.016862127724266 144.0
279.7376321716828 -49.01053854926501 148.0
279.73774330119187 -49.0042149706454 146.0
279.73785439539756 -48.997891391865494 147.0
279.73796545431605 -48.99156781292538 144.0
279.73807647796355 -48.98524423382511 141.0
279.73818746635607 -48.97892065456478 142.0
279.7382984195099 -48.97259707514445 136.0
279.7451642489164 -49.13075933750143 137.0
279.7452748189922 -49.1244357503467 138.0
279.7453853538486 -49.118112163033814 139.0
279.74549585350167 -49.11178857556284 140.0
279.74560631796766 -49.10546498793384 141.0
279.74571674726275 -49.09914140014689 138.0
279.74582714140297 -49.092817812202085 138.0
279.74593750040447 -49.08649422409948 139.0
279.7460478242834 -49.080170635839146 138.0
279.7461581130558 -49.07384704742117 138.0
279.7462683667378 -49.0675234588456 138.0
279.746488768895 -49.05487628122204 138.0
279.7465989174023 -49.04855269217419 142.0
279.74670903088344 -49.04222910296907 143.0
279.74681910935453 -49.035905513606714 147.0
279.74692915283157 -49.029581924087225 148.0
279.7470391613305 -49.02325833441067 148.0
279.7471491348675 -49.01693474457713 145.0
279.74725907345845 -49.01061115458666 148.0
279.7473689771194 -49.00428756443935 148.0
279.7474788458663 -48.99796397413527 148.0
279.7475886797151 -48.99164038367447 146.0
279.74769847868185 -48.98531679305706 142.0
279.7478082427824 -48.97899320228308 142.0
279.74791797203284 -48.97266961135262 137.0
279.75492388105266 -49.12450775599067 137.0
279.7550331830094 -49.11818415721504 139.0
279.7551424501554 -49.111860558284825 139.0
279.7552516825066 -49.10553695920012 141.0
279.7553608800791 -49.09921335996095 139.0
279.7554700428887 -49.092889760567424 139.0
279.7555791709515 -49.08656616101961 139.0
279.7556882642832 -49.080242561317554 140.0
279.7557973229 -49.073918961461345 140.0
279.7559063468176 -49.067595361451076 137.0
279.75601533605203 -49.06127176128679 136.0
279.75612429061914 -49.05494816096855 136.0
279.75623321053473 -49.048624560496464 141.0
279.75634209581483 -49.04230095987057 144.0
279.75645094647524 -49.035977359090936 144.0
279.7565597625317 -49.02965375815768 149.0
279.75666854400026 -49.02333015707084 147.0
279.75677729089665 -49.01700655583048 149.0
279.7568860032366 -49.01068295443667 149.0
279.75699468103613 -49.00435935288951 147.0
279.75710332431083 -48.99803575118905 149.0
279.7572119330767 -48.99171214933538 149.0
279.75732050734933 -48.985388547328526 144.0
279.7574290471447 -48.979064945168595 141.0
279.7575375524783 -48.97274134285567 137.0
279.7576460233662 -48.9664177403898 136.0
279.7644648675646 -49.130902563809286 136.0
279.7645729710423 -49.12457895385066 136.0
279.764681040086 -49.118255343740856 138.0
279.76478907471153 -49.111931733479935 143.0
279.7648970749347 -49.10560812306797 143.0
279.76500504077126 -49.09928451250503 140.0
279.765112972237 -49.09296090179119 139.0
279.7652208693477 -49.0866372909265 141.0
279.76532873211903 -49.080313679911065 142.0
279.76543656056685 -49.073990068744926 140.0
279.7655443547067 -49.06766645742817 139.0
279.76565211455465 -49.06134284596084 136.0
279.76575984012607 -49.055019234343035 135.0
279.7658675314368 -49.04869562257481 141.0
279.7659751885026 -49.04237201065626 143.0
279.766082811339 -49.03604839858742 144.0
279.76619039996183 -49.02972478636836 151.0
279.7662979543867 -49.0234011739992 149.0
279.7664054746292 -49.017077561479944 147.0
279.7665129607051 -49.0107539488107 150.0
279.7666204126299 -49.00443033599154 148.0
279.7667278304193 -48.99810672302252 149.0
279.766835214089 -48.99178310990369 149.0
279.7669425636544 -48.98545949663518 143.0
279.76704987913126 -48.97913588321698 140.0
279.76715716053513 -48.972812269649225 139.0
279.76726440788156 -48.96648865593196 136.0
279.7673716211862 -48.96016504206525 136.0
279.77422208864607 -49.12464934392237 137.0
279.7743289247636 -49.11832572260693 136.0
279.77443572685553 -49.112002101143815 139.0
279.7745424949374 -49.10567847953308 140.0
279.77464922902493 -49.09935485777479 139.0
279.7747559291336 -49.093031235869034 137.0
279.77486259527905 -49.086707613815854 140.0
279.77496922747684 -49.08038399161533 142.0
279.77507582574253 -49.07406036926753 141.0
279.7751823900917 -49.067736746772525 140.0
279.7752889205398 -49.061413124130375 136.0
279.7753954171026 -49.055089501341165 138.0
279.77550187979534 -49.04876587840494 140.0
279.7756083086337 -49.0424422553218 140.0
279.7757147036331 -49.036118632091785 144.0
279.7758210648092 -49.02979500871498 146.0
279.77592739217727 -49.023471385191435 149.0
279.7760336857529 -49.01714776152123 144.0
279.77613994555156 -49.01082413770443 146.0
279.77624617158864 -49.00450051374112 148.0
279.7763523638797 -48.99817688963133 151.0
279.7764585224401 -48.99185326537518 145.0
279.77656464728534 -48.985529640972686 143.0
279.77667073843077 -48.97920601642395 138.0
279.7767767958918 -48.972882391729016 139.0
279.77688281968386 -48.96655876688797 137.0
279.77698880982234 -48.96023514190088 135.0
279.7770947663226 -48.953911516767796 136.0
279.7838712335491 -49.12471892620145 137.0
279.78397683672745 -49.11839529380896 140.0
279.78408240627266 -49.11207166127216 135.0
279.78418794220033 -49.10574802859114 137.0
279.7842934445257 -49.09942439576595 138.0
279.78439891326434 -49.09310076279667 137.0
279.7845043484316 -49.08677712968334 142.0
279.7846097500428 -49.080453496426074 142.0
279.7847151181134 -49.07412986302489 143.0
279.78482045265883 -49.0678062294799 141.0
279.7849257536944 -49.061482595791134 139.0
279.78503102123534 -49.055158961958675 140.0
279.7851362552972 -49.04883532798259 139.0
279.7852414558952 -49.042511693862934 140.0
279.7853466230447 -49.036188059599795 145.0
279.785451756761 -49.02986442519323 144.0
279.78555685705936 -49.02354079064329 145.0
279.7856619239552 -49.017217155950064 143.0
279.7857669574638 -49.01089352111361 145.0
279.7858719576003 -49.004569886133986 147.0
279.7859769243801 -48.99824625101127 147.0
279.78608185781843 -48.99192261574553 143.0
279.7861867579305 -48.98559898033682 139.0
279.78629162473163 -48.979275344785215 139.0
279.78639645823694 -48.97295170909077 140.0
279.78650125846184 -48.96662807325358 137.0
279.7866060254213 -48.960304437273685 139.0
279.7867107591307 -48.95398080115114 135.0
279.7935204054365 -49.124787700683704 137.0
279.79362477566264 -49.1184640573427 139.0
279.7937291126484 -49.11214041386075 138.0
279.79383341640886 -49.10581677023791 135.0
279.79393768695934 -49.09949312647426 136.0
279.7940419243151 -49.093169482569856 142.0
279.7941461284912 -49.08684583852477 141.0
279.794250299503 -49.08052219433906 141.0
279.79435443736577 -49.074198550012795 141.0
279.79445854209456 -49.06787490554605 143.0
279.7945626137046 -49.06155126093886 142.0
279.7946666522111 -49.05522761619134 141.0
279.79477065762916 -49.04890397130351 141.0
279.794874629974 -49.04258032627546 141.0
279.79497856926076 -49.03625668110724 143.0
279.79508247550456 -49.029933035798905 143.0
279.79518634872056 -49.023609390350565 145.0
279.79529018892384 -49.01728574476222 142.0
279.7953939961296 -49.01096209903401 144.0
279.7954977703527 -49.00463845316594 144.0
279.79560151160854 -48.9983148071581 143.0
279.79570521991207 -48.99199116101055 143.0
279.7958088952783 -48.985667514723374 142.0
279.79591253772236 -48.97934386829658 139.0
279.79601614725937 -48.97302022173031 140.0
279.7961197239042 -48.966696575024585 139.0
279.7962232676721 -48.96037292817946 138.0
279.7963267785779 -48.95404928119501 135.0
279.8031696039932 -49.12485566736491 135.0
279.80327274125455 -49.118532013203975 137.0
279.80337584566803 -49.11220835890537 137.0
279.8034789172486 -49.10588470446921 137.0
279.8035819560114 -49.099561049895534 140.0
279.80368496197144 -49.09323739518443 140.0
279.8037879351439 -49.08691374033592 138.0
279.80389087554363 -49.08059008535012 138.0
279.8039937831857 -49.07426643022705 137.0
279.8040966580852 -49.067942774966795 143.0
279.80419950025714 -49.06161911956943 139.0
279.8043023097165 -49.05529546403498 142.0
279.80440508647814 -49.04897180836353 142.0
279.8045078305572 -49.04264815255515 140.0
279.8046105419686 -49.03632449660991 138.0
279.80471322072725 -49.03000084052785 140.0
279.8048158668482 -49.023677184309065 141.0
279.8049184803463 -49.017353527953574 143.0
279.8050210612366 -49.011029871461474 144.0
279.8051236095338 -49.004706214832815 144.0
279.80522612525306 -48.99838255806768 143.0
279.8053286084091 -48.99205890116612 145.0
279.805431059017 -48.98573524412818 143.0
279.80553347709144 -48.979411586953944 142.0
279.8056358626475 -48.97308792964348 139.0
279.8057382156998 -48.966764272196826 138.0
279.8058405362635 -48.96044061461406 136.0
279.8130226050167 -49.1122754964019 139.0
279.8131244444049 -49.10595183128089 137.0
279.8132262513675 -49.099628166025646 137.0
279.8133280259194 -49.093304500636236 137.0
279.8135314778506 -49.08065716945511 137.0
279.8136331552596 -49.07433350366352 138.0
279.8137348003173 -49.06800983773802 139.0
279.8138364130386 -49.06168617167864 138.0
279.8139379934382 -49.05536250548546 139.0
279.814039541531 -49.04903883915855 141.0
279.8141410573317 -49.042715172697946 137.0
279.8142425408553 -49.03639150610372 139.0
279.8143439921164 -49.030067839375945 143.0
279.8144454111297 -49.023744172514675 142.0
279.81454679791017 -49.01742050551997 145.0
279.8146481524725 -49.0110968383919 144.0
279.8147494748314 -49.004773171130516 144.0
279.8148507650016 -48.99844950373589 146.0
279.81495202299783 -48.992125836208075 146.0
279.81505324883483 -48.98580216854716 145.0
279.81515444252733 -48.979478500753146 142.0
279.81525560408994 -48.973154832826154 140.0
279.81535673353744 -48.96683116476622 138.0
279.8154578308845 -48.9605074965734 138.0
279.82246807985473 -49.124989177307654 135.0
279.8225687511488 -49.118665501892494 137.0
279.8226693903801 -49.112341826346224 140.0
279.8227699975634 -49.10601815066886 141.0
279.8228705727133 -49.0996944748605 138.0
279.8229711158446 -49.09337079892118 136.0
279.823071626972 -49.087047122850976 138.0
279.8231721061101 -49.08072344664994 136.0
279.82327255327357 -49.07439977031813 139.0
279.82337296847714 -49.06807609385562 142.0
279.82347335173534 -49.06175241726247 138.0
279.82357370306295 -49.05542874053873 138.0
279.8236740224745 -49.04910506368446 142.0
279.8237743099846 -49.04278138669972 139.0
279.8238745656079 -49.03645770958459 141.0
279.82397478935906 -49.030134032339106 141.0
279.8240749812526 -49.02381035496334 140.0
279.82417514130316 -49.01748667745736 140.0
279.8242752695252 -49.01116299982121 143.0
279.82437536593335 -49.00483932205497 144.0
279.8244754305423 -48.99851564415867 145.0
279.8245754633664 -48.992191966132395 146.0
279.82467546442024 -48.98586828797621 143.0
279.82477543371846 -48.97954460969015 142.0
279.8248753712755 -48.97322093127431 141.0
279.8249752771058 -48.96689725272871 139.0
279.82507515122404 -48.96057357405344 136.0
279.8321173565297 -49.12505472056103 136.0
279.8322167948216 -49.11873103471163 139.0
279.8323162014433 -49.11240734873429 137.0
279.83241557640946 -49.10608366262908 138.0
279.8325149197345 -49.09975997639603 141.0
279.83261423143296 -49.09343629003523 139.0
279.83281276000815 -49.080788916930565 135.0
279.8329119769139 -49.07446523018684 137.0
279.83301116225107 -49.06814154331558 140.0
279.83311031603404 -49.06181785631686 142.0
279.8332094382773 -49.05549416919074 142.0
279.8333085289955 -49.049170481937246 140.0
279.83340758820276 -49.04284679455649 138.0
279.8335066159137 -49.036523107048495 138.0
279.8336056121427 -49.03019941941332 138.0
279.8337045769042 -49.02387573165105 139.0
279.8338035102126 -49.017552043761725 139.0
279.8339024120823 -49.011228355745395 143.0
279.8340012825276 -49.00490466760215 143.0
279.83410012156304 -48.99858097933201 142.0
279.8341989292029 -48.992257290935065 141.0
279.83429770546155 -48.98593360241137 140.0
279.8343964503533 -48.97960991376096 138.0
279.8344951638926 -48.973286224983916 140.0
279.8345938460937 -48.96696253608029 139.0
279.83469249697094 -48.96063884705014 135.0
279.8414718549725 -49.144090543713006 135.0
279.84166842204456 -49.1314431520273 135.0
279.84176665861406 -49.12511945599708 140.0
279.84186486389166 -49.118795759841994 138.0
279.84196303789173 -49.11247206356213 135.0
279.84206118062855 -49.10614836715754 136.0
279.84215929211655 -49.09982467062828 138.0
279.84225737237006 -49.09350097397439 139.0
279.8423554214034 -49.08717727719596 137.0
279.8424534392309 -49.08085358029304 135.0
279.8425514258668 -49.074529883265676 135.0
279.84264938132543 -49.068206186113926 136.0
279.8427473056211 -49.06188248883784 137.0
279.8428451987681 -49.0555587914375 139.0
279.8429430607807 -49.04923509391294 136.0
279.84304089167307 -49.042911396264245 136.0
279.84313869145967 -49.03658769849145 139.0
279.84323646015446 -49.03026400059462 139.0
279.8433341977719 -49.023940302573806 140.0
279.8434319043262 -49.01761660442909 138.0
279.8435295798315 -49.01129290616049 140.0
279.843627224302 -49.00496920776809 141.0
279.84372483775195 -48.99864550925195 141.0
279.8438224201956 -48.992321810612125 139.0
279.843919971647 -48.985998111848644 139.0
279.8440174921204 -48.9796744129616 138.0
279.84411498163 -48.97335071395104 137.0
279.84421244018984 -48.96702701481701 137.0
279.8443098678142 -48.96070331555959 135.0
279.84440726451714 -48.95437961617881 135.0
279.8508335029071 -49.16312561904663 135.0
279.85093066076604 -49.15680191344567 135.0
279.8512219485788 -49.13783079591094 138.0
279.8513189826425 -49.131507089822286 137.0
279.85141598579287 -49.12518338361183 138.0
279.8515129580442 -49.11885967727964 138.0
279.85160989941056 -49.112535970825775 136.0
279.8517068099062 -49.10621226425031 135.0
279.8518036895452 -49.09988855755327 138.0
279.85190053834185 -49.09356485073473 135.0
279.85199735631016 -49.08724114379475 138.0
279.85209414346434 -49.08091743673337 139.0
279.8521908998185 -49.074593729550664 137.0
279.8522876253867 -49.068270022246686 137.0
279.85238432018315 -49.06194631482147 135.0
279.8524809842219 -49.05562260727509 135.0
279.85257761751706 -49.049298899607614 135.0
279.8526742200827 -49.042975191819075 137.0
279.85277079193287 -49.036651483909544 137.0
279.85286733308175 -49.03032777587907 138.0
279.85296384354325 -49.02400406772771 139.0
279.85306032333153 -49.01768035945553 139.0
279.8531567724605 -49.01135665106258 140.0
279.8532531909444 -49.0050329425489 139.0
279.853349578797 -48.99870923391457 139.0
279.85344593603253 -48.992385525159634 138.0
279.85354226266486 -48.98606181628415 137.0
279.8536385587081 -48.97973810728817 139.0
279.8537348241761 -48.97341439817176 136.0
279.853831059083 -48.967090688934974 135.0
279.854023437269 -48.954443270100484 135.0
279.86039430829754 -49.16951251474103 135.0
279.86049026134936 -49.16318879919204 137.0
279.8607779370179 -49.14421765183141 137.0
279.860873767792 -49.13789393580681 140.0
279.86096956803175 -49.13157021966346 141.0
279.8610653377512 -49.125246503401385 137.0
279.8611610769644 -49.11892278702067 135.0
279.8612567856852 -49.11259907052134 136.0
279.86154372903394 -49.09362792031236 138.0
279.8616393159254 -49.08730420333919 140.0
279.8617348723945 -49.080980486247704 140.0
279.86192589412116 -49.06833305170999 137.0
279.86211679432535 -49.05568561669965 136.0
279.8625935139055 -49.024067027108885 137.0
279.86268876691605 -49.0177433088372 136.0
279.8629743443862 -48.99877215331601 135.0
279.8630694764019 -48.99244843457375 136.0
279.8632596498049 -48.97980099673682 136.0
279.8633546912197 -48.973477277642225 135.0
279.8634497024619 -48.967153558430304 135.0
279.86382944597955 -48.941858680410306 135.0
279.87052561149295 -49.13795626761636 138.0
279.87062017789714 -49.13163254154697 137.0
279.87071471417397 -49.1253088153619 137.0
279.8710925582846 -49.100013909466014 136.0
279.8711869441321 -49.09369018270341 137.0
279.87128129993516 -49.087366455825446 136.0
279.87137562570746 -49.0810427288322 140.0
279.8714699214629 -49.07471900172371 137.0
279.8715641872151 -49.06839527450002 137.0
279.87165842297793 -49.0620715471612 139.0
279.8717526287651 -49.0557478197073 136.0
279.8718468045903 -49.04942409213839 137.0
279.87259913420746 -48.99883426745245 135.0
279.8729745824492 -48.97353935235863 136.0
279.8734432227097 -48.941920705919216 136.0
279.8800841170615 -49.144341527089836 136.0
279.88036411474616 -49.12537031948957 135.0
279.8804573878482 -49.119046583397505 135.0
279.88083018332213 -49.093751637904106 136.0
279.8809233080252 -49.08742790124971 135.0
279.88101640308935 -49.081104164483044 135.0
279.88120250435503 -49.068456690612976 135.0
279.8812955105837 -49.062132953509696 138.0
279.8813884872278 -49.05580921629431 138.0
279.8817600982285 -49.03051426631286 135.0
279.88185292715247 -49.02419052853778 135.0
279.8829645768275 -48.94830566653237 135.0
279.8902895713109 -49.10645977818725 135.0
279.8911160877095 -49.049546059499136 135.0
279.8994812863699 -49.13813841448931 137.0
279.89966298707884 -49.1254909042314 135.0
279.8998445720478 -49.11284339354651 135.0
279.89993532116284 -49.106519638044084 136.0
279.90174425305116 -48.980044505676574 135.0
279.90931245820934 -49.125549984838194 135.0
279.90940203205963 -49.11922622014346 135.0
279.91127651279766 -48.98642713764693 135.0
279.91136546201966 -48.98010337067937 136.0
279.91145438299867 -48.97377960360906 136.0
279.9115432757477 -48.967455836436045 135.0
279.9186083076293 -49.15090335247394 136.0
279.91896195222915 -49.125608257597435 135.0
279.9201961669264 -49.03707541282051 139.0
279.9209866936277 -48.9801614307821 139.0
279.92107439048664 -48.97383765449968 137.0
279.9211620595041 -48.967513878117366 136.0
279.9297417076038 -49.043456534297256 135.0
279.9298284555533 -49.037132749904245 138.0
279.9304349196983 -48.9928662564233 135.0
279.93060794756383 -48.98021868598123 137.0
279.93069442029196 -48.973894900614404 135.0
279.9394607662913 -49.03718928092997 137.0
279.9401439478525 -48.9865989305024 135.0
279.9402292235162 -48.9802751362733 136.0
279.94031447210324 -48.97395134194975 136.0
279.94976647005 -48.98665458471574 136.0
279.94985052117346 -48.98033078165491 135.0
279.94993454560887 -48.9740069785023 135.0
279.95001854336857 -48.967683175257996 136.0
279.96720975464217 -49.12588750355734 137.0
279.96745620130207 -49.10691604801039 135.0
279.9675382978746 -49.1005922293201 135.0
279.9677024126209 -49.08794459167781 135.0
279.9690115783432 -48.98676347801434 135.0
279.97677841170287 -49.132264756007224 135.0
279.9770212373763 -49.11329327520579 136.0
279.9866684168364 -49.11334587618394 136.0
279.9867480747817 -49.107022040708806 135.0
279.98682770736275 -49.100698205151566 135.0
279.9869073145912 -49.09437436951221 135.0
279.98714598427654 -49.075402862102 135.0
279.9961586905991 -49.126045356742466 135.0
280.015837885629 -49.09452725371854 135.0
280.01667132896716 -49.02496478914529 136.0
280.0167469520617 -49.01864092828344 135.0
280.0168981261642 -49.005993206337216 135.0
280.0169736771943 -48.9996693452529 135.0
280.0247335699078 -49.157815275603845 135.0
280.0248833363314 -49.14516754119078 135.0
280.02533206330094 -49.107224336213136 135.0
280.0254067677835 -49.10090046846369 135.0
280.0254814484821 -49.094576600642 136.0
280.0255561054077 -49.08825273274809 135.0
280.0263013695423 -49.025014049844856 137.0
280.02645013818034 -49.01236631240102 135.0
280.03431580260593 -49.164187767480094 135.0
280.0343894860502 -49.157863892634204 137.0
280.03446314600586 -49.15154001771813 135.0
280.0345367824837 -49.14521614273193 137.0
280.0350515813551 -49.10094901586724 135.0
280.0441902474565 -49.14526393599707 136.0
280.0442626260536 -49.13894005332843 137.0
280.0443349815877 -49.13261617059206 136.0
280.0539148751087 -49.13898703083104 135.0
280.05398599661356 -49.13266314061335 135.0
280.06356714234437 -49.13903320018059 135.0
280.09245784358245 -49.14549077808227 135.0
