# successful candidates for region at (64.85378177894563, 8.628402951703064) and radius 1.0
65.57743696695859 8.473946543184748 57.0
65.5836731988758 8.467670633000136 57.0
65.583685157083 8.473934852139157 57.0
65.59613292238457 8.448854316351285 57.0
65.59614506636595 8.455118529415259 57.0
65.59615721665809 8.461382742467624 57.0
65.5961693732616 8.467646955508362 57.0
65.60241745987102 8.46763496604642 58.0
65.60242972514018 8.473899175981693 57.0
65.60244199677504 8.48016338590514 58.0
65.60865318488277 8.461358669279779 57.0
65.6086655460871 8.4676228761073 57.0
65.62131301605663 8.542768799954679 57.0
65.65880891035287 8.542692709617638 57.0
65.65882217895958 8.548956890377061 57.0
65.66508497468908 8.555208029932816 57.0
