# successful candidates for region at (237.2928634430645, 42.15864784592784) and radius 1.0
237.109966074469 42.19712831586319 14.0
237.10994870647363 42.20312998186378 14.0
237.11805309103264 42.191139178618364 14.0
237.11803649383162 42.197140846296314 14.0
237.1180198921989 42.203142513969944 14.0
237.12613857417938 42.18514947279261 14.0
237.12612274736338 42.19115114207166 14.0
237.12610691632176 42.19715281134677 14.0
237.1260910810529 42.20315448061793 14.0
237.13422252437633 42.17915919861303 14.0
237.13420746753602 42.18516086941696 14.0
237.13419240667605 42.19116254021732 14.0
237.13417734179492 42.19716421101411 14.0
237.13416227289127 42.20316588180734 14.0
237.14229065481666 42.17917002855926 14.0
237.14227636372914 42.1851717008087 14.0
237.14226206882634 42.19117337305493 14.0
237.1422477701069 42.197175045297925 14.0
237.14223346756944 42.203176717537715 14.0
237.15037230967243 42.1731786197255 14.0
237.15035878794816 42.17918029334789 14.0
237.15034526261445 42.1851819669674 14.0
237.15033173366987 42.19118364058403 14.0
237.15031820111318 42.19718531419779 14.0
237.1503046649431 42.20318698780866 14.0
237.1584524325703 42.16718664314255 14.0
237.15843967980038 42.17318831806182 14.0
237.15842692362662 42.17918999297853 14.0
237.1584141640477 42.18519166789269 14.0
237.1584014010624 42.191193342804276 14.0
237.1583886346695 42.1971950177133 14.0
237.1583758648677 42.20319669261976 14.0
237.1665190397528 42.16719577517732 14.0
237.1665070523301 42.17319745131521 14.0
237.16649506170776 42.179199127450836 14.0
237.16648306788466 42.18520080358419 14.0
237.1664710708596 42.191202479715294 14.0
237.16645907063145 42.19720415584412 14.0
237.17459686827254 42.161202664921134 14.0
237.17458564919212 42.167204342204215 14.0
237.17457442711742 42.17320601948532 14.0
237.17456320204747 42.179207696764436 14.0
237.17455197398107 42.18520937404157 14.0
237.17454074291712 42.19121105131673 14.0
237.1745295088546 42.19721272858989 14.0
237.1826627146798 42.161210665872275 14.0
237.18265226074402 42.16721234422291 14.0
237.18264180401826 42.173214022571834 14.0
237.1826313445015 42.17921570091904 14.0
237.18262088219262 42.185217379264515 14.0
237.1826104170907 42.191219057608265 14.0
237.19070918288844 42.17322146057444 14.0
237.19069948892565 42.179223139914306 14.0
