# successful candidates for region at (291.95626975376456, -33.750109004637736) and radius 1.0
291.3665343607865 -33.179160998675385 163.0
291.3667899499223 -33.14134778785401 164.0
291.3668325100516 -33.13504558592082 163.0
291.3818435689707 -33.128813734160516 164.0
291.3818850271458 -33.12251152319494 164.0
291.38200933818734 -33.10360489008751 164.0
291.38936875082425 -33.12254601532134 163.0
291.3894096584376 -33.116243799928746 163.0
291.38949144234215 -33.10363936904098 165.0
291.3969332053358 -33.1099756156265 163.0
291.3969735523632 -33.10367339583302 163.0
291.4044158608534 -33.110009194531116 163.0
291.5311921456969 -33.198742874476224 33.0
291.531222887381 -33.19244058681133 33.0
291.96569354100507 -33.735174414769695 163.0
291.9807675354258 -33.73517235339546 163.0
292.1000687577295 -32.95989841118975 163.0
292.10751696927235 -32.94728476844654 163.0
292.10750611064975 -32.94098239953972 164.0
292.11499722971433 -32.953577782729525 163.0
292.1224785642712 -32.95987034375917 163.0
292.12246662713454 -32.9535679772922 167.0
292.12997345326136 -32.97246481652018 164.0
292.12996097327544 -32.966162451363054 164.0
292.1299484964711 -32.95986008620275 167.0
292.12993602284723 -32.95355772103925 167.0
292.1374574771252 -32.97875646916111 163.0
292.1374444570598 -32.972454105368776 168.0
292.1374314403138 -32.966151741572965 167.0
292.1374184268861 -32.95984937777368 170.0
292.13740541677566 -32.95354701397092 163.0
292.13739240998143 -32.947244650164684 163.0
292.1449290159569 -32.97874530560382 166.0
292.1449154589951 -32.9724429432304 167.0
292.14490190548963 -32.966140580853214 167.0
292.14488835543926 -32.95983821847225 164.0
292.14487480884304 -32.95353585608753 164.0
292.14486126569983 -32.94723349369904 164.0
292.1524428559894 -32.99764077366958 163.0
292.1524287513462 -32.991338412784636 164.0
292.15241465029936 -32.98503605189561 164.0
292.1524005528478 -32.97873369100252 165.0
292.1523864589905 -32.972431330105344 169.0
292.1523723687263 -32.96612896920409 168.0
292.1523582820541 -32.95982660829877 169.0
292.1523441989727 -32.95352424738937 170.0
292.1523301194811 -32.94722188647591 168.0
292.1523160435782 -32.940919525558364 165.0
292.15990136042 -32.99132634407157 163.0
292.1598867222045 -32.98502398471675 165.0
292.1598720877212 -32.97872162535754 168.0
292.15985745696906 -32.972419265993935 168.0
292.15984282994697 -32.96611690662593 172.0
292.1598282066536 -32.95981454725354 171.0
292.15981358708797 -32.95351218787677 169.0
292.1597989712488 -32.9472098284956 170.0
292.15978435913496 -32.940907469110044 170.0
292.1597697507454 -32.93460510972011 167.0
292.15975514607885 -32.928302750325805 163.0
292.1597405451343 -32.922000390927096 163.0
292.1673587920144 -32.98501146643717 163.0
292.1673436205002 -32.9787091086692 166.0
292.16732845285406 -32.97240675089648 167.0
292.16731328907474 -32.96610439311905 173.0
292.1672981291611 -32.95980203533691 172.0
292.1672829731119 -32.95349967755004 172.0
292.167267820926 -32.947197319758466 171.0
292.16725267260216 -32.94089496196218 170.0
292.16723752813914 -32.93459260416117 169.0
292.16722238753584 -32.928290246355445 164.0
292.167207250791 -32.921987888545026 163.0
292.17505120048725 -33.07323148219666 163.0
292.1750039183211 -33.0543244140363 163.0
292.1749881656404 -33.04802205797267 165.0
292.1749566723336 -33.035417345830176 163.0
292.1748937339037 -33.01020792148428 164.0
292.1748780093272 -33.00390556538512 163.0
292.17486228876055 -32.997603209280896 165.0
292.1748465722027 -32.9913008531716 164.0
292.17483085965216 -32.98499849705725 165.0
292.17481515110785 -32.97869614093783 169.0
292.17479944656856 -32.97239378481334 167.0
292.1747837460329 -32.96609142868381 173.0
292.17476804949985 -32.959789072549206 176.0
292.17475235696793 -32.95348671640954 174.0
292.174736668436 -32.94718436026483 176.0
292.17472098390294 -32.94088200411507 172.0
292.17470530336743 -32.934579647960255 168.0
292.1746896268281 -32.928277291800384 167.0
292.17467395428395 -32.92197493563547 164.0
292.18256341855914 -33.08582274645575 163.0
292.18254710654105 -33.07952039212911 163.0
292.18253079868543 -33.07321803779703 165.0
292.1825144949909 -33.066915683459506 163.0
292.1824981954563 -33.06061332911654 163.0
292.1824819000802 -33.05431097476813 165.0
292.18246560886143 -33.04800862041429 164.0
292.1824493217986 -33.04170626605502 163.0
292.1823679487795 -33.010194494177206 163.0
292.1823516866256 -33.00389213978537 165.0
292.18233542861884 -32.997589785388094 166.0
292.18231917475765 -32.991287430985416 165.0
292.18230292504103 -32.98498507657731 166.0
292.1822866794675 -32.978682722163796 169.0
292.1822704380358 -32.972380367744876 170.0
292.18225420074475 -32.966078013320534 172.0
292.182237967593 -32.95977565889078 175.0
292.1822217385793 -32.95347330445562 174.0
292.1822055137023 -32.94717095001506 175.0
292.1821892929608 -32.940868595569086 173.0
292.18217307635354 -32.934566241117714 168.0
292.1821568638792 -32.928263886660936 164.0
292.19004409273094 -33.08580884661467 166.0
292.1900272414881 -33.079506494057114 164.0
292.19001039454525 -33.073204141493754 164.0
292.1899935519011 -33.06690178892458 166.0
292.18997671355436 -33.060599436349605 167.0
292.18995987950365 -33.05429708376882 165.0
292.18994304974757 -33.047994731182236 164.0
292.18987577364396 -33.02278532077793 164.0
292.18985896534156 -33.016482968162364 166.0
292.1898421613258 -33.01018061554102 165.0
292.1898253615956 -33.00387826291387 166.0
292.18980856614934 -32.99757591028095 165.0
292.18979177498596 -32.991273557642245 167.0
292.189774988104 -32.984971204997755 171.0
292.1897582055021 -32.97866885234749 171.0
292.189741427179 -32.97236649969143 173.0
292.18972465313334 -32.96606414702961 175.0
292.18970788336384 -32.95976179436201 177.0
292.1896911178692 -32.95345944168864 177.0
292.189674356648 -32.94715708900951 178.0
292.189657599699 -32.94085473632461 175.0
292.18964084702094 -32.93455238363393 168.0
292.1975247644852 -33.0857944947553 165.0
292.1975073740185 -33.07949214402436 165.0
292.1974899879894 -33.07318979328723 166.0
292.19747260639656 -33.06688744254391 164.0
292.19745522923864 -33.060585091794415 169.0
292.19743785651417 -33.05428274103874 166.0
292.19742048822184 -33.04798039027688 166.0
292.1974031243603 -33.04167803950884 163.0
292.1973510593464 -33.022770987167696 166.0
292.19733371319415 -33.01646863637498 165.0
292.1973163714658 -33.01016628557609 164.0
292.19729903416 -33.00386393477105 168.0
292.19728170127536 -32.997561583959836 169.0
292.19726437281054 -32.991259233142465 171.0
292.19724704876415 -32.98495688231893 176.0
292.19722972913485 -32.97865453148925 173.0
292.1972124139212 -32.97235218065341 176.0
292.1971951031219 -32.96604982981142 176.0
292.1971777967356 -32.95974747896327 175.0
292.1971604947609 -32.95344512810899 175.0
292.19714319719645 -32.94714277724855 174.0
292.1971259040409 -32.94084042638199 173.0
292.19710861529285 -32.934538075509266 168.0
292.19709133095097 -32.92823572463041 165.0
292.2050233680109 -33.09208203971825 163.0
292.20495165840003 -33.066872644317904 164.0
292.2049337424318 -33.06057029545137 165.0
292.2049158310346 -33.054267946578285 168.0
292.20489792420693 -33.047965597698614 166.0
292.2048800219474 -33.04166324881238 163.0
292.2048621242546 -33.035360899919596 166.0
292.2048263425634 -33.02275620211433 168.0
292.2048084585623 -33.01645385320186 168.0
292.20479057912235 -33.010151504282845 169.0
292.2047727042419 -33.003849155357265 170.0
292.2047548339198 -32.997546806425134 170.0
292.2047369681545 -32.99124445748646 177.0
292.2047191069447 -32.98494210854124 176.0
292.20470125028885 -32.97863975958948 175.0
292.20468339818564 -32.972337410631184 177.0
292.2046655506337 -32.96603506166634 177.0
292.2046477076315 -32.95973271269496 175.0
292.2046298691777 -32.953430363717054 177.0
292.20461203527094 -32.9471280147326 175.0
292.20459420590976 -32.94082566574163 173.0
292.20457638109275 -32.93452331674413 168.0
292.2045585608185 -32.9282209677401 164.0
292.2045407450857 -32.92191861872955 163.0
292.2124122530568 -33.060555047320875 163.0
292.2123938029877 -33.05425270038784 166.0
292.21237535762566 -33.047950353447845 168.0
292.21235691696916 -33.04164800650087 169.0
292.2123384810167 -33.03534565954695 169.0
292.21232004976684 -33.029043312586055 165.0
292.21230162321814 -33.02274096561821 167.0
292.21228320136913 -33.0164386186434 171.0
292.21226478421835 -33.01013627166164 176.0
292.2122463717644 -33.00383392467293 175.0
292.21222796400576 -32.997531577677265 177.0
292.212209560941 -32.991229230674655 178.0
292.21219116256873 -32.984926883665096 174.0
292.21217276888734 -32.978624536648596 175.0
292.2121543798956 -32.97232218962515 177.0
292.2121359955919 -32.96601984259478 178.0
292.2121176159748 -32.95971749555748 176.0
292.2120992410429 -32.95341514851322 179.0
292.21208087079475 -32.94711280146204 177.0
292.2120625052289 -32.94081045440394 172.0
292.2120441443439 -32.934508107338914 169.0
292.2120257881383 -32.928205760266955 164.0
292.21200743661063 -32.921903413188076 163.0
292.21987177229636 -33.05423700246785 165.0
292.21985278840094 -33.04793465752498 167.0
292.2198338093484 -33.04163231257474 166.0
292.21981483513736 -33.03532996761712 167.0
292.2197958657661 -33.02902762265214 167.0
292.21977690123333 -33.02272527767976 168.0
292.2197579415374 -33.016422932700024 171.0
292.219738986677 -33.010120587712926 175.0
292.2197200366504 -33.00381824271847 178.0
292.21970109145633 -32.99751589771664 180.0
292.2196821510931 -32.99121355270745 180.0
292.2196632155593 -32.98491120769091 180.0
292.2196442848535 -32.97860886266701 178.0
292.2196253589741 -32.97230651763575 178.0
292.21960643791965 -32.96600417259715 177.0
292.2195875216887 -32.95970182755122 179.0
292.2195686102797 -32.95339948249793 178.0
292.2195497036912 -32.94709713743729 179.0
292.2195308019217 -32.940794792369324 173.0
292.21951190496964 -32.934492447294026 168.0
292.2194930128337 -32.92819010221139 164.0
292.2194741255122 -32.92188775712142 163.0
292.22736926629284 -33.06052319569919 164.0
292.2273497388833 -33.05422085281874 170.0
292.2273302164555 -33.047918509930476 168.0
292.2273106990081 -33.04161616703441 167.0
292.22729118653945 -33.03531382413054 167.0
292.2272716790479 -33.02901148121889 169.0
292.22725217653203 -33.02270913829942 169.0
292.2272326789903 -33.01640679537216 171.0
292.2272131864211 -33.010104452437126 173.0
292.22719369882304 -33.00380210949429 176.0
292.2271742161945 -32.997499766543676 177.0
292.22715473853384 -32.99119742358528 176.0
292.2271352658396 -32.9848950806191 179.0
292.22711579811033 -32.97859273764514 177.0
292.22709633534436 -32.97229039466342 177.0
292.22707687754024 -32.965988051673904 176.0
292.22705742469645 -32.95968570867663 176.0
292.22703797681135 -32.95338336567159 176.0
292.22701853388355 -32.947081022658786 177.0
292.22699909591137 -32.94077867963822 175.0
292.2269796628934 -32.934476336609904 168.0
292.22696023482814 -32.92817399357382 163.0
292.2348477687495 -33.06050659220888 165.0
292.2348277026713 -33.054204251440936 167.0
292.2348076417123 -33.04790191066475 169.0
292.23478758587095 -33.04159956988032 168.0
292.2347675351457 -33.035297229087654 170.0
292.234747489535 -33.02899488828675 172.0
292.23472744903717 -33.02269254747762 168.0
292.23470741365065 -33.016390206660255 170.0
292.2346873833739 -33.01008786583468 174.0
292.2346673582053 -33.00378552500086 173.0
292.2346473381433 -32.99748318415883 174.0
292.2346273231863 -32.99118084330857 178.0
292.23460731333273 -32.984878502450115 178.0
292.23458730858107 -32.97857616158343 179.0
292.2345673089296 -32.972273820708544 175.0
292.23454731437687 -32.965971479825456 177.0
292.23452732492126 -32.95966913893415 177.0
292.2345073405612 -32.95336679803466 177.0
292.23448736129507 -32.94706445712696 176.0
292.2344673871214 -32.94076211621107 175.0
292.2344474180385 -32.93445977528698 167.0
292.2344274540449 -32.928157434354716 164.0
292.2423056635831 -33.05418719833491 166.0
292.24228506409395 -33.04788485972826 165.0
292.2422644698599 -33.04158252111293 169.0
292.24224388087924 -33.03528018248891 175.0
292.24222329715036 -33.028977843856204 173.0
292.2422027186716 -33.02267550521482 173.0
292.24218214544146 -33.01637316656476 173.0
292.2421615774582 -33.01007082790602 173.0
292.2421410147202 -33.003768489238624 173.0
292.24212045722595 -32.997466150562545 175.0
292.24209990497366 -32.991163811877804 176.0
292.24207935796187 -32.9848614731844 176.0
292.2420588161888 -32.97855913448234 177.0
292.242038279653 -32.97225679577163 176.0
292.24201774835274 -32.965954457052256 176.0
292.2419972222864 -32.959652118324236 176.0
292.2419767014524 -32.95334977958757 177.0
292.2419561858492 -32.94704744084226 176.0
292.24193567547496 -32.94074510208831 168.0
292.2419151703283 -32.93444276332571 166.0
292.2418946704075 -32.9281404245545 165.0
292.24976248352345 -33.04786735712148 168.0
292.24974135089775 -33.04156502073269 173.0
292.2497202236628 -33.03526268433477 173.0
292.2496991018169 -33.02896034792769 173.0
292.2496779853584 -33.02265801151148 173.0
292.2496568742857 -33.016355675086125 176.0
292.249635768597 -33.01005333865164 173.0
292.2496146682908 -33.00375100220803 173.0
292.24959357336536 -32.99744866575529 174.0
292.24957248381895 -32.99114632929343 176.0
292.24955139964993 -32.98484399282244 176.0
292.24953032085676 -32.97854165634234 176.0
292.24950924743763 -32.972239319853124 177.0
292.249488179391 -32.96593698335479 178.0
292.2494671167151 -32.95963464684735 177.0
292.24944605940834 -32.9533323103308 174.0
292.249425007469 -32.94702997380516 172.0
292.2494039608955 -32.94072763727041 170.0
292.2493829196861 -32.934425300726566 167.0
292.24936188383924 -32.92812296417364 168.0
292.2493408533532 -32.921820627611616 165.0
292.2572398999236 -33.047849402844896 167.0
292.25721822890733 -33.0415470687401 172.0
292.2571965634192 -33.03524473462572 170.0
292.2571749034575 -33.028942400501705 170.0
292.25715324902046 -33.02264006636809 173.0
292.25713160010633 -33.01633773222485 173.0
292.2571099567134 -33.01003539807201 174.0
292.2570883188401 -33.00373306390958 174.0
292.2570666864846 -32.99743072973754 171.0
292.2570450596452 -32.99112839555591 176.0
292.2570234383203 -32.98482606136469 176.0
292.257001822508 -32.97852372716388 176.0
292.25698021220677 -32.97222139295348 175.0
292.2569586074149 -32.96591905873351 174.0
292.25693700813054 -32.95961672450396 176.0
292.25691541435214 -32.95331439026482 171.0
292.25689382607794 -32.94701205601612 168.0
292.2568722433062 -32.94070972175785 166.0
292.2568506660353 -32.93440738749002 167.0
292.2568290942635 -32.92810505321262 167.0
292.2568075279891 -32.92180271892567 164.0
292.2567859672104 -32.91550038462916 163.0
292.2647395282898 -33.054133328652185 164.0
292.2647173132171 -33.04783099689898 169.0
292.2646951038116 -33.04152866513566 172.0
292.2646729000715 -33.035226333362246 173.0
292.26465070199515 -33.02892400157873 171.0
292.26462850958063 -33.02262166978511 172.0
292.2646063228263 -33.016319337981415 176.0
292.2645841417304 -33.01001700616762 179.0
292.2645619662911 -33.003714674343755 177.0
292.2645397965068 -32.99741234250979 179.0
292.2645176323756 -32.991110010665764 179.0
292.26449547389586 -32.984807678811656 180.0
292.26447332106574 -32.97850534694748 178.0
292.2644511738836 -32.972203015073234 176.0
292.2644290323476 -32.96590068318893 178.0
292.264406896456 -32.95959835129457 178.0
292.2643847662072 -32.95329601939014 173.0
292.26436264159923 -32.94699368747566 171.0
292.26434052263045 -32.940691355551124 168.0
292.2643184092992 -32.93438902361655 168.0
292.2642963016037 -32.928086691671936 167.0
292.2642741995421 -32.92178435971728 164.0
292.272217476925 -33.05411446863803 163.0
292.2721947233269 -33.04781213928425 166.0
292.2721719755333 -33.04150980991984 170.0
292.2721492335425 -33.03520748054485 173.0
292.27212649735264 -33.02890515115927 172.0
292.27210376696195 -33.02260282176309 175.0
292.27208104236865 -33.01630049235633 177.0
292.2720583235709 -33.00999816293898 178.0
292.27203561056695 -33.00369583351105 177.0
292.272012903355 -32.997393504072555 179.0
292.27199020193325 -32.99109117462348 179.0
292.27196750629986 -32.98478884516384 178.0
292.27194481645313 -32.978486515693625 179.0
292.27192213239124 -32.97218418621286 179.0
292.2718994541124 -32.96588185672154 176.0
292.27187678161476 -32.95957952721965 175.0
292.27185411489666 -32.95327719770723 172.0
292.2718314539562 -32.946974868184256 171.0
292.2718087987917 -32.94067253865074 167.0
292.27178614940124 -32.934370209106675 164.0
292.27176350578316 -32.928067879552074 164.0
292.2717408679356 -32.92176554998696 165.0
292.2717182358569 -32.9154632204113 163.0
292.2716956095451 -32.90916089082512 163.0
292.2796954222981 -33.05409515689813 163.0
292.2796721301758 -33.04779283000121 169.0
292.27964884399535 -33.041490503093186 172.0
292.2796255637551 -33.03518817617407 171.0
292.279602289453 -33.02888584924383 173.0
292.2795790210874 -33.022583522302504 174.0
292.2795557586563 -33.01628119535009 175.0
292.27953250215796 -33.00997886838659 176.0
292.2795092515905 -33.003676541412 176.0
292.2794860069522 -32.997374214426316 177.0
292.2794627682411 -32.99107188742956 180.0
292.27943953545537 -32.98476956042174 181.0
292.2794163085933 -32.97846723340284 179.0
292.27939308765286 -32.972164906372875 179.0
292.2793698726324 -32.96586257933184 173.0
292.27934666353 -32.95956025227976 171.0
292.2793234603439 -32.95325792521662 172.0
292.2793002630721 -32.94695559814241 168.0
292.27927707171307 -32.94065327105718 163.0
292.2792538862647 -32.934350943960894 164.0
292.28714953368655 -33.0477730690504 164.0
292.2871257091206 -33.041470744656216 171.0
292.2871018906321 -33.03516842025041 169.0
292.2870780782191 -33.02886609583297 169.0
292.28705427187975 -33.02256377140392 174.0
292.28703047161224 -33.016261446963256 176.0
292.2870066774146 -33.009959122510985 174.0
292.28698288928496 -33.00365679804712 173.0
292.28695910722155 -32.99735447357164 176.0
292.28693533122237 -32.991052149084574 175.0
292.2869115612856 -32.984749824585904 180.0
292.2868877974093 -32.978447500075646 177.0
292.2868640395917 -32.97214517555381 172.0
292.2868402878309 -32.96584285102039 170.0
292.28681654212494 -32.959540526475394 171.0
292.28679280247206 -32.95323820191883 168.0
292.28676906887034 -32.94693587735069 164.0
292.2946025708319 -33.04145053460947 167.0
292.2945782140964 -33.03514821277441 168.0
292.2945538635738 -33.028845890927194 173.0
292.2945295192621 -33.02254356906784 173.0
292.2945051811594 -33.01624124719635 178.0
292.2944808492638 -33.00993892531271 176.0
292.2944565235733 -33.003636603416936 174.0
292.29443220408604 -32.99733428150904 175.0
292.2944078908001 -32.99103195958901 175.0
292.2943835837135 -32.984729637656855 178.0
292.2943592828244 -32.97842731571258 172.0
292.2943349881309 -32.97212499375619 171.0
292.294310699631 -32.9658226717877 168.0
292.2942864173229 -32.95952034980711 165.0
292.29426214120457 -32.9532180278144 166.0
292.302079429052 -33.04142987295349 163.0
292.30205453407103 -33.035127553746634 170.0
292.3020296454401 -33.02882523452709 173.0
292.30200476315736 -33.02252291529484 173.0
292.3019798872208 -33.01622059604992 175.0
292.30195501762853 -33.00991827679231 177.0
292.30193015437845 -33.00361595752202 174.0
292.30190529746875 -32.99731363823906 176.0
292.3018804468973 -32.99101131894344 174.0
292.3018556026624 -32.98470899963515 169.0
292.30183076476175 -32.9784066803142 174.0
292.30180593319363 -32.97210436098061 175.0
292.30178110795606 -32.96580204163434 171.0
292.30175628904703 -32.95949972227543 168.0
292.30173147646457 -32.953197402903896 165.0
292.3017066702068 -32.94689508351971 164.0
292.3016818702717 -32.94059276412289 164.0
292.3095562837039 -33.041408759688856 166.0
292.3095308504787 -33.03510644316765 167.0
292.30950542374086 -33.02880412663319 171.0
292.30948000348843 -33.02250181008548 170.0
292.30945458971945 -33.01619949352454 174.0
292.3094291824318 -33.00989717695036 175.0
292.3094037816236 -33.003594860362945 174.0
292.3093783872928 -32.9972925437623 175.0
292.3093529994373 -32.99099022714844 171.0
292.30932761805514 -32.984687910521366 171.0
292.3093022431445 -32.97838559388107 171.0
292.30927687470313 -32.97208327722757 173.0
292.3092515127292 -32.96578096056086 170.0
292.3092261572206 -32.95947864388096 169.0
292.3092008081754 -32.95317632718786 165.0
292.3091754655916 -32.94687401048157 164.0
292.3091501294671 -32.940571693762095 163.0
292.30912479980014 -32.93426937702944 163.0
292.3170331347104 -33.04138719481615 165.0
292.3170071632424 -33.03508488103803 169.0
292.316981198399 -33.02878256724609 168.0
292.31695524017834 -33.02248025344033 169.0
292.3169292885782 -33.01617793962078 171.0
292.31690334359666 -33.009875625787416 171.0
292.31687740523165 -33.003573311940265 171.0
292.31685147348105 -32.99727099807932 167.0
292.31682554834293 -32.99096868420458 171.0
292.31679962981514 -32.984666370316056 170.0
292.31677371789567 -32.97836405641376 171.0
292.3167478125825 -32.97206174249769 170.0
292.31672191387355 -32.965759428567836 168.0
292.3166960217668 -32.95945711462424 167.0
292.3166442573518 -32.946852486695754 164.0
292.3245364984679 -33.04766748929914 164.0
292.3245099819944 -33.04136517833596 164.0
292.32448347228495 -33.03506286735836 164.0
292.3244569693375 -33.02876055636637 168.0
292.32443047314996 -33.02245824536 167.0
292.3244039837202 -33.01615593433923 171.0
292.3243775010461 -33.00985362330409 170.0
292.32435102512574 -33.00355131225458 168.0
292.3243245559568 -32.997249001190696 168.0
292.3242980935374 -32.99094669011244 168.0
292.3242716378653 -32.98464437901983 169.0
292.32424518893856 -32.978342067912855 170.0
292.3242187467549 -32.97203975679154 169.0
292.32419231131246 -32.96573744565588 167.0
292.32416588260895 -32.959435134505874 166.0
292.3241394606424 -32.953132823341534 163.0
292.3319868254787 -33.04134271024887 164.0
292.3319597775293 -33.03504040212925 166.0
292.33193273647913 -33.02873809399465 165.0
292.3319057023262 -33.022435785845076 164.0
292.33187867506825 -33.016133477680505 164.0
292.33185165470314 -33.00983116950098 169.0
292.3318246412288 -33.003528861306485 170.0
292.331797634643 -32.99722655309703 167.0
292.33177063494384 -32.99092424487262 169.0
292.3317436421289 -32.984621936633275 170.0
292.3317166561962 -32.97831962837897 167.0
292.3316896771437 -32.97201732010973 169.0
292.33166270496906 -32.96571501182556 166.0
292.3394912583127 -33.04762209574413 163.0
292.33943607889825 -33.03501748535131 165.0
292.339408499747 -33.02871518013153 163.0
292.3393809276301 -33.02241287489616 163.0
292.33935336254535 -33.01611056964521 164.0
292.3393258044907 -33.009808264378684 165.0
292.33929825346394 -33.00350595909661 167.0
292.3392707094628 -32.99720365379896 167.0
292.3392431724852 -32.99090134848575 168.0
292.3392156425289 -32.98459904315701 167.0
292.3391881195919 -32.978296737812705 165.0
292.3391606036718 -32.971994432452874 166.0
292.3467999503319 -33.00978490793785 163.0
292.3467718617542 -33.00348260562556 166.0
292.3467437803392 -32.99718030329709 168.0
292.34671570608475 -32.99087800095245 167.0
292.3466876389886 -32.98457569859165 166.0
292.35427409214964 -33.009761100179105 163.0
292.6018943968947 -33.14106776065214 164.0
292.60184778356665 -33.134765594383104 164.0
292.64770554164966 -33.25426386059699 163.0
292.6476554563841 -33.24796172610754 163.0
292.6552005278286 -33.25422179235711 169.0
292.6551498997216 -33.24791966323309 165.0
292.65509928455225 -33.241617534056864 166.0
292.65504868231653 -33.23531540482847 163.0
292.66284909805506 -33.27308564137146 163.0
292.66279788785613 -33.26678351783081 166.0
292.6627466907457 -33.26048139423678 168.0
292.66269550671973 -33.254179270589376 167.0
292.6626443357742 -33.24787714688862 166.0
292.66259317790497 -33.24157502313455 165.0
292.66254203310797 -33.235272899327164 165.0
292.66233758456156 -33.21006440356485 163.0
292.67034569892036 -33.273042649626895 166.0
292.67029394546927 -33.26674053157077 167.0
292.67024220524553 -33.260438413460115 168.0
292.67019047824505 -33.25413629529496 167.0
292.67013876446373 -33.247834177075326 168.0
292.6700870638974 -33.24153205880121 166.0
292.6700353765421 -33.23522994047266 168.0
292.6699837023935 -33.228927822089666 164.0
292.6698803937004 -33.216323585160474 165.0
292.6778422923331 -33.272999204183265 163.0
292.67773771229855 -33.26039497910013 163.0
292.6776854423264 -33.25409286647506 165.0
292.6776331857122 -33.247790753794355 168.0
292.67758094245164 -33.241488641058034 164.0
292.6775287125407 -33.23518652826612 166.0
292.6774764959752 -33.22888441541863 165.0
292.6774242927509 -33.222582302515576 165.0
292.67737210286384 -33.21628018955698 163.0
292.6851803988857 -33.25404898413084 164.0
292.68512759944133 -33.247746877046914 165.0
292.68507481348945 -33.24144476990622 165.0
292.6850220410259 -33.23514266270875 166.0
292.6930491257726 -33.29811935664441 164.0
292.6929422638171 -33.28551515454014 163.0
292.6927820732978 -33.26660885094823 165.0
292.6927287037514 -33.26030674963488 164.0
292.69262200557324 -33.247702546834226 164.0
292.692568676933 -33.24140044534697 163.0
292.69251536191956 -33.235098343801766 164.0
292.6924620605288 -33.228796242198655 164.0
292.70054787070956 -33.298074527234895 166.0
292.7004399213006 -33.28547033657094 164.0
292.7003859672916 -33.27916824115007 163.0
292.70033202707384 -33.27286614566995 165.0
292.70027810064306 -33.26656405013061 168.0
292.700224187995 -33.260261954532076 166.0
292.70006253270395 -33.241355667381505 163.0
292.6999548313447 -33.22875147565216 163.0
292.6999010013027 -33.22244937969887 163.0
292.7082102677388 -33.316935512107484 163.0
292.70815570049854 -33.31063342276537 163.0
292.7081011472102 -33.30433133336274 163.0
292.70804660786933 -33.29802924389957 163.0
292.7079920824716 -33.29172715437591 163.0
292.70793757101274 -33.285425064791774 164.0
292.70788307348846 -33.27912297514716 165.0
292.70782858989423 -33.272820885442115 167.0
292.70777412022596 -33.26651879567665 171.0
292.7077196644791 -33.26021670585081 167.0
292.7076652226495 -33.25391461596456 163.0
292.7075563807244 -33.241310436011055 164.0
292.70750198062024 -33.23500834594382 163.0
292.707447594416 -33.22870625581629 163.0
292.71565551780037 -33.31058767382868 163.0
292.71560042044354 -33.30428559026506 164.0
292.71554533717335 -33.297983506639696 164.0
292.7154902679854 -33.29168142295263 166.0
292.71543521287526 -33.28537933920386 167.0
292.7153801718386 -33.27907725539341 167.0
292.71532514487103 -33.27277517152133 169.0
292.71527013196817 -33.26647308758761 167.0
292.71521513312564 -33.26017100359229 165.0
292.71516014833907 -33.25386891953538 163.0
292.715105177604 -33.2475668354169 163.0
292.7149952782712 -33.23496266699534 164.0
292.7230996857399 -33.30423939318614 167.0
292.72304405854345 -33.297937315456515 167.0
292.72298844556826 -33.291635237663954 170.0
292.7229328468099 -33.28533315980847 170.0
292.722877262264 -33.279031081890096 173.0
292.722821691926 -33.27272900390883 169.0
292.72276613579163 -33.26642692586474 169.0
292.7227105938564 -33.2601248477578 167.0
292.7306551285053 -33.31049481383904 164.0
292.7305989430209 -33.30419274212728 167.0
292.73054277190124 -33.29789067035131 166.0
292.73048661514184 -33.291588598511176 167.0
292.7304304727384 -33.285286526606875 170.0
292.73037434468625 -33.27898445463846 172.0
292.73031823098097 -33.27268238260593 170.0
292.73026213161813 -33.2663803105093 169.0
292.73020604659325 -33.26007823834861 164.0
292.7381549217517 -33.310447702788686 163.0
292.7380981922081 -33.30414563708975 168.0
292.73804147716834 -33.29784357132538 166.0
292.73798477662797 -33.29154150549559 167.0
292.7379280905824 -33.28523943960038 168.0
292.73787141902716 -33.278937373639806 168.0
292.7378147619577 -33.27263530761387 170.0
292.73775811936946 -33.2663332415226 167.0
292.73770149125806 -33.26003117536602 164.0
292.74565470682285 -33.31040013770301 166.0
292.7455974332232 -33.304098078074865 171.0
292.7455401742665 -33.29779601838001 173.0
292.74548292994825 -33.291493958618474 172.0
292.7454257002637 -33.28519189879027 170.0
292.7453684852084 -33.27888983889543 169.0
292.74531128477787 -33.272587778933975 165.0
292.7452540989675 -33.26628571890591 168.0
292.74519692777267 -33.259983658811294 167.0
292.7531544836404 -33.31035211858335 163.0
292.7530966659879 -33.30405006508393 168.0
292.7530388631174 -33.297748011516525 170.0
292.75298107502437 -33.29144595788116 172.0
292.7529233017041 -33.28514390417786 168.0
292.752865543152 -33.27884185040664 170.0
292.7528077993635 -33.27253979656754 166.0
292.752750070334 -33.26623774266058 169.0
292.75269235605896 -33.259935688685765 167.0
292.7607126287538 -33.31660569267452 163.0
292.7606542521259 -33.31030364543105 163.0
292.76059589042376 -33.304001598118276 166.0
292.76053754364267 -33.29769955073623 166.0
292.76047921177803 -33.29139750328496 166.0
292.7604208948252 -33.285095455764456 167.0
292.7603625927794 -33.278793408174764 167.0
292.76030430563617 -33.27249136051591 169.0
292.76024603339084 -33.26618931278788 167.0
292.7601877760387 -33.25988726499074 165.0
292.7601295335752 -33.25358521712451 165.0
292.768036215764 -33.297650636040494 163.0
292.767977340131 -33.29134859483121 165.0
292.7679184795487 -33.285046553551425 166.0
292.7678596340126 -33.27874451220114 166.0
292.76780080351784 -33.27244247078038 164.0
292.7677419880598 -33.266140429289194 165.0
292.76768318763385 -33.25983838772758 165.0
292.7676244022352 -33.253536346095565 165.0
292.77547546000494 -33.291299232521276 163.0
292.7754160557966 -33.284997197540086 164.0
292.7753566667733 -33.278695162487104 165.0
292.7752972929302 -33.27239312736235 164.0
292.77523793426275 -33.26609109216583 165.0
292.7751785907662 -33.2597890568976 164.0
292.7751192624357 -33.25348702155765 163.0
292.78285369098313 -33.27864535903404 163.0
292.78273387192155 -33.26604130141918 165.0
292.8126554767511 -33.259535599293685 163.0
