# successful candidates for region at (225.7014780436095, -34.09304341884241) and radius 1.0
226.336872034592 -33.94867975316169 70.0
226.3368252848972 -33.942424966937665 70.0
226.34437346544763 -33.948640890786734 70.0
226.35197063285463 -33.961111124707145 70.0
226.35192275502638 -33.95485634853463 71.0
226.35173136573314 -33.92983724338721 70.0
226.35168354889564 -33.9235824669861 70.0
226.35952159628997 -33.967326111061354 71.0
226.359473153971 -33.96107134000495 70.0
226.35942472400248 -33.95481656890172 70.0
226.3592795081607 -33.93605225531118 71.0
226.35923112755512 -33.9297974840208 71.0
226.36707366971154 -33.97354063090125 70.0
226.3670246626191 -33.96728586502123 71.0
226.36697566802175 -33.9610310990933 70.0
226.36692668591564 -33.954776333117465 71.0
226.3668777162968 -33.94852156709375 71.0
226.36682875916136 -33.94226680102216 70.0
226.36677981450538 -33.936012034902724 70.0
226.37467643824988 -33.98600944464452 70.0
226.37462685345707 -33.979754684050256 70.0
226.37452772179927 -33.967245162714654 70.0
226.3744781749263 -33.96099040197333 71.0
226.37442864068532 -33.95473564118302 72.0
226.3743791190724 -33.94848088034374 71.0
226.37432961008352 -33.942226119455505 73.0
226.37428011371478 -33.93597135851833 72.0
226.3742306299622 -33.929716597532234 71.0
226.37413170028958 -33.91720707541336 70.0
226.38218114786434 -33.98596827033178 70.0
226.3819806746041 -33.96094924864615 73.0
226.38193058823103 -33.954694493099495 73.0
226.38188051462677 -33.94843973750277 72.0
226.38183045378725 -33.94218498185599 72.0
226.3817804057085 -33.93593022615917 72.0
226.3817303703865 -33.929675470412334 72.0
226.38168034781725 -33.92342071461549 70.0
226.39029514202127 -34.060983636056505 70.0
226.3902442964139 -34.05472888663287 70.0
226.39019346378115 -34.04847413715778 70.0
226.39009183742317 -34.035964638053294 70.0
226.3899902629147 -34.02345513874316 70.0
226.38958448272413 -33.97341713944913 72.0
226.38953381839056 -33.967162389306644 72.0
226.38948316697466 -33.96090763911295 71.0
226.38943252847227 -33.95465288886806 71.0
226.38938190287942 -33.94839813857199 72.0
226.38933129019208 -33.94214338822475 73.0
226.3892806904061 -33.935888637826366 74.0
226.38923010351752 -33.92963388737686 73.0
226.38917952952224 -33.92337913687626 71.0
226.38912896841623 -33.917124386324545 71.0
226.39780648020425 -34.06094148440724 70.0
226.39775508021256 -34.05468674036152 71.0
226.39770369333692 -34.04843199626319 71.0
226.39754961136518 -34.02966776365287 70.0
226.39749827691256 -34.02341301934437 71.0
226.3974469555554 -34.01715827498336 70.0
226.39713930218642 -33.97962980771588 70.0
226.3970880723822 -33.97337506298789 72.0
226.39703685564055 -33.96712031820754 70.0
226.39698565195735 -33.960865573374846 71.0
226.39693446132853 -33.954610828489855 71.0
226.39688328374996 -33.94835608355255 73.0
226.39683211921752 -33.942101338562956 74.0
226.3967809677272 -33.9358465935211 74.0
226.39672982927482 -33.929591848426995 73.0
226.39667870385634 -33.923337103280666 72.0
226.39662759146762 -33.91708235808212 72.0
226.39657649210463 -33.910827612831376 70.0
226.40542175940857 -34.07340835268045 70.0
226.4053697785079 -34.06715361417845 70.0
226.40531781087302 -34.060898875622684 71.0
226.40526585649988 -34.05464413701317 71.0
226.40521391538425 -34.04838939834992 72.0
226.40516198752195 -34.042134659632964 72.0
226.4050581715407 -34.029625182037975 70.0
226.40500628341343 -34.02337044315998 71.0
226.40495440852285 -34.01711570422835 71.0
226.40490254686475 -34.01086096524312 73.0
226.40485069843504 -34.004606226204274 70.0
226.4047988632295 -33.99835148711184 70.0
226.40474704124398 -33.992096747965846 71.0
226.40469523247438 -33.985842008766305 72.0
226.4046434369165 -33.97958726951323 72.0
226.40459165456616 -33.97333253020666 72.0
226.4045398854193 -33.967077790846595 72.0
226.40448812947173 -33.96082305143305 73.0
226.40443638671925 -33.95456831196605 74.0
226.4043846571578 -33.94831357244562 75.0
226.4043329407832 -33.94205883287178 75.0
226.40428123759133 -33.935804093244535 75.0
226.40422954757804 -33.92954935356391 75.0
226.40417787073918 -33.92329461382992 72.0
226.40412620707062 -33.91703987404258 71.0
226.40407455656822 -33.91078513420192 70.0
226.4129341916637 -34.07336527576926 71.0
226.41277662519485 -34.054601076589016 71.0
226.41272412984213 -34.04834634341915 73.0
226.4126716478841 -34.04209161019441 72.0
226.41261917931666 -34.03583687691483 71.0
226.41256672413553 -34.02958214358042 70.0
226.4125142823365 -34.0233274101912 71.0
226.41246185391537 -34.01707267674719 71.0
226.4124094388679 -34.01081794324842 70.0
226.4123046488773 -33.99830847608662 70.0
226.41225227392573 -33.99205374242364 72.0
226.41219991233103 -33.98579900870598 73.0
226.412147564089 -33.97954427493362 73.0
226.4120952291955 -33.973289541106624 73.0
226.41204290764628 -33.967034807224984 72.0
226.4119905994372 -33.96078007328872 74.0
226.41193830456402 -33.95452533929786 76.0
226.41188602302256 -33.948270605252404 76.0
226.41183375480867 -33.9420158711524 74.0
226.4117814999181 -33.935761136997854 72.0
226.41172925834678 -33.92950640278877 72.0
226.41167703009043 -33.92325166852518 73.0
226.4116248151449 -33.91699693420709 70.0
226.41157261350602 -33.91074219983455 71.0
226.41125968287878 -33.87321379245646 70.0
226.4112075742697 -33.866959057703156 70.0
226.4111033968673 -33.85444958803359 70.0
226.4202873862165 -34.05455755909029 70.0
226.4202343366296 -34.0483028314721 72.0
226.42018130057883 -34.042048103797875 74.0
226.42012827806 -34.03579337606764 72.0
226.42007526906875 -34.02953864828142 70.0
226.4200222736009 -34.02328392043922 71.0
226.41996929165214 -34.017029192541074 72.0
226.41991632321825 -34.010774464586994 70.0
226.41986336829504 -34.004519736576995 71.0
226.41981042687814 -33.99826500851111 71.0
226.41975749896343 -33.992010280389344 72.0
226.41970458454657 -33.98575555221172 73.0
226.41965168362336 -33.97950082397826 73.0
226.41959879618955 -33.973246095688985 75.0
226.41954592224093 -33.96699136734391 75.0
226.41949306177324 -33.96073663894306 75.0
226.41944021478224 -33.95448191048644 76.0
226.4193873812637 -33.94822718197409 76.0
226.41933456121342 -33.941972453406024 73.0
226.41928175462715 -33.93571772478224 72.0
226.41922896150064 -33.92946299610278 73.0
226.41917618182973 -33.92320826736764 72.0
226.41912341561013 -33.91695353857688 70.0
226.41907066283767 -33.910698809730484 71.0
226.41901792350808 -33.904444080828476 70.0
226.41880710053456 -33.87942516466478 71.0
226.41875442835632 -33.87317043548502 70.0
226.4187017695957 -33.86691570624977 71.0
226.4186491242485 -33.86066097695905 71.0
226.41859649231054 -33.85440624761288 71.0
226.4277445356657 -34.048258862509975 70.0
226.42769094552514 -34.04200414044456 70.0
226.42763736905783 -34.03574941832195 70.0
226.42753025712574 -34.02323997390526 73.0
226.42747672165237 -34.01698525161121 72.0
226.42736969166944 -34.004475806851815 70.0
226.42731619715133 -33.9982210843865 72.0
226.42726271627637 -33.99196636186414 72.0
226.42720924904032 -33.985711639284744 72.0
226.42715579543886 -33.97945691664835 74.0
226.42710235546775 -33.97320219395496 74.0
226.42704892912266 -33.966947471204605 75.0
226.4269955163993 -33.960692748397285 76.0
226.42694211729344 -33.95443802553304 76.0
226.42688873180077 -33.94818330261189 75.0
226.42683535991705 -33.941928579633846 73.0
226.42678200163797 -33.935673856598925 73.0
226.42672865695928 -33.92941913350715 73.0
226.42667532587672 -33.923164410358545 73.0
226.426622008386 -33.91690968715312 72.0
226.4265687044829 -33.910654963890906 71.0
226.4265154141631 -33.904400240571924 70.0
226.42640887425645 -33.891890793763686 70.0
226.42635562466108 -33.8856360702745 71.0
226.42630238863202 -33.87938134672861 70.0
226.426249166165 -33.873126623126026 72.0
226.4261959572558 -33.8668718994668 71.0
226.42614276190014 -33.860617175750924 70.0
226.43530888491577 -34.05446915287394 70.0
226.43525472686946 -34.04821443653401 70.0
226.43520058264212 -34.041959720135694 70.0
226.43514645222936 -34.03570500367899 71.0
226.43509233562685 -34.02945028716393 72.0
226.43503823283024 -34.023195570590545 73.0
226.4349841438352 -34.016940853958836 73.0
226.4349300686374 -34.01068613726884 70.0
226.43487600723248 -34.00443142052057 70.0
226.4348219596161 -33.99817670371404 70.0
226.43476792578394 -33.99192198684927 72.0
226.43471390573166 -33.985667269926296 74.0
226.43465989945497 -33.979412552945114 75.0
226.43460590694946 -33.973157835905766 74.0
226.43455192821088 -33.96690311880826 74.0
226.4344979632349 -33.96064840165262 75.0
226.43444401201714 -33.95439368443887 77.0
226.4343900745533 -33.94813896716702 76.0
226.4343361508391 -33.9418842498371 73.0
226.43428224087023 -33.93562953244912 72.0
226.43422834464232 -33.9293748150031 74.0
226.43417446215108 -33.92312009749907 72.0
226.4341205933922 -33.91686537993705 73.0
226.43406673836142 -33.910610662317055 74.0
226.43395906946677 -33.898101226903215 70.0
226.43390525559428 -33.89184650910941 71.0
226.4338514554327 -33.88559179125771 73.0
226.4337976689776 -33.87933707334814 72.0
226.4337438962248 -33.87308235538071 71.0
226.43369013716995 -33.86682763735545 71.0
226.43363639180876 -33.860572919272364 70.0
226.44309339334765 -34.08569781633084 70.0
226.44276491015992 -34.048169553545456 70.0
226.44265552749363 -34.03566013214001 72.0
226.44260085708999 -34.02940542134793 71.0
226.44254620063353 -34.02315071049632 73.0
226.44249155811988 -34.0168959995852 72.0
226.4424369295446 -34.01064128861458 70.0
226.44238231490337 -34.00438657758449 70.0
226.44232771419175 -33.998131866494944 71.0
226.4422731274054 -33.99187715534597 71.0
226.44221855453995 -33.98562244413758 74.0
226.44216399559096 -33.9793677328698 74.0
226.44210945055414 -33.973113021542645 75.0
226.44205491942506 -33.96685831015614 74.0
226.44200040219943 -33.9606035987103 75.0
226.44194589887277 -33.954348887205164 78.0
226.4418914094408 -33.94809417564072 76.0
226.44183693389917 -33.94183946401702 77.0
226.44178247224346 -33.935584752334066 76.0
226.44172802446934 -33.92933004059188 75.0
226.44167359057246 -33.923075328790496 74.0
226.44161917054842 -33.91682061692991 75.0
226.44156476439295 -33.910565905010166 72.0
226.44151037210162 -33.90431119303126 72.0
226.44145599367013 -33.89805648099324 72.0
226.44140162909412 -33.891801768896116 73.0
226.44134727836928 -33.8855470567399 73.0
226.44129294149118 -33.879292344524615 73.0
226.44123861845557 -33.873037632250295 73.0
226.44118430925806 -33.866782919916936 73.0
226.44113001389434 -33.86052820752458 72.0
226.45033035194967 -34.05437891837401 70.0
226.45021983306424 -34.04186950865629 70.0
226.4501645947697 -34.03561480370623 70.0
226.45010937056804 -34.029360098695406 73.0
226.4500541604548 -34.023105393623844 70.0
226.44983346079758 -33.998086572730486 71.0
226.44977832106008 -33.991831867355494 71.0
226.44972319538442 -33.98557716191986 70.0
226.44966808376628 -33.979322456423645 74.0
226.44961298620115 -33.97306775086683 76.0
226.44955790268466 -33.966813045249474 76.0
226.4495028332124 -33.960558339571584 74.0
226.44944777777994 -33.95430363383317 74.0
226.44939273638286 -33.94804892803425 77.0
226.44933770901676 -33.941794222174856 77.0
226.44928269567728 -33.93553951625501 77.0
226.44922769635997 -33.929284810274716 74.0
226.44917271106044 -33.92303010423403 73.0
226.44911773977432 -33.91677539813292 72.0
226.44906278249718 -33.91052069197147 73.0
226.44900783922463 -33.90426598574965 73.0
226.44895290995228 -33.89801127946751 73.0
226.44889799467575 -33.89175657312505 73.0
226.44884309339068 -33.885501866722294 73.0
226.4487882060926 -33.87924716025929 73.0
226.4487333327772 -33.87299245373602 73.0
226.44867847344005 -33.866737747152534 71.0
226.457785252677 -34.04807841653559 70.0
226.45772944620757 -34.041823717488285 72.0
226.45767365397677 -34.035569018378965 71.0
226.45761787598013 -34.02931431920765 72.0
226.45756211221317 -34.02305961997436 70.0
226.45739490624572 -34.004295521902876 70.0
226.45733919935284 -33.99804082242192 70.0
226.45728350666724 -33.991786122879084 70.0
226.45722782818456 -33.985531423274416 71.0
226.45717216390025 -33.97927672360793 70.0
226.45711651380992 -33.97302202387962 74.0
226.45706087790907 -33.966767324089545 75.0
226.45700525619324 -33.96051262423771 75.0
226.45694964865802 -33.954257924324146 76.0
226.45689405529893 -33.948003224348845 76.0
226.45683847611147 -33.94174852431186 77.0
226.45678291109127 -33.9354938242132 77.0
226.45672736023383 -33.929239124052884 76.0
226.45667182353478 -33.92298442383094 73.0
226.45661630098957 -33.91672972354739 73.0
226.45656079259385 -33.910475023202224 74.0
226.45650529834313 -33.90422032279552 74.0
226.456449818233 -33.89796562232726 73.0
226.456394352259 -33.89171092179746 73.0
226.4563389004167 -33.88545622120617 72.0
226.45628346270172 -33.8792015205534 72.0
226.4562280391096 -33.87294681983915 71.0
226.45600648588112 -33.84792801636799 71.0
226.4652390511978 -34.04177746936976 71.0
226.46518270503384 -34.035522776159446 73.0
226.46512637324534 -34.02926808288592 71.0
226.4650700558278 -34.02301338954917 71.0
226.46490118975572 -34.004249309159896 71.0
226.4647324528596 -33.985485228202506 70.0
226.4646762359123 -33.97923053442391 70.0
226.46462003329987 -33.972975840582265 72.0
226.46456384501775 -33.96672114667763 72.0
226.46450767106148 -33.96046645270998 73.0
226.4644515114266 -33.954211758679364 75.0
226.46439536610853 -33.9479570645858 78.0
226.46433923510284 -33.94170237042932 76.0
226.46428311840504 -33.935447676209925 77.0
226.4642270160106 -33.92919298192765 76.0
226.46417092791503 -33.92293828758251 74.0
226.4641148541139 -33.91668359317453 74.0
226.46405879460266 -33.91042889870373 75.0
226.46400274937685 -33.90417420417013 73.0
226.463946718432 -33.89791950957376 72.0
226.46389070176363 -33.89166481491464 72.0
226.46383469936728 -33.88541012019279 72.0
226.46377871123846 -33.87915542540822 71.0
226.46372273737268 -33.87290073056096 70.0
226.46366677776547 -33.866646035651044 70.0
226.4634989844507 -33.84788195054547 70.0
226.472748647954 -34.04173076430204 71.0
226.47269174786004 -34.03547607704901 70.0
226.47263486228286 -34.02922138973151 70.0
226.4725779912179 -34.02296670234956 71.0
226.4724642926063 -34.01045732739236 70.0
226.47240746505057 -34.00420263981715 70.0
226.4721802997218 -33.97918388887289 70.0
226.47212354459035 -33.97292920097606 71.0
226.47206680393012 -33.966674513014986 72.0
226.47201007773657 -33.960419824989664 72.0
226.47195336600512 -33.95416513690012 74.0
226.47189666873126 -33.947910448746406 77.0
226.47183998591046 -33.941655760528505 76.0
226.47178331753815 -33.935401072246464 76.0
226.47172666360981 -33.9291463839003 75.0
226.47167002412093 -33.92289169549002 75.0
226.4716133990669 -33.91663700701565 76.0
226.47155678844334 -33.91038231847725 75.0
226.47150019224557 -33.90412762987479 73.0
226.47144361046915 -33.89787294120832 72.0
226.4713870431095 -33.89161825247786 71.0
226.4713304901622 -33.88536356368342 71.0
226.4712739516226 -33.87910887482504 70.0
226.4712174274863 -33.87285418590272 70.0
226.47110442240538 -33.8603448078664 70.0
226.4802007823745 -34.03542892104895 70.0
226.48008591830256 -34.02291955837682 72.0
226.47997111282604 -34.01041019544193 70.0
226.47991373204954 -34.004155513875986 70.0
226.47962704760081 -33.97288210506231 70.0
226.47956975456563 -33.96662742310293 71.0
226.47951247613796 -33.96037274107807 71.0
226.47945521231313 -33.95411805898774 74.0
226.47939796308663 -33.94786337683195 77.0
226.47934072845385 -33.94160869461073 77.0
226.47928350841022 -33.935354012324126 76.0
226.47922630295113 -33.92909932997212 76.0
226.47916911207207 -33.92284464755476 75.0
226.4791119357684 -33.91658996507208 76.0
226.47905477403555 -33.91033528252407 74.0
226.478997626869 -33.904080599910785 72.0
226.47894049426412 -33.89782591723221 71.0
226.4788833762164 -33.89157123448841 71.0
226.47882627272125 -33.885316551679374 72.0
226.4787691837741 -33.87906186880514 70.0
226.47871210937038 -33.87280718586573 70.0
226.47848395709894 -33.84778845345674 70.0
226.48852326858267 -34.122946754342294 70.0
226.48765181535128 -34.02912663292993 71.0
226.48713054225067 -33.97283455284232 70.0
226.48707269684374 -33.966579876942795 71.0
226.4870148661851 -33.9603252009765 72.0
226.4869570502701 -33.954070524943475 75.0
226.48689924909417 -33.94781584884373 76.0
226.4868414626526 -33.9415611726773 75.0
226.48678369094083 -33.9353064964442 78.0
226.4867259339542 -33.929051820144444 76.0
226.48666819168812 -33.92279714377806 77.0
226.48661046413795 -33.91654246734509 76.0
226.4865527512991 -33.91028779084553 76.0
226.48649505316692 -33.904033114279414 73.0
226.48643736973676 -33.89777843764676 71.0
226.48637970100413 -33.8915237609476 71.0
226.48632204696432 -33.88526908418196 70.0
226.48626440761277 -33.87901440734985 70.0
226.48597643101763 -33.84774102219312 70.0
226.4952188261445 -34.0353332383852 70.0
226.49516027922044 -34.02907856928539 70.0
226.49451724779752 -33.9602772046863 70.0
226.49445887979556 -33.9540225347687 74.0
226.4944005266734 -33.94776786478311 73.0
226.4943421884263 -33.94151319472954 76.0
226.4942838650496 -33.935258524608024 76.0
226.49422555653865 -33.92900385441858 76.0
226.49416726288877 -33.92274918416123 76.0
226.4941089840953 -33.91649451383601 77.0
226.49405072015364 -33.91023984344292 76.0
226.49399247105902 -33.903985172982004 73.0
226.49393423680687 -33.89773050245328 71.0
226.49352701223938 -33.85394780685546 71.0
226.5027869510201 -34.041539374565325 72.0
226.50272783523826 -34.0352847117242 72.0
226.5026687345384 -34.02903004881347 71.0
226.50201962089463 -33.96022875220879 70.0
226.50196070080898 -33.95397408846474 74.0
226.50190179574383 -33.947719424651396 74.0
226.50184290569445 -33.94146476076879 76.0
226.50178403065607 -33.93521009681694 75.0
226.50172517062404 -33.928955432795874 76.0
226.50166632559365 -33.92270076870561 76.0
226.50160749556017 -33.916446104546175 75.0
226.50154868051888 -33.9101914403176 74.0
226.5014898804651 -33.90393677601989 72.0
226.50143109539417 -33.8976821116531 70.0
226.5010200190217 -33.853899459152714 71.0
226.50096135364424 -33.84764479423398 72.0
226.51035619031597 -34.0477450412929 70.0
226.51029650539232 -34.04149038477137 72.0
226.51023683569667 -34.03523572817892 72.0
226.51017718122432 -34.02898107151554 71.0
226.50946251322992 -33.95392518603295 73.0
226.50940305622507 -33.94767052844996 74.0
226.50934361437663 -33.94141587079639 74.0
226.5092841876799 -33.935161213072284 74.0
226.50922477613008 -33.92890655527766 75.0
226.50916537972242 -33.922651897412536 76.0
226.50910599845218 -33.91639723947694 75.0
226.5090466323146 -33.9101425814709 74.0
226.50898728130494 -33.90388792339443 71.0
226.50892794541844 -33.89763326524756 70.0
226.50886862465038 -33.891378607030326 70.0
226.50851301726385 -33.853850656250316 72.0
226.51786629002038 -34.04769558824952 70.0
226.51780605104491 -34.041440938036246 70.0
226.51774582743883 -34.03518628775072 71.0
226.51768561919732 -34.028931637392965 70.0
226.5169643169778 -33.953875827474675 72.0
226.51690430803657 -33.94762117618013 73.0
226.51684431439244 -33.941366524813716 74.0
226.51678433604064 -33.93511187337544 73.0
226.51672437297634 -33.928857221865314 75.0
226.51666442519473 -33.92260257028339 78.0
226.51660449269104 -33.91634791862967 77.0
226.51654457546047 -33.9100932669042 74.0
226.5164846734982 -33.90383861510698 72.0
226.51642478679952 -33.89758396323804 72.0
226.5160060068859 -33.853801398149635 70.0
226.52537638092087 -34.047645678208056 70.0
226.52452668828906 -33.96008065766603 70.0
226.5244661119722 -33.953826012791296 71.0
226.52440555109794 -33.94757136784332 72.0
226.52434500566147 -33.94131672282212 73.0
226.52428447565794 -33.935062077727764 74.0
226.52422396108247 -33.92880743256021 76.0
226.52416346193027 -33.92255278731953 77.0
226.52410297819648 -33.916298142005736 77.0
226.52404250987624 -33.91004349661884 75.0
226.52398205696474 -33.9037888511589 73.0
226.52392161945713 -33.89753420562591 71.0
226.52386119734862 -33.8912795600199 70.0
226.52380079063434 -33.885024914340924 70.0
226.5319678981326 -33.95377574198422 71.0
226.5319067853287 -33.947521103440906 71.0
226.53184568810323 -33.941266464823045 72.0
226.53178460645134 -33.93501182613064 75.0
226.53172354036812 -33.92875718736373 76.0
226.53166248984866 -33.922502548522345 76.0
226.53160145488812 -33.91624790960651 75.0
226.53154043548162 -33.909993270616255 75.0
226.53147943162423 -33.903738631551576 72.0
226.53141844331108 -33.89748399241254 71.0
226.53135747053736 -33.89122935319915 72.0
226.53940801064834 -33.94747038297428 72.0
226.53928472834048 -33.93496111858548 71.0
226.53922311075289 -33.92870648627728 75.0
226.5391615088696 -33.92245185389325 75.0
226.53909992268575 -33.91619722143341 74.0
226.53903835219631 -33.9099425888978 72.0
226.53897679739646 -33.90368795628643 71.0
226.5389152582812 -33.89743332359934 72.0
226.53885373484565 -33.89117869083655 72.0
226.5387922270849 -33.884924057998084 71.0
226.54678484124494 -33.934909955093694 70.0
226.54672267215642 -33.92865532930225 70.0
226.54666051891274 -33.922400703433624 72.0
226.5465362599401 -33.909891451464894 70.0
226.54647415420115 -33.90363682536484 71.0
226.5464120642872 -33.89738219918771 70.0
226.54634999019328 -33.89112757293351 70.0
226.54622588944568 -33.878618320194036 70.0
226.55434768166074 -33.941112954794704 71.0
226.55428494508433 -33.9348583356567 71.0
226.55422222449837 -33.928603716440094 71.0
226.55403415863265 -33.90983985831898 70.0
226.5617850397783 -33.93480626027595 70.0
226.56172176769832 -33.928551647692245 72.0
226.5767852014082 -33.934700741688985 70.0
226.5766564677006 -33.922191543318746 71.0
226.58422034164278 -33.928392706149054 70.0
226.5841554316497 -33.922138113728195 70.0
226.59198185973298 -33.953357155244994 70.0
226.59171984747124 -33.928338813873026 70.0
226.59954965962876 -33.95955735758886 70.0
226.59948356276539 -33.95330277938916 71.0
226.60705190505718 -33.95950251863678 70.0
