# successful candidates for region at (94.07447680837343, 71.46287978974439) and radius 1.0
92.5965220635805 70.78395671661535 100.0
92.59605419250016 70.79026661258902 100.0
92.59558601360337 70.7965765072788 100.0
92.61465630548182 70.79672885883528 100.0
92.86011560983987 71.15204519150946 100.0
92.92172214480661 71.09561822637464 100.0
92.91874566760595 71.14610348276932 100.0
92.91762537048602 71.1650354407303 100.0
92.93852551384732 71.13991170102597 101.0
92.93815884292815 71.14622239511215 100.0
92.93742476341669 71.15884378096214 100.0
92.93705735433026 71.16515447272434 101.0
92.95793266194745 71.14002856013705 103.0
92.95757225237685 71.14633929337951 100.0
92.95721160119197 71.15265002587427 100.0
92.95685070815016 71.1589607576206 100.0
92.95648957300838 71.16527148861775 102.0
92.98297431211864 71.03917096062438 100.0
92.98192246658516 71.05810330802437 100.0
92.9773400399478 71.14014340580933 102.0
92.97592202251316 71.16538648837292 101.0
93.00262625114857 71.03297237004804 101.0
93.00228229423813 71.03928319131663 100.0
92.99605163826443 71.15287785637402 100.0
93.02260311683895 71.02046084329528 100.0
93.02226580093152 71.02677170259751 102.0
93.02192826030821 71.03308256124068 100.0
93.02159049474476 71.03939341922404 101.0
93.02125250401657 71.04570427654703 100.0
93.01683803182299 71.12774536134623 101.0
93.04519221059822 70.95745997249108 100.0
93.04486327195947 70.96377087411041 100.0
93.04420473922487 70.97639267546185 100.0
93.04189296947902 71.02056896031038 101.0
93.0415618368952 71.02687985561286 101.0
93.04123048371224 71.03319075028016 104.0
93.04089890970998 71.03950164431167 104.0
93.04056711466795 71.0458125377068 100.0
93.03455675299378 71.1594085092612 100.0
93.06506561328399 70.94494386134029 100.0
93.06474324526846 70.95125479926963 103.0
93.06442066334152 70.95756573659456 102.0
93.06409786729053 70.96387667331454 100.0
93.06215658243428 71.0017422808958 100.0
93.06183228153645 71.00805321336395 100.0
93.06118303201885 71.0206750764702 101.0
93.06085808296834 71.02698600710707 100.0
93.06053291743575 71.03329693713226 100.0
93.06020753520497 71.03960786654521 101.0
93.08428199659822 70.94504756237943 100.0
93.0839657632326 70.95135853470235 103.0
93.08364932002402 70.95766950644362 102.0
93.08333266676387 70.96398047760275 103.0
93.08142832440186 71.0018462922993 100.0
93.08111019491587 71.00815725936694 101.0
93.08047330054107 71.02077919174111 100.0
93.08015453522972 71.02709015704649 101.0
93.07983555755357 71.03340112176329 100.0
93.07727606551533 71.08388881823768 100.0
93.10349857957515 70.94514927045316 101.0
93.10287817676695 70.9577712820056 100.0
93.10256766649688 70.9640822869424 102.0
93.10132356152711 70.98932630108038 100.0
93.10038830995708 71.00825930577855 100.0
93.10007614445875 71.01457030621681 101.0
93.0997637711281 71.02088130609019 100.0
93.0994511897578 71.02719230539822 100.0
93.12210722969127 70.95787106324849 101.0
93.12180286260669 70.96418210130142 104.0
93.12149829341544 70.97049313881595 103.0
93.12088854790852 70.98311521222762 100.0
93.11997240881293 71.0020483182937 100.0
93.11905443986207 71.02098141948508 100.0
93.14133647491772 70.95796885014087 101.0
93.14103825121012 70.96427992064837 102.0
93.14073982947319 70.97059099063898 104.0
93.14044120950993 70.97690206011221 105.0
93.13984337411496 70.98952419750435 100.0
93.13593798812393 71.07156803977028 100.0
93.16056590856681 70.95806464265206 100.0
93.16027382842387 70.96437574495255 101.0
93.15998155432915 70.9706868467572 101.0
93.15968908608968 70.97699794806557 105.0
93.15939642351229 70.98330904887716 105.0
93.17979552675877 70.95815844075186 101.0
93.17950959036428 70.96446957418368 101.0
93.17922346409581 70.97078070714036 102.0
93.17893714776447 70.9770918396214 102.0
93.17865064118108 70.9834029716263 102.0
93.17836394415626 70.98971410315465 103.0
93.19902532561363 70.95825024441079 100.0
93.19874553314753 70.96456140831233 102.0
93.19846555488549 70.97087257175892 101.0
93.19818539064268 70.97718373475006 102.0
93.21770782281024 70.97096244058388 100.0
93.21743381083249 70.97727363342258 102.0
93.42814333016386 71.00968812847678 100.0
93.44742440627603 71.00975417733811 101.0
93.46670560972107 71.009818226103 100.0
93.46651081593794 71.01612974534035 100.0
93.46573034240696 71.04137582008826 100.0
93.46553489877621 71.04768733822375 101.0
93.46533932478636 71.05399885613825 101.0
93.46494778520788 71.0666218913033 100.0
93.48560958127369 71.02250335432207 101.0
93.48542071509763 71.02881489379799 100.0
93.48504260507737 71.0414379721298 101.0
93.4848533609817 71.04774951098527 101.0
93.48466399066109 71.05406104963355 101.0
93.4844744939894 71.06037258807437 102.0
93.4842848708403 71.06668412630754 102.0
93.50472071094745 71.02887500230665 100.0
93.50453791032274 71.03518656160145 101.0
93.50435498785102 71.04149812070281 103.0
93.50417194341057 71.04780967961048 101.0
93.50398877687955 71.05412123832429 103.0
93.50380548813594 71.06043279684401 100.0
93.50362207705757 71.06674435516948 100.0
93.52402082273467 71.02893310866195 100.0
93.52366748679405 71.0415562657882 101.0
93.52349064212505 71.04786784408027 102.0
93.52331367949999 71.05417942219135 101.0
93.52313659880102 71.06049100012133 101.0
93.52295939991004 71.06680257786996 100.0
93.52260464707918 71.07942573282259 100.0
93.52242709290242 71.08573731002616 100.0
93.5434913505353 71.02267761533234 100.0
93.5428094531872 71.04792400437616 101.0
93.54263869458056 71.05423560121629 101.0
93.54246782203876 71.06054719788777 102.0
93.54229683544794 71.06685879439041 100.0
93.54195451966277 71.0794819868886 100.0
93.56245715266823 71.03535493020925 100.0
93.56229281745213 71.04166654542296 100.0
93.56212837265893 71.04797816048033 102.0
93.5619638181792 71.0542897753812 101.0
93.56179915390325 71.06060139012551 102.0
93.56163437972137 71.06691300471302 101.0
93.5614694955236 71.07322461914355 101.0
93.58271040756243 70.99753724882454 100.0
93.58176378054917 71.03540704735428 100.0
93.58144739660206 71.04803031237557 101.0
93.58128904635376 71.05434194466896 100.0
93.58097202878024 71.06696520882043 100.0
93.5808133612436 71.07327684067826 100.0
93.60091856557789 71.04176881089403 100.0
93.60030977867439 71.06701540669613 100.0
93.61935505995197 71.07968692760728 100.0
93.61920863059696 71.08599859206343 100.0
93.61891547818908 71.09862192060415 101.0
93.61876875494006 71.10493358468847 100.0
93.63912548870442 71.06079810345408 101.0
93.63898556516709 71.06710978368893 100.0
93.63884554820415 71.07342146381059 101.0
93.63870543772212 71.079733143819 101.0
93.6385652336274 71.08604482371396 101.0
93.63842493582628 71.09235650349547 103.0
93.63828454422492 71.09866818316331 102.0
93.65832359386465 71.067153962776 100.0
93.65805590465465 71.07977735241307 102.0
93.65792192590959 71.08608904707633 103.0
93.65778785761849 71.09240074163594 101.0
93.65765369969164 71.09871243609179 102.0
93.67778920526054 71.0608844265282 100.0
93.67766170759548 71.06719613557128 101.0
93.67753412480067 71.07350784452042 101.0
93.67740645679093 71.07981955337549 103.0
93.67727870348098 71.0861312621364 102.0
93.6771508647854 71.09244297080309 102.0
93.67702294061871 71.09875467937542 101.0
93.67689493089527 71.10506638785334 102.0
93.6969999024088 71.0672363020613 102.0
93.69687853682188 71.07354802441961 103.0
93.69675709017228 71.07985974669275 103.0
93.69663556237887 71.08617146888074 102.0
93.69651395336041 71.0924831909834 102.0
93.69639226303555 71.09879491300075 103.0
93.69627049132282 71.1051066349326 102.0
93.6961486381407 71.1114183567789 100.0
93.69602670340748 71.11773007853961 101.0
93.71737106075433 71.01046884291898 100.0
93.71633817435375 71.06727446223331 102.0
93.71622302605199 71.07358619733101 104.0
93.71610780083992 71.07989793235208 102.0
93.7159924986405 71.08620966729644 103.0
93.71587711937673 71.0925214021641 103.0
93.71576166297139 71.09883313695485 103.0
93.71564612934719 71.1051448716687 101.0
93.71553051842677 71.11145660630555 102.0
93.71541483013262 71.11776834086533 102.0
93.71529906438715 71.12408007534793 100.0
93.73556758853604 71.07362236324249 101.0
93.73545858483489 71.07993411034128 101.0
93.73534950830303 71.08624585737144 102.0
93.73524035886754 71.09255760433291 104.0
93.73513113645542 71.09886935122559 102.0
93.73502184099355 71.10518109804943 102.0
93.73491247240874 71.11149284480437 101.0
93.73480303062766 71.11780459149034 101.0
93.75511757881306 71.0610330049471 100.0
93.754912220319 71.07365652214256 100.0
93.75480943819822 71.07996828064881 101.0
93.75470658740345 71.08628003909413 101.0
93.75460366786591 71.09259179747833 103.0
93.75450067951674 71.09890355580139 104.0
93.75419130090974 71.11783883040307 100.0
93.77550636178482 70.99163566897671 100.0
93.77357963699585 71.11787105759255 100.0
93.79672596945987 70.85280651365505 100.0
93.79342093806571 71.08634237743964 100.0
93.81593774110797 70.84652253631862 101.0
93.8158556105772 70.8528343264707 102.0
93.81577342581969 70.85914611658333 100.0
93.81569118678179 70.86545790665649 102.0
93.81560889340979 70.87176969669014 103.0
93.81552654564987 70.87808148668425 101.0
93.8153616867509 70.89070506655366 100.0
93.81336623583519 71.04218801251925 100.0
93.83506135897987 70.84654835674263 101.0
93.83498530334077 70.85286015541551 100.0
93.83490919748573 70.85917195405453 101.0
93.83483304136509 70.86548375265976 102.0
93.83475683492911 70.87179555123106 104.0
93.83468057812796 70.87810734976847 102.0
93.83460427091177 70.88441914827192 101.0
93.83452791323063 70.89073094674137 101.0
93.8344515050345 70.89704274517683 100.0
93.83329928608747 70.99171971760347 100.0
93.85418502463074 70.8465721939422 100.0
93.8541150439306 70.85288400048142 102.0
93.85404501702544 70.85919580699199 101.0
93.85397494386949 70.86550761347391 103.0
93.85390482441703 70.87181941992716 104.0
93.85383465862222 70.87813122635167 102.0
93.85362388272436 70.89706664545268 100.0
93.85192249561183 71.04854998885487 101.0
93.85185101337521 71.0548617944637 101.0
93.87324482852671 70.85290586166107 100.0
93.87318088061498 70.8592176753883 101.0
93.87311689046741 70.8655294890916 101.0
93.87305285804219 70.871841302771 101.0
93.87189299692878 70.98545394488251 100.0
93.87182815321276 70.9917657581029 102.0
93.87176326637145 70.99807757129882 100.0
93.87137303728151 71.03594844996074 100.0
93.87130784735655 71.04226026298521 103.0
93.87124261396087 71.04857207598508 102.0
93.87117733705104 71.0548838889603 101.0
93.89243248400436 70.84661391863906 100.0
93.89237465330902 70.85292573894759 100.0
93.89179424003467 70.91604394095437 102.0
93.89120997040673 70.97916214098656 100.0
93.89115132986643 70.98547396088038 102.0
93.89109265033916 70.99178578075428 100.0
93.8910339317861 70.99809760060819 101.0
93.89097517416835 71.0044094204421 100.0
93.89068079874446 71.03596851931091 102.0
93.89062180591897 71.0422803390244 105.0
93.8905627737551 71.04859215871774 105.0
93.89050370221355 71.05490397839088 103.0
93.89044459125498 71.06121579804386 102.0
93.9113490423784 70.87187911087531 100.0
93.9109850730291 70.91606189358592 102.0
93.91093293963235 70.9223737196243 101.0
93.91046218034684 70.97918015325544 100.0
93.91040969993686 70.98549197913482 101.0
93.91035718463539 70.9918038049982 101.0
93.91030463440767 70.99811563084555 102.0
93.9100413581556 71.02967475984175 102.0
93.90998859763788 71.03598658559278 106.0
93.90993580194932 71.04229841132769 105.0
93.90988297105476 71.04861023704639 106.0
93.90983010491904 71.05492206274904 106.0
93.90977720350695 71.06123388843548 104.0
93.92966810323935 70.9855079996401 100.0
93.92962175219681 70.9918198308289 104.0
93.92957537032763 70.99813166200525 103.0
93.9295289576011 71.00444349316908 101.0
93.92948251398641 71.01075532432043 102.0
93.92934299750543 71.02969081769938 104.0
93.92929643002984 71.03600264880062 104.0
93.92924983151168 71.04231447988934 104.0
93.92920320191999 71.04862631096543 106.0
93.9291565412237 71.05493814202897 107.0
93.92910984939174 71.06124997307992 102.0
93.94968504124076 70.86559713947032 100.0
93.94892653587316 70.98552202239125 102.0
93.94888634911884 70.99183385824135 103.0
93.9488461356375 70.99814569408213 102.0
93.9488058954025 71.00445752991351 103.0
93.9487656283872 71.0107693657355 101.0
93.94872533456491 71.01708120154808 101.0
93.94868501390883 71.02339303735125 100.0
93.94864466639224 71.02970487314502 102.0
93.94860429198829 71.03601670892934 103.0
93.94856389067016 71.04232854470422 103.0
93.94852346241093 71.04864038046966 103.0
93.94848300718371 71.05495221622569 103.0
93.94844252496156 71.06126405197216 102.0
93.96818499393754 70.98553404738377 100.0
93.96815097149677 70.99184588723116 101.0
93.96811692642868 70.99815772707183 102.0
93.96808285871069 71.0044695669058 101.0
93.96804876832024 71.010781406733 100.0
93.96801465523473 71.01709324655349 101.0
93.96798051943149 71.02340508636726 101.0
93.9679121795812 71.03602876597448 100.0
93.9678779754887 71.04234060576793 102.0
93.96784374858764 71.04865244555465 102.0
93.96780949885522 71.05496428533458 101.0
93.9677752262686 71.06127612510772 100.0
93.96732759247338 71.14333004153795 101.0
93.96729299751496 71.1496418812154 100.0
93.98744347353166 70.98554407461384 100.0
93.98741561542593 70.99185591779448 101.0
93.98738773879259 70.99816776097055 100.0
93.98735984361315 71.00447960414212 100.0
93.9873319298691 71.01079144730917 100.0
93.98730399754197 71.01710329047174 100.0
93.98710794936503 71.06128619248268 100.0
93.98705176729152 71.07390987873062 101.0
94.00665856882061 70.9981757957751 100.0
94.006462543557 71.0549824082744 100.0
94.00641882246177 71.06760609991065 100.0
94.00637504295965 71.08022979153584 100.0
94.04530300832093 70.92875552691764 100.0
94.04528438368234 70.94137922531755 100.0
94.06450305783925 70.93506940687439 100.0
94.0837094724963 70.92875759527016 101.0
94.10290363596894 70.92244379248534 100.0
94.10291270372885 70.92875564172407 100.0
94.12210073787423 70.92243984843171 101.0
94.12211592923656 70.92875169636369 100.0
