# successful candidates for region at (174.2595305344244, -34.33812267215688) and radius 1.0
173.56524290556874 -33.90443137410079 32.0
173.57273228267582 -33.91066149766572 32.0
173.57278232380222 -33.90447375723803 32.0
173.58027225769828 -33.910703423336585 32.0
173.58032174951921 -33.90451567763692 32.0
173.58776328528177 -33.91693263707535 32.0
173.58781224012492 -33.910744886209734 32.0
173.5878611826376 -33.90455713529629 32.0
173.59535222987355 -33.910785886284 32.0
173.5954006230752 -33.90459813021496 32.0
