# successful candidates for region at (258.9877889176332, 24.992880214513214) and radius 1.0
258.9249049724372 25.731354896016473 33.0
258.93178751931333 25.712528319640928 33.0
258.93178459056054 25.718804758281262 34.0
258.93178166105065 25.725081196921362 34.0
258.93177873078344 25.731357635561242 34.0
258.9317728679762 25.74391051284031 33.0
258.9317699354358 25.7501869514795 33.0
258.93866019939804 25.712530741472875 34.0
258.9386576300715 25.7188071804279 34.0
258.9386550600807 25.725083619382744 34.0
258.93865248942546 25.73136005833742 34.0
258.93864991810574 25.737636497291913 34.0
258.93864734612123 25.74391293624623 33.0
258.9386447734719 25.750189375200375 34.0
258.9455372978293 25.699979968202115 33.0
258.94553508907114 25.70625640743094 33.0
258.945532879742 25.712532846659634 34.0
258.94553066984173 25.718809285888206 33.0
258.9455284593701 25.725085725116646 34.0
258.94552624832704 25.73136216434495 35.0
258.9455240367124 25.73763860357313 34.0
258.945521824526 25.743915042801174 34.0
258.94551961176774 25.75019148202909 34.0
258.9455173984374 25.75646792125688 33.0
258.9524092598221 25.69998175627896 35.0
258.9524074103046 25.70625819574011 35.0
258.95240556030893 25.71253463520117 34.0
258.952403709835 25.71881107466214 34.0
258.95240185888264 25.725087514123015 34.0
258.9524000074518 25.731363953583802 35.0
258.95239815554237 25.737640393044497 35.0
258.9523963031541 25.7439168325051 34.0
258.95239445028704 25.750193271965614 33.0
258.95239259694097 25.756469711426035 33.0
258.9523907431158 25.762746150886368 33.0
258.9523740371092 25.819234106025238 33.0
258.95237217848637 25.825510545484654 33.0
258.9592812220015 25.699983227792806 34.0
258.9592797317247 25.706259667445156 35.0
258.9592782410625 25.71253610709744 33.0
258.959276750015 25.71881254674966 34.0
258.959275258582 25.725088986401826 35.0
258.9592737667635 25.731365426053937 37.0
258.9592722745593 25.737641865705985 34.0
258.95927078196934 25.74391830535797 33.0
258.9592692889935 25.750194745009903 33.0
258.95926779563166 25.75647118466177 33.0
258.9592663018839 25.76274762431358 33.0
258.95925583483154 25.806682701874603 33.0
258.9592543379918 25.812959141525937 33.0
258.95925284076515 25.819235581177217 33.0
258.95925134315144 25.825512020828434 33.0
258.96615318433123 25.699984382743637 33.0
258.96614979034547 25.718813702150747 34.0
258.9661486584319 25.725090141953054 36.0
258.96614752622577 25.73136658175532 35.0
258.9661463937269 25.73764302155756 34.0
258.9661452609352 25.743919461359756 33.0
258.9661441278507 25.750195901161927 33.0
258.9661429944733 25.756472340964056 33.0
258.9661339169001 25.80668385937989 33.0
258.9730220583961 25.725090980776667 34.0
258.9730212858023 25.73136742068794 33.0
258.97302051300875 25.737643860599196 33.0
