# successful candidates for region at (316.325592252005, -0.6807799799101313) and radius 1.0
316.3604139453039 0.10158762819809618 26.0
316.36041393514887 0.10767869893522986 26.0
316.366383396453 0.10158765707205643 26.0
316.36638338455714 0.10767872766960102 26.0
316.3663833729686 0.11376979826714628 26.0
316.37235284760203 0.10158769050507445 26.0
316.3723528339653 0.10767876094098956 26.0
316.37235282068093 0.11376983137690537 27.0
316.3723528077488 0.11986090181282265 26.0
316.3783222833735 0.10767879874939539 26.0
316.3783222683932 0.11376986900164136 27.0
316.37832225381027 0.11986093925388908 27.0
316.3842917327817 0.10767884109481742 26.0
316.3842917161055 0.1137699111413535 26.0
316.3842916998716 0.1198609811878912 27.0
316.38429168408 0.12595205123443062 26.0
316.3902611638178 0.11376995779604109 26.0
316.390261145933 0.11986102761482878 27.0
316.3902611285354 0.1259520974336182 27.0
316.3962305919943 0.11986107853470068 26.0
316.3962305729908 0.12595214810369995 26.0
316.402199997414 0.13204327254184625 26.0
316.4081694403084 0.13204333185984407 26.0
