# successful candidates for region at (132.84524924148374, -13.570286008756687) and radius 1.0
132.1286089502136 -13.672069798119926 57.0
132.13490071477983 -13.690454929391553 57.0
132.1349375771553 -13.678210217599725 57.0
132.1350480115432 -13.64147608182326 57.0
132.14124825828281 -13.690472841564029 57.0
132.1412665279451 -13.684350482576132 58.0
132.141284791298 -13.678228123571813 58.0
132.14130304834242 -13.672105764551077 57.0
132.14133954350962 -13.659861046460374 57.0
132.14137601345388 -13.647616328304068 57.0
132.1475776915389 -13.6966129550106 57.0
132.14761390769866 -13.684368230905916 58.0
132.14763200639933 -13.678245868829377 59.0
132.14765009884846 -13.672123506736714 58.0
132.14766818504688 -13.666001144627934 57.0
132.14768626499554 -13.659878782503041 57.0
132.15387152521092 -13.714997643860109 57.0
132.15392540171908 -13.696630548687455 57.0
132.15394334815912 -13.690508183598201 57.0
132.15396128840274 -13.684385818493102 57.0
132.15397922245072 -13.678263453372168 57.0
132.15403298743 -13.659896357914397 59.0
132.1730383102815 -13.67219286860737 57.0
132.17305573832115 -13.666070494490254 57.0
132.17307316033848 -13.659948120358175 57.0
132.17309057633426 -13.653825746211144 57.0
132.17935082055138 -13.684454561411133 57.0
132.1793680959837 -13.678332184390852 58.0
132.1793853654488 -13.672209807355884 58.0
132.17941988648084 -13.659965053241894 58.0
132.1857153166556 -13.678348965356237 57.0
132.18573242152252 -13.672226585416269 58.0
132.18574952047993 -13.666104205461897 57.0
132.18578370066967 -13.653859445509955 57.0
132.18580078190374 -13.647737065512395 57.0
132.18581785723168 -13.64161468550045 57.0
132.19207947849392 -13.672243202788302 57.0
132.19842653635436 -13.672259659471756 57.0
132.19844330622766 -13.666137273791401 59.0
132.2047735950953 -13.672275955466404 58.0
132.20479020042583 -13.666153566964788 57.0
132.20480680001833 -13.660031178449593 59.0
132.2048233938736 -13.653908789920822 58.0
132.21112065470803 -13.672292090772023 58.0
132.2111370954954 -13.666169699476967 57.0
132.21115353060154 -13.660047308168599 57.0
132.2111699600273 -13.65392491684692 57.0
132.2173699395651 -13.70904242947819 57.0
132.21738624957186 -13.702920035495898 58.0
132.2174677151839 -13.672308065388396 58.0
132.2174839914276 -13.66618567132772 57.0
132.21750026204697 -13.660063277253993 58.0
132.21751652704282 -13.65394088316722 57.0
132.21753278641592 -13.647818489067413 57.0
132.22375027402492 -13.696813466381284 57.0
132.2237664080025 -13.690691069633992 58.0
132.2237825364094 -13.684568672873896 57.0
132.2237986592464 -13.678446276100999 57.0
132.2238147765143 -13.672323879315307 57.0
132.2238308882139 -13.666201482516824 58.0
132.22384699434605 -13.660079085705556 58.0
132.2238630949115 -13.653956688881511 57.0
132.23001806618558 -13.727441127564324 58.0
132.23006603999244 -13.70907392934004 57.0
132.23011396415362 -13.690706731002736 58.0
132.23012992784535 -13.684584331531875 59.0
132.23014588602408 -13.678461932048473 57.0
132.23016183869058 -13.672339532552536 58.0
132.23017778584568 -13.666217133044073 59.0
132.23019372749016 -13.66009473352308 58.0
132.23022559425044 -13.647849934443535 57.0
132.23636661266377 -13.727456644262736 58.0
132.23638244439317 -13.721334242182722 57.0
132.23639827066174 -13.7152118400904 57.0
132.2364140914702 -13.709089437985774 58.0
132.23646152114327 -13.690722231598116 57.0
132.2364773201194 -13.684599829444315 59.0
132.23649311363943 -13.678477427278237 58.0
132.23650890170413 -13.672355025099877 58.0
132.23652468431428 -13.666232622909245 59.0
132.23654046147064 -13.660110220706345 58.0
132.23655623317404 -13.65398781849118 58.0
132.23657199942525 -13.647865416263754 57.0
132.24269948789785 -13.733594404745148 58.0
132.24271515997447 -13.727472000020553 57.0
132.24273082664635 -13.721349595283899 57.0
132.24274648791436 -13.715227190535192 57.0
132.2427621437792 -13.709104785774436 58.0
132.24277779424173 -13.702982381001634 57.0
132.24279343930266 -13.69685997621679 57.0
132.24280907896284 -13.690737571419916 58.0
132.24282471322294 -13.684615166611007 58.0
132.24284034208384 -13.67849276179007 60.0
132.24285596554625 -13.67237035695711 60.0
132.24287158361102 -13.666247952112132 58.0
132.24288719627887 -13.660125547255141 57.0
132.2429028035506 -13.65400314238614 58.0
132.24291840542696 -13.647880737505131 58.0
132.2429340019088 -13.641758332612124 58.0
132.2490792097229 -13.721364787472107 57.0
132.24909470598993 -13.715242380094857 58.0
132.24911019691075 -13.709119972705807 58.0
132.24912568248612 -13.702997565304967 57.0
132.2491411627168 -13.69687515789234 57.0
132.24915663760362 -13.690752750467928 59.0
132.2491721071473 -13.684630343031737 59.0
132.24918757134864 -13.67850793558377 59.0
132.2492030302084 -13.672385528124034 58.0
132.24921848372733 -13.66626312065253 59.0
132.24923393190622 -13.660140713169264 57.0
132.24924937474586 -13.65401830567424 59.0
132.24926481224696 -13.64789589816746 59.0
132.24928024441036 -13.641773490648932 58.0
132.24929567123675 -13.635651083118656 57.0
132.2554429248798 -13.715257408769192 57.0
132.25545825085612 -13.709134998779689 57.0
132.25548888694397 -13.696890178766065 57.0
132.255504197057 -13.690767768741948 59.0
132.25551950188384 -13.684645358706303 59.0
132.2555348014252 -13.67852294865913 59.0
132.25555009568185 -13.672400538600435 57.0
132.25558066834407 -13.660155718448502 58.0
132.25559594675119 -13.654033308355269 57.0
132.2556112198766 -13.64791089825053 58.0
132.25562648772114 -13.64178848813429 57.0
132.26179114457526 -13.715272276557991 57.0
132.26180630560668 -13.709149863995876 57.0
132.2618214614065 -13.703027451422463 57.0
132.2618366119755 -13.696905038837759 57.0
132.26185175731436 -13.690782626241768 58.0
132.26186689742391 -13.684660213634496 58.0
132.26188203230487 -13.678537801015946 58.0
132.261897161958 -13.672415388386117 59.0
132.26191228638405 -13.66629297574502 58.0
132.2619274055838 -13.660170563092654 57.0
132.26194251955798 -13.654048150429025 57.0
132.2619576283073 -13.64792573775414 57.0
132.26813936506767 -13.715286983461057 57.0
132.2681543611538 -13.709164568354163 57.0
132.26816935206523 -13.703042153236217 57.0
132.2681843378027 -13.696919738107225 57.0
132.268199318367 -13.69079732296719 58.0
132.26821429375886 -13.684674907816119 58.0
132.26822926397904 -13.678552492654012 58.0
132.26824422902823 -13.672430077480872 60.0
132.26825918890722 -13.666307662296706 59.0
132.26827414361674 -13.660185247101515 57.0
132.27456169088003 -13.684689441250965 57.0
132.27457649643898 -13.678567023573128 57.0
132.27459129688384 -13.6724446058845 58.0
132.27460609221538 -13.666322188185084 59.0
132.2746208824343 -13.660199770474888 58.0
132.27463566754136 -13.654077352753914 57.0
132.28089444282355 -13.690826234094033 59.0
132.28090908877883 -13.684703813938844 59.0
132.28092372967615 -13.678581393773099 58.0
132.28093836551625 -13.672458973596804 57.0
132.2809529962999 -13.66633655340996 59.0
132.28096762202782 -13.660214133212573 58.0
132.28098224270073 -13.654091713004648 57.0
132.28722751997202 -13.696962871100249 58.0
132.28724200621016 -13.690840448495063 59.0
132.2872564874465 -13.684718025879555 58.0
132.2872999011522 -13.666350757971136 58.0
132.2873143623887 -13.660228335314377 58.0
132.28732881862706 -13.654105912647312 57.0
132.29358957035745 -13.690854502120901 57.0
132.2936468067636 -13.666364801868417 57.0
132.2936611035083 -13.6602423767801 59.0
132.29999371312545 -13.666378685101613 57.0
132.31271512982931 -13.654161105133449 57.0
132.31272892355545 -13.648038672898597 57.0
132.31274271251223 -13.641916240654362 57.0
132.31277027612038 -13.629671376137763 57.0
132.31288033991487 -13.5806919176968 57.0
132.31904807540124 -13.660296936278451 57.0
132.31906170946098 -13.654174501732916 57.0
132.31907533880752 -13.648052067178217 57.0
132.3190889634415 -13.641929632614364 57.0
132.31911619857453 -13.62968476345919 57.0
132.31912980907495 -13.623562328867878 57.0
132.31933340177935 -13.531725808902559 57.0
132.32543521508518 -13.64194286402079 57.0
132.3254621217424 -13.629697990282652 58.0
132.32547556809007 -13.623575553400185 57.0
132.3255695622766 -13.580718494973173 57.0
132.32558297141878 -13.57459605801939 58.0
132.32559637591325 -13.568473621056702 57.0
132.3256097757607 -13.562351184085117 57.0
132.32562317096176 -13.556228747104639 58.0
132.32563656151717 -13.550106310115268 57.0
132.32564994742754 -13.54398387311701 57.0
132.3256767053158 -13.53173899909384 59.0
132.32569007729506 -13.525616562068937 57.0
132.33175487086132 -13.654200813104076 58.0
132.33176817144746 -13.64807837399313 58.0
132.33178146743475 -13.641955934873462 59.0
132.3317947588238 -13.635833495745073 57.0
132.33180804561533 -13.629711056607968 58.0
132.33182132780996 -13.623588617462152 57.0
132.33184787841122 -13.611343739144393 57.0
132.33186114681916 -13.605221299972458 58.0
132.33187441063285 -13.59909886079182 58.0
132.33188766985296 -13.592976421602486 58.0
132.33190092448012 -13.586853982404458 59.0
132.33191417451505 -13.580731543197741 58.0
132.33192741995833 -13.574609103982333 59.0
132.33194066081066 -13.56848666475824 58.0
132.33195389707274 -13.562364225525465 59.0
132.33199357832368 -13.543996907775087 58.0
132.3320067962311 -13.537874468507617 58.0
132.3320200095515 -13.53175202923148 58.0
132.3381277204815 -13.6419688451722 57.0
132.3381408476035 -13.635846403807832 57.0
132.33815397018478 -13.629723962434964 57.0
132.338167088226 -13.623601521053596 57.0
132.33818020172777 -13.617479079663735 58.0
132.33819331069077 -13.611356638265379 57.0
132.33820641511565 -13.605234196858534 58.0
132.3382195150031 -13.599111755443202 57.0
132.3382326103537 -13.59298931401939 57.0
132.33824570116812 -13.586866872587091 57.0
132.33825878744707 -13.580744431146316 59.0
132.33827186919115 -13.57462198969707 59.0
132.338284946401 -13.568499548239354 59.0
132.33829801907729 -13.562377106773162 57.0
132.33831108722066 -13.556254665298509 57.0
132.33832415083177 -13.550132223815394 57.0
132.33833720991126 -13.54400978232382 58.0
132.3383502644598 -13.537887340823785 58.0
132.338363314478 -13.5317648993153 58.0
132.3383763599665 -13.525642457798368 57.0
132.338389400926 -13.519520016272985 57.0
132.34448693707148 -13.63585915134429 57.0
132.34451284932953 -13.623614264174345 58.0
132.3445257987343 -13.617491820576946 59.0
132.34453874365713 -13.611369376971265 58.0
132.34455168409863 -13.6052469333573 58.0
132.34456462005943 -13.599124489735066 58.0
132.3445775515402 -13.593002046104557 58.0
132.34459047854153 -13.58687960246578 58.0
132.34460340106415 -13.580757158818734 60.0
132.34461631910864 -13.574634715163425 60.0
132.34462923267563 -13.568512271499857 61.0
132.3446421417658 -13.56238982782803 60.0
132.3446550463798 -13.556267384147946 59.0
132.34466794651823 -13.550144940459614 59.0
132.34468084218176 -13.54402249676303 59.0
132.34469373337103 -13.5379000530582 59.0
132.34470662008664 -13.531777609345127 58.0
132.34471950232924 -13.525655165623814 58.0
132.3447452533981 -13.513410278156481 57.0
132.34477098658263 -13.501165390656224 57.0
132.35084582137875 -13.629749292593287 57.0
132.35085861111202 -13.623626846824223 59.0
132.35087139641948 -13.617504401047084 59.0
132.35088417730174 -13.611381955261873 57.0
132.3508969537595 -13.60525950946859 57.0
132.35090972579331 -13.599137063667241 58.0
132.35092249340386 -13.593014617857825 58.0
132.35093525659178 -13.58689217204035 59.0
132.3509480153577 -13.580769726214816 60.0
132.35096076970223 -13.574647280381228 61.0
132.35097351962605 -13.568524834539584 61.0
132.35098626512976 -13.562402388689893 59.0
132.350999006214 -13.556279942832154 60.0
132.35101174287942 -13.55015749696637 60.0
132.35102447512662 -13.544035051092546 60.0
132.35103720295623 -13.537912605210686 60.0
132.351075359946 -13.519545267516895 57.0
132.35108807011167 -13.513422821602907 57.0
132.35111347720036 -13.501177929750865 57.0
132.35112617412466 -13.495055483812811 57.0
132.3571917479861 -13.62976171692427 57.0
132.35720437356485 -13.623639269003059 59.0
132.3572169947746 -13.61751682107398 59.0
132.357229611616 -13.611394373137033 58.0
132.35724222408962 -13.605271925192222 57.0
132.35725483219613 -13.59914947723955 57.0
132.35726743593614 -13.59302702927902 57.0
132.35728003531025 -13.586904581310632 57.0
132.35729263031914 -13.580782133334393 58.0
132.3573052209634 -13.574659685350303 59.0
132.35731780724367 -13.568537237358365 60.0
132.35733038916058 -13.562414789358584 59.0
132.35734296671473 -13.556292341350959 57.0
132.35735553990676 -13.550169893335498 58.0
132.3573681087373 -13.544047445312199 57.0
132.35738067320696 -13.537924997281069 57.0
132.35743088748933 -13.513435205078261 57.0
132.35744343016395 -13.507312757008004 57.0
132.3574559684815 -13.501190308929932 57.0
132.3574685024425 -13.495067860844044 57.0
132.36353767525546 -13.629773980756239 58.0
132.36355013667938 -13.623651530710685 58.0
132.3635625937911 -13.617529080657464 60.0
132.36357504659125 -13.61140663059658 59.0
132.3636123791284 -13.593039280367968 58.0
132.3636248146884 -13.586916830276456 58.0
132.36363724593988 -13.580794380177293 59.0
132.36364967288353 -13.574671930070483 60.0
132.36366209551994 -13.56854947995603 58.0
132.36367451384967 -13.562427029833934 57.0
132.36369933759173 -13.550182129566826 58.0
132.36371174300524 -13.544059679421819 58.0
132.36377370552253 -13.51344742858238 57.0
132.36378608512027 -13.50732497839163 57.0
132.36381083141484 -13.495080077987286 57.0
132.3698836031783 -13.62978608408903 57.0
132.36989590044703 -13.62366363194693 58.0
132.3699081934604 -13.617541179797367 58.0
132.369920482219 -13.611418727640341 58.0
132.36993276672337 -13.605296275475853 57.0
132.3699818622114 -13.580806466743352 59.0
132.3699941254541 -13.574684014541603 57.0
132.37004313592573 -13.550194205660185 58.0
132.37015316103322 -13.49509213524237 57.0
132.376229531746 -13.629798026922476 58.0
132.3762416648592 -13.623675572711639 57.0
132.37625379377388 -13.61755311849353 57.0
132.37626591849053 -13.611430664268156 57.0
132.3762780390098 -13.605308210035522 58.0
132.3762901553323 -13.599185755795627 57.0
132.37631437538937 -13.586940847294066 57.0
132.3763264791251 -13.580818393032407 59.0
132.3763385786665 -13.5746959387635 58.0
132.3763506740141 -13.568573484487342 58.0
132.3763627651685 -13.56245103020394 57.0
132.3764713969644 -13.507348941327754 57.0
132.38252754369051 -13.654299634192759 57.0
132.38256348785012 -13.635932265501122 57.0
132.3825754609499 -13.629809809256416 57.0
132.38258742990732 -13.623687353004636 57.0
132.38259939472294 -13.617564896745785 58.0
132.38261135539736 -13.611442440479863 57.0
132.38262331193118 -13.605319984206874 57.0
132.38263526432502 -13.59919752792682 57.0
132.38265915669504 -13.586952615345526 58.0
132.38267109667242 -13.580830159044291 57.0
132.38268303251215 -13.574707702736005 59.0
132.38269496421486 -13.568585246420662 58.0
132.38270689178114 -13.562462790098273 57.0
132.3828259400696 -13.501238226487175 57.0
132.38887413071498 -13.654311264081512 57.0
132.3888977689217 -13.642066347599874 57.0
132.3889213907815 -13.629821431090688 57.0
132.38893319558272 -13.623698972825771 57.0
132.388944996299 -13.617576514553972 58.0
132.38895679293086 -13.611454056275297 57.0
132.3889685854789 -13.605331597989748 57.0
132.38899215832592 -13.593086681398034 57.0
132.38900393862608 -13.586964223091876 57.0
132.38901571484473 -13.580841764778848 58.0
132.38902748698254 -13.574719306458961 58.0
132.38903925504005 -13.568596848132215 57.0
132.3892152866638 -13.476759972409436 57.0
132.395232375123 -13.648200273135735 57.0
132.39524402785577 -13.642077812905566 57.0
132.39527896187684 -13.62371043217488 57.0
132.39529059849343 -13.617587971917937 58.0
132.39530223108238 -13.611465511654307 57.0
132.39531385964438 -13.605343051383988 57.0
132.3953254841799 -13.59922059110699 57.0
132.3953487211739 -13.58697567053295 57.0
132.39553403795492 -13.489016304980984 57.0
132.4015443099347 -13.666578966369656 57.0
132.40163620129766 -13.61759926883752 57.0
132.4016476698434 -13.61147680661673 57.0
132.40165913441896 -13.605354344389438 57.0
132.40168205166165 -13.593109419915374 57.0
132.40169350432993 -13.586986957668605 57.0
132.40173927532916 -13.562497108616666 57.0
132.40789122773364 -13.666590118286269 57.0
132.40790256356365 -13.660467654186702 57.0
132.4080269992337 -13.593120548674074 57.0
132.40803828808558 -13.58699808449868 57.0
132.40811720056652 -13.544140835094517 57.0
132.40812845814452 -13.53801837086875 57.0
132.4269319846662 -13.666622610032586 57.0
132.4269536655865 -13.654377670576412 57.0
132.42696450042615 -13.648255200839642 57.0
132.433268223268 -13.672755590818838 57.0
132.43330025677207 -13.654388176184554 57.0
132.43331092722605 -13.648265704628558 57.0
132.43332159399057 -13.64214323306695 57.0
132.43961530851234 -13.672765941190132 58.0
132.43964684851755 -13.654398521180587 57.0
132.43972031472723 -13.611541207634533 58.0
132.4397307953779 -13.605418734249076 58.0
132.4398249579926 -13.5503164735359 58.0
132.44605543727906 -13.617673854819294 58.0
132.44606575751394 -13.611551379676683 59.0
132.44610700273148 -13.58706147905363 57.0
132.44611730510798 -13.580939003884728 57.0
132.4461276039143 -13.57481652871057 58.0
132.446137899151 -13.568694053531168 57.0
132.4461481908186 -13.562571578346514 57.0
132.4461584789176 -13.556449103156611 57.0
132.45242135351472 -13.605438914418581 58.0
132.4524619290592 -13.58094900683767 57.0
132.4524720641606 -13.574826529929721 58.0
132.45248219574907 -13.568704053016688 58.0
132.45877661861087 -13.599326285324002 58.0
132.45878660037843 -13.593203806724814 57.0
132.45879657868838 -13.587081328120705 57.0
132.45880655354117 -13.580958849511667 59.0
132.4588165249373 -13.574836370897705 59.0
132.46509226098658 -13.617703413559651 57.0
132.46514136745475 -13.587091012194012 58.0
132.46515117854528 -13.580968531906581 57.0
132.47140885770014 -13.636080391298632 57.0
132.4714475339819 -13.61159046366639 57.0
132.47147650606337 -13.593223017893756 57.0
132.47773593001276 -13.648334734783017 57.0
132.47774544646785 -13.642212251266747 58.0
132.47775495963188 -13.636089767746011 57.0
