# successful candidates for region at (45.15760062928365, 36.27912168443106) and radius 1.0
44.36214691462657 36.78367532967318 149.0
44.385632434882226 36.79011735151567 149.0
44.3855693118611 36.79640611463194 150.0
44.393482639425955 36.790167420986336 148.0
44.393420158204265 36.79645619068247 148.0
44.42051853917335 36.42556468061409 149.0
44.4283318447158 36.4256123395274 148.0
44.436086780981704 36.4319482958691 148.0
44.43332567976823 36.727522072904186 150.0
44.433266562878444 36.733810875135546 148.0
44.43261525267625 36.80298769542838 149.0
44.43249663054249 36.81556529827901 148.0
44.43243729611992 36.82185409960736 148.0
44.432259199366264 36.84072050320426 149.0
44.44384297588606 36.43828375647596 148.0
44.440408139346964 36.80932351447105 150.0
44.440349462824905 36.815612322044664 150.0
44.44814425523796 36.821947647424395 148.0
44.44791190508462 36.84710290130521 148.0
44.45605515595214 36.815704833541666 148.0
44.46396476610256 36.809461495558395 148.0
44.46373767863643 36.83461679804989 148.0
44.51202801428775 36.69652414324956 148.0
44.51197536803482 36.70281300434273 150.0
44.5116592005124 36.74054616982846 149.0
44.519972734214896 36.683988209099354 148.0
44.519868761271276 36.69656594240602 150.0
44.519816754357066 36.702854808984625 150.0
44.51976473380845 36.70914367551338 148.0
44.519608590310234 36.728010274800425 148.0
44.51955651517802 36.73429914112965 149.0
44.52786353866224 36.677740614530656 149.0
44.52781221146324 36.68402948667345 148.0
44.52776087081105 36.69031835876767 149.0
44.527709516701144 36.6966072308133 148.0
44.52765814912897 36.70289610281032 149.0
44.527606768089996 36.70918497475873 149.0
44.527349660734 36.74062933377076 148.0
44.535702385403674 36.67778137614045 149.0
44.53565169704754 36.68407025363104 150.0
44.53560099540566 36.69035913107426 149.0
44.53555028047353 36.69664800847009 148.0
44.53549955224668 36.702936885818524 148.0
44.546027087161484 36.3633774301111 148.0
44.543691310238394 36.65895497860828 150.0
44.5435412403741 36.67782162719944 149.0
44.543491190864074 36.68411050997084 149.0
44.54344112823572 36.69039939269608 148.0
44.54339105248461 36.696688275375095 148.0
44.543340963606326 36.702977158007926 148.0
44.54314047673277 36.72813268807666 148.0
44.54309032215212 36.73442157047814 149.0
44.55402916731301 36.33826135010708 148.0
44.553834220025095 36.36341691141009 148.0
44.55378545138652 36.369705801625415 148.0
44.55359024943792 36.394861362044395 150.0
44.55354141708087 36.40115025203849 151.0
44.55349257196731 36.40743914198831 149.0
44.5515282577902 36.658994703480644 148.0
44.551380103469796 36.67786136770633 149.0
44.551330692809074 36.684150255691584 149.0
44.55123183263058 36.696728031527044 149.0
44.55098445531411 36.728172470327145 148.0
44.55093494092377 36.734461357951844 148.0
44.56183378747854 36.3383003038355 148.0
44.56164136075445 36.36345588548547 148.0
44.56140054457568 36.39490036157899 148.0
44.56135234359468 36.40118925666835 151.0
44.56130413002209 36.407478151714564 151.0
44.5612559038537 36.4137670467176 148.0
44.55917020277882 36.684189490791965 151.0
44.559072620807584 36.69676727692464 149.0
44.558828441942296 36.728211741488025 148.0
44.569590957447005 36.344627651099735 148.0
44.56925840467211 36.388649953397106 148.0
44.569210847492705 36.39493885355743 148.0
44.56911569586223 36.407516653752026 151.0
44.569068101402834 36.41380555378626 150.0
44.567202176826626 36.65907262216654 148.0
44.567154081696536 36.66536152050661 150.0
44.56700972066957 36.68422821527075 148.0
44.56696157510084 36.69051711344005 150.0
44.56691341691183 36.696806011566636 148.0
44.56686524609827 36.70309490965047 148.0
44.56681706265589 36.70938380769154 150.0
44.57734938264157 36.35095450126726 148.0
44.57702115808712 36.39497683797848 149.0
44.57697421986732 36.40126574305944 148.0
44.57494422212125 36.67168862263525 148.0
44.57489674047161 36.67797752590175 151.0
44.57484924637757 36.684266429126694 149.0
44.57480173983492 36.69055533231005 149.0
44.57475422083947 36.696844235451785 149.0
44.57470668938703 36.70313313855191 150.0
44.57465914547338 36.709422041610416 148.0
44.574611589094324 36.71571094462726 148.0
44.58278247798678 36.671726315976365 148.0
44.58273563503145 36.6780152241877 148.0
44.582641912285546 36.69059304048898 148.0
44.5825950324867 36.696881948578884 150.0
44.58254814039841 36.70317085662829 152.0
44.58250123601652 36.709459764637174 150.0
44.59066693360858 36.665474585697616 148.0
44.590435851749675 36.69691915094673 150.0
44.59038959902853 36.70320806387838 148.0
44.5903433341814 36.7094969767706 148.0
44.59029705720418 36.7157858896234 150.0
44.59025076809279 36.72207480243674 151.0
44.59832227992126 36.6906669247689 148.0
44.59827667852458 36.696955842554104 150.0
44.598231065173536 36.703244760300976 150.0
44.59818543986412 36.70953367800953 149.0
44.59813980259227 36.715822595679704 149.0
44.598094153353976 36.722111513311525 152.0
44.607995825119865 36.43285724512627 148.0
44.60625236393675 36.678125255691114 149.0
44.60616247489879 36.69070310086753 149.0
44.60611751270757 36.696992023399865 151.0
44.60607253872955 36.70328094589495 152.0
44.60602755296075 36.70956986835276 151.0
44.6059825553972 36.71585879077328 149.0
44.60593754603492 36.72214771315651 148.0
44.605892524869915 36.728436635502426 149.0
44.605847491898224 36.73472555781101 148.0
44.61413557645008 36.67187198441585 148.0
44.614091288301424 36.67816091173687 149.0
44.614046988545276 36.6844498390217 148.0
44.614002677177716 36.69073876627038 149.0
44.61395835419483 36.697027693482845 151.0
44.6139140195927 36.7033166206591 151.0
44.6138696733674 36.70960554779915 152.0
44.61382531551502 36.71589447490295 150.0
44.61378094603163 36.72218340197052 151.0
44.62197386929786 36.67190712528865 150.0
44.621930219858044 36.67819605721967 149.0
44.621886558978126 36.68448498911557 150.0
44.62184288665423 36.69077392097631 151.0
44.621799202882514 36.697062852801906 153.0
44.6217555076591 36.703351784592314 152.0
44.62171180098015 36.70964071634755 149.0
44.62166808284177 36.71592964806759 153.0
44.621624353240115 36.722218579752415 153.0
44.62158061217129 36.72850751140203 151.0
44.62149309561672 36.74108537459552 148.0
44.629812169231094 36.67194175566437 151.0
44.62976915850291 36.678230692138435 149.0
44.629726136502 36.684519628578386 148.0
44.62968310322457 36.690808564984216 148.0
44.62964005866681 36.69709750135592 150.0
44.629553935695085 36.709675373996845 151.0
44.6295108572735 36.71596431026606 148.0
44.62946776755637 36.72225324650109 150.0
44.62942466653986 36.7285421827019 149.0
44.62938155422017 36.73483111886853 149.0
44.63760810413229 36.67826481649202 149.0
44.63756572101315 36.68455375740907 148.0
44.63726872791496 36.72857634290036 148.0
44.64548878993922 36.6720094849201 148.0
44.64540531240781 36.68458737560651 148.0
44.66128674172575 36.65320831006367 149.0
44.66124631765917 36.65949726413073 150.0
44.66120588300014 36.66578621816764 148.0
44.6611654377451 36.6720751721744 149.0
44.66104403836815 36.69094203401362 148.0
44.66100355069331 36.69723098789964 149.0
44.66912316036013 36.65324037531867 149.0
44.669083374516646 36.65952933359112 153.0
44.669043578247944 36.66581829183435 150.0
44.668963954420825 36.67839620823318 148.0
44.67723333184142 36.60924919260392 149.0
44.6771160734108 36.62811608034489 148.0
44.676881279956625 36.665849855064536 150.0
44.676528396893325 36.72245051523419 148.0
44.676489136247106 36.72873947733354 149.0
44.68506530036448 36.60928020877739 148.0
44.68502686151505 36.61556917545106 148.0
44.68498841259862 36.621858142097444 149.0
44.68494995361179 36.628147108716526 149.0
44.684911484551186 36.634436075308294 149.0
44.69304838333538 36.58415483216252 149.0
44.69285947333121 36.615599685786236 148.0
44.69278384005167 36.628177627051045 149.0
44.692746008553314 36.63446659764383 149.0
44.700877817629525 36.58418481294454 148.0
44.70058053869334 36.63449660987441 149.0
44.70837850892499 36.64081509036863 149.0
45.70821130406294 36.20644406245333 149.0
45.708255579476635 36.21273298626529 149.0
45.71595788638354 36.200119160868596 148.0
45.81018237271423 36.28769200257642 149.0
45.815079347907435 36.866266634178814 148.0
45.81513322715693 36.87255548642133 149.0
45.818621527452265 36.36311559006609 149.0
45.82293739569787 36.866223490348304 150.0
45.822991918823 36.872512336914575 148.0
45.82626661419363 36.344205853012376 149.0
45.826320595209225 36.35049469839989 149.0
45.82637459031783 36.3567835437332 150.0
45.82642859952418 36.363072389012316 151.0
45.82648262283298 36.36936123423719 148.0
45.826698857187175 36.394516614594 148.0
45.83068514406471 36.85360215214572 148.0
45.830740282092066 36.85989099307993 150.0
45.83079543460192 36.866179833958356 149.0
45.83085060159918 36.87246867478097 149.0
45.83412639801773 36.35045100154501 149.0
45.83418102331922 36.35673984117314 150.0
45.83429031671375 36.36931752026293 149.0
45.838318906931924 36.828402653742366 149.0
45.8383746299333 36.83469148909633 149.0
45.83848611983609 36.847269159633164 149.0
45.8385418867474 36.85355799481599 148.0
45.83859766830527 36.859846829941745 151.0
45.83865346451466 36.866135665010376 150.0
45.83870927538051 36.87242450002189 149.0
45.84061037575134 36.19947476807038 150.0
45.84066528644258 36.205763603283565 149.0
45.841876950949334 36.34411796369766 148.0
45.84193219201833 36.35040679761117 148.0
45.84198744750926 36.35669563146792 148.0
45.842153300561996 36.37556213269747 148.0
45.84226394146209 36.388139799899704 149.0
45.84237464016595 36.400717466874426 148.0
45.84243001120639 36.40700630027645 148.0
45.84600405930089 36.80949151868103 149.0
45.84606038078237 36.81578034833934 149.0
45.84611671704931 36.822069177939355 151.0
45.846173068106715 36.828358007481064 150.0
45.84622943395958 36.83464683696447 149.0
45.84634221007173 36.84722449575617 149.0
45.846398620341034 36.85351332506446 150.0
45.84645504542584 36.85980215431434 149.0
45.84651148533116 36.866090983505785 150.0
45.84656794006202 36.87237981263878 151.0
45.846624409623445 36.878668641713304 148.0
45.84840108559151 36.19943019677133 149.0
45.848456622536794 36.20571902617806 150.0
45.84923566182058 36.2937626318173 148.0
45.84929141639531 36.300051460358205 148.0
45.849347185517466 36.30634028884122 148.0
45.84968210601896 36.34407325852254 149.0
45.84973797710944 36.35036208659977 150.0
45.84979386278632 36.356650914618946 151.0
45.84990567791882 36.36922857048305 150.0
45.84996160738421 36.37551739832794 148.0
45.85007351013771 36.388095053843294 150.0
45.850129483435616 36.39438388151372 149.0
45.850185471354145 36.40067270912593 150.0
45.850241473898194 36.40696153667993 150.0
45.850409569332506 36.4258280189924 149.0
45.850465630427685 36.4321168463133 148.0
45.85052170617291 36.438405673575886 149.0
45.85379933489036 36.80315755429047 150.0
45.85385628376473 36.809446378074476 152.0
45.853913247588096 36.815735201798894 151.0
45.85397022636553 36.82202402546368 148.0
45.85402722010208 36.82831284906882 150.0
45.85408422880281 36.83460167261431 149.0
45.8541412524728 36.84089049610012 148.0
45.854198291117086 36.847179319526205 148.0
45.85425534474076 36.85346814289257 150.0
45.85431241334887 36.85975696619918 151.0
45.85436949694652 36.86604578944601 150.0
45.854426595538754 36.87233461263307 152.0
45.85624794970063 36.205673943514846 148.0
45.85675407775768 36.262273352672416 148.0
45.85681038755311 36.26856217561707 148.0
45.85703577365287 36.293717466804516 151.0
45.85709215693187 36.300006289453485 151.0
45.85714855492232 36.30629511204325 148.0
45.85731783721154 36.32516157945714 148.0
45.85748725208102 36.344028046337456 151.0
45.85754375318946 36.35031686851223 152.0
45.85760026904876 36.35660569062764 150.0
45.85765679966385 36.362894512683646 150.0
45.85771334503969 36.369183334680244 149.0
45.85776990518121 36.375472156617406 151.0
45.85782648009334 36.381760978495116 148.0
45.857883069781046 36.38804980031335 151.0
45.857939674249266 36.394338622072084 149.0
45.857996293502964 36.4006274437713 148.0
45.858052927547085 36.40691626541097 151.0
45.858166240026414 36.41949390851161 151.0
45.85822291847155 36.42578272997253 148.0
45.85827961172694 36.43207155137384 149.0
45.858336319797566 36.438360372715486 153.0
45.85839304268838 36.44464919399746 152.0
45.85844978040436 36.45093801521976 148.0
45.861248193465514 36.75909018154214 148.0
45.86130567882966 36.76537899975236 149.0
45.86159333197977 36.796823089891056 149.0
45.861650907911375 36.80311190773617 151.0
45.86170849895543 36.80940072552035 149.0
45.86176610511703 36.81568954324358 151.0
45.8618237264013 36.82197836090583 150.0
45.86188136281334 36.82826717850709 151.0
45.86193901435829 36.83455599604734 152.0
45.861996681041255 36.84084481352654 151.0
45.86205436286736 36.84713363094468 148.0
45.862112059841735 36.853422448301735 151.0
45.8621697719695 36.859711265597696 149.0
45.862227499255795 36.86600008283252 151.0
45.86228524170574 36.8722889000062 149.0
45.863982478390575 36.199339537699075 148.0
45.86403926783342 36.20562835529535 148.0
45.86409607207742 36.21191717283143 149.0
45.86415289112752 36.21820599030729 148.0
45.86455103946408 36.26222771095014 149.0
45.86466492966849 36.27480534487627 149.0
45.86477887929531 36.28738297856065 148.0
45.86483587640452 36.29367179531212 148.0
45.86489288838423 36.29996061200308 151.0
45.864949915239414 36.30624942863352 149.0
45.86500695697503 36.312538245203406 150.0
45.86523527282147 36.33769351087702 148.0
45.86529238903397 36.34398232714384 150.0
45.8653495201568 36.35027114334998 153.0
45.86540666619494 36.35655995949541 151.0
45.865463827153405 36.36284877558011 152.0
45.865521003037166 36.36913759160408 150.0
45.86557819385123 36.375426407567275 151.0
45.86563539960059 36.38171522346969 151.0
45.865692620290254 36.38800403931128 150.0
45.86574985592523 36.39429285509205 151.0
45.86580710651051 36.40058167081197 149.0
45.865864372051114 36.40687048647101 152.0
45.86592165255205 36.41315930206914 151.0
45.86597894801833 36.419448117606365 148.0
45.86609358386699 36.43202574849794 148.0
45.866150924259415 36.43831456385228 152.0
45.86620827963726 36.444603379145605 149.0
45.866265650005566 36.4508921943779 149.0
45.86921153461884 36.77162168978366 150.0
45.86926969147587 36.77791050181199 149.0
45.869327863593185 36.7841993137781 148.0
45.86944425362929 36.796776937523646 149.0
45.8695024715584 36.80306574930301 151.0
45.869560704768446 36.8093545610201 150.0
45.869618953264585 36.81564337267485 151.0
45.86967721705199 36.82193218426727 149.0
45.86973549613584 36.82822099579732 150.0
45.86979379052129 36.834509807264986 152.0
45.869852100213535 36.840798618670256 154.0
45.86991042521776 36.84708743001309 153.0
45.86996876553913 36.85337624129347 152.0
45.870027121182844 36.859665052511374 148.0
45.870085492154075 36.86595386366678 148.0
45.87014387845803 36.872242674759654 148.0
45.87160100382554 36.180427014782815 149.0
45.871658374648696 36.18671582655959 148.0
45.87183057683447 36.205582261521 151.0
45.87188800748512 36.21187107305175 149.0
45.871945453105106 36.218159884520965 149.0
45.872290441461175 36.25589275204212 149.0
45.87234799200656 36.26218156307977 153.0
45.87240555756131 36.268470374055696 151.0
45.87252073371897 36.28104799582222 148.0
45.8726359699743 36.29362561734155 148.0
45.87275126636746 36.30620323861347 151.0
45.87280893712828 36.3124920491566 150.0
45.87286662293866 36.31878085963782 151.0
45.87298203972816 36.33135848041444 148.0
45.873039770717355 36.337647290709775 148.0
45.87309751677625 36.34393610094312 150.0
45.87315527790986 36.35022491111444 149.0
45.87321305412325 36.35651372122371 154.0
45.87327084542146 36.36280253127091 154.0
45.87332865180953 36.369091341256016 154.0
45.87338647329253 36.37538015117901 153.0
45.8734443098755 36.381668961039864 152.0
45.87350216156351 36.38795777083856 152.0
45.87356002836161 36.39424658057508 151.0
45.87361791027486 36.400535390249395 150.0
45.873675807308324 36.406824199861475 155.0
45.87373371946707 36.41311300941132 152.0
45.873791646756175 36.41940181889888 151.0
45.87390754674572 36.43197943768711 149.0
45.8770010977481 36.76528624415986 149.0
45.877354025726916 36.80301907899249 149.0
45.87741290109923 36.80930788457519 151.0
45.87747179192617 36.815596690094196 148.0
45.87753069821298 36.82188549554947 152.0
45.87758961996488 36.82817430094101 151.0
45.87764855718711 36.83446310626877 151.0
45.8777075098849 36.84075191153275 153.0
45.877766478063485 36.847040716732906 154.0
45.87782546172811 36.85332952186923 150.0
45.87788446088402 36.85961832694168 148.0
45.87794347553645 36.86590713195026 151.0
45.879331818147065 36.174091633952486 152.0
45.87938979961342 36.18038043972628 148.0
45.87950580787333 36.192958051085455 150.0
45.879563834676965 36.19924685667078 148.0
45.87967993365678 36.21182446765284 151.0
45.87973800584306 36.2181132730495 151.0
45.8798541956336 36.230690883654006 149.0
45.879912313247964 36.23697968886181 148.0
45.879970446015136 36.24326849400661 154.0
45.88002859394016 36.24955729908837 151.0
45.880086757028124 36.25584610410711 155.0
45.880144935284065 36.26213490906276 154.0
45.88020312871306 36.26842371395533 151.0
45.88026133732018 36.27471251878479 151.0
45.88031956111048 36.2810013235511 149.0
45.8804943236313 36.299867737471004 148.0
45.88055260820512 36.30615654198455 152.0
45.880610907987524 36.312445346434835 152.0
45.88066922298359 36.31873415082186 153.0
45.88072755319841 36.3250229551456 152.0
45.88078589863708 36.331311759406 148.0
45.88084425930467 36.33760056360307 153.0
45.880902635206304 36.34388936773678 152.0
45.88096102634706 36.35017817180709 149.0
45.88101943273203 36.35646697581401 152.0
45.88107785436634 36.362755779757485 155.0
45.88113629125508 36.36904458363751 153.0
45.88119474340336 36.375333387454056 153.0
45.88125321081629 36.38162219120711 154.0
45.88131169349898 36.387910994896636 154.0
45.88137019145654 36.39419979852262 155.0
45.8814287046941 36.40048860208503 153.0
45.88148723321677 36.406777405583846 150.0
45.881545777029665 36.41306620901906 153.0
45.881604336137926 36.41935501239064 151.0
45.88166291054666 36.42564381569855 152.0
45.88172150026101 36.431932618942774 149.0
45.88178010528611 36.4382214221233 148.0
45.884908216821394 36.77152789892518 151.0
45.88496765631546 36.77781669863137 149.0
45.88514606839954 36.79668309735997 148.0
45.88520557031244 36.80297189680609 151.0
45.88526508784323 36.80926069618715 153.0
45.8853246209972 36.815549495503106 152.0
45.885384169779634 36.82183829475395 151.0
45.88544373419581 36.82812709393964 155.0
45.885503314251025 36.834415893060175 155.0
45.88556290995058 36.84070469211551 153.0
45.88562252129975 36.84699349110562 155.0
45.88568214830384 36.85328229003051 156.0
45.885741790968154 36.859571088890135 153.0
45.885801449297986 36.86585988768447 154.0
45.885861123298646 36.872148686413496 152.0
45.88711997903247 36.17404455973752 149.0
45.8873544988763 36.19919975792676 148.0
45.8874718504917 36.211777356636105 149.0
45.88753054924061 36.21806615589437 148.0
45.887589263290465 36.22435495508834 152.0
45.88764799264638 36.230643754217986 150.0
45.887706737313444 36.23693255328328 153.0
45.88776549729679 36.24322135228423 156.0
45.88782427260151 36.24951015122076 157.0
45.88788306323273 36.25579895009289 159.0
45.88794186919557 36.26208774890057 156.0
45.88800069049515 36.26837654764381 150.0
45.888059527136576 36.274665346322564 151.0
45.888118379125 36.2809541449368 148.0
45.888177246465524 36.28724294348651 148.0
45.888236129163296 36.29353174197167 148.0
45.88829502722344 36.29982054039225 151.0
45.88835394065109 36.306109338748236 151.0
45.88841286945139 36.3123981370396 157.0
45.88847181362949 36.318686935266314 155.0
45.888530773190496 36.32497573342836 153.0
45.88858974813959 36.33126453152572 152.0
45.888648738481905 36.33755332955837 151.0
45.888707744222586 36.343842127526266 155.0
45.88876676536679 36.35013092542941 155.0
45.88882580191967 36.35641972326777 156.0
45.88888485388639 36.36270852104131 158.0
45.8889439212721 36.36899731875004 155.0
45.88900300408197 36.375286116393916 154.0
45.889062102321155 36.3815749139729 156.0
45.889121215994834 36.38786371148699 158.0
45.889180345108166 36.394152508936145 153.0
45.88923948966633 36.40044130632037 150.0
45.889298649674494 36.40673010363962 152.0
45.889357825137836 36.41301890089387 153.0
45.88941701606154 36.419307698083095 153.0
45.88947622245079 36.425596495207294 151.0
45.88953544431076 36.43188529226643 151.0
45.88959468164664 36.43817408926047 148.0
45.89269647842495 36.76519144267715 152.0
45.89275654347213 36.77148023618783 150.0
45.89281662427903 36.777769029632154 148.0
45.89299696131136 36.79663540956671 151.0
45.893057105210445 36.80292420274534 155.0
45.89311726489591 36.80921299585748 155.0
45.89317744037309 36.81550178890311 154.0
45.893237631647324 36.821790581882205 152.0
45.89329783872397 36.82807937479474 157.0
45.893358061608346 36.834368167640704 155.0
45.893418300305825 36.840656960420056 158.0
45.89347855482176 36.84694575313278 159.0
45.893538825161485 36.853234545778854 159.0
45.893599111330374 36.85952333835824 156.0
45.89365941333378 36.865812130870935 155.0
45.89371973117706 36.8721009233169 151.0
45.89378006486559 36.878389715696116 149.0
45.89384041440472 36.88467850800854 149.0
45.895323083197 36.21801853305706 149.0
45.89538242396911 36.22430732604538 154.0
45.89544178021062 36.230596118968 154.0
45.895501151926695 36.23688491182488 152.0
45.89556053912251 36.24317370461603 157.0
45.895619941803226 36.2494624973414 155.0
45.89567935997401 36.255751290000966 152.0
45.895738793640035 36.262040082594716 153.0
45.895798242806485 36.26832887512263 154.0
45.895857707478534 36.274617667584664 149.0
45.895917187661354 36.28090645998081 151.0
45.89597668336013 36.287195252311044 151.0
45.89603619458005 36.29348404457533 151.0
45.8960957213263 36.29977283677367 152.0
45.896155263604065 36.30606162890602 153.0
45.896214821418546 36.31235042097236 153.0
45.89627439477494 36.31863921297266 155.0
45.89633398367843 36.324928004906916 153.0
45.89639358813423 36.33121679677509 154.0
45.89645320814753 36.33750558857716 151.0
45.89651284372354 36.34379438031309 156.0
45.89657249486747 36.35008317198288 156.0
45.896632161584535 36.35637196358649 159.0
45.89669184387993 36.362660755123905 159.0
45.89675154175888 36.36894954659511 156.0
45.89681125522661 36.375238338000045 153.0
45.89687098428831 36.38152712933872 154.0
45.89693072894924 36.38781592061111 154.0
45.8969904892146 36.39410471181717 153.0
45.89705026508963 36.40039350295689 151.0
45.89711005657956 36.40668229403025 154.0
45.8971698636896 36.41297108503722 150.0
45.89722968642501 36.41925987597778 152.0
45.89728952479101 36.425548666851896 158.0
45.89734937879285 36.43183745765957 152.0
45.89740924843578 36.438126248400735 151.0
45.90054415416214 36.76514327473072 150.0
45.90060486035011 36.771432061913785 148.0
45.900665582466 36.77772084902905 149.0
45.90078707450307 36.79029842305613 148.0
45.90084784443502 36.79658720996788 149.0
45.90090863031644 36.80287599681175 155.0
45.90096943215272 36.809164783587704 157.0
45.90103024994925 36.815453570295716 156.0
45.90109108371143 36.82174235693578 155.0
45.90115193344466 36.82803114350785 157.0
45.90121279915435 36.83431993001191 159.0
45.901273680845904 36.84060871644793 158.0
45.90133457852472 36.8468975028159 159.0
45.90139549219622 36.85318628911578 157.0
45.90145642186581 36.85947507534755 156.0
45.901517367538915 36.86576386151118 155.0
45.901578329220946 36.87205264760666 156.0
45.901639306917325 36.878341433633956 151.0
45.90170030063348 36.88463021959304 150.0
45.90176131037484 36.8909190054839 148.0
45.9031755751021 36.224259191255854 149.0
45.90323555822547 36.23054797790554 153.0
45.903295556986826 36.2368367644881 158.0
45.90335557139138 36.24312555100351 153.0
45.903415601444344 36.24941433745177 151.0
45.903475647150955 36.25570312383282 150.0
45.903535708516436 36.26199191014666 157.0
45.90359578554602 36.26828069639326 155.0
45.903655878244926 36.27456948257258 154.0
45.9037159866184 36.28085826868463 150.0
45.90377611067168 36.287147054729346 152.0
45.903836250409995 36.293435840706735 152.0
45.9038964058386 36.29972462661676 153.0
45.903956576962734 36.30601341245941 152.0
45.90401676378764 36.31230219823462 152.0
45.90407696631857 36.318590983942414 151.0
45.90413718456079 36.32487976958275 152.0
45.90419741851953 36.3311685551556 150.0
45.90425766820006 36.33745734066095 152.0
45.904317933607636 36.34374612609876 153.0
45.904378214747524 36.35003491146901 157.0
45.90443851162499 36.35632369677169 155.0
45.904498824245294 36.36261248200675 154.0
45.904559152613714 36.3689012671742 154.0
45.90461949673552 36.37519005227399 152.0
45.90467985661598 36.3814788373061 149.0
45.90474023226038 36.3877676222705 152.0
45.90480062367399 36.3940564071672 153.0
45.9048610308621 36.400345191996124 152.0
45.90492145383 36.406633976757284 156.0
45.90498189258297 36.412922761450645 154.0
45.90504234712629 36.419211546076184 155.0
45.90510281746527 36.42550033063388 156.0
45.90516330360519 36.4317891151237 153.0
45.905223805551366 36.43807789954562 150.0
45.908391820026175 36.76509459531632 148.0
45.90845316735105 36.77138337610456 150.0
45.908575910294566 36.78396093747335 151.0
45.9086373059241 36.790249718053836 150.0
45.90869871766607 36.79653849856502 157.0
45.908760145525925 36.80282727900688 156.0
45.90882158950912 36.80911605937938 158.0
45.9088830496211 36.81540483968249 157.0
45.90894452586733 36.8216936199162 156.0
45.90900601825325 36.827982400080494 157.0
45.90906752678434 36.83427118017533 156.0
45.909129051466046 36.84055996020067 156.0
45.909190592303844 36.84684874015652 155.0
45.9092521493032 36.85313752004283 154.0
45.909313722469584 36.85942629985959 154.0
45.909375311808475 36.86571507960677 153.0
45.90943691732534 36.87200385928434 154.0
45.90949853902565 36.87829263889229 154.0
45.90956017691491 36.884581418430564 151.0
45.90962183099859 36.890870197899176 148.0
45.910908122383276 36.217921770341896 149.0
45.91102932659011 36.23049933103212 150.0
45.91108995239296 36.23678811127446 154.0
45.91115059400248 36.24307689144821 152.0
45.91121125142392 36.249365671553406 152.0
45.91127192466258 36.25565445159 157.0
45.91133261372373 36.26194323155794 158.0
45.91139331861265 36.26823201145724 155.0
45.91145403933464 36.274520791287856 155.0
45.91151477589499 36.28080957104977 154.0
45.91157552829898 36.28709835074295 152.0
45.91163629655191 36.2933871303674 151.0
45.911697080659074 36.299675909923046 153.0
45.91175788062577 36.305964689409905 153.0
45.91181869645731 36.312253468827926 149.0
45.91187952815899 36.31854224817711 148.0
45.912001239194005 36.33111980666879 151.0
45.91206211853796 36.33740858581126 150.0
45.91212301377331 36.34369736488478 150.0
45.91218392490535 36.34998614388933 154.0
45.91224485193941 36.35627492282487 152.0
45.91230579488082 36.36256370169139 153.0
45.912366753734894 36.368852480488854 151.0
45.91242772850696 36.37514125921725 149.0
45.912488719202365 36.38143003787654 149.0
45.912549725826416 36.38771881646672 152.0
45.91261074838446 36.39400759498774 152.0
45.91267178688184 36.40029637343958 155.0
45.91273284132389 36.40658515182225 156.0
45.91279391171595 36.41287393013567 154.0
45.91285499806337 36.41916270837985 154.0
45.91291610037148 36.425451486554756 155.0
45.912977218645665 36.43174026466037 150.0
45.913038352891256 36.43802904269665 149.0
45.9130995031136 36.444317820663585 151.0
45.91322185151003 36.45689537638931 149.0
45.916177503713755 36.75875663003857 148.0
45.91623947591279 36.76504540443549 150.0
45.91630146437063 36.77133417876174 149.0
45.916363469092786 36.77762295301732 149.0
45.916425490084734 36.78391172720219 149.0
45.91648752735199 36.79020050131632 152.0
45.916549580900046 36.7964892753597 161.0
45.9166116507344 36.80277804933228 158.0
45.916673736860574 36.80906682323406 157.0
45.91673583928406 36.81535559706499 156.0
45.916797958010385 36.82164437082507 155.0
45.91686009304506 36.827933144514255 154.0
45.9169222443936 36.83422191813252 153.0
45.91698441206152 36.84051069167985 151.0
45.91704659605435 36.84679946515622 152.0
45.917108796377605 36.85308823856159 151.0
45.91717101303683 36.85937701189595 148.0
45.91723324603755 36.86566578515926 149.0
45.91729549538528 36.87195455835151 154.0
45.917357761085576 36.87824333147267 153.0
45.91742004314397 36.88453210452269 150.0
45.918700627411646 36.21787263046708 148.0
45.91876184832795 36.22416140444314 150.0
45.918823085203705 36.23045017834927 149.0
45.91888433804424 36.236738952185455 149.0
45.918945606854905 36.24302772595165 153.0
45.919006891641004 36.249316499647826 154.0
45.91906819240789 36.25560527327399 154.0
45.91912950916089 36.26189404683008 153.0
45.91919084190534 36.268182820316106 155.0
45.91925219064659 36.27447159373201 153.0
45.91931355538998 36.28076036707778 154.0
45.919374936140855 36.2870491403534 153.0
45.91943633290456 36.29333791355884 152.0
45.919497745686456 36.29962668669407 150.0
45.91955917449189 36.30591545975906 149.0
45.91962061932622 36.31220423275379 149.0
45.91986655905975 36.33735932402964 150.0
45.91992808411901 36.34364809667271 152.0
45.91998962523936 36.34993686924537 155.0
45.92005118242618 36.356225641747585 154.0
45.92011275568483 36.362514414179344 156.0
45.92017434502071 36.36880318654062 150.0
45.9202359504392 36.37509195883138 149.0
45.92029757194568 36.381380731051614 149.0
45.92035920954554 36.38766950320127 151.0
45.92042086324415 36.39395827528036 152.0
45.920482533046936 36.40024704728883 155.0
45.92054421895927 36.40653581922667 157.0
45.92060592098656 36.41282459109382 156.0
45.9206676391342 36.419113362890315 155.0
45.9207293734076 36.42540213461607 153.0
45.920791123812165 36.4316909062711 149.0
45.920852890353295 36.43797967785537 149.0
45.92091467303641 36.44426844936884 149.0
45.92110011799178 36.46313476348428 149.0
45.92408712171774 36.764995702089806 149.0
45.92421239732393 36.77757323761183 148.0
45.92427505978132 36.7838620052646 148.0
45.924337738682325 36.79015077284516 155.0
45.924400434032485 36.796439540353475 159.0
45.924463145837365 36.80272830778954 156.0
45.924525874102535 36.80901707515333 155.0
45.92458861883355 36.815305842444786 153.0
45.924651380035996 36.821594609663926 151.0
45.92471415771543 36.8278833768107 154.0
45.924776951877426 36.83417214388508 153.0
45.92483976252757 36.840460910887046 151.0
45.92490258967143 36.84674967781657 152.0
45.92496543331461 36.853038444673636 152.0
45.925028293462674 36.8593272114582 149.0
45.92509117012122 36.86561597817025 149.0
45.92515406329583 36.87190474480974 148.0
45.925216972992104 36.87819351137667 150.0
45.926369475695985 36.20524544968838 150.0
45.926431291089884 36.21153421733792 150.0
45.92655497021922 36.224111752423035 150.0
45.92661683396541 36.23040051985855 150.0
45.926678713839785 36.23668928722267 149.0
45.92674060984774 36.242978054515355 150.0
45.926802521994645 36.2492668217366 153.0
45.92686445028589 36.25555558888637 154.0
45.926926394726884 36.26184435596464 154.0
45.926988355323 36.26813312297139 153.0
45.927050332079645 36.27442188990659 155.0
45.927112325002206 36.28071065677021 153.0
45.927174334096094 36.286999423562236 153.0
45.92723635936671 36.293288190282624 151.0
45.92729840081947 36.29957695693137 149.0
45.927360458459766 36.30586572350843 148.0
45.92767098966391 36.337309555317646 148.0
45.927733144543204 36.3435983214641 154.0
45.92779531564798 36.3498870875387 158.0
45.927857502983656 36.356175853541394 157.0
45.92791970655568 36.362464619472185 154.0
45.927981926369476 36.36875338533106 155.0
45.92804416243048 36.375042151117945 151.0
45.92810641474414 36.38133091683286 149.0
45.9281686833159 36.38761968247576 149.0
45.9282309681512 36.39390844804662 149.0
45.928293269255484 36.40019721354541 156.0
45.92835558663421 36.40648597897211 156.0
45.92841792029282 36.4127747443267 155.0
45.92848027023679 36.41906350960913 158.0
45.928542636471555 36.42535227481941 152.0
45.92860501900259 36.43164103995748 149.0
45.92866741783536 36.437929805023344 148.0
45.93212461927996 36.78381177166219 149.0
45.93218793981069 36.79010053264194 154.0
45.93225127695894 36.79638929354797 156.0
45.932314630730325 36.80267805438026 152.0
45.932378001130466 36.808966815138774 151.0
45.93244138816499 36.8152555758235 151.0
45.93250479183952 36.82154433643439 151.0
45.93256821215968 36.82783309697144 151.0
45.93263164913112 36.8341218574346 151.0
45.93269510275945 36.84041061782386 151.0
45.93275857305033 36.8466993781392 150.0
45.932885563642245 36.85927689854795 149.0
45.93294908395458 36.865565658641316 151.0
45.93409828251796 36.19890655033855 150.0
45.93416070801867 36.205195311528676 151.0
45.93422314978923 36.21148407264607 148.0
45.93428560783509 36.21777283369069 149.0
45.93434808216168 36.22406159466251 150.0
45.93441057277441 36.2303503555615 154.0
45.934473079678725 36.23663911638765 151.0
45.934535602880075 36.242927877140914 150.0
45.934598142383884 36.24921663782128 152.0
45.93466069819561 36.255505398428696 154.0
45.93472327032068 36.26179415896318 151.0
45.93478585876456 36.26808291942467 153.0
45.934848463532695 36.27437167981316 155.0
45.93491108463053 36.280660440128614 154.0
45.93497372206353 36.286949200371005 153.0
45.93503637583715 36.29323796054032 149.0
45.935099045956854 36.2995267206365 148.0
45.93516173242811 36.30581548065956 149.0
45.93553819494434 36.34354803926051 153.0
45.93560099602961 36.34983679877086 159.0
45.93566381351023 36.356125558207864 159.0
45.93572664739168 36.36241431757149 156.0
45.935789497679465 36.36870307686172 153.0
45.935852364379066 36.37499183607851 156.0
45.93591524749597 36.38128059522186 151.0
45.9359781470357 36.38756935429171 148.0
45.936041063003735 36.39385811328807 148.0
45.93610399540559 36.400146872210904 153.0
45.93616694424676 36.406435631060155 156.0
45.936229909532756 36.412724389835844 154.0
45.9362928912691 36.4190131485379 156.0
45.93635588946128 36.42530190716632 151.0
45.93648193523529 36.43787942420216 148.0
45.93774602421318 36.563654578307464 148.0
45.93991022310008 36.777472272009604 149.0
45.93997416847627 36.78376102639653 152.0
45.940038130632665 36.790049780708266 152.0
45.940102109574944 36.79633853494477 152.0
45.940166105308776 36.80262728910604 150.0
45.94023011783983 36.80891604319203 148.0
45.94029414717379 36.81520479720272 149.0
45.94035819331635 36.82149355113808 150.0
45.94042225627318 36.82778230499809 151.0
45.94188887859325 36.19885591323414 151.0
45.94195193030351 36.20514466782774 152.0
45.94201499844683 36.21143342234713 149.0
45.94207808302866 36.217722176792265 152.0
45.94214118405451 36.224010931163136 153.0
45.942204301529856 36.23029968545971 155.0
45.94226743546019 36.236588439681974 152.0
45.942330585850996 36.24287719382988 151.0
45.94239375270778 36.24916594790342 150.0
45.94245693603604 36.25545470190255 148.0
45.942520135841264 36.261743455827265 153.0
45.94258335212896 36.26803220967753 150.0
45.94264658490464 36.27432096345331 153.0
45.942709834173804 36.280609717154576 154.0
45.94277309994197 36.286898470781324 152.0
45.942836382214644 36.29318722433349 150.0
45.94289968099734 36.299475977811085 148.0
45.94296299629559 36.30576473121406 148.0
45.943216422754496 36.330919744079296 148.0
45.94327982071333 36.33720849710882 149.0
45.94334323522089 36.34349725006354 151.0
45.94340666628269 36.349786002943475 153.0
45.943470113904276 36.35607475574858 155.0
45.94353357809119 36.362363508478836 157.0
45.94359705884899 36.3686522611342 157.0
45.943660556183204 36.37494101371467 152.0
45.94372407009939 36.38122976622019 152.0
45.94378760060311 36.38751851865076 150.0
45.9438511476999 36.39380727100633 148.0
45.94391471139534 36.40009602328689 148.0
45.94397829169497 36.40638477549241 154.0
45.94404188860437 36.412673527622864 154.0
45.9441055021291 36.418962279678205 157.0
45.94416913227473 36.42525103165843 151.0
45.94423277904682 36.431539783563515 148.0
45.94756546158175 36.758554778396515 148.0
45.94769455054971 36.771132274086206 149.0
45.94775912043641 36.77742102181608 149.0
45.947823707265876 36.78370976946928 151.0
45.947888311043855 36.789998517045774 153.0
45.94795293177606 36.79628726454553 150.0
45.94801756946823 36.802576011968505 148.0
45.94961580320881 36.19251602264906 149.0
45.949679464533986 36.19880477065593 151.0
45.949743142449854 36.20509351858715 149.0
45.94980683696195 36.21138226644266 151.0
45.94987054807579 36.21767101422246 158.0
45.94993427579694 36.2239597619265 157.0
45.949998020130934 36.23024850955477 158.0
45.950061781083306 36.23653725710724 155.0
45.95012555865961 36.24282600458387 156.0
45.95018935286539 36.24911475198464 153.0
45.95025316370619 36.25540349930954 150.0
45.9503169911876 36.26169224655852 148.0
45.95038083531514 36.267980993731555 153.0
45.95044469609438 36.27426974082862 153.0
45.95050857353089 36.28055848784969 152.0
45.95057246763023 36.28684723479475 152.0
45.95063637839797 36.29313598166376 152.0
45.95070030583968 36.29942472845669 151.0
45.95076424996093 36.30571347517352 151.0
45.950892188264376 36.318290968378754 148.0
45.95095618245772 36.32457971486711 148.0
45.95102019335293 36.33086846127926 148.0
45.95108422095559 36.33715720761516 149.0
45.95114826527129 36.34344595387479 150.0
45.951212326305615 36.34973470005814 152.0
45.951276404064174 36.35602344616516 153.0
45.95134049855255 36.36231219219583 153.0
45.95140460977634 36.36860093815013 160.0
45.951468737741166 36.37488968402802 159.0
45.95153288245261 36.38117842982948 157.0
45.95159704391631 36.38746717555448 154.0
45.951661222137844 36.393755921202995 150.0
45.951725417122844 36.400044666775 153.0
45.951789628876924 36.40633341227046 153.0
45.95185385740569 36.412622157689356 153.0
45.951918102714785 36.41891090303166 156.0
45.951982364809815 36.42519964829734 155.0
45.95204664369642 36.431488393486354 150.0
45.952110939380226 36.4377771385987 150.0
45.952175251866855 36.44406588363434 148.0
45.95230392727116 36.456643373475394 148.0
45.9523682902001 36.46293211828075 148.0
45.95243266995443 36.469220863009284 149.0
45.95249706653979 36.47550960766099 148.0
45.955412425072936 36.758503037003855 148.0
45.95547760203584 36.764791778090675 151.0
45.95554279609821 36.771080519099336 151.0
45.95560800726581 36.777369260029815 148.0
45.95567323554442 36.78365800088209 154.0
45.95573848093983 36.78994674165612 150.0
45.95580374345782 36.79623548235187 151.0
45.95747004023955 36.19875312260552 148.0
45.95759866523389 36.21133060493432 153.0
45.95766300287575 36.2176193459829 153.0
45.957727357288185 36.22390808695423 154.0
45.95779172847681 36.230196827848296 156.0
45.95785611644721 36.23648556866505 156.0
45.95792052120499 36.242774309404496 156.0
45.95798494275575 36.24906305006656 156.0
45.958049381105106 36.25535179065125 151.0
45.958113836258654 36.26164053115853 149.0
45.95817830822202 36.26792927158836 148.0
45.95830730260063 36.28050675221559 149.0
45.95837182502713 36.286795492412935 151.0
45.95843636428591 36.29308423253273 154.0
45.9585009203826 36.29937297257495 151.0
45.95856549332282 36.30566171253955 148.0
45.958630083112226 36.311950452426515 150.0
45.95869468975642 36.31823919223583 149.0
45.95875931326106 36.32452793196745 151.0
45.95882395363178 36.330816671621356 150.0
45.95888861087422 36.337105411197506 148.0
45.95895328499402 36.343394150695886 151.0
45.95901797599682 36.34968289011646 154.0
45.9590826838883 36.355971629459205 155.0
45.95914740867408 36.3622603687241 158.0
45.95921215035983 36.3685491079111 158.0
45.9592769089512 36.37483784702019 157.0
45.95934168445387 36.381126586051344 159.0
45.959406476873475 36.387415325004504 154.0
45.95947128621569 36.393704063879696 153.0
45.9595361124862 36.399992802676856 154.0
45.959600955690654 36.406281541395956 151.0
45.95966581583475 36.41257028003697 153.0
45.95973069292413 36.41885901859988 154.0
45.95979558696451 36.425147757084645 154.0
45.95986049796155 36.43143649549125 152.0
45.959925425920936 36.43772523381966 148.0
45.96325937796539 36.75845078422164 150.0
45.96332519586872 36.764739518444955 154.0
45.96339103103963 36.77102825258857 154.0
45.96345688348395 36.77731698665246 151.0
45.96352275320753 36.78360572063659 151.0
45.963588640216194 36.78989445454092 153.0
45.9636545445158 36.79618318836545 151.0
45.96372046611217 36.80247192211013 151.0
45.965325535924336 36.204989703493446 148.0
45.96539048316194 36.211278437823694 150.0
45.96545544732776 36.21756717207519 153.0
45.96552042842745 36.22385590624795 156.0
45.96558542646666 36.230144640341905 159.0
45.96565044145104 36.23643337435705 158.0
45.96571547338625 36.242722108293364 155.0
45.96578052227794 36.24901084215079 154.0
45.96584558813177 36.25529957592932 149.0
45.96591067095342 36.26158830962893 149.0
45.96597577074854 36.26787704324957 149.0
45.96604088752281 36.274165776791236 148.0
45.9661060212819 36.28045451025389 148.0
45.96617117203148 36.286743243637495 150.0
45.96623633977723 36.29303197694203 152.0
45.96630152452483 36.29932071016748 152.0
45.966366726279965 36.305609443313784 148.0
45.96643194504831 36.31189817638095 148.0
45.96649718083557 36.31818690936893 148.0
45.966562433647425 36.3244756422777 148.0
45.96662770348957 36.33076437510722 149.0
45.96669299036771 36.337053107857486 150.0
45.96675829428753 36.34334184052846 153.0
45.96682361525473 36.34963057312009 155.0
45.96688895327504 36.35591930563237 155.0
45.96695430835413 36.362208038065276 155.0
45.96701968049775 36.36849677041876 154.0
45.96708506971159 36.374785502692816 155.0
45.967150476001365 36.3810742348874 154.0
45.96721589937279 36.38736296700249 153.0
45.967281339831594 36.39365169903806 148.0
45.96734679738351 36.39994043099408 151.0
45.967412272034245 36.406229162870495 155.0
45.96747776378954 36.41251789466733 154.0
45.96754327265513 36.41880662638451 150.0
45.96760879863673 36.42509535802203 153.0
45.968330715734844 36.49427140076847 149.0
45.971106320154895 36.75839802005152 150.0
45.971172778994436 36.76468674734419 152.0
45.97123925526967 36.77097547455558 151.0
45.9713057489865 36.77726420168568 149.0
45.97137226015083 36.783552928734466 151.0
45.97143878876852 36.789841655701906 151.0
45.97150533484552 36.79613038258796 150.0
45.9731822906454 36.211225765112424 149.0
45.973247881331105 36.21751449250098 150.0
45.973313489113956 36.22380321980927 153.0
45.97337911399966 36.23009194703724 155.0
45.97344475599393 36.23638067418487 153.0
45.97351041510247 36.242669401252115 154.0
45.973576091331 36.24895812823897 150.0
45.97364178468522 36.255246855145394 149.0
45.97370749517087 36.261535581971366 148.0
45.97377322279365 36.26782430871684 150.0
45.97383896755931 36.27411303538181 148.0
45.97397050854211 36.28669048847008 149.0
45.97403630477073 36.29297921489332 148.0
45.97410211816513 36.29926794123593 149.0
45.97416794873105 36.30555666749789 148.0
45.97423379647424 36.31184539367916 150.0
45.974299661400444 36.3181341197797 151.0
45.9743655435154 36.3244228457995 150.0
45.97443144282485 36.330711571738526 148.0
45.97449735933456 36.337000297596745 149.0
45.97456329305028 36.34328902337414 155.0
45.974629243977766 36.34957774907066 155.0
45.97469521212277 36.355866474686295 157.0
45.97476119749106 36.362155200221004 158.0
45.974827200088406 36.368443925674775 155.0
45.974893219920574 36.37473265104756 155.0
45.97495925699333 36.38102137633933 152.0
45.97502531131245 36.38731010155008 152.0
45.975091382883704 36.39359882667975 151.0
45.97535584180575 36.41875372638721 150.0
45.97608453064552 36.48792969387718 148.0
45.976150879038826 36.49421841770583 149.0
45.97621724478288 36.50050714145293 148.0
45.97895325153727 36.75834474449521 148.0
45.97922175626995 36.78349962517743 148.0
45.98090788763677 36.204883866260616 148.0
45.980974087583554 36.21117258680217 149.0
45.98104030478502 36.21746130726194 150.0
45.98110653924691 36.22375002763988 151.0
45.98117279097499 36.23003874793596 152.0
45.98123905997502 36.23632746815015 151.0
45.98130534625276 36.24261618828243 149.0
45.981371649813994 36.24890490833276 148.0
45.98157066425629 36.26777106799183 148.0
45.98163703700918 36.274059787714094 148.0
45.98176983445783 36.28663722691234 149.0
45.982168642763554 36.324369542534534 151.0
45.98223517153617 36.33065826151692 152.0
45.98230171767329 36.336946980416975 150.0
45.98236828118074 36.34323569923462 152.0
45.98243486206434 36.34952441796985 156.0
45.982501460329885 36.35581313662265 160.0
45.9825680759832 36.362101855192975 158.0
45.98263470903011 36.3683905736808 153.0
45.98270135947643 36.37467929208608 154.0
45.98276802732799 36.3809680104088 154.0
45.98283471259062 36.387256728648936 153.0
45.982901415270156 36.393545446806435 152.0
45.988699047580546 36.204830189346154 148.0
45.988832717588764 36.217407616359715 149.0
45.98896645729181 36.22998504303973 150.0
45.98903335329343 36.23627375625458 150.0
45.989100266736216 36.24256246938597 152.0
45.98950211398342 36.28029474641971 150.0
45.98956914967747 36.286583458965964 149.0
45.98970327353486 36.29916088380729 148.0
45.98977036170988 36.305449596102314 148.0
45.98983746739026 36.31173830831354 148.0
45.989904590581844 36.31802702044093 149.0
45.98997173129049 36.324315732484465 152.0
45.99003888952205 36.3306044444441 151.0
45.99010606528239 36.33689315631981 155.0
45.990173258577386 36.34318186811157 153.0
45.99024046941288 36.34947057981936 157.0
45.99030769779477 36.355759291443135 158.0
45.990374943728895 36.36204800298285 154.0
45.990442207221164 36.368336714438506 156.0
45.99050948827743 36.374625425810066 155.0
45.99057678690359 36.38091413709749 151.0
45.99064410310552 36.38720284830075 148.0
45.99655764942115 36.21106471339144 148.0
45.99662511964161 36.217353419796005 150.0
45.996692607449035 36.22364212611562 152.0
45.99676011284932 36.22993083235025 152.0
45.99682763584833 36.23621953849987 152.0
45.99689517645193 36.24250824456443 150.0
45.996962734666006 36.24879695054394 150.0
45.997368454099856 36.28652918463264 150.0
45.99757155203503 36.30539530052603 148.0
45.99770703899562 36.31797271069476 149.0
45.99777480899478 36.32426141565099 149.0
45.99784259668106 36.33055012052174 154.0
45.99791040206038 36.336838825307 154.0
45.99797822513867 36.34312753000671 151.0
45.99804606592183 36.34941623462086 154.0
45.9981139244158 36.355704939149426 153.0
45.998181800626504 36.36199364359236 154.0
45.99824969455987 36.36828234794963 154.0
45.99831760622183 36.374571052221235 156.0
45.99838553561833 36.38085975640711 154.0
46.00428133513993 36.20472131892965 149.0
46.00434941411919 36.21101001829434 151.0
46.00441751084279 36.21729871757251 152.0
46.00448562531665 36.22358741676415 153.0
46.00455375754669 36.22987611586922 153.0
46.004621907538834 36.23616481488769 150.0
46.00469007529901 36.24245351381952 150.0
46.00475826083316 36.24874221266469 151.0
46.0048264641472 36.25503091142317 149.0
46.00496292413874 36.267608308679925 148.0
46.00509945532115 36.28018570558955 148.0
46.0051677476238 36.286474403914085 149.0
46.005236057742025 36.29276310215177 148.0
46.005304385681754 36.29905180030252 149.0
46.00537273144896 36.30534049836634 150.0
46.00544109504959 36.31162919634319 148.0
46.00550947648963 36.317917894233034 149.0
46.00557787577502 36.324206592035836 152.0
46.005646292911734 36.33049528975158 154.0
46.005714727905755 36.33678398738022 152.0
46.00578318076305 36.34307268492174 152.0
46.0058516514896 36.34936138237609 156.0
46.005920140091376 36.35565007974325 157.0
46.00598864657436 36.36193877702319 155.0
46.006057170944544 36.368227474215885 156.0
46.00612571320791 36.374516171321275 154.0
46.006194273370454 36.38080486833936 151.0
46.006262851438166 36.387093565270106 149.0
46.0120724625542 36.204666125431025 148.0
46.01214116786912 36.21095481760504 148.0
46.012209891091594 36.21724350969095 152.0
46.012278632227584 36.22353220168874 152.0
46.0123473912831 36.22982089359835 155.0
46.012416168264096 36.23610958541977 153.0
46.01248496317656 36.242398277152944 149.0
46.01269145556265 36.26126435182277 149.0
46.01282920692054 36.27384173449425 150.0
46.012898109547635 36.28013042569736 150.0
46.01296703014815 36.286419116812034 149.0
46.013035968728104 36.29270780783821 148.0
46.01310492529349 36.29899649877588 149.0
46.013173899850344 36.30528518962499 150.0
46.01331190296247 36.31786257105745 150.0
46.013380931529795 36.32415126164072 154.0
46.01344997811263 36.33043995213533 153.0
46.013519042717036 36.336728642541225 151.0
46.013588125349024 36.34301733285839 154.0
46.01365722601462 36.34930602308676 156.0
46.01372634471988 36.35559471322635 157.0
46.01379548147082 36.36188340327709 157.0
46.01386463627349 36.36817209323898 154.0
46.01393380913393 36.37446078311195 153.0
46.01400300005819 36.38074947289599 151.0
46.01986357892398 36.20461042640776 148.0
46.01993291057023 36.21089911132528 148.0
46.02000226028726 36.217187796153084 148.0
46.020071628081084 36.22347648089114 151.0
46.02014101395774 36.229765165539405 151.0
46.02021041792326 36.23605385009785 150.0
46.02027983998369 36.242342534566454 153.0
46.020349280145055 36.24863121894517 149.0
46.02062722192088 36.273785955560605 149.0
46.02069675267767 36.280074639489435 149.0
46.02076630157171 36.28636332332821 150.0
46.02083586860905 36.29265200707686 152.0
46.02090545379577 36.29894069073537 150.0
46.02097505713792 36.30522937430373 151.0
46.02104467864157 36.31151805778187 150.0
46.021114318312804 36.317806741169775 149.0
46.02118397615769 36.32409542446741 153.0
46.0212536521823 36.330384107674746 150.0
46.02132334639273 36.33667279079175 152.0
46.02139305879504 36.3429614738184 156.0
46.021462789395336 36.34925015675465 156.0
46.02153253819971 36.35553883960045 156.0
46.02160230521424 36.36182752235581 155.0
46.02167209044503 36.36811620502066 152.0
46.021741893898174 36.374404887595 152.0
46.02181171557977 36.380693570078776 150.0
46.02384450125473 36.56306532256821 148.0
46.02765468414862 36.20455422186163 150.0
46.027724642121846 36.21084289945679 148.0
46.02779461832906 36.217131576960625 150.0
46.027864612776355 36.22342025437307 148.0
46.02793462546979 36.2297089316941 152.0
46.02800465641547 36.23599760892369 150.0
46.02807470561949 36.24228628606179 150.0
46.02814477308794 36.24857496310839 154.0
46.02835508514085 36.26744099369877 149.0
46.02849538461014 36.28001834696753 150.0
46.02856556179332 36.28630702346437 151.0
46.02863575728367 36.29259569986946 151.0
46.02870597108733 36.298884376182784 154.0
46.028776203210384 36.30517305240428 155.0
46.02884645365898 36.31146172853395 155.0
46.02891672243924 36.317750404571754 151.0
46.0289870095573 36.32403908051764 150.0
46.02905731501929 36.33032775637159 152.0
46.02912763883133 36.336616432133575 152.0
46.02919798099958 36.34290510780354 154.0
46.02926834153018 36.34919378338149 153.0
46.02933872042925 36.35548245886734 154.0
46.02940911770296 36.361771134261105 153.0
46.02947953335746 36.36805980956273 152.0
46.02954996739889 36.37434848477218 149.0
46.0353752122227 36.198208841494456 149.0
46.03544577812745 36.20449751179439 151.0
46.03551636242326 36.210786182001364 151.0
46.03558696511627 36.21707485211536 148.0
46.035657586212615 36.22336352213633 149.0
46.03572822571844 36.229652192064236 149.0
46.03579888363988 36.23594086189906 151.0
46.03586955998308 36.24222953164075 148.0
46.03636481071181 36.286250217222296 149.0
46.03643563465076 36.292538886217784 150.0
46.03650647706691 36.29882755511986 154.0
46.036577337966456 36.305116223928465 154.0
46.03664821735556 36.31140489264358 153.0
46.03679003162722 36.32398222979321 148.0
46.03686096652215 36.330270898227646 150.0
46.03693191993138 36.33655956656845 152.0
46.037002891861114 36.342848234815605 156.0
46.03707388231756 36.34913690296906 156.0
46.0371448913069 36.35542557102879 153.0
46.03721591883535 36.361714238994765 150.0
46.03728696490911 36.36800290686694 150.0
46.03735802953439 36.37429157464529 149.0
46.04079107056213 36.6761475170008 148.0
46.04323686075982 36.20444029620783 150.0
46.04330807137378 36.21072895896078 151.0
46.043379300548146 36.217017621619064 150.0
46.04345054828911 36.223306284182684 148.0
46.04359309949562 36.23588360902573 148.0
46.044164048226015 36.28619290460378 149.0
46.044235500609076 36.292481566123634 151.0
46.044306971633276 36.2987702275484 151.0
46.04437846130483 36.30505888887805 149.0
46.044449969629994 36.31134755011254 151.0
46.04452149661499 36.317636211251816 150.0
46.04459304226605 36.323924872295876 151.0
46.04466460658943 36.33021353324469 149.0
46.044807791278124 36.34279085485637 153.0
46.044879411655934 36.34907951551918 154.0
46.04495105073106 36.3553681760866 153.0
46.04502270850976 36.36165683655859 151.0
46.045094384998286 36.36794549693511 149.0
46.04516608020292 36.374234157216115 148.0
46.05095611373481 36.198093919774394 148.0
46.05109976887271 36.210671230336814 150.0
46.05117162452395 36.21695988547355 150.0
46.051963274234765 36.286135085610624 148.0
46.05203535505745 36.292423739588806 152.0
46.052107454685185 36.29871239347024 150.0
46.05217957312425 36.30500104725484 148.0
46.052396041372376 36.32386700802749 148.0
46.05268492944373 36.349021621033664 153.0
46.05275719860012 36.35531027404258 151.0
46.052829486624546 36.36159892695437 150.0
46.05881899158256 36.20432434848395 148.0
46.05889145481935 36.2106129961313 148.0
46.05896393694296 36.21690164368062 148.0
46.059980673323416 36.304942699060675 148.0
46.060344694185275 36.33638592844952 148.0
46.06041755537245 36.342674574031285 150.0
46.060490435579396 36.34896321951431 152.0
46.06056333481248 36.35525186489855 149.0
46.06602600827968 36.153956492798805 150.0
46.066098945649316 36.16024513359097 152.0
46.06617190201824 36.16653377428372 152.0
46.066610039571636 36.20426561635028 148.0
46.066683129113024 36.21055425634604 148.0
46.06814892891622 36.33632703527477 148.0
46.068295929961366 36.348904310962986 148.0
46.073885602354316 36.160185949919125 148.0
46.07395918388237 36.16647458290646 148.0
46.081746453924524 36.166414886413754 149.0
46.13105385164588 36.37356908407514 148.0
46.154638637301346 36.385954143881804 149.0
46.16976624113331 36.348092360753974 148.0
46.170093248392 36.37324648676893 148.0
46.17033872805103 36.39211207997497 148.0
46.17781867423189 36.36689192279739 148.0
