# successful candidates for region at (256.73191021096955, -0.2849718406127718) and radius 1.0
257.1994799646837 -0.44685874981587376 76.0
257.1994796154358 -0.44058455115091705 76.0
257.20576622512215 -0.44685844432108696 77.0
257.205765871179 -0.4405842475414152 77.0
257.2120524855601 -0.4468581347465765 76.0
257.24347603392613 -0.3025502720189791 77.0
257.24976249480744 -0.3088241682624573 76.0
257.2497607825844 -0.27117907096410365 77.0
257.24976051170455 -0.26490488808039786 77.0
257.2560483642464 -0.30254969524012365 79.0
257.2560480691263 -0.29627551444392447 77.0
257.25604693055055 -0.2711787912572012 76.0
257.2623377492425 -0.36529118843262476 76.0
257.2623374081751 -0.35901700975032047 76.0
257.26233707134855 -0.35274283106779075 76.0
257.2623351394469 -0.31509775896801606 76.0
257.2623348323061 -0.3088235802839786 79.0
257.262334529406 -0.3025494015997359 80.0
257.2623342307467 -0.29627522291529074 79.0
257.26233393632805 -0.2900010442306459 76.0
257.2686246556505 -0.3778392230119728 76.0
257.268624301959 -0.37156504646711935 76.0
257.2686239525586 -0.36529086992202964 76.0
257.26862360744934 -0.35901669337670605 76.0
257.26862326663127 -0.3527425168311516 76.0
257.26862131183555 -0.3150974575531191 77.0
257.2686210010549 -0.308823281006021 77.0
257.2686206945653 -0.30254910445871275 79.0
257.2686203923667 -0.2962749279111972 78.0
257.2686200944591 -0.2900007513634772 77.0
257.2686192264819 -0.27117822171911515 76.0
257.26861894573807 -0.2649040451706027 76.0
257.26861866928505 -0.258629868621899 76.0
257.27491050936675 -0.3715647220419712 76.0
257.2749098067232 -0.3590163732758771 76.0
257.2749078029855 -0.3213713269720046 77.0
257.2749074842238 -0.31509715258723897 76.0
257.27490716980344 -0.3088229782022559 78.0
257.2749068597243 -0.30254880381705773 78.0
257.2749065539864 -0.29627462943164734 78.0
257.27490537444714 -0.27117793188793843 77.0
257.27490509041525 -0.26490375750150763 77.0
257.2749048107246 -0.25862958311488116 76.0
257.2811939790634 -0.3213710162678493 77.0
257.2811936566117 -0.31509684407037936 76.0
257.28119333855153 -0.30882267187268697 76.0
257.2811930248829 -0.30254849967477443 76.0
257.28119271560575 -0.2962743274766448 76.0
257.281191522412 -0.2711776386820106 76.0
257.2811912350922 -0.2649034664828368 76.0
257.2811909521638 -0.25862929428346265 77.0
257.2874791900412 -0.30254819203186656 76.0
257.28747887722477 -0.2962740220461932 76.0
257.2874776703766 -0.27117734210133526 77.0
257.2874773797688 -0.2649031721145937 76.0
257.28747709360266 -0.25862900212764706 77.0
257.29376633121814 -0.3213703841310877 76.0
257.29376567604675 -0.3088220486361522 76.0
257.2937641167286 -0.27745120989483735 78.0
257.29376381834084 -0.27117704214591587 77.0
257.2937635244451 -0.2649028743967817 80.0
257.2937632350413 -0.2586287066474379 80.0
257.30005026803076 -0.27745090430189023 78.0
257.3000499663048 -0.2711767388157562 78.0
257.3000496691211 -0.26490257332940476 79.0
257.3000493764796 -0.25862840784283886 80.0
257.30633641933264 -0.27745059530903116 76.0
257.30633611426845 -0.2711764321108599 79.0
257.3063358137968 -0.26490226891246627 79.0
257.30633551791755 -0.2586281057138535 79.0
257.3126222622318 -0.2711761220312306 76.0
257.3126219584722 -0.26490196114597 76.0
257.3126216593553 -0.2586278002604855 76.0
257.4069231428982 -0.4029276523064797 76.0
257.4132103293542 -0.41547547208211666 76.0
257.41320984770783 -0.409201351639066 77.0
257.4132093715088 -0.40292723119560897 78.0
257.4132089007569 -0.39665311075174986 77.0
257.41949560011875 -0.40292680618138893 76.0
257.4194951250237 -0.3966526884787765 77.0
257.4194946554261 -0.390378570775759 76.0
257.4257818287281 -0.4029263772638244 76.0
