# successful candidates for region at (38.21122321940457, 38.8507745363015) and radius 1.0
37.27707765009743 39.207062944750845 139.0
37.27682838096885 39.22584331702673 138.0
37.2767452467406 39.232103440882135 138.0
37.28528451929869 39.200867085099794 138.0
37.28520219617452 39.207127218040135 141.0
37.28511985100284 39.213387350864366 139.0
37.28503748377578 39.219647483572416 139.0
37.28495509448548 39.22590761616428 141.0
37.28487268312408 39.23216774863986 140.0
37.28479024968369 39.23842788099917 138.0
37.29340835804391 39.20093078845469 139.0
37.29332675701875 39.207190929931826 140.0
37.29324513413942 39.21345107129487 142.0
37.293163489398125 39.21971121254378 141.0
37.293081822787066 39.22597135367851 143.0
37.293000134298445 39.23223149469901 139.0
37.29291842392446 39.23849163560526 138.0
37.30145133250063 39.20725408042362 140.0
37.30137043191954 39.213514230250254 140.0
37.301289509669886 39.219774379964775 141.0
37.301208565743956 39.22603452956712 140.0
37.301127600134016 39.23229467905726 138.0
37.30949574421364 39.21357682772824 138.0
37.31762107089219 39.21363886372659 138.0
38.21146604261893 39.43615636241099 138.0
38.21961757475671 39.436156063477725 138.0
38.219618326131744 39.44241668504244 138.0
38.21961907770869 39.44867730660713 138.0
38.2276649632006 38.99165107735133 138.0
38.22777058777408 39.442415821743054 138.0
38.23576301892483 38.98538904217513 139.0
38.235765187358375 38.99164966343756 139.0
38.2359228491494 39.4424143941178 139.0
38.24407216983153 39.43615178117817 138.0
38.244075110126126 39.44241240216673 139.0
38.244078051210884 39.44867302315513 140.0
38.25222737057271 39.44240984588989 139.0
38.25223104149305 39.44867046653433 138.0
38.25223471339999 39.454931087178544 139.0
38.268531889349255 39.442403040359366 138.0
38.27668414741609 39.44239879110593 139.0
38.30132661180476 39.586376847793865 138.0
38.309495700757566 39.58637032105096 140.0
38.30951337162893 39.598891553210095 138.0
38.31764565862567 39.57384199798081 139.0
38.31765522208177 39.58010261310744 140.0
38.31766478811303 39.58636322823255 139.0
38.317674356720374 39.5926238433561 138.0
38.325813276122915 39.57383434115248 138.0
38.325823573544255 39.58009495524658 140.0
38.32583387373838 39.58635556933889 141.0
38.325844176706305 39.59261618342939 139.0
38.32585448244902 39.598876797518116 138.0
38.33394781541321 39.555044279433694 140.0
38.33395883789415 39.561304892425134 139.0
38.333991923144595 39.580086731387084 141.0
38.33400295750084 39.586347344370274 141.0
38.34210147566043 39.54877488250539 138.0
38.342113228349056 39.55503549431486 143.0
38.342124984201206 39.561296106121986 145.0
38.342136743218 39.567556717926756 139.0
38.342148505400566 39.573817329729174 138.0
38.342160270750064 39.58007794152926 138.0
38.34217203926762 39.58633855332699 138.0
38.35026615329912 39.548765532953965 139.0
38.35027863916075 39.55502614350316 140.0
38.35029112838324 39.561286754049696 141.0
38.35030362096779 39.56754736459359 138.0
38.358417613205276 39.54249500857064 140.0
38.35843082868205 39.54875561778628 139.0
38.358444047715764 39.55501622699894 139.0
38.35845727030769 39.56127683620865 142.0
38.358470496459105 39.567537445415375 140.0
38.36658155322614 39.54248452919947 138.0
38.3666094538816 39.55500574480258 139.0
38.36662340984199 39.561266352599176 143.0
38.36663736955929 39.56752696039246 139.0
38.36667927126612 39.586308783752465 138.0
38.374760172150815 39.548734090603546 138.0
38.37477485752575 39.554994696914434 140.0
38.374789546853584 39.56125530322167 139.0
38.37480424013575 39.567515909525234 139.0
38.37481893737366 39.57377651582515 139.0
38.37483363856874 39.58003712212138 138.0
38.38292483997172 39.54872247858928 138.0
38.3829556812099 39.561243688076544 138.0
38.382971108055855 39.56750429281412 142.0
38.382986539055054 39.57376489754765 140.0
38.390896023009475 39.473583063365474 138.0
38.39108950500704 39.54871030096033 139.0
38.391105656718906 39.55497090406448 138.0
38.39112181277837 39.561231507164216 143.0
38.391137973187 39.56749211025951 144.0
38.39115413794636 39.57375271335038 142.0
38.39117030705799 39.580013316436805 139.0
38.391186480523494 39.58627391951879 139.0
38.39120265834441 39.592534522596345 138.0
38.39905190249327 39.473570340703 140.0
38.399254167124305 39.54869755771712 138.0
38.399287941426444 39.56121876048513 139.0
38.399304835396556 39.567479361861864 142.0
38.39932173391489 39.57373996323377 143.0
38.39933863698307 39.58000056460082 142.0
38.39935554460273 39.58626116596303 143.0
38.399406294787006 39.60504297002051 138.0
38.40724290620172 39.48607825264607 138.0
38.40733080704538 39.51738125081883 138.0
38.40734840140356 39.52364185043761 140.0
38.40736600049552 39.52990245005114 139.0
38.40738360432296 39.536163049659386 138.0
38.40740121288757 39.542423649262375 138.0
38.40743644423516 39.55494484845257 139.0
38.40745406702155 39.56120544803975 141.0
38.407471694551916 39.56746604762165 143.0
38.40748932682799 39.5737266471983 145.0
38.407506963851475 39.57998724676966 142.0
38.40752460562407 39.58624784633574 143.0
38.407542252147486 39.59250844589654 139.0
38.40757755945363 39.605029645002276 138.0
38.40759522023977 39.611290244547234 138.0
38.41551012660257 39.523627983443674 142.0
38.415528458070064 39.52988858118877 140.0
38.41560183328318 39.55493097211203 139.0
38.41562018943112 39.561191569828566 143.0
38.41563855052046 39.567452167539365 145.0
38.41565691655299 39.573712765244444 143.0
38.41567528753049 39.579973362943804 141.0
38.415693663454725 39.58623396063742 141.0
38.415712044327485 39.59249455832531 140.0
38.41573043015055 39.598755156007485 142.0
38.4157488209257 39.60501575368392 139.0
38.415767216654714 39.61127635135462 139.0
38.415785617339374 39.61753694901957 139.0
38.42367184849152 39.52361355114173 138.0
38.423690912333214 39.52987414694223 141.0
38.42370998130451 39.53613474273656 138.0
38.42374813464329 39.54865593430668 138.0
38.42376721901445 39.55491653008247 143.0
38.4237863085226 39.561177125852076 143.0
38.42380540316957 39.56743772161549 146.0
38.42382450295722 39.57369831737272 146.0
38.423843607887385 39.579958913123754 147.0
38.423862717961924 39.586219508868595 142.0
38.42388183318269 39.59248010460724 143.0
38.423900953551524 39.59874070033969 141.0
38.42392007907028 39.60500129606593 138.0
38.42393920974082 39.61126189178597 140.0
38.42395834556499 39.6175224874998 138.0
38.42397748654466 39.62378308320743 138.0
38.43183356693817 39.52359855353229 139.0
38.431853363152676 39.52985914731202 139.0
38.43187316469384 39.53611974108511 138.0
38.43191278376382 39.5486409286113 140.0
38.43193260129647 39.5549015223644 144.0
38.431952424163434 39.56116211611082 146.0
38.431972252366634 39.567422709850575 150.0
38.431992085908 39.57368330358366 150.0
38.43201192478945 39.57994389731006 143.0
38.432031769012895 39.58620449102977 142.0
38.43205161858025 39.59246508474281 142.0
38.432071473493465 39.59872567844917 140.0
38.432091333754435 39.60498627214884 138.0
38.43211119936511 39.61124686584183 141.0
38.43213107032739 39.617507459528106 138.0
38.44003634450574 39.536104173974365 138.0
38.44007742930403 39.548625357304196 141.0
38.44009797999671 39.55488594895834 145.0
38.44011853622104 39.561146540605336 148.0
38.44013909797904 39.56740713224516 148.0
38.44015966527268 39.57366772387779 146.0
38.44018023810395 39.579928315503246 142.0
38.44020081647485 39.58618890712151 141.0
38.440221400387365 39.592449498732606 141.0
38.4402419898435 39.598710090336496 139.0
38.440262584845236 39.60497068193321 139.0
38.44028318539458 39.611231273522726 138.0
38.44040690530214 39.64879482290859 139.0
38.448199520607865 39.536088041404895 140.0
38.448220793007216 39.542348630899255 141.0
38.448242071131475 39.54860922038593 147.0
38.44826335498268 39.55486980986491 146.0
38.44828464456289 39.56113039933621 150.0
38.448305939874174 39.5673909887998 150.0
38.44832724091857 39.5736515782557 145.0
38.448348547698174 39.579912167703895 145.0
38.44836986021503 39.58617275714438 144.0
38.4483911784712 39.59243334657717 143.0
38.44841250246874 39.598693936002235 140.0
38.44843383220974 39.6049545254196 138.0
38.448455167696245 39.61121511482924 138.0
38.44851920864953 39.62999688301185 139.0
38.448583301386925 39.64877865112491 139.0
38.456340693625954 39.52981075612503 139.0
38.45636269286786 39.53607134337728 138.0
38.45638469802973 39.5423319306213 145.0
38.456406709113686 39.5485925178571 146.0
38.45642872612187 39.554853105084675 147.0
38.4564507490564 39.56111369230401 148.0
38.456472777919416 39.56737427951511 147.0
38.45649481271304 39.57363486671797 147.0
38.4565168534394 39.57989545391259 143.0
38.456538900100654 39.58615604109897 145.0
38.45656095269891 39.59241662827709 143.0
38.45658301123631 39.598677215446976 139.0
38.45662714613712 39.61119838976198 141.0
38.4566492225048 39.61745897690708 138.0
38.456671304820176 39.623719564043924 140.0
38.456693393085395 39.62998015117252 138.0
38.4567154873026 39.63624073829282 139.0
38.45673758747394 39.64250132540486 139.0
38.45678180568757 39.6550224996041 140.0
38.46445768407885 39.51727232508702 139.0
38.464480403656935 39.52353291003083 141.0
38.46450312934771 39.529793494965865 141.0
38.46452586115339 39.53605407989213 142.0
38.46454859907616 39.54231466480961 143.0
38.46457134311822 39.54857524971831 146.0
38.464594093281775 39.554835834618224 146.0
38.46461684956902 39.56109641950935 146.0
38.46463961198215 39.56735700439168 148.0
38.464662380523386 39.57361758926522 144.0
38.464685155194914 39.57987817412996 143.0
38.46470793599894 39.58613875898589 143.0
38.46473072293768 39.592399343833016 145.0
38.46475351601333 39.59865992867133 140.0
38.46479912058422 39.61118109832153 140.0
38.464821932083865 39.6174416831334 141.0
38.464844749729274 39.623702267936444 140.0
38.46486757352264 39.629962852730664 141.0
38.464890403466185 39.63622343751606 140.0
38.464981784786495 39.66126577656927 140.0
38.46500464551418 39.667526361310465 140.0
38.46502751240535 39.67378694604281 140.0
38.47261865116232 39.51725450334975 140.0
38.47264210290847 39.52351508589254 139.0
38.472665560964316 39.52977566842598 141.0
38.47268902533211 39.53603625095008 146.0
38.47271249601412 39.542296833464825 144.0
38.472735973012625 39.548557415970194 146.0
38.47275945632989 39.55481799846621 147.0
38.47278294596819 39.561078580952866 145.0
38.472806441929784 39.56733916343015 143.0
38.472829944216954 39.573599745898065 144.0
38.47285345283198 39.57986032835661 143.0
38.472876967777125 39.586120910805754 143.0
38.47290048905468 39.59238149324554 144.0
38.472924016666916 39.59864207567592 143.0
38.47294755061611 39.60490265809692 143.0
38.472971090904544 39.61116324050854 139.0
38.4729946375345 39.617423822910744 143.0
38.473018190508256 39.62368440530356 141.0
38.473041749828106 39.62994498768696 140.0
38.47306531549633 39.636205570060945 140.0
38.473183239143076 39.6675084817897 140.0
38.47320684294959 39.673769064107184 138.0
38.48077961401176 39.51723611638474 139.0
38.48080379792428 39.52349669645036 140.0
38.48082798834347 39.52975727650603 140.0
38.48085218527167 39.53601785655177 145.0
38.480876388711216 39.542278436587566 142.0
38.480900598664455 39.54853901661341 145.0
38.48092481513371 39.55479959662929 145.0
38.480949038121345 39.561060176635216 145.0
38.480973267629686 39.567320756631176 142.0
38.48099750366109 39.573581336617174 147.0
38.481021746217884 39.5798419165932 144.0
38.48104599530244 39.586102496559256 145.0
38.481070250917085 39.592363076515326 146.0
38.481094513064185 39.59862365646142 143.0
38.481118781746076 39.60488423639753 140.0
38.48114305696512 39.61114481632365 143.0
38.48116733872366 39.61740539623977 139.0
38.481191627024046 39.6236659761459 145.0
38.48121592186865 39.62992655604204 144.0
38.481240223259825 39.636187135928154 141.0
38.48126453119991 39.64244771580428 138.0
38.4813131667363 39.65496887552648 138.0
38.48133749433732 39.66122945537254 139.0
38.481361828496695 39.66749003520859 138.0
38.48894057249499 39.51721716419264 139.0
38.48896548857211 39.52347774170494 139.0
38.488990411352894 39.52973831920669 141.0
38.489015340839735 39.5359988966979 143.0
38.489040277035045 39.542259474178536 143.0
38.489065219941246 39.54852005164861 145.0
38.48909016956074 39.55478062910812 146.0
38.489115125895935 39.56104120655706 144.0
38.489140088949256 39.56730178399542 144.0
38.48916505872311 39.573562361423214 147.0
38.48919003521993 39.57982293884043 145.0
38.48921501844211 39.58608351624703 148.0
38.48924000839208 39.59234409364306 143.0
38.48926500507226 39.598604671028475 141.0
38.48929000848508 39.604865248403314 140.0
38.48931501863295 39.61112582576755 141.0
38.489340035518296 39.617386403121166 141.0
38.489365059143545 39.62364698046419 141.0
38.489390089511126 39.62990755779657 142.0
38.48941512662346 39.636168135118346 142.0
38.48944017048298 39.6424287124295 139.0
38.49707588513808 39.510937071880115 139.0
38.49710152647983 39.51719764677414 140.0
38.497127174719736 39.52345822165698 139.0
38.49715282986028 39.52971879652864 143.0
38.49717849190395 39.53597937138911 141.0
38.497204160853215 39.54223994623841 141.0
38.49722983671056 39.5485005210765 142.0
38.49725551947846 39.5547610959034 142.0
38.497281209159404 39.56102167071911 143.0
38.497306905755885 39.56728224552359 143.0
38.49733260927037 39.57354282031688 143.0
38.49735831970536 39.57980339509895 144.0
38.49738403706335 39.586063969869784 144.0
38.49740976134682 39.59232454462942 145.0
38.49743549255827 39.598585119377816 142.0
38.497461230700175 39.604845694114985 142.0
38.49748697577505 39.61110626884091 139.0
38.49751272778538 39.61736684355562 141.0
38.497538486733646 39.62362741825907 142.0
38.497564252622375 39.62988799295127 140.0
38.497590025454045 39.63614856763221 144.0
38.49761580523117 39.642409142301915 143.0
38.49764159195624 39.64866971696034 139.0
38.497693186260236 39.66119086624341 138.0
38.49777062988847 39.679972590083445 138.0
38.50528885623492 39.523438136307206 139.0
38.50531524373337 39.52969870847261 142.0
38.505341638331984 39.53595928062617 139.0
38.50539444883994 39.54848042489781 139.0
38.50542086475438 39.55474099701585 140.0
38.50544728777919 39.56100156912205 140.0
38.50547371791694 39.567262141216396 142.0
38.505500155170196 39.57352271329888 144.0
38.5055265995415 39.5797832853695 144.0
38.50555305103342 39.58604385742825 146.0
38.5055795096485 39.59230442947513 145.0
38.50560597538932 39.598565001510124 143.0
38.505632448258446 39.604825573533255 140.0
38.505658928258434 39.61108614554449 139.0
38.50568541539185 39.61734671754383 141.0
38.50571190966127 39.62360728953128 146.0
38.50573841106926 39.629867861506845 144.0
38.50576491961838 39.63612843347048 143.0
38.50579143531122 39.642389005422224 142.0
38.50581795815033 39.64864957736205 140.0
38.5058444881383 39.654910149289954 138.0
38.505871025277706 39.66117072120595 138.0
38.50589756957111 39.66743129311001 138.0
38.51350477999149 39.53593862440978 139.0
38.51355905619694 39.548459763113236 141.0
38.51358620525598 39.554720332446195 141.0
38.51361336162274 39.56098090176663 142.0
38.51364052529985 39.56724147107455 141.0
38.51366769628992 39.573502040369945 144.0
38.5136948745956 39.5797626096528 146.0
38.51372206021951 39.586023178923135 146.0
38.513749253164285 39.59228374818092 146.0
38.51377645343255 39.59854431742615 144.0
38.513803661026955 39.604804886658854 142.0
38.51383087595013 39.611065455878986 141.0
38.51385809820471 39.617326025086555 141.0
38.513885327793325 39.623586594281576 145.0
38.51391256471864 39.62984716346402 146.0
38.51393980898327 39.63610773263388 144.0
38.51396706058987 39.64236830179117 143.0
38.513994319541084 39.64862887093589 143.0
38.51402158583956 39.65488944006799 141.0
38.51404885948794 39.66115000918753 140.0
38.521723658649115 39.54843853572355 140.0
38.52175154085079 39.55469910219518 141.0
38.5217794305575 39.56095966865362 141.0
38.521807327771974 39.567220235098844 144.0
38.52183523249689 39.57348080153084 143.0
38.52186314473496 39.57974136794964 147.0
38.521891064488884 39.58600193435521 150.0
38.52191899176135 39.592262500747545 147.0
38.52194692655508 39.59852306712666 146.0
38.521974868872775 39.60478363349253 143.0
38.522002818717134 39.611044199845175 145.0
38.52203077609088 39.61730476618455 146.0
38.52205874099671 39.62356533251069 146.0
38.522086713437346 39.629825898823555 149.0
38.522114693415496 39.63608646512318 147.0
38.522142680933875 39.64234703140953 147.0
38.5221706759952 39.6486075976826 143.0
38.52219867860218 39.65486816394239 142.0
38.52222668875754 39.661128730188906 139.0
38.522254706464004 39.66738929642214 138.0
38.52991687140627 39.5546773062636 142.0
38.52994549445093 39.560937869783764 144.0
38.529974125200724 39.56719843329002 143.0
38.530002763658445 39.57345899678235 145.0
38.53003140982687 39.57971956026076 148.0
38.53006006370875 39.58598012372524 147.0
38.53008872530688 39.592240687175796 147.0
38.53011739462403 39.59850125061242 145.0
38.53014607166297 39.60476181403509 145.0
38.53017475642648 39.61102237744382 149.0
38.53020344891735 39.61728294083859 147.0
38.53023214913834 39.6235435042194 147.0
38.53026085709226 39.62980406758626 147.0
38.53028957278188 39.636064630939146 145.0
38.530318296209984 39.64232519427805 143.0
38.530347027379364 39.64858575760298 142.0
38.530375766292806 39.654846320913926 139.0
38.538052848309185 39.54839438413198 138.0
38.53808219678996 39.55465494465225 140.0
38.538111553170445 39.56091550515788 139.0
38.53814091745348 39.56717606564888 139.0
38.538170289641926 39.57343662612525 146.0
38.5381996697386 39.57969718658697 147.0
38.53822905774636 39.58595774703404 143.0
38.53825845366806 39.59221830746646 146.0
38.53828785750652 39.59847886788422 145.0
38.53831726926462 39.6047394282873 142.0
38.538346688945175 39.61099998867573 145.0
38.53837611655106 39.61726054904946 146.0
38.53840555208513 39.62352110940853 146.0
38.538434995550226 39.6297816697529 144.0
38.53846444694921 39.63604223008257 142.0
38.53849390628494 39.64230279039756 141.0
38.546127238954 39.529589787548886 138.0
38.546157296297444 39.53585034502517 140.0
38.5462174352522 39.548371459931694 140.0
38.546247516869336 39.55463201736192 138.0
38.546277606583516 39.56089257477677 141.0
38.546307704397655 39.567153132176266 140.0
38.54633781031466 39.57341368956037 143.0
38.54636792433746 39.57967424692909 144.0
38.546398046468944 39.585934804282424 145.0
38.54642817671205 39.59219536162035 146.0
38.546458315069685 39.59845591894288 144.0
38.54648846154478 39.604716476250005 145.0
38.54651861614025 39.61097703354171 144.0
38.546548778859005 39.61723759081801 146.0
38.546578949703985 39.62349814807888 145.0
38.54660912867811 39.62975870532431 144.0
38.546639315784304 39.636019262554306 143.0
38.5466695110255 39.64227981976885 139.0
38.546699714404625 39.648540376967965 139.0
38.554258840639605 39.523305752912606 140.0
38.554289622243175 39.529566307241 141.0
38.554320412129215 39.53582686155329 140.0
38.5543512103007 39.542087415849466 140.0
38.554382016760606 39.548347970129534 138.0
38.55441283151191 39.55460852439348 139.0
38.55444365455759 39.5608690786413 143.0
38.55447448590062 39.567129632873 143.0
38.55450532554401 39.57339018708855 143.0
38.5545361734907 39.57965074128795 147.0
38.55456702974372 39.58591129547121 147.0
38.55459789430605 39.59217184963832 144.0
38.55462876718065 39.59843240378925 148.0
38.554659648370546 39.60469295792403 149.0
38.5546905378787 39.610953512042634 146.0
38.554721435708124 39.61721406614505 144.0
38.554752341861814 39.623474620231285 144.0
38.55478325634275 39.62973517430132 143.0
38.55481417915395 39.63599572835517 143.0
38.5548451102984 39.6422562823928 139.0
38.55490699759908 39.65477739041944 138.0
38.56242048602514 39.523281710471714 138.0
38.56245199997203 39.529542261560685 141.0
38.56248352239843 39.53580281263279 139.0
38.562515053307386 39.542063363688 139.0
38.562546592701956 39.54832391472634 138.0
38.562578140585174 39.554584465747766 138.0
38.5626096969601 39.5608450167523 139.0
38.56264126182978 39.56710556773992 142.0
38.56267283519728 39.57336611871063 146.0
38.56270441706565 39.57962666966442 150.0
38.56273600743795 39.585887220601286 150.0
38.56276760631722 39.59214777152122 146.0
38.56279921370654 39.5984083224242 146.0
38.56283082960897 39.60466887331023 147.0
38.56286245402757 39.610929424179325 148.0
38.56289408696539 39.61718997503146 145.0
38.56292572842553 39.62345052586661 146.0
38.56295737841103 39.629711076684806 144.0
38.56298903692497 39.635971627486015 143.0
38.56302070397041 39.64223217827024 141.0
38.570646626972746 39.53577819826456 138.0
38.57067889061688 39.54203874600261 140.0
38.5707111629438 39.548299293722984 141.0
38.570743443956644 39.554559841425665 141.0
38.570775733658515 39.56082038911065 139.0
38.57080803205254 39.56708093677794 140.0
38.57084033914186 39.57334148442751 145.0
38.57087265492958 39.57960203205937 149.0
38.570904979418835 39.58586257967351 151.0
38.57093731261276 39.592123127269915 146.0
38.570969654514485 39.598383674848584 148.0
38.57100200512714 39.604644222409505 148.0
38.571034364453865 39.61090476995269 150.0
38.57106673249779 39.617165317478104 151.0
38.57109910926204 39.623425864985755 146.0
38.57113149474979 39.62968641247564 146.0
38.57116388896415 39.63594695994775 144.0
38.57119629190827 39.642207507402084 142.0
38.5712287035853 39.64846805483861 138.0
38.57880972571983 39.53575301844948 139.0
38.57884272209679 39.54201356279418 138.0
38.57887572735372 39.54827410712038 139.0
38.57890874149382 39.554534651428085 138.0
38.57897479643629 39.56705573998794 141.0
38.579007837245065 39.5733162842401 142.0
38.57904088694978 39.57957682847372 146.0
38.57907394555364 39.585837372688786 143.0
38.579107013059854 39.59209791688533 148.0
38.57914008947162 39.59835846106331 153.0
38.57917317479213 39.604619005222744 150.0
38.57920626902462 39.6108795493636 145.0
38.57923937217226 39.617140093485894 145.0
38.57927248423829 39.623400637589604 146.0
38.5793056052259 39.629661181674734 148.0
38.57933873513831 39.63592172574127 142.0
38.57937187397873 39.64218226978919 139.0
38.58693909847388 39.52946673229404 138.0
38.58717532937424 39.573290518149285 140.0
38.587209112993534 39.57955105890836 144.0
38.58724290570959 39.58581159964806 145.0
38.58727670752567 39.59207214036838 148.0
38.58731051844506 39.598332681069316 147.0
38.58734433847102 39.604593221750875 148.0
38.58737816760684 39.610853762413015 145.0
38.58741200585579 39.61711430305576 145.0
38.587445853221155 39.62337484367909 146.0
38.587479709706216 39.629635384283 143.0
38.58751357531425 39.63589592486748 141.0
38.587547450048554 39.64215646543253 139.0
38.595067009342024 39.523179887763284 140.0
38.595170367038286 39.54196149981192 138.0
38.59523931853529 39.55448257441014 140.0
38.59534281539674 39.57326418615603 139.0
38.59537733292815 39.57952472336425 143.0
38.59541185975392 39.58578526055224 144.0
38.5954463958774 39.59204579772001 147.0
38.59548094130194 39.59830633486754 149.0
38.59551549603088 39.604566871994834 146.0
38.595550060067566 39.610827409101866 146.0
38.59558463341534 39.61708794618864 143.0
38.595619216077566 39.62334848325515 140.0
38.5956538080576 39.62960902030139 142.0
38.595688409358786 39.63586955732735 143.0
38.59572301998448 39.64213009433301 139.0
38.603369384267396 39.54819515372636 138.0
38.60340459777461 39.55445568739169 138.0
38.60343982076017 39.56071622103595 141.0
38.603475053227456 39.566976754659166 140.0
38.6035102951799 39.57323728826129 139.0
38.60354554662091 39.579497821842345 141.0
38.603580807553875 39.585758355402305 145.0
38.60361607798224 39.59201888894118 146.0
38.6036513579094 39.59827942245893 150.0
38.60368664733878 39.60453995595558 149.0
38.6037219462738 39.61080048943111 145.0
38.60375725471789 39.6170610228855 145.0
38.60379257267444 39.62332155631875 141.0
38.60382790014692 39.62958208973087 138.0
38.60386323713872 39.635842623121825 140.0
38.61160582694984 39.560688764645 140.0
38.611641792929156 39.56694929456651 139.0
38.61167776859108 39.57320982446606 142.0
38.6117137539391 39.57947035434365 140.0
38.61174974897669 39.58573088419924 144.0
38.61178575370736 39.59199141403287 146.0
38.61182176813457 39.598251943844495 148.0
38.611857792261816 39.604512473634124 148.0
38.6118938260926 39.610773003401725 145.0
38.611929869630394 39.61703353314733 142.0
38.61196592287871 39.62329406287089 143.0
38.61200198584103 39.62955459257242 140.0
38.61977182664013 39.560660742507125 138.0
38.619808526128836 39.56692126865067 138.0
38.61984523549762 39.57318179477134 140.0
38.619881954750035 39.579442320869134 142.0
38.61991868388962 39.58570284694405 142.0
38.61995542291995 39.59196337299608 144.0
38.61999217184458 39.59822389902522 145.0
38.62002893066706 39.60448442503144 147.0
38.620065699390956 39.610744951014745 144.0
38.620102478019845 39.617005476975116 142.0
38.62013926655727 39.62326600291255 141.0
38.62017606500681 39.62952652882706 140.0
38.627975252693915 39.56689267691262 138.0
38.62801269576688 39.57315319917814 139.0
38.62805014892099 39.579413721419854 140.0
38.62808761215989 39.58567424363776 144.0
38.628125085487206 39.591934765831844 144.0
38.62816256890657 39.598195288002124 145.0
38.62820006242159 39.60445581014856 145.0
38.62823756603593 39.61071633227116 144.0
38.628275079753195 39.616976854369895 143.0
38.62831260357705 39.62323737644478 143.0
38.62835013751111 39.62949789849579 140.0
38.62838768155903 39.63575842052294 138.0
38.636218336319274 39.57938455599684 139.0
38.636256533654745 39.58564507428141 143.0
38.63629474127631 39.591905592541224 144.0
38.636332959187655 39.598166110776276 145.0
38.63637118739249 39.60442662898655 144.0
38.63640942589451 39.610687147172044 141.0
38.63644767469744 39.616947665332724 140.0
38.63648593380496 39.62320818346862 140.0
38.63652420322081 39.629468701579704 141.0
38.64430868538985 39.56683379597419 138.0
38.644386516812176 39.57935482460115 138.0
38.64442544824144 39.58561533887607 142.0
38.644464390154454 39.59187585312526 143.0
38.644503342555005 39.59813636734874 143.0
38.64454230544685 39.60439688154647 144.0
38.64458127883377 39.61065739571845 141.0
38.64462026271954 39.616917909864675 138.0
38.65247539125552 39.566803506775955 139.0
38.65255469026701 39.57932452723388 139.0
38.65259435578721 39.58558503742281 141.0
38.65263403198883 39.59184554758505 141.0
38.652673718875725 39.59810605772058 143.0
38.65271341645174 39.604366567829395 144.0
38.652753124720704 39.610627077911474 141.0
38.66068246781799 39.57303315784182 138.0
38.66076325615929 39.58555416992278 138.0
38.660803666646636 39.591814675921704 144.0
38.66084408801697 39.59807518189293 141.0
38.660884520274244 39.604335687836446 139.0
38.66880878135931 39.56674123092696 138.0
38.66884989291107 39.573001732772354 138.0
38.66889101553162 39.57926223458906 141.0
38.66893214922495 39.58552273637705 141.0
38.668973293995045 39.591783238136344 144.0
38.66901444984589 39.59804373986691 142.0
38.66905561678147 39.604304241568755 141.0
38.66909679480576 39.610564743241845 140.0
38.66913798392277 39.61682524488618 139.0
38.67697546533224 39.56670924427848 138.0
38.67701731057097 39.572969741810994 139.0
38.67705916707601 39.57923023931377 139.0
38.67710103485143 39.58549073678682 140.0
38.67714291390128 39.59175123423013 144.0
38.677184804229604 39.59801173164367 141.0
38.68518472066504 39.57293718495891 141.0
38.68522731105152 39.57919767807146 139.0
38.68526991290597 39.585458171153235 140.0
38.68531252623251 39.591718664204215 141.0
38.68535515103526 39.59797915722439 140.0
38.68544043508595 39.61050014317225 138.0
38.693395447325464 39.57916455086331 138.0
38.69343878325583 39.5854250394775 139.0
38.69348213085595 39.591685528059806 139.0
38.69361224371681 39.61046699361542 138.0
38.70178404449755 39.61043327771218 138.0
38.70182817388045 39.61669376161754 138.0
