# successful candidates for region at (80.9944000665315, -14.014123799546095) and radius 1.0
81.70674657610707 -13.831797420483918 78.0
81.71317812215386 -13.844223958154332 77.0
81.71315880979128 -13.838001342601236 77.0
81.71313950411384 -13.831778727030079 79.0
81.71312020512055 -13.82555611144087 80.0
81.7131009128104 -13.819333495833611 78.0
81.7130816271824 -13.813110880208313 77.0
81.71306234823558 -13.80688826456498 77.0
81.71304307596891 -13.800665648903623 78.0
81.71955190845962 -13.837982478887946 79.0
81.71953243108455 -13.831759866570769 80.0
81.71951296045305 -13.825537254235217 83.0
81.71949349656416 -13.819314641881297 81.0
81.71947403941682 -13.813092029509015 79.0
81.7194545890101 -13.806869417118374 80.0
81.71943514534296 -13.800646804709386 79.0
81.71941570841439 -13.794424192282055 78.0
81.71939627822341 -13.788201579836382 79.0
81.72596466195833 -13.844186057156314 79.0
81.72594500608211 -13.837963448140641 81.0
81.72592535700993 -13.831740839106258 83.0
81.72590571474079 -13.825518230053177 82.0
81.72588607927368 -13.819295620981398 84.0
81.72586645060758 -13.813073011890934 83.0
81.7258468287415 -13.806850402781787 81.0
81.72582721367439 -13.800627793653966 79.0
81.72580760540528 -13.794405184507475 80.0
81.72578800393316 -13.788182575342322 79.0
81.725768409257 -13.78195996615852 77.0
81.73239760614075 -13.856612067413657 77.0
81.73237776477849 -13.850389461748012 78.0
81.73235793028175 -13.844166856063318 79.0
81.73233810264954 -13.837944250359582 81.0
81.73231828188082 -13.831721644636806 82.0
81.73229846797459 -13.825499038895003 84.0
81.73227866092981 -13.819276433134176 84.0
81.73225886074546 -13.813053827354333 84.0
81.73223906742055 -13.80683122155548 81.0
81.73221928095404 -13.800608615737625 79.0
81.73219950134492 -13.794386009900775 80.0
81.7321797285922 -13.788163404044935 79.0
81.73215996269482 -13.781940798170112 79.0
81.73214020365178 -13.775718192276319 77.0
81.73875119754035 -13.844147487908025 77.0
81.73873119815269 -13.837924885545037 77.0
81.73871120568798 -13.831702283162683 79.0
81.73869122014518 -13.825479680760965 80.0
81.73867124152329 -13.819257078339897 83.0
81.73865126982128 -13.81303447589948 82.0
81.7386313050381 -13.806811873439724 79.0
81.73861134717274 -13.800589270960634 78.0
81.73859139622417 -13.794366668462217 78.0
81.73857145219137 -13.788144065944481 79.0
81.73855151507333 -13.781921463407434 77.0
81.7451444637249 -13.844127952690698 77.0
81.74512429258235 -13.837905353697275 79.0
81.7451041284222 -13.831682754684154 78.0
81.74508397124342 -13.825460155651337 78.0
81.74506382104497 -13.81923755659883 78.0
81.74504367782582 -13.813014957526644 80.0
81.74502354158493 -13.806792358434784 79.0
81.74500341232127 -13.800569759323258 78.0
81.74498329003382 -13.794347160192071 78.0
81.7449631747215 -13.788124561041233 81.0
81.74494306638334 -13.78190196187075 79.0
81.74492296501826 -13.775679362680625 78.0
81.75153772882616 -13.84410825041161 77.0
81.75151738592928 -13.837885654816573 78.0
81.75149705007425 -13.831663059201494 78.0
81.75147672126005 -13.825440463566384 78.0
81.7514563994856 -13.819217867911249 78.0
81.75143608474988 -13.812995272236098 80.0
81.75141577705185 -13.806772676540938 80.0
81.75139547639046 -13.80055008082577 77.0
81.75137518276466 -13.794327485090612 79.0
81.75135489617342 -13.788104889335463 81.0
81.7513346166157 -13.781882293560331 81.0
81.75131434409043 -13.775659697765224 78.0
81.75125356869907 -13.756991910260135 78.0
81.75795151458796 -13.850310973218495 77.0
81.75793099283494 -13.844088381071037 79.0
81.75791047818429 -13.837865788903196 79.0
81.75788997063495 -13.831643196714976 80.0
81.75786947018588 -13.825420604506382 79.0
81.757848976836 -13.819198012277427 79.0
81.75782849058429 -13.812975420028113 82.0
81.75780801142967 -13.80675282775845 81.0
81.75778753937111 -13.800530235468445 79.0
81.75776707440754 -13.794307643158106 80.0
81.75774661653791 -13.788085050827439 82.0
81.75772616576118 -13.78186245847645 82.0
81.75770572207631 -13.77563986610515 81.0
81.75768528548224 -13.769417273713545 78.0
81.75762401823428 -13.750749496416962 77.0
81.76438635792874 -13.862736110680347 77.0
81.76436565003621 -13.856513522030724 80.0
81.76434494930766 -13.850290933360359 79.0
81.76432425574198 -13.844068344669257 79.0
81.76430356933814 -13.837845755957428 78.0
81.76428289009507 -13.831623167224876 80.0
81.76426221801171 -13.825400578471612 82.0
81.76424155308698 -13.81917798969764 82.0
81.76422089531982 -13.812955400902966 81.0
81.7642002447092 -13.806732812087605 82.0
81.76417960125403 -13.800510223251559 81.0
81.76415896495327 -13.794287634394834 80.0
81.76413833580582 -13.788065045517442 82.0
81.76411771381069 -13.781842456619387 82.0
81.76409709896676 -13.775619867700676 81.0
81.76407649127299 -13.76939727876132 79.0
81.76403529733172 -13.756952100820694 78.0
81.77088464284644 -13.89382882226325 78.0
81.77086372688959 -13.887606237205055 77.0
81.77082191666122 -13.87516106702529 77.0
81.77080102238757 -13.868938481903736 78.0
81.7707801353395 -13.862715896761078 79.0
81.77075925551594 -13.85649331159732 81.0
81.77073838291582 -13.850270726412477 80.0
81.77071751753807 -13.844048141206546 81.0
81.77069665938163 -13.837825555979546 81.0
81.77067580844539 -13.831602970731472 82.0
81.77065496472831 -13.825380385462346 84.0
81.77063412822929 -13.819157800172164 81.0
81.7706132989473 -13.81293521486094 81.0
81.77059247688123 -13.806712629528677 83.0
81.77057166203005 -13.800490044175389 81.0
81.77055085439265 -13.794267458801073 80.0
81.77053005396799 -13.788044873405747 81.0
81.77050926075498 -13.781822287989415 81.0
81.77048847475258 -13.775599702552084 81.0
81.77046769595971 -13.76937711709376 78.0
81.77044692437529 -13.763154531614452 78.0
81.77042615999827 -13.756931946114168 77.0
81.77040540282758 -13.750709360592914 77.0
81.77038465286216 -13.7444867750507 77.0
81.77036391010094 -13.73826418948753 78.0
81.77034317454286 -13.732041603903419 77.0
81.77730037515428 -13.900031005138468 79.0
81.77727927968002 -13.893808423618193 78.0
81.77725819149519 -13.887585842076431 78.0
81.77719497066634 -13.868918097322316 77.0
81.77717391162835 -13.862695515694696 79.0
81.77715285987435 -13.856472934045629 81.0
81.77713181540327 -13.850250352375122 82.0
81.77711077821402 -13.844027770683185 81.0
81.77708974830553 -13.837805188969826 81.0
81.77706872567671 -13.83158260723505 83.0
81.77704771032649 -13.825360025478869 84.0
81.77702670225378 -13.819137443701283 83.0
81.77700570145751 -13.812914861902309 82.0
81.77698470793659 -13.806692280081949 81.0
81.77696372168995 -13.800469698240214 81.0
81.77694274271651 -13.794247116377107 80.0
81.7769217710152 -13.788024534492639 80.0
81.77690080658492 -13.781801952586818 78.0
81.77685889953321 -13.769356788711145 79.0
81.77683795690962 -13.763134206741306 78.0
81.77681702155277 -13.756911624750146 77.0
81.77677517263503 -13.744466460703885 78.0
81.77675425907196 -13.738243878648799 78.0
81.78373774071433 -13.91245559154056 77.0
81.78367391537954 -13.893787857682144 78.0
81.7836526549673 -13.887565279685655 78.0
81.78363140190292 -13.881342701667336 77.0
81.78361015618532 -13.8751201236272 78.0
81.78358891781339 -13.868897545565245 78.0
81.78356768678604 -13.862674967481487 81.0
81.78354646310217 -13.856452389375931 82.0
81.7835252467607 -13.850229811248585 80.0
81.78350403776057 -13.84400723309946 82.0
81.78348283610062 -13.837784654928555 82.0
81.78346164177981 -13.831562076735887 83.0
81.78344045479703 -13.82533949852146 83.0
81.78341927515122 -13.81911692028528 83.0
81.78339810284126 -13.812894342027361 81.0
81.78337693786607 -13.806671763747701 79.0
81.78335578022457 -13.800449185446318 80.0
81.78333462991567 -13.794226607123214 81.0
81.78331348693827 -13.788004028778397 79.0
81.78329235129131 -13.781781450411879 79.0
81.78314460692354 -13.738223401239171 77.0
81.79015435458771 -13.918657421922909 78.0
81.79013289230812 -13.912434847589346 77.0
81.79011143744032 -13.906212273233564 77.0
81.7900685499357 -13.893767124455392 77.0
81.79004711729667 -13.887544550033013 78.0
81.79002569206502 -13.88132197558845 77.0
81.79000427423965 -13.875099401121712 79.0
81.78998286381946 -13.868876826632803 80.0
81.78996146080335 -13.862654252121736 82.0
81.78994006519022 -13.856431677588517 82.0
81.78991867697897 -13.850209103033153 82.0
81.78989729616849 -13.843986528455648 83.0
81.78987592275769 -13.837763953856022 82.0
81.78985455674548 -13.83154137923427 80.0
81.78983319813075 -13.825318804590408 82.0
81.7898118469124 -13.81909622992444 82.0
81.78979050308934 -13.812873655236375 79.0
81.78976916666048 -13.806651080526223 79.0
81.78974783762469 -13.800428505793988 81.0
81.78972651598093 -13.794205931039679 79.0
81.78966259539067 -13.775538206644399 77.0
81.78964130330395 -13.769315631801879 77.0
81.7895137058626 -13.731980182284325 77.0
81.78949246545868 -13.725757607287736 77.0
81.79654967749148 -13.918636506990365 79.0
81.79650641547488 -13.906191365509425 77.0
81.7964847956725 -13.899968794735106 79.0
81.79646318333924 -13.893746223938225 77.0
81.796441578474 -13.887523653118793 78.0
81.79641998107567 -13.88130108227682 77.0
81.79639839114316 -13.875078511412314 80.0
81.7963768086753 -13.86885594052528 81.0
81.79635523367104 -13.86263336961573 82.0
81.79633366612923 -13.856410798683669 84.0
81.79631210604879 -13.850188227729106 83.0
81.79629055342859 -13.84396565675205 83.0
81.79626900826753 -13.837743085752509 81.0
81.79624747056451 -13.83152051473049 81.0
81.79622594031841 -13.825297943686001 80.0
81.79620441752813 -13.819075372619052 80.0
81.79618290219256 -13.812852801529647 80.0
81.79616139431062 -13.806630230417797 78.0
81.79613989388116 -13.800407659283511 79.0
81.79611840090311 -13.794185088126794 78.0
81.79609691537534 -13.787962516947658 77.0
81.80296681397078 -13.924837991725324 79.0
81.80294499923099 -13.918615424652318 77.0
81.80290139234637 -13.906170290437482 79.0
81.80287960019932 -13.899947723295666 78.0
81.80285781558094 -13.893725156130932 78.0
81.8028360384901 -13.887502588943288 79.0
81.80281426892569 -13.88128002173274 83.0
81.8027925068866 -13.875057454499297 82.0
81.8027707523717 -13.868834887242967 82.0
81.80274900537987 -13.86261231996376 84.0
81.80272726591 -13.856389752661682 85.0
81.80270553396095 -13.850167185336744 84.0
81.80268380953163 -13.84394461798895 84.0
81.8026620926209 -13.83772205061831 82.0
81.80264038322767 -13.831499483224835 81.0
81.80261868135081 -13.825276915808528 77.0
81.8025969869892 -13.819054348369402 78.0
81.80257530014174 -13.812831780907462 78.0
81.80255362080729 -13.806609213422718 77.0
81.80253194898475 -13.800386645915175 79.0
81.80251028467303 -13.794164078384846 77.0
81.80938430191475 -13.931039301706873 77.0
81.80936230705947 -13.924816738319626 77.0
81.8092744035544 -13.899926484537556 77.0
81.80925244665148 -13.893703921033811 79.0
81.80923049733566 -13.88748135750679 79.0
81.80920855560579 -13.881258793956501 81.0
81.80918662146074 -13.875036230382955 82.0
81.80916469489938 -13.868813666786156 86.0
81.8091427759206 -13.862591103166121 87.0
81.80912086452325 -13.856368539522848 89.0
81.80909896070624 -13.850145975856353 83.0
81.8090770644684 -13.84392341216664 83.0
81.80905517580861 -13.837700848453718 82.0
81.80903329472578 -13.831478284717596 77.0
81.80901142121876 -13.825255720958284 77.0
81.80898955528642 -13.819033157175786 77.0
81.80896769692764 -13.812810593370113 77.0
81.80894584614133 -13.806588029541272 77.0
81.8089240029263 -13.800365465689277 78.0
81.80890216728152 -13.794142901814132 78.0
81.80883670575709 -13.775475210049867 79.0
81.81564707654167 -13.893682518647152 78.0
81.81562495500145 -13.887459958809591 78.0
81.81560284110672 -13.8812373989484 79.0
81.81558073485633 -13.875014839063581 80.0
81.81555863624914 -13.868792279155148 83.0
81.81553654528399 -13.862569719223105 85.0
81.81551446195981 -13.856347159267463 86.0
81.8154923862754 -13.850124599288229 85.0
81.81547031822964 -13.843902039285414 83.0
81.81544825782143 -13.837679479259025 80.0
81.81542620504959 -13.831456919209069 78.0
81.81540415991302 -13.825234359135557 77.0
81.81531605569663 -13.800344118606107 77.0
81.81529404871937 -13.794121558414936 77.0
81.8220640067123 -13.899883505066507 77.0
81.82201941147821 -13.887438392851996 78.0
81.82199712541923 -13.881215836708732 80.0
81.82197484706411 -13.874993280541476 79.0
81.82195257641169 -13.868770724350231 80.0
81.82193031346084 -13.862548168135008 82.0
81.8219080582104 -13.856325611895823 83.0
81.82188581065923 -13.850103055632673 83.0
81.82186357080619 -13.843880499345572 81.0
81.82184133865012 -13.83765794303453 80.0
81.8218191141899 -13.831435386699555 77.0
81.82179689742439 -13.825212830340652 77.0
81.82841386675668 -13.887416659634297 79.0
81.82839140853407 -13.8811941072378 80.0
81.82836895807485 -13.874971554816934 79.0
81.82834651537783 -13.868749002371711 80.0
81.82832408044186 -13.862526449902136 81.0
81.8283016532658 -13.856303897408225 81.0
81.82827923384849 -13.850081344889983 79.0
81.82825682218878 -13.843858792347412 80.0
81.8282344182855 -13.837636239780535 80.0
81.82821202213754 -13.831413687189348 79.0
81.8348083208276 -13.887394759156807 78.0
81.83478569044202 -13.881172210535905 78.0
81.83476306787928 -13.874949661890263 78.0
81.8347404531383 -13.868727113219887 79.0
81.83471784621784 -13.862504564524789 78.0
81.83469524711678 -13.856282015804975 78.0
81.83467265583396 -13.850059467060458 79.0
81.83465007236819 -13.84383691829124 79.0
81.83462749671833 -13.837614369497336 81.0
81.83460492888322 -13.831391820678752 79.0
81.8345823688617 -13.825169271835497 78.0
81.84120277368173 -13.88737269141982 77.0
81.84117997113377 -13.881150146603353 78.0
81.8411571764682 -13.874927601761765 77.0
81.84113438968386 -13.868705056895068 78.0
81.84111161077955 -13.86248251200327 77.0
81.84108883975414 -13.85625996708638 78.0
81.84106607660641 -13.850037422144405 78.0
81.84104332133523 -13.843814877177357 79.0
81.84102057393942 -13.837592332185238 80.0
81.84099783441779 -13.831369787168072 80.0
81.84097510276919 -13.825147242125853 78.0
81.84095237899247 -13.818924697058598 78.0
81.84757425060012 -13.881127915440452 77.0
81.84755128383233 -13.87490537443175 78.0
81.84752832500527 -13.868682833397559 78.0
81.84750537411774 -13.862460292337886 78.0
81.84748243116859 -13.856237751252738 78.0
81.84745949615662 -13.85001521014213 77.0
81.84743656908064 -13.843792669006067 77.0
81.8474136499395 -13.837570127844558 78.0
81.84739073873202 -13.831347586657612 80.0
81.84736783545698 -13.82512504544524 78.0
81.84734494011326 -13.81890250420745 78.0
81.84732205269964 -13.812679962944253 78.0
81.85392225909328 -13.868660442727666 77.0
81.85389913622319 -13.862437905528946 78.0
81.85387602135094 -13.856215368304367 78.0
81.85385291447534 -13.849992831053944 77.0
81.85382981559523 -13.843770293777682 77.0
81.8538067247094 -13.837547756475594 77.0
81.85378364181666 -13.831325219147685 78.0
81.85373750000575 -13.818880144414452 78.0
81.8537144410852 -13.812657607009143 78.0
81.86029289708665 -13.862415351576761 77.0
81.86026961029195 -13.856192818241576 78.0
81.86024633155338 -13.849970284880154 77.0
81.86022306086976 -13.843747751492517 78.0
81.8601997982399 -13.83752521807866 77.0
81.86017654366256 -13.831302684638597 78.0
81.86666319798238 -13.856170101064675 77.0
81.8666397473815 -13.84994757162108 77.0
81.86661630489502 -13.843725042150876 77.0
81.86659287052176 -13.837502512654067 78.0
81.86656944426048 -13.831279983130669 77.0
81.86654602611 -13.825057453580685 77.0
81.87305678441301 -13.856147216773984 77.0
81.87298594154576 -13.837479640202138 77.0
81.8729623436012 -13.831257114624208 78.0
81.87935524167551 -13.831234079119538 77.0
