# successful candidates for region at (295.92708973624065, -32.10240693111081) and radius 1.0
294.96938865103675 -32.33443863494447 81.0
294.9764724938598 -32.36550893932989 81.0
294.9765375574395 -32.35930598150143 81.0
294.9766026046661 -32.35310302358401 82.0
294.9766676355446 -32.346900065577664 82.0
294.9767326500798 -32.340697107482434 82.0
294.97679764827666 -32.334494149298315 82.0
294.98388403462815 -32.365564057243965 82.0
294.98394859105406 -32.35936109248059 83.0
294.98401313125436 -32.353158127629655 84.0
294.9840776552339 -32.34695516269117 85.0
294.9841421629975 -32.34075219766517 83.0
294.98420665455 -32.33454923255168 83.0
294.9842711298963 -32.328346267350724 82.0
294.9912955843766 -32.365618743784886 82.0
294.9913596336453 -32.35941577214087 83.0
294.9914236668158 -32.35321280041066 83.0
294.991487683893 -32.34700982859426 84.0
294.99155168488164 -32.340806856691735 84.0
294.9916156697865 -32.334603884703085 84.0
294.99174359136424 -32.32219794046756 81.0
294.99864358495086 -32.371875977336735 81.0
294.9987071430345 -32.36567299895122 82.0
294.9987706851427 -32.359470020480835 82.0
294.99883421128004 -32.35326704192559 83.0
294.99889772145156 -32.34706406328554 83.0
294.99896121566184 -32.34086108456072 82.0
294.9990246939157 -32.33465810575113 83.0
294.9990881562179 -32.32845512685682 81.0
295.0059295105915 -32.38433577796781 81.0
295.00599259309405 -32.378132792975954 82.0
295.0060556597391 -32.371929807900514 81.0
295.0061187105314 -32.365726822741536 82.0
295.00618174547566 -32.35952383749904 83.0
295.00624476457665 -32.35332085217305 84.0
295.0063077678391 -32.34711786676358 85.0
295.00637075526765 -32.34091488127069 82.0
295.0064337268672 -32.33471189569438 82.0
295.0133426091235 -32.384389190542294 81.0
295.0134051840763 -32.37818619882857 81.0
295.0135302867967 -32.365780215154444 82.0
295.01359281457377 -32.359577223194094 82.0
295.01365532663505 -32.3533742311516 83.0
295.0137178229851 -32.34717123902696 83.0
295.0137803036287 -32.34096824682023 84.0
295.0207557163632 -32.38444217157509 81.0
295.02081778376294 -32.37823917319381 82.0
295.02094187176 -32.36583317618854 81.0
295.02106589738474 -32.353427178859846 81.0
295.0211278868192 -32.347224180074285 81.0
295.0211898606746 -32.34102118120796 82.0
295.0212518189556 -32.334818182260875 81.0
295.02804566611036 -32.396900730815055 82.0
295.0281072569173 -32.390697725979756 81.0
295.0281688322401 -32.38449472106482 81.0
295.02829193645215 -32.37208871099612 81.0
295.02835346535056 -32.36588570584241 81.0
295.0284149787834 -32.35968270060916 82.0
295.0284764767553 -32.35347969529641 81.0
295.03545980605566 -32.39695286188219 81.0
295.035765067498 -32.3659378041147 81.0
295.0358260737539 -32.35973479232641 81.0
295.04329766107725 -32.35358343434896 81.0
295.0722963091514 -32.422019215214 81.0
295.0723549119389 -32.41581617211209 81.0
295.1626522811218 -32.261304510593995 81.0
295.1705198516339 -32.20552065395248 81.0
295.1706229162843 -32.19311440996979 81.0
295.1775608531317 -32.24898630313319 82.0
295.1779184562266 -32.20556441246269 81.0
295.17796949108987 -32.19936128500397 82.0
295.1780205131412 -32.19315815749025 82.0
295.1847603893571 -32.27384219931375 83.0
295.1849123633341 -32.255232802232904 82.0
295.1849629958825 -32.2490296697645 82.0
295.18536759882505 -32.199404608073586 82.0
295.1854181170691 -32.19320147511954 81.0
295.19216455969314 -32.27388515715694 81.0
295.1922147250808 -32.26768201945151 82.0
295.1922648778684 -32.26147888169308 85.0
295.1923150180597 -32.25527574388165 84.0
295.1923651456583 -32.24907260601725 82.0
295.1996183970493 -32.267724541353545 83.0
295.19966804463076 -32.26152139825107 85.0
295.1997176797427 -32.255318255096654 85.0
295.199767302389 -32.24911511189033 85.0
295.19981691257317 -32.24291196863211 83.0
295.19986651029905 -32.236708825322005 81.0
295.20702207591034 -32.26776663271251 82.0
295.20707121828315 -32.26156348432009 83.0
295.20712034831337 -32.25536033587679 84.0
295.2071694660046 -32.24915718738262 86.0
295.2072185713606 -32.24295403883762 84.0
295.20726766438503 -32.23675089024178 85.0
295.2073167450815 -32.230547741595124 84.0
295.20736581345386 -32.22434459289767 82.0
295.21442576159404 -32.2678082935273 82.0
295.21447439875556 -32.26160513989905 81.0
295.2145230237013 -32.25540198622095 86.0
295.214571636435 -32.24919883249304 84.0
295.21462023696023 -32.24299567871532 86.0
295.2146688252807 -32.236792524887804 85.0
295.2147174014 -32.23058937101052 85.0
295.2147659653217 -32.22438621708346 84.0
295.2148145170495 -32.21818306310667 81.0
295.21515403802016 -32.1747609838778 81.0
295.2217331538536 -32.28025584127033 82.0
295.22178130998986 -32.27405268255802 83.0
295.22182945403006 -32.26784952379686 82.0
295.2218775859778 -32.261646364986866 84.0
295.22192570583667 -32.25544320612807 86.0
295.2219738136102 -32.249240047220475 86.0
295.22202190930216 -32.24303688826411 85.0
295.2220699929161 -32.236833729258976 87.0
295.2221180644555 -32.2306305702051 87.0
295.2221661239241 -32.22442741110248 85.0
295.22221417132545 -32.21822425195117 84.0
295.2222622066632 -32.212021092751165 81.0
295.22231022994083 -32.20581793350247 81.0
295.22259811654646 -32.16859897698892 82.0
295.2226460555042 -32.16239581739991 81.0
295.2291378637854 -32.28029665125188 81.0
295.2291855144515 -32.27409348740989 83.0
295.2292331531484 -32.26789032352008 83.0
295.22928077987973 -32.26168715958246 85.0
295.2293283946492 -32.25548399559705 84.0
295.2293759974602 -32.249280831563865 85.0
295.2294235883163 -32.24307766748292 84.0
295.2294711672211 -32.23687450335424 87.0
295.22951873417827 -32.230671339177825 86.0
295.2295662891912 -32.22446817495369 85.0
295.22961383226357 -32.218265010681876 84.0
295.2296613633989 -32.21206184636238 85.0
295.22970888260073 -32.20585868199522 84.0
295.22975638987265 -32.1996555175804 82.0
295.2298038852182 -32.19345235311796 82.0
295.2298513686409 -32.18724918860791 81.0
295.22999374740755 -32.168639694792176 81.0
295.2300411831744 -32.16243653009182 82.0
295.2366368588789 -32.2679306926959 83.0
295.23668398039143 -32.261727523684755 81.0
295.23673109006893 -32.25552435462682 83.0
295.23677818791475 -32.249321185522135 82.0
295.2368252739326 -32.243118016370694 83.0
295.2368723481259 -32.23691484717251 85.0
295.2369194104982 -32.23071167792761 86.0
295.2369664610531 -32.224508508636006 85.0
295.237013499794 -32.21830533929771 84.0
295.2370605267244 -32.21210216991275 85.0
295.237107541848 -32.205899000481125 86.0
295.23715454516815 -32.199695831002856 82.0
295.2372015366884 -32.19349266147796 83.0
295.2372485164123 -32.187289491906455 81.0
295.2372954843434 -32.18108632228836 82.0
295.2373424404851 -32.174883152623686 81.0
295.2375770444765 -32.143867303602136 81.0
295.23767080367037 -32.13146096366799 81.0
295.2441337920257 -32.255564283216344 82.0
295.2442269660811 -32.24315793492636 81.0
295.2442735355604 -32.236954760712734 84.0
295.24432009334544 -32.23075158645341 83.0
295.2443666394397 -32.224548412148366 85.0
295.2444131738466 -32.21834523779763 82.0
295.24445969656983 -32.21214206340121 84.0
295.24450620761263 -32.20593888895914 84.0
295.2445527069786 -32.19973571447141 84.0
295.24459919467114 -32.19353253993806 82.0
295.2446921350501 -32.18112619073452 81.0
295.2516286646917 -32.24319742314888 81.0
295.2516747294546 -32.236994243973896 81.0
295.2517207826499 -32.23079106475417 82.0
295.25176682428116 -32.22458788548973 82.0
295.2518128543518 -32.21838470618058 83.0
295.25185887286517 -32.21218152682674 84.0
295.25190487982485 -32.20597834742821 84.0
295.2519508752341 -32.199775167985024 83.0
295.2519968590966 -32.1935719884972 85.0
295.25925805554067 -32.21222056018829 82.0
295.2593035584147 -32.20601737588732 84.0
295.25934904986497 -32.19981419154268 83.0
295.2593945298949 -32.19361100715437 81.0
295.2594399985079 -32.18740782272238 81.0
295.26292857589993 -32.720920526964804 81.0
295.26302043783016 -32.70851415572746 82.0
295.26306635143123 -32.70231097004292 82.0
295.263112253461 -32.69610778431449 81.0
295.26315814392285 -32.689904598542206 82.0
295.2667022433124 -32.20605597433545 81.0
295.2667472308013 -32.19985278514334 83.0
295.27046037364715 -32.70855271562419 81.0
295.2705057729109 -32.702349525068044 81.0
295.2741009344481 -32.20609414277159 81.0
295.42375163555715 -31.90280653107466 81.0
295.43092480262317 -31.94005519020117 81.0
295.4310923991826 -31.909038773912954 81.0
295.43840114242624 -31.921473883327394 81.0
295.43843415511066 -31.915270596473107 81.0
295.44639328775366 -31.803639477661307 81.0
295.4534405268315 -31.865700040967493 81.0
295.4977841357725 -31.841043756744515 81.0
295.4978130682125 -31.834840443002307 82.0
295.50521032803107 -31.8286617777117 81.0
295.51207481502274 -31.94034575456064 81.0
295.5124948489798 -31.847295958983324 83.0
295.5125507343656 -31.834889319289566 81.0
295.5125786665646 -31.828685999417722 82.0
295.5126065917704 -31.822482679529244 81.0
295.51269032544946 -31.80387271976408 81.0
295.51271822270326 -31.797669399809127 81.0
295.51939698718655 -31.95277624825736 82.0
295.5194245537798 -31.946572925715586 81.0
295.51945211346555 -31.94036960315766 82.0
295.51947966624573 -31.934166280583593 81.0
295.5198646812313 -31.847319762854603 81.0
295.51989213067344 -31.841116440039023 81.0
295.5199470089409 -31.828709794359703 81.0
295.5267752870462 -31.952799674993773 81.0
295.5268023547686 -31.94659634951855 82.0
295.52682941570845 -31.94039302402776 83.0
295.5269105578527 -31.921783047462032 81.0
295.52723451726155 -31.847343139801076 83.0
295.5272614699528 -31.841139814061886 81.0
295.53412701513014 -31.959026002235625 81.0
295.53415359063985 -31.952822673895536 81.0
295.53420672168266 -31.94041601717034 81.0
295.53457789443695 -31.853569418416686 83.0
295.5346043570021 -31.847366089822174 81.0
295.5346572622559 -31.834959432588388 81.0
295.54155796787535 -31.946641913780642 82.0
295.54161008823274 -31.934235251374517 82.0
295.5419482346975 -31.85359194432918 81.0
295.54197420038463 -31.847388612917268 82.0
295.5420261122556 -31.834981950050352 81.0
295.5420520584433 -31.82877861859536 81.0
295.54228528204425 -31.772948634855137 81.0
295.5489102087543 -31.9528673881927 83.0
295.5493440473407 -31.847410709085803 83.0
295.5493695097711 -31.841207374896076 82.0
295.5563135953627 -31.946685766913653 82.0
295.5563386613054 -31.940482430227 81.0
295.5566389632546 -31.86604238894681 81.0
295.5566889258749 -31.85363571521369 81.0
295.55671389780196 -31.84743237832719 81.0
295.55673886347614 -31.841229041427404 81.0
295.5567638228993 -31.835025704514333 83.0
295.5637159815172 -31.94050371245361 81.0
295.564059276655 -31.85365696018457 82.0
295.5640837517 -31.84745362064088 83.0
295.56410822061673 -31.841250281084417 83.0
295.5641326834066 -31.83504694151521 83.0
295.56415714007176 -31.828843601933233 82.0
295.56418159061377 -31.82264026233851 81.0
295.5642060350346 -31.816436922731047 81.0
295.5642304733359 -31.810233583110833 81.0
295.5642549055196 -31.804030243477886 81.0
295.5642793315875 -31.797826903832203 81.0
295.571405646637 -31.859881120309012 81.0
295.57142963080474 -31.853677778173797 82.0
295.5714536089666 -31.84747443602631 82.0
295.5714775811244 -31.841271093866578 83.0
295.5715015472799 -31.835067751694606 82.0
295.5715255074349 -31.828864409510388 84.0
295.57154946159113 -31.822661067313927 83.0
295.5715734097504 -31.81645772510523 83.0
295.5715973519144 -31.810254382884313 83.0
295.57162128808505 -31.804051040651153 84.0
295.57164521826394 -31.797847698405775 81.0
295.5787999882558 -31.853698169180824 82.0
295.5788234695332 -31.847494824482958 82.0
295.5788469449309 -31.841291479773343 83.0
295.57887041445076 -31.83508813505199 83.0
295.5788938780944 -31.828884790318885 82.0
295.5789173358636 -31.82268144557405 83.0
295.5789407877601 -31.816478100817488 85.0
295.5789642337856 -31.81027475604919 82.0
295.57898767394187 -31.804071411269163 82.0
295.5861473587911 -31.859921480388724 81.0
295.58617034893973 -31.85371813320513 83.0
295.58619333333144 -31.847514786010297 82.0
295.58621631196786 -31.841311438804187 83.0
295.5862392848508 -31.835108091586825 84.0
295.5862622519819 -31.82890474435823 83.0
295.5862852133629 -31.82270139711837 81.0
295.5863081689954 -31.816498049867274 82.0
295.58633111888116 -31.810294702604953 82.0
295.59349572087933 -31.866144369490723 82.0
295.5935182196508 -31.859941019873858 81.0
295.5935407127881 -31.85373767024621 82.0
295.593563200293 -31.847534320607792 82.0
295.593585682167 -31.841330970958598 82.0
295.5936081584118 -31.83512762129862 84.0
295.5936306290292 -31.828924271627873 83.0
295.5936530940207 -31.822720921946367 82.0
295.59367555338804 -31.816517572254106 81.0
295.59369800713284 -31.810314222551078 81.0
295.6008670819733 -31.86616348432983 81.0
295.6008890836078 -31.85996013232185 83.0
295.6009110797326 -31.853756780303552 81.0
295.60093307034936 -31.847553428274953 82.0
295.6009550554598 -31.84135007623605 83.0
295.6009770350654 -31.835146724186842 84.0
295.6009990091678 -31.828943372127338 85.0
295.60102097776877 -31.822740020057545 84.0
295.6010429408698 -31.816536667977452 83.0
295.60823844609723 -31.86618217207787 83.0
295.60825995059355 -31.8599788177322 82.0
295.6082814497047 -31.85377546337667 82.0
295.60830294343236 -31.847572109011296 82.0
295.608324431778 -31.84136875463607 83.0
295.60834591474315 -31.835165400251014 85.0
295.6083673923296 -31.82896204585612 84.0
295.6083888645388 -31.822758691451387 83.0
295.6084103313724 -31.816555337036824 82.0
295.6084317928319 -31.810351982612442 82.0
295.61563082053965 -31.859997076104413 82.0
295.61565182263615 -31.853793719465056 83.0
295.61567281947345 -31.847590362816327 83.0
295.6156938110532 -31.841387006158175 82.0
295.61571479737694 -31.835183649490663 83.0
295.6157357784462 -31.82898029281374 81.0
295.6157567542626 -31.822776936127433 81.0
295.6230631932171 -31.841404830801896 81.0
295.63059238242255 -31.791795339749797 81.0
295.6306123354552 -31.785591978609396 81.0
295.64524732680906 -31.816642282357694 81.0
295.6452663075363 -31.810438917063347 81.0
295.6452852835121 -31.80423555176132 81.0
295.6453042547379 -31.798032186451614 81.0
295.65261473400335 -31.81665839142351 81.0
295.6526332185811 -31.8104550241152 82.0
295.65265169853166 -31.8042516567996 82.0
295.65991014497405 -31.841487550828905 81.0
295.65998214374065 -31.816674073822227 82.0
295.660000132168 -31.810470704553293 81.0
295.66001811609226 -31.804267335277455 81.0
295.6600540704369 -31.79186059670508 81.0
295.66729705283876 -31.8352994430429 81.0
295.66733205929665 -31.822892700723113 81.0
295.66743697355685 -31.78567247360708 81.0
295.67466595665985 -31.83531427767021 83.0
295.67473396669516 -31.810500785586548 81.0
295.68191916037887 -31.878752308999555 81.0
295.682001825676 -31.84773543507836 81.0
295.68921126795016 -31.90978318475162 81.0
295.6893075919294 -31.872562925694137 81.0
295.69658614663064 -31.90979675925779 82.0
295.69663283302515 -31.89118662465794 82.0
295.69666393780136 -31.87877986823227 82.0
295.7039610274566 -31.909809906293194 81.0
295.703976095464 -31.903606526452958 83.0
295.7039911596968 -31.897403146607896 83.0
295.71133591035954 -31.90982262585748 81.0
295.711350480343 -31.903619244425315 84.0
295.71136504667675 -31.89741586298863 85.0
295.71137960936176 -31.891212481547445 81.0
295.7187107952707 -31.90983491795033 82.0
295.7187248672296 -31.90363153497973 83.0
295.71873893566345 -31.897428152004924 83.0
295.7187530005733 -31.891224769025904 81.0
295.7260856821215 -31.909846782571428 81.0
295.7260992560551 -31.903643398115904 83.0
295.72611282658835 -31.89744001365645 82.0
295.7334736467508 -31.9036548338335 82.0
295.73348671938277 -31.8974514479429 81.0
295.7556431276711 -31.87887301700247 82.0
