# successful candidates for region at (46.28138426706741, 31.91901768706843) and radius 1.0
46.278132060196015 32.63852882494902 115.0
46.27813183235957 32.64483633364408 116.0
46.285627256430224 32.63222128720004 116.0
46.2856275536215 32.63852879589136 116.0
46.28562785088897 32.64483630458268 117.0
46.28562814823266 32.65114381327399 116.0
46.2856284456526 32.657451321965304 115.0
46.2856287431488 32.66375883065661 117.0
46.29312140289516 32.62591331004787 115.0
46.293123047005565 32.638528327310055 117.0
46.293123869376934 32.64483583594111 116.0
46.293124691959164 32.65114334457217 119.0
46.29312551475231 32.6574508532032 118.0
46.29312633775645 32.663758361834226 116.0
46.30061854027504 32.63852741920508 116.0
46.30061988775026 32.64483492771939 116.0
46.30062123557098 32.651142436233656 117.0
46.3006225837373 32.65744994474788 119.0
46.30062393224933 32.66375745326207 118.0
46.30062528110719 32.67006496177622 115.0
46.30062663031096 32.67637247029034 115.0
46.300630679998875 32.69529499583245 115.0
46.30811590593574 32.64483357991753 118.0
46.30811777899488 32.65114108825848 119.0
46.3081196525343 32.657448596599366 119.0
46.30812152655416 32.66375610494016 119.0
46.308123401054594 32.67006361328091 120.0
46.30812527603575 32.676371121621564 115.0
46.30812715149779 32.68267862996215 116.0
46.30812902744085 32.68898613830267 116.0
46.30813090386507 32.6952936466431 118.0
46.30813278077061 32.70160115498347 117.0
46.315559316522624 32.50606661406072 116.0
46.315561701338275 32.51237412217447 115.0
46.31560473265574 32.625909268201504 115.0
46.315611923860196 32.64483179253558 115.0
46.31561432215765 32.6511393006467 118.0
46.31561672107007 32.657446808757676 120.0
46.315619120597646 32.663754316868555 119.0
46.315621520740564 32.67006182497932 120.0
46.31562392149901 32.67636933308995 117.0
46.315626322873186 32.68267684120047 116.0
46.31562872486326 32.688984349310864 118.0
46.31563112746943 32.69529185742114 118.0
46.31563353069189 32.701599365531294 119.0
46.315635934530825 32.70790687364133 116.0
46.32309333500885 32.61329202644712 115.0
46.3230962547997 32.619599534272766 115.0
46.32311086498605 32.65113707339832 115.0
46.32311378927134 32.65744458122289 122.0
46.323116714306515 32.66375208904729 124.0
46.32311964009179 32.67005959687151 118.0
46.32312256662739 32.67636710469555 117.0
46.323125493913565 32.68267461251942 116.0
46.323128421950535 32.6889821203431 119.0
46.32313135073853 32.695289628166606 118.0
46.32313428027777 32.70159713598993 122.0
46.323137210568504 32.70790464381308 122.0
46.32314014161095 32.71421215163604 117.0
46.330583284546826 32.60698185413514 116.0
46.33058672802022 32.613289361618506 118.0
46.33060740740686 32.651134406513435 115.0
46.33061085706487 32.65744191399505 119.0
46.33061430760747 32.663749421476425 120.0
46.33061775903494 32.67005692895755 116.0
46.330621211347555 32.67636443643842 115.0
46.330624664545574 32.68267194391905 115.0
46.33062811862927 32.68897945139942 118.0
46.33063157359892 32.69528695887955 119.0
46.330635029454804 32.70159446635942 120.0
46.330638486197174 32.70790197383906 121.0
46.330641943826315 32.71420948131844 117.0
46.3306454023425 32.72051698879756 116.0
46.33807615264786 32.606978750408 117.0
46.338080120551886 32.61328625749243 116.0
46.33808408947306 32.61959376457653 115.0
46.33810792437739 32.65743880707423 115.0
46.33811190042724 32.66374631415603 116.0
46.338131795977205 32.695283849560056 115.0
46.33813577814953 32.70159135663987 118.0
46.338139761343356 32.70789886371934 119.0
46.338143745559 32.71420637079851 116.0
46.34550177312915 32.512362607953655 116.0
46.34556902019633 32.606975207439916 115.0
46.34557351253078 32.61328271406897 116.0
46.3455780060168 32.6195902206976 116.0
46.34558699644496 32.6322052339536 115.0
46.345604991135644 32.65743526046052 115.0
46.34564103593357 32.707895313454046 115.0
46.35306690388384 32.613278731348224 116.0
46.35307192193448 32.619586237464915 115.0
46.3530769412715 32.625893743581074 116.0
46.35308196189532 32.63220124969671 117.0
46.360560294538026 32.61327430933029 116.0
46.360565837153 32.61958181487857 117.0
46.36057138118885 32.62588932042621 119.0
46.360576926646 32.63219682597321 117.0
46.360582473524886 32.63850433151956 115.0
46.360588021825954 32.64481183706528 115.0
46.360593571549636 32.65111934261035 115.0
46.36059912269636 32.65742684815478 116.0
46.360604675266565 32.663734353698565 115.0
46.36805368442025 32.613269448015295 117.0
46.36805975159928 32.6195769529387 117.0
46.36806582033364 32.62588445786134 119.0
46.36807189062383 32.63219196278321 115.0
46.36807796247031 32.638499467704314 116.0
46.36808403587357 32.644806972624636 117.0
46.368090110834075 32.65111447754418 118.0
46.36809618735231 32.657421982462985 117.0
46.37552730836302 32.59434163467174 116.0
46.3755338950394 32.60064913891652 115.0
46.37554707345749 32.61326414740336 115.0
46.375553665200236 32.61957165164544 119.0
46.37556025863279 32.62587915588659 118.0
46.375566853755686 32.63218666012684 119.0
46.37557345056943 32.63849416436618 118.0
46.37558004907455 32.644801668604615 118.0
46.37558664927156 32.65110917284213 118.0
46.37559325116097 32.65741667707874 117.0
46.383019123598515 32.594335896975544 116.0
46.38302623443509 32.60064340048298 118.0
46.38303334709429 32.606950903989336 118.0
46.38304046157666 32.613258407494655 117.0
46.38304757788277 32.619565910998915 118.0
46.38305469601317 32.62587341450211 120.0
46.38306181596842 32.632180918004245 118.0
46.38306893774908 32.63848842150532 116.0
46.38307606135571 32.64479592500535 119.0
46.38308318678886 32.65110342850431 117.0
46.3830903140491 32.657410932002215 116.0
46.39049567371979 32.58171471472112 115.0
46.39050330480403 32.58802221743719 117.0
46.39051093784404 32.594329720152054 118.0
46.390518572840435 32.600637222865686 118.0
46.39052620979379 32.6069447255781 118.0
46.39053384870471 32.6132522282893 118.0
46.390541489573806 32.61955973099928 118.0
46.39054913240167 32.62586723370805 118.0
46.39055677718889 32.63217473641558 117.0
46.390564423936084 32.63848223912189 117.0
46.39057207264383 32.64478974182699 118.0
46.390579723312754 32.65109724453087 116.0
46.39058737594343 32.65740474723353 115.0
46.39798643898644 32.58170810047043 117.0
46.397994593961506 32.58801560233662 118.0
46.39800275102662 32.594323104201415 119.0
46.39801091018241 32.60063060606483 121.0
46.39801907142952 32.60693810792686 120.0
46.39802723476859 32.61324560978748 119.0
46.39803540020026 32.61955311164672 120.0
46.39804356772517 32.625860613504564 118.0
46.398051737343955 32.63216811536101 118.0
46.39805990905727 32.63847561721606 118.0
46.398068082865734 32.64478311906972 117.0
46.398076258770004 32.65109062092198 117.0
46.398125358243426 32.68893563200624 115.0
46.4054858819835 32.588008548165504 118.0
46.40549456307327 32.59431604912383 119.0
46.40550324638803 32.60062355008058 120.0
46.40551193192846 32.606931051035765 121.0
46.40552061969523 32.613238551989376 121.0
46.40552930968904 32.61954605294138 118.0
46.40553800191056 32.62585355389182 118.0
46.405546696360474 32.632161054840694 120.0
46.405555393039464 32.63846855578799 117.0
46.405564091948214 32.644776056733704 115.0
46.405572793087394 32.65108355767783 116.0
46.40561633226383 32.682621062374764 115.0
46.41297716879706 32.58800105492402 115.0
46.412986373911025 32.594308554919465 116.0
46.41299558138428 32.60061605491313 116.0
46.41300479121756 32.60692355490502 118.0
46.413014003411575 32.61323105489515 117.0
46.41302321796706 32.61953855488349 116.0
46.41303243488473 32.62584605487006 117.0
46.4130416541653 32.63215355485486 119.0
46.4130508758095 32.63846105483788 115.0
46.41306009981807 32.64476855481912 116.0
46.420526866574555 32.62583811643944 115.0
46.420536610685296 32.63214561540367 115.0
46.42054635729422 32.63845311436594 117.0
46.420556106402096 32.644760613326206 116.0
46.42804183742044 32.63844473437236 115.0
47.06312338410375 32.402759598386815 115.0
47.07059914483906 32.40271364044501 115.0
