# successful candidates for region at (289.5557570522588, 59.80182518413826) and radius 1.0
290.40094908527743 59.48622872508612 68.0
290.4089552661275 59.31570510422716 68.0
290.413103705597 59.47983578828733 68.0
290.4247660647355 59.45450362739462 68.0
290.4249285511788 59.46081632678956 69.0
290.4250911053585 59.467129025935975 70.0
290.4252537273165 59.47344172483371 69.0
290.42606785525015 59.50500521558691 68.0
290.4370695112433 59.45442117126729 68.0
290.437234297544 59.460733853480946 70.0
290.43739915253946 59.467046535438975 71.0
290.43756407627217 59.47335921714125 68.0
290.43772906878473 59.47967189858765 68.0
290.4380592603195 59.49229726071198 68.0
290.44920588073853 59.44802489097189 68.0
290.44937289724874 59.45433755602545 70.0
290.449539983369 59.4606502208164 70.0
290.44970713914233 59.46696288534456 70.0
290.4498743646119 59.473275549609774 70.0
290.4500416598208 59.47958821361187 69.0
290.45020902481224 59.48590087735068 68.0
290.46150690657396 59.447940134282014 68.0
290.4616762219076 59.454252781678754 69.0
290.46184560780904 59.46056542880557 69.0
290.4620150643219 59.466878075662315 68.0
290.4621845914899 59.47319072224882 68.0
290.46235418935674 59.47950336856493 68.0
290.4625238579662 59.48581601461045 68.0
290.46269359736203 59.49212866038523 68.0
290.4685230695131 59.252162567681054 69.0
290.47363632762074 59.441541588962636 68.0
290.47380787025776 59.447854218738314 69.0
290.47397948437595 59.45416684823689 69.0
290.47415117001975 59.460479477458165 68.0
290.4743229272332 59.466792106401975 68.0
290.47449475606066 59.47310473506817 68.0
290.4750106726704 59.49204261939924 68.0
290.4823009359002 59.30888962276091 68.0
290.4859349305212 59.441454532706985 68.0
290.4861087709463 59.44776714435065 69.0
290.48628268380986 59.45407975570974 68.0
290.4864566691565 59.46039236678406 68.0
290.48663072703107 59.46670497757343 68.0
290.4868048574786 59.4730175880777 68.0
290.48872509508004 59.54245628475604 68.0
290.4931571868883 59.258300986733644 68.0
290.4985858193652 59.45399150410729 68.0
290.4987621043748 59.46030409679326 68.0
290.4989384628706 59.466616689186694 69.0
290.49911489489807 59.47292928128742 70.0
290.49929140050267 59.47924187309526 69.0
290.49946797973 59.48555446461004 70.0
290.49982135923517 59.49817964675964 68.0
290.4999981596043 59.50449223739411 68.0
290.5012378312986 59.548680363598805 68.0
290.5052132149703 59.25189956623839 68.0
290.5053894414752 59.258212149803775 69.0
290.5055657409705 59.26452473307486 68.0
290.51088889019815 59.45390209343967 68.0
290.51106747483027 59.46021466749588 70.0
290.51124613390675 59.466527241251875 70.0
290.51142486747364 59.47283981470747 70.0
290.5116036755771 59.479152387862506 69.0
290.51178255826323 59.48546496071675 70.0
290.51249883575855 59.51071524912237 68.0
290.5172647141637 59.24549703106991 68.0
290.5174431360146 59.251809596312405 69.0
290.51762163175 59.25812216125316 69.0
290.51797884505567 59.2707472902286 69.0
290.5224691117041 59.42856129990084 69.0
290.5231918954647 59.45381152371714 68.0
290.5233727796783 59.460124078902204 68.0
290.52355373929447 59.46643663377927 69.0
290.52373477435975 59.472749188348146 69.0
290.523915884921 59.47906174260866 69.0
290.52409707102476 59.48537429656062 70.0
290.524278332718 59.491686850203806 68.0
290.52500413632123 59.516937061685205 68.0
290.52949230185726 59.24540592862676 68.0
290.5296729919594 59.2517184750141 71.0
290.5298537568848 59.258031021091966 71.0
290.53003459667946 59.26434356686015 69.0
290.5302155113894 59.270656112318456 69.0
290.53039650106064 59.27696865746668 68.0
290.5309399203034 59.29590629104908 68.0
290.5311212102813 59.302218834955134 68.0
290.53184712257706 59.32746900746722 68.0
290.5343973327328 59.41584457189266 68.0
290.5358612781889 59.46634486677928 68.0
290.53604461471105 59.47265740221985 68.0
290.5362280276883 59.47896993734417 68.0
290.5417198236651 59.24531367505973 69.0
290.5419027819775 59.25162620235379 70.0
290.542085816052 59.25793872933053 70.0
290.54226892593516 59.26425125598978 70.0
290.54245211167347 59.2705637823313 69.0
290.5426353733137 59.27687630835494 69.0
290.54281871090245 59.28318883406047 69.0
290.54300212448646 59.289501359447726 68.0
290.5431856141124 59.29581388451648 68.0
290.54336917982715 59.30212640926655 69.0
290.5441042045107 59.32737650507607 68.0
290.54705654514953 59.42837683704015 68.0
290.5481687497452 59.46625194026242 68.0
290.5483543876819 59.472564456333124 69.0
290.5485401030332 59.47887697207957 68.0
290.5541325052418 59.25153277834189 69.0
290.5543178084239 59.257845285979315 71.0
290.5545031883539 59.26415779329128 70.0
290.5546886450792 59.270470300277644 70.0
290.5548741786468 59.27678280693817 71.0
290.555059789104 59.28309531327264 69.0
290.55524547649816 59.28940781928091 69.0
290.5554312408765 59.295720324962716 69.0
290.55561708228646 59.302032830317906 70.0
290.55580300077537 59.308345335346246 68.0
290.5601005094278 59.4535328603247 68.0
290.5604761531183 59.46615785423942 68.0
290.56066409242715 59.47247035069864 69.0
290.56636216092505 59.251438202989036 70.0
290.56654973317274 59.2577506910489 70.0
290.56673738310775 59.2640631787753 70.0
290.5669251107779 59.27037566616805 71.0
290.5671129162308 59.27668815322695 71.0
290.5673007995144 59.28300063995178 70.0
290.5674887606765 59.28931312634235 70.0
290.567676799765 59.29562561239842 70.0
290.5678649168279 59.30193809811981 70.0
290.5680531119132 59.30825058350629 69.0
290.56824138506875 59.314563068557696 68.0
290.5727834874635 59.466062608721025 68.0
290.57297372810126 59.47237508532725 68.0
290.5782123013451 59.238717538793836 68.0
290.57859174820015 59.25134247630591 69.0
290.578781589471 59.257654944549984 69.0
290.57897150936844 59.26396741245253 72.0
290.57916150794085 59.270279880013284 72.0
290.57935158523645 59.276592347232054 72.0
290.5795417413038 59.282904814108626 71.0
290.57973197619117 59.28921728064279 73.0
290.57992228994726 59.29552974683432 70.0
290.5803031542592 59.3081546781887 68.0
290.58049370491227 59.31446714335109 68.0
290.5902454123937 59.23230825163636 68.0
290.590629235506 59.24493314976361 68.0
290.5908212662401 59.25124559830332 69.0
290.59101337649105 59.257558046493465 69.0
290.5912055663079 59.263870494333815 71.0
290.59139783573943 59.270182941824196 73.0
290.5915901848347 59.27649538896433 72.0
290.5917826136425 59.28280783575404 71.0
290.5919751222121 59.28912028219312 72.0
290.5921677105924 59.29543272828134 71.0
290.5923603788325 59.30174517401849 69.0
290.5925531269816 59.30805761940434 71.0
290.59274595508884 59.31437006443865 71.0
290.59313185137466 59.32699495345192 68.0
290.6022740015296 59.22589785382381 68.0
290.6030507142177 59.25114756899227 69.0
290.60324509340535 59.25745999689028 68.0
290.603439553098 59.26377242443017 69.0
290.60363409334514 59.27008485161174 70.0
290.6038287141963 59.27639727843478 71.0
290.60402341570114 59.282709704899084 69.0
290.6042181979091 59.289022131004366 70.0
290.60441306086994 59.29533455675048 70.0
290.6046080046333 59.30164698213718 70.0
290.6048030292488 59.30795940716421 72.0
290.6049981347664 59.3142718318314 70.0
290.6152800913061 59.25104838838389 69.0
290.6154767393863 59.25736079575154 69.0
290.6158702799293 59.26998560938707 69.0
290.61606717249236 59.27629801565453 69.0
290.6162641466499 59.28261042155482 69.0
290.6164612024521 59.288922827087674 70.0
290.6166583399492 59.295235232252885 68.0
290.61685555919144 59.30154763705028 71.0
290.6170528602291 59.30786004147954 71.0
290.6172502431126 59.31417244554051 69.0
290.62750939667814 59.25094805648937 68.0
290.6277083136064 59.25726044308849 68.0
290.6279073129179 59.263572829312594 68.0
290.62810639466346 59.26988521516145 69.0
290.62830555889366 59.27619760063485 69.0
290.62850480565925 59.282509985732545 68.0
290.62870413501093 59.28882237045428 69.0
290.62890354699954 59.29513475479987 68.0
290.6291030416759 59.30144713876905 71.0
290.6293026190909 59.307759522361586 70.0
290.6295022792954 59.31407190557728 70.0
290.6399398152382 59.257158938912504 68.0
290.6401410842918 59.26347130412132 68.0
290.64034243671915 59.26978366894625 69.0
290.6405438725713 59.276096033387105 69.0
290.6407453918997 59.282408397443646 68.0
290.64094699475567 59.288720761115634 68.0
290.6411486811905 59.295033124402806 70.0
290.6413504512556 59.301345487304935 71.0
290.64155230500256 59.307657849821794 69.0
290.64175424248276 59.31397021195313 69.0
290.6521712434543 59.25705628323509 68.0
290.6523747822044 59.26336862719032 69.0
290.6525784052678 59.26968097075298 70.0
290.6527821126963 59.275993313922854 69.0
290.65298590454177 59.28230565669969 69.0
290.65339374169145 59.29493034107323 68.0
290.65359778709956 59.30124268266949 71.0
290.6538019171325 59.30755502387171 72.0
290.6540061318425 59.31386736467967 71.0
290.6542104312815 59.32017970509313 69.0
290.6562580972701 59.38330308747651 68.0
290.66460840582766 59.26326479853125 68.0
290.6650202784396 59.27588944225373 68.0
290.665226342756 59.28220176351228 68.0
290.6654324924826 59.28851408436876 68.0
290.665638727672 59.29482640482284 69.0
290.66584504837664 59.30113872487435 70.0
290.66605145464933 59.307451044523006 71.0
290.6662579465426 59.313763363768544 70.0
290.6664645241092 59.320075682610735 70.0
290.6666711874019 59.326388001049345 70.0
290.66687793647344 59.33270031908408 69.0
290.66708477137666 59.33901263671474 70.0
290.6672916921645 59.34532495394104 68.0
290.6674986988898 59.35163727076275 68.0
290.6679129703648 59.36426190319138 68.0
290.668327586226 59.3768865339986 68.0
290.67767512880494 59.28840901698399 68.0
290.6778836383015 59.29472131566345 69.0
290.67809223425604 59.30103361393137 71.0
290.6783009167214 59.30734591178752 72.0
290.6785096857511 59.313658209231605 72.0
290.6787185413983 59.3199705062634 71.0
290.6789274837163 59.32628280288265 71.0
290.67913651275853 59.33259509908909 71.0
290.6793456285784 59.33890739488247 69.0
290.6795548312294 59.345219690262525 70.0
290.6801829607041 59.36415657392027 70.0
290.68039251121496 59.37046886764452 69.0
290.6806021488248 59.37678116095416 68.0
290.6899176889932 59.28830279694089 68.0
290.69012847274985 59.29461507360697 70.0
290.69033934390666 59.30092734985249 73.0
290.6905503025174 59.30723962567719 75.0
290.690761348636 59.31355190108081 74.0
290.6909724823162 59.319864176063085 73.0
290.691183703612 59.326176450623755 71.0
290.6913950125774 59.33248872476256 70.0
290.69160640926634 59.33880099847925 68.0
290.6918178937328 59.34511327177356 68.0
290.6920294660309 59.35142554464523 69.0
290.6922411262148 59.357737817093984 70.0
290.69245287433864 59.364050089119566 70.0
290.6926647104567 59.370362360721735 70.0
290.69287663462325 59.3766746319002 69.0
290.69308864689253 59.38298690265471 69.0
290.7021601722177 59.28819542425149 69.0
290.70237323018637 59.29450767866546 71.0
290.7025863764976 59.30081993264976 73.0
290.7027996112058 59.30713218620409 74.0
290.7030129343653 59.313444439328215 74.0
290.7032263460306 59.31975669202187 71.0
290.7034398462562 59.32606894428475 70.0
290.7036534350965 59.33238119611663 70.0
290.7038671126063 59.33869344751722 70.0
290.70408087884005 59.34500569848625 70.0
290.7042947338526 59.35131794902349 68.0
290.7045086776984 59.35763019912863 69.0
290.7144025776485 59.288086898927986 69.0
290.7146179097808 59.294399130851154 71.0
290.7148333311981 59.300711362335406 71.0
290.7150488419552 59.30702359338047 72.0
290.7152644421072 59.31333582398608 74.0
290.715480131709 59.319648054151976 71.0
290.7156959108157 59.32596028387787 69.0
290.7159117794825 59.3322725131635 70.0
290.71612773776445 59.338584742008585 70.0
290.71634378571684 59.34489697041286 70.0
290.71677615085395 59.3575214258979 69.0
290.72642738838033 59.281665011341104 68.0
290.7266449044558 59.28797722098269 70.0
290.7268625107029 59.29428943017632 73.0
290.72708020717727 59.300601638921734 74.0
290.7272979939343 59.30691384721863 73.0
290.7275158710297 59.313226055066735 73.0
290.727733838519 59.31953826246576 71.0
290.7279518964578 59.3258504694155 70.0
290.72817004490184 59.33216267591556 72.0
290.72838828390684 59.33847488196577 72.0
290.72860661352865 59.34478708756578 69.0
290.72882503382306 59.35109929271536 69.0
290.729043544846 59.35741149741419 70.0
290.72926214665324 59.363723701662025 70.0
290.7294808393009 59.37003590545856 70.0
290.72969962284503 59.37634810880354 69.0
290.7386673626106 59.281554203745294 68.0
290.73888715180976 59.28786639042806 72.0
290.7391070321223 59.294178576653465 73.0
290.7393270036043 59.30049076242123 74.0
290.73954706631184 59.30680294773105 74.0
290.73976722030113 59.313115132582645 71.0
290.7399874656283 59.31942731697575 71.0
290.7402078023495 59.32573950091008 71.0
290.7404282305212 59.33205168438535 70.0
290.74064875019957 59.33836386740124 71.0
290.740869361441 59.34467604995752 71.0
290.741090064302 59.35098823205388 71.0
290.7413108588389 59.35730041369005 69.0
290.7415317451083 59.363612594865714 70.0
290.7417527231668 59.369924775580614 69.0
290.74197379307094 59.376236955834464 68.0
290.75046340800077 59.268817915421096 68.0
290.7506852863333 59.27513007983935 68.0
290.7509072566078 59.281442243791304 72.0
290.75112931888077 59.28775440727668 74.0
290.7513514732088 59.29406657029516 74.0
290.75157371964843 59.30037873284648 75.0
290.75179605825645 59.30669089493035 73.0
290.7520184890896 59.31300305654645 69.0
290.75224101220454 59.319315217694545 71.0
290.75246362765813 59.32562737837431 72.0
290.75268633550724 59.33193953858545 72.0
290.75290913580875 59.3382516983277 73.0
290.7531320286196 59.34456385760075 72.0
290.75335501399684 59.350876016404335 69.0
290.7538012626786 59.36350033260186 69.0
290.7629228271858 59.27501699096633 68.0
290.7631470695427 59.281329131491866 71.0
290.76337140483906 59.28764127154124 71.0
290.76359583313206 59.29395341111412 72.0
290.7638203544789 59.30026555021021 73.0
290.76404496893696 59.30657768882924 70.0
290.7642696765633 59.312889826970896 68.0
290.76449447741544 59.319201964634864 68.0
290.7647193715507 59.325514101820886 69.0
290.7649443590266 59.33182623852864 69.0
290.7651694399005 59.338138374757875 70.0
290.76539461423 59.344450510508224 69.0
290.76561988207266 59.35076264577943 68.0
290.7658452434862 59.35707478057124 68.0
290.7660706985282 59.363386914883286 69.0
290.76629624725643 59.36969904871531 69.0
290.7665218897286 59.37601118206698 68.0
290.7753868005861 59.28121486685981 68.0
290.77561340885495 59.28752698323461 70.0
290.7758401110621 59.2938390991232 71.0
290.7760669072652 59.30015121452529 73.0
290.77629379752204 59.306463329440604 72.0
290.7767478604289 59.31908755780962 68.0
290.7776571174379 59.34433600869289 69.0
290.77788466769476 59.3506481201922 68.0
290.77834005182115 59.3632723417229 69.0
290.7785678858073 59.36958445175369 69.0
290.77879581448656 59.37589656129435 69.0
290.78739766254034 59.274787356950775 68.0
290.78762644890895 59.281099449908105 68.0
290.787855330099 59.28741154236974 69.0
290.7880843061686 59.29372363433537 71.0
290.78831337717645 59.30003572580471 73.0
290.78854254318065 59.306347816777446 71.0
290.78877180423984 59.31265990725324 69.0
290.78900116041245 59.31897199723182 69.0
290.7998660136822 59.28098288064981 70.0
290.80009716774134 59.28729494895975 71.0
290.80032841762164 59.293607016763765 72.0
290.8005597633821 59.29991908406158 74.0
290.8007912050816 59.30623115085287 72.0
290.80102274277925 59.312543217137296 70.0
290.8012543765342 59.318855282914605 70.0
290.8014861064054 59.32516734818444 68.0
290.8028785073939 59.36303972912911 68.0
290.8121054940768 59.280865159098205 68.0
290.81233892095264 59.287177203017855 70.0
290.812572444591 59.29348924642161 71.0
290.8128060650516 59.299801289309144 71.0
290.8130397823938 59.30611333168012 71.0
290.81327359667733 59.312425373534275 70.0
290.8135075079618 59.318737414871244 69.0
290.81514760800223 59.36292168972225 68.0
290.8245805889033 59.28705830455743 69.0
290.8248163862468 59.29337032332227 70.0
290.82505228135443 59.29968234156079 68.0
290.8252882742862 59.305994359272646 69.0
290.8255243651024 59.31230637645756 70.0
290.82576055386335 59.31861839311515 69.0
290.82599684062916 59.32493040924513 69.0
290.8271797466463 59.35649048196927 68.0
290.83706024175893 59.29325024747926 70.0
290.83729841146004 59.29956224083002 69.0
290.83753667992784 59.305874233643934 70.0
290.8377750472231 59.312186225920655 70.0
290.8380135134066 59.318498217659865 70.0
290.83825207853937 59.32481020886122 69.0
290.84954445453803 59.29944098713049 68.0
290.8497849984876 59.305752954807616 69.0
290.8500256422077 59.31206492193724 68.0
290.85026638575977 59.31837688851905 68.0
290.85050722920516 59.324688854552655 69.0
290.8509892160222 59.33731278497403 70.0
290.85123035951693 59.34362474936109 68.0
290.8514716031514 59.34993671319864 68.0
290.86179040975793 59.299318580475976 68.0
290.86227614922495 59.311942464521124 68.0
290.86251917009076 59.31825440570647 68.0
290.8630055143969 59.33087828640108 68.0
290.8632488379615 59.33719022590964 68.0
290.86349226255004 59.343502164858556 68.0
290.8637357882247 59.34981410324748 69.0
290.8639794150479 59.356126041076124 68.0
290.87428137103814 59.30550693756747 69.0
290.87452656744335 59.31181885368617 68.0
290.8757540765075 59.34337842574122 69.0
290.87599988416696 59.349690338442066 68.0
