# successful candidates for region at (65.17649635680989, -5.0734701347772715) and radius 1.0
65.79296466704147 -4.662927949481364 26.0
65.79915746317678 -4.662922205860987 26.0
65.80535595213551 -4.6690920094795665 26.0
65.80535025920733 -4.662916404833133 26.0
65.81155455812397 -4.675261750707191 26.0
65.81154880411812 -4.669086148554843 26.0
65.81154305513212 -4.662910546397871 26.0
65.8115373111657 -4.6567349442362795 26.0
65.81774746610625 -4.675255829836786 26.0
65.81774165599377 -4.669080230198386 26.0
65.82392279067642 -4.65672306019574 26.0
65.83013328174536 -4.6752438157278755 26.0
65.83012735942003 -4.669068221190558 26.0
65.83012144226137 -4.662892626648343 26.0
65.83633217304757 -4.681413314434702 26.0
65.83632618940008 -4.6752377224895145 26.0
65.83632021096854 -4.66906213053933 26.0
65.84252513674603 -4.681407161128877 27.0
65.84251909694355 -4.675231571795313 26.0
65.84871200437469 -4.6752253636453425 26.0
65.86730953563021 -4.693733130374448 26.0
65.86730326028689 -4.687557551742308 26.0
65.87350261121131 -4.693726684201048 26.0
65.87965744297085 -4.656666741573122 27.0
65.8858565975997 -4.66283576742313 26.0
65.88585018153795 -4.656660197036732 26.0
65.89205586977918 -4.669004730272242 26.0
65.89204939205457 -4.662829162698201 26.0
65.89204291998587 -4.656653595118294 26.0
65.89825525965496 -4.675173630047046 26.0
65.89824872016948 -4.668998065309961 26.0
65.89824218638911 -4.662822500566906 26.0
65.8982356583136 -4.656646935817886 26.0
65.90444816602823 -4.675166904798602 26.0
65.9044415704382 -4.668991342917003 26.0
65.90443498060225 -4.662815781029329 26.0
65.91064107227874 -4.675160122095166 26.0
