# successful candidates for region at (286.68086846953014, -49.031985140926665) and radius 1.0
285.7567520795704 -48.48661368835524 84.0
285.75686702639405 -48.48032259318196 82.0
285.75698193728357 -48.4740314978346 83.0
285.76617505160175 -48.48668915778356 82.0
285.7662888266564 -48.480398050818756 85.0
285.76640256614303 -48.47410694368342 83.0
285.77559805161223 -48.48676385379069 82.0
286.02929878817093 -48.54511076688877 82.0
286.038733019989 -48.54516388021753 83.0
286.0772972776556 -48.47616287924528 83.0
286.0775223668161 -48.45728859366064 82.0
286.0862749192876 -48.513960650123806 83.0
286.0863489398306 -48.50766921442336 83.0
286.086570862571 -48.48879490688933 82.0
286.0866447905563 -48.48250347090056 83.0
286.08671869542815 -48.476212034839776 84.0
286.08679257719695 -48.469920598707034 83.0
286.08686643587305 -48.46362916250236 83.0
286.0869402714668 -48.457337726225774 84.0
286.0870140839886 -48.45104628987733 83.0
286.09519282399384 -48.55804917875815 82.0
286.09592186384305 -48.49513474778714 83.0
286.09599464243774 -48.48884330430565 84.0
286.0960673982752 -48.48255186075435 83.0
286.09614013136564 -48.476260417133346 84.0
286.09621284171925 -48.46996897344264 84.0
286.09628552934623 -48.46367752968225 83.0
286.0963581942569 -48.45738608585223 83.0
286.0964308364613 -48.451094641952615 83.0
286.09693869697395 -48.407054532708905 83.0
286.0970835962016 -48.394471643728906 82.0
286.1052752056537 -48.50147382995976 82.0
286.1053468341263 -48.495182379101934 82.0
286.1054184401982 -48.48889092817655 82.0
286.1054900238794 -48.48259947718363 82.0
286.10556158518 -48.47630802612322 82.0
286.1056331241101 -48.47001657499532 85.0
286.1057046406797 -48.46372512379998 84.0
286.1057761348988 -48.45743367253724 83.0
286.1059190563257 -48.44485076980961 82.0
286.1059904835536 -48.438559318344815 83.0
286.10613327108825 -48.42597641521337 83.0
286.10620463141504 -48.419684963546786 82.0
286.1062759694615 -48.41339351181301 82.0
286.1063472852375 -48.40710206001207 84.0
286.10641857875316 -48.40081060814397 82.0
286.1064898500185 -48.394519156208794 82.0
286.1065610990433 -48.38822770420652 83.0
286.1146308888298 -48.50781215304828 82.0
286.11470136644846 -48.50152069493069 83.0
286.11484225556404 -48.48893777849935 83.0
286.11491266708083 -48.48264632018564 84.0
286.1149830565834 -48.476354861806634 82.0
286.1150534240817 -48.47006340336234 86.0
286.1151237695856 -48.463771944852795 87.0
286.11519409310495 -48.457480486278016 84.0
286.1152643946496 -48.45118902763806 83.0
286.1153346742295 -48.444897568932944 83.0
286.1154049318544 -48.438606110162674 84.0
286.1154751675343 -48.43231465132732 84.0
286.11554538127893 -48.426023192426875 84.0
286.1156155730981 -48.4197317334614 85.0
286.1156857430018 -48.413440274430904 83.0
286.1157558909996 -48.40714881533541 84.0
286.1158260171016 -48.40085735617498 83.0
286.115966203657 -48.38827443765935 83.0
286.1238501970345 -48.52673264702518 82.0
286.1239195664696 -48.520441181891094 82.0
286.12398891419855 -48.51414971669368 83.0
286.12405824023097 -48.507858251432964 84.0
286.12412754457677 -48.501566786108974 83.0
286.1241968272456 -48.495275320721746 82.0
286.1242660882472 -48.48898385527131 83.0
286.1243353275914 -48.48269238975769 84.0
286.1244045452878 -48.47640092418089 84.0
286.1244737413462 -48.470109458540996 86.0
286.12454291577626 -48.46381799283798 87.0
286.12461206858774 -48.457526527071934 86.0
286.12468119979036 -48.4512350612428 85.0
286.1247503093938 -48.44494359535068 86.0
286.12481939740775 -48.43865212939557 86.0
286.12488846384184 -48.43236066337751 86.0
286.12495750870585 -48.42606919729652 87.0
286.1250265320094 -48.419777731152635 86.0
286.12509553376213 -48.413486264945874 87.0
286.1251645139738 -48.40719479867629 85.0
286.12523347265403 -48.40090333234389 83.0
286.12537132545856 -48.38832039949075 84.0
286.1254402196023 -48.382028932970094 83.0
286.1332128711337 -48.53306946492729 82.0
286.13328108753456 -48.526777992762625 82.0
286.133349282587 -48.52048652053674 83.0
286.13341745630066 -48.51419504824963 84.0
286.13348560868513 -48.507903575901366 84.0
286.13355373975 -48.501612103491944 82.0
286.1336218495049 -48.495320631021414 82.0
286.13368993795933 -48.489029158489785 83.0
286.1337580051229 -48.48273768589709 83.0
286.1338260510052 -48.476446213243364 82.0
286.13389407561573 -48.47015474052864 86.0
286.13396207896403 -48.46386326775293 87.0
286.1340300610597 -48.45757179491627 88.0
286.1340980219123 -48.451280322018675 87.0
286.13416596153127 -48.44498884906018 88.0
286.1342338799262 -48.43869737604084 86.0
286.1343017771067 -48.43240590296066 89.0
286.13436965308216 -48.42611442981965 88.0
286.1344375078621 -48.41982295661785 89.0
286.134505341456 -48.41353148335531 86.0
286.13457315387353 -48.40724001003203 86.0
286.13464094512403 -48.40094853664804 84.0
286.134708715217 -48.3946570632034 84.0
286.13477646416203 -48.38836558969809 85.0
286.13484419196845 -48.38207411613216 83.0
286.1349118986458 -48.375782642505655 84.0
286.13504724865123 -48.36319969507096 83.0
286.1353852545679 -48.331742325425786 82.0
286.142577890547 -48.53940552243386 82.0
286.14264495317985 -48.533114043355525 83.0
286.1427119948225 -48.526822564218044 84.0
286.1427790154844 -48.520531085021425 82.0
286.142846015175 -48.51423960576568 83.0
286.14291299390356 -48.50794812645086 83.0
286.1429799516797 -48.50165664707699 82.0
286.1430468885128 -48.49536516764408 82.0
286.14311380441217 -48.48907368815216 84.0
286.14318069938736 -48.482782208601265 84.0
286.1432475734476 -48.47649072899142 84.0
286.1433144266024 -48.47019924932265 87.0
286.14338125886115 -48.46390776959499 88.0
286.14344807023315 -48.457616289808456 88.0
286.14351486072786 -48.45132480996307 88.0
286.1435816303546 -48.44503333005888 88.0
286.1436483791228 -48.43874185009589 87.0
286.14371510704177 -48.43245037007414 89.0
286.14378181412087 -48.426158889993644 90.0
286.1438485003694 -48.419867409854454 91.0
286.1439151657968 -48.413575929656574 89.0
286.1439818104123 -48.40728444940004 89.0
286.14404843422534 -48.400992969084875 87.0
286.1441150372451 -48.39470148871112 83.0
286.1441816194811 -48.38841000827876 82.0
286.14424818094255 -48.382118527787874 86.0
286.1443147216387 -48.37582704723846 84.0
286.14438124157886 -48.36953556663054 82.0
286.1444477407725 -48.363244085964155 83.0
286.14451421922865 -48.35695260523934 82.0
286.1445806769568 -48.35066112445609 82.0
286.14464711396613 -48.344369643614456 83.0
286.144713530266 -48.338078162714474 82.0
286.1519452561024 -48.545740819185085 82.0
286.1520111642334 -48.53944933331014 84.0
286.1520770517326 -48.53315784737806 84.0
286.15214291860934 -48.526866361388876 84.0
286.15220876487297 -48.5205748753426 85.0
286.15227459053267 -48.51428338923927 83.0
286.1523403955977 -48.507991903078896 83.0
286.1524061800774 -48.50170041686154 82.0
286.15247194398086 -48.49540893058719 82.0
286.1525376873175 -48.48911744425587 84.0
286.1526034100965 -48.48282595786764 83.0
286.1526691123271 -48.47653447142249 84.0
286.1527347940185 -48.47024298492048 90.0
286.1528004551799 -48.46395149836162 89.0
286.15286609582057 -48.45766001174592 88.0
286.15293171594976 -48.451368525073434 88.0
286.1529973155766 -48.445077038344174 87.0
286.1530628947103 -48.43878555155815 90.0
286.15312845336007 -48.43249406471542 91.0
286.1531939915351 -48.42620257781599 90.0
286.1532595092446 -48.41991109085989 91.0
286.1533250064977 -48.41361960384714 91.0
286.1533904833036 -48.407328116777784 89.0
286.1534559396715 -48.40103662965183 86.0
286.1535213756105 -48.394745142469304 84.0
286.1535867911298 -48.38845365523024 83.0
286.1536521862385 -48.382162167934645 87.0
286.15371756094584 -48.375870680582594 84.0
286.1537829152609 -48.369579193174054 85.0
286.1538482491928 -48.36328770570908 85.0
286.15391356275063 -48.3569962181877 83.0
286.1539788559436 -48.35070473060992 86.0
286.1540441287808 -48.3444132429758 83.0
286.1613797215231 -48.5457838622666 83.0
286.1614444541448 -48.53949236965703 84.0
286.16150916650275 -48.53320087699234 85.0
286.161573858606 -48.52690938427258 84.0
286.1616385304637 -48.52061789149773 84.0
286.1617031820849 -48.51432639866784 83.0
286.1617678134788 -48.50803490578294 85.0
286.16183242465434 -48.50174341284306 83.0
286.16189701562075 -48.4954519198482 83.0
286.16196158638706 -48.48916042679839 82.0
286.1620261369623 -48.48286893369369 83.0
286.16209066735564 -48.47657744053408 84.0
286.16215517757604 -48.47028594731961 86.0
286.1622196676326 -48.463994454050294 86.0
286.16228413753436 -48.45770296072617 87.0
286.1623485872904 -48.451411467347235 87.0
286.1624130169098 -48.44511997391356 89.0
286.16247742640144 -48.43882848042513 90.0
286.16254181577455 -48.43253698688198 89.0
286.162606185038 -48.42624549328414 86.0
286.1626705342009 -48.41995399963164 89.0
286.16273486327225 -48.4136625059245 88.0
286.162799172261 -48.407371012162734 87.0
286.1628634611762 -48.40107951834638 82.0
286.16292773002687 -48.39478802447545 83.0
286.162991978822 -48.38849653055 84.0
286.16305620757055 -48.38220503657001 87.0
286.1631204162815 -48.37591354253554 86.0
286.1631846049638 -48.369622048446594 87.0
286.16324877362655 -48.36333055430322 86.0
286.1633129222786 -48.357039060105414 84.0
286.1633770509289 -48.35074756585321 82.0
286.17017753559253 -48.60874111999737 82.0
286.17062341210715 -48.564700628045 82.0
286.17068702895347 -48.558409128981545 82.0
286.1707506258771 -48.552117629864874 85.0
286.1708142028869 -48.54582613069503 84.0
286.1708777599919 -48.539534631472044 87.0
286.17094129720107 -48.5332431321959 86.0
286.1710048145233 -48.52695163286666 86.0
286.17106831196764 -48.520660133484334 87.0
286.171131789543 -48.514368634048935 84.0
286.1711952472582 -48.508077134560516 86.0
286.1712586851222 -48.501785635019075 82.0
286.17132210314406 -48.49549413542465 83.0
286.1713855013325 -48.48920263577726 85.0
286.17144887969664 -48.482911136076936 85.0
286.1715122382452 -48.476619636323676 87.0
286.17157557698715 -48.47032813651755 86.0
286.17163889593144 -48.46403663665854 87.0
286.1717021950869 -48.457745136746695 88.0
286.1717654744624 -48.45145363678202 87.0
286.1718287340669 -48.44516213676457 89.0
286.1718919739091 -48.43887063669433 89.0
286.1719551939981 -48.43257913657134 88.0
286.17201839434256 -48.42628763639564 87.0
286.1720815749515 -48.419996136167235 88.0
286.1721447358336 -48.41370463588617 88.0
286.17220787699785 -48.407413135552446 86.0
286.17227099845303 -48.40112163516607 82.0
286.172334100208 -48.39483013472713 84.0
286.1723971822716 -48.38853863423558 85.0
286.17246024465254 -48.38224713369149 83.0
286.1725232873598 -48.37595563309486 90.0
286.1725863104021 -48.36966413244572 90.0
286.17264931378827 -48.363372631744106 86.0
286.1727122975271 -48.35708113099003 83.0
286.1727752616274 -48.35078963018352 82.0
286.1794985945521 -48.62136568904987 82.0
286.179561211155 -48.61507418395068 82.0
286.17962380812406 -48.608782678800026 82.0
286.1797489431965 -48.596199668344426 83.0
286.1798114813175 -48.589908163039496 83.0
286.17999897812564 -48.571033646816616 82.0
286.18006143790615 -48.564742141306354 85.0
286.1801238781236 -48.5584506357448 85.0
286.1801862987867 -48.55215913013199 87.0
286.1802486999043 -48.54586762446796 86.0
286.1803110814853 -48.53957611875271 89.0
286.1803734435384 -48.533284612986286 88.0
286.1804357860723 -48.526993107168686 90.0
286.18049810909594 -48.520701601299955 88.0
286.180560412618 -48.5144100953801 87.0
286.1806226966472 -48.508118589409165 86.0
286.1806849611924 -48.501827083387155 85.0
286.1807472062623 -48.495535577314094 85.0
286.1808094318657 -48.489244071190015 87.0
286.1808716380113 -48.48295256501495 85.0
286.1809338247079 -48.47666105878888 86.0
286.1809959919641 -48.47036955251187 87.0
286.18105813978883 -48.46407804618393 88.0
286.1811202681906 -48.457786539805085 90.0
286.18118237717835 -48.45149503337536 91.0
286.1812444667606 -48.44520352689477 92.0
286.1813065369462 -48.43891202036335 91.0
286.18136858774375 -48.43262051378111 88.0
286.181430619162 -48.42632900714808 88.0
286.1814926312096 -48.420037500464275 85.0
286.1815546238953 -48.413745993729734 88.0
286.18161659722773 -48.407454486944474 86.0
286.18167855121567 -48.401162980108516 84.0
286.18174048586764 -48.39487147322187 84.0
286.1818024011924 -48.388579966284574 86.0
286.1818642971986 -48.38228845929666 85.0
286.18192617389485 -48.375996952258134 86.0
286.18198803128985 -48.36970544516902 88.0
286.1820498693923 -48.36341393802935 85.0
286.1821734877538 -48.35083092359843 84.0
286.1822352680302 -48.34453941630722 84.0
286.18229702904847 -48.338247908965535 83.0
286.1823587708173 -48.331956401573414 84.0
286.18242049334526 -48.32566489413087 82.0
286.18248219664105 -48.31937338663791 82.0
286.18894724206956 -48.62140648476686 82.0
286.18900867871275 -48.61511497327361 83.0
286.18907009609217 -48.60882346173083 84.0
286.1891314942165 -48.602531950138534 82.0
286.1892542327345 -48.589948926805434 83.0
286.1893155731456 -48.58365741506469 82.0
286.18943819631517 -48.57107439143494 83.0
286.18949947909095 -48.56478287954597 84.0
286.18956074267226 -48.55849136760764 86.0
286.1896219870677 -48.55219985561996 88.0
286.189683212286 -48.54590834358295 89.0
286.1897444183357 -48.53961683149666 86.0
286.1898056052254 -48.5333253193611 87.0
286.18986677296385 -48.52703380717627 88.0
286.1899279215595 -48.52074229494222 87.0
286.1899890510211 -48.514450782658955 89.0
286.1900501613572 -48.508159270326516 89.0
286.1901112525763 -48.5018677579449 88.0
286.1901723246872 -48.495576245514144 89.0
286.1902333776983 -48.48928473303428 90.0
286.19029441161825 -48.48299322050532 87.0
286.1903554264556 -48.47670170792729 88.0
286.19041642221896 -48.47041019530021 88.0
286.1904773989169 -48.46411868262408 88.0
286.19053835655797 -48.45782716989896 90.0
286.19059929515066 -48.451535657124865 91.0
286.1906602147036 -48.445244144301796 91.0
286.1907211152253 -48.438952631429785 91.0
286.19078199672435 -48.43266111850887 91.0
286.1908428592092 -48.426369605539044 87.0
286.19090370268844 -48.42007809252037 84.0
286.1909645271706 -48.41378657945282 85.0
286.1910253326641 -48.40749506633645 85.0
286.1910861191776 -48.40120355317129 83.0
286.19114688671954 -48.394912039957326 82.0
286.1912076352984 -48.388620526694616 85.0
286.1912683649227 -48.382329013383156 84.0
286.1913290756009 -48.37603750002298 85.0
286.1913897673415 -48.36974598661411 85.0
286.19145044015306 -48.36345447315658 87.0
286.191511094044 -48.35716295965039 87.0
286.1915717290228 -48.35087144609557 86.0
286.1916323450979 -48.34457993249214 84.0
286.19169294227777 -48.33828841884013 84.0
286.1917535205709 -48.33199690513956 84.0
286.1918140799857 -48.32570539139046 83.0
286.1918746205307 -48.31941387759283 83.0
286.19199564504476 -48.306830849852105 82.0
286.19791317013437 -48.67177864477322 83.0
286.19797357826855 -48.66548712738964 83.0
286.19845616142334 -48.615154986600736 82.0
286.19851639920597 -48.60886346878742 83.0
286.19863681812376 -48.59628043301788 82.0
286.19869699927597 -48.58998891506172 84.0
286.1987571615684 -48.583697397057975 82.0
286.1988774296077 -48.57111436090786 83.0
286.19893753537167 -48.56482284276152 86.0
286.1989976223098 -48.558531324567696 86.0
286.1990576904305 -48.55223980632641 89.0
286.1991177397423 -48.54594828803769 88.0
286.19917777025364 -48.53965676970154 87.0
286.19923778197295 -48.53336525131799 89.0
286.1992977749088 -48.52707373288705 89.0
286.1993577490695 -48.52078221440876 88.0
286.19941770446354 -48.51449069588314 88.0
286.1994776410994 -48.508199177310196 91.0
286.1995375589855 -48.50190765868997 92.0
286.1995974581302 -48.49561614002247 91.0
286.199657338542 -48.48932462130772 91.0
286.19971720022926 -48.48303310254573 89.0
286.1997770432004 -48.47674158373656 92.0
286.19983686746383 -48.47045006488018 91.0
286.199896673028 -48.46415854597666 88.0
286.1999564599012 -48.45786702702598 91.0
286.20001622809195 -48.45157550802819 92.0
286.20007597760855 -48.4452839889833 92.0
286.2001357084594 -48.43899246989133 90.0
286.2001954206529 -48.432700950752306 89.0
286.2002551141974 -48.42640943156625 89.0
286.20031478910124 -48.420117912333176 87.0
286.2003744453728 -48.4138263930531 87.0
286.20043408302047 -48.40753487372608 84.0
286.20049370205254 -48.40124335435209 84.0
286.2005533024774 -48.39495183493117 85.0
286.2006128843033 -48.38866031546336 88.0
286.20067244753875 -48.38236879594866 89.0
286.200731992192 -48.3760772763871 88.0
286.2007915182713 -48.3697857567787 87.0
286.200851025785 -48.36349423712346 89.0
286.2009105147415 -48.35720271742143 87.0
286.200969985149 -48.35091119767264 87.0
286.2010294370159 -48.34461967787708 86.0
286.2010888703505 -48.33832815803477 87.0
286.2011482851609 -48.33203663814575 87.0
286.2012076814556 -48.32574511821005 85.0
286.2012670592429 -48.319453598227675 85.0
286.201326418531 -48.31316207819864 83.0
286.2013857593281 -48.306870558122974 82.0
286.2015636708566 -48.28799599761644 82.0
286.2072527946133 -48.68440098448627 82.0
286.2073120570149 -48.67810946102911 83.0
286.2073713008089 -48.67181793752593 84.0
286.2074305260037 -48.66552641397673 83.0
286.2078445822931 -48.621485747846165 82.0
286.2079036589958 -48.61519422392973 82.0
286.20802175683787 -48.602611175959424 82.0
286.208080777994 -48.5963196519056 83.0
286.20813978065127 -48.590028127806036 83.0
286.208198764818 -48.583736603660746 83.0
286.20825773050257 -48.57744507946975 83.0
286.20831667771324 -48.571153555233046 84.0
286.20837560645845 -48.56486203095069 86.0
286.20843451674637 -48.55857050662268 86.0
286.20849340858535 -48.55227898224906 88.0
286.20855228198377 -48.54598745782984 88.0
286.20861113694986 -48.53969593336502 87.0
286.20866997349185 -48.533404408854636 90.0
286.20872879161817 -48.527112884298724 90.0
286.20878759133694 -48.52082135969729 89.0
286.2088463726566 -48.514529835050354 90.0
286.20890513558527 -48.50823831035793 91.0
286.20896388013136 -48.50194678562006 91.0
286.209022606303 -48.49565526083675 92.0
286.2090813141085 -48.48936373600802 92.0
286.2091400035562 -48.483072211133894 91.0
286.2091986746542 -48.4767806862144 91.0
286.20925732741085 -48.47048916124954 92.0
286.20931596183436 -48.464197636239355 93.0
286.2093745779329 -48.45790611118385 95.0
286.20943317571476 -48.45161458608306 92.0
286.2094917551881 -48.445323060936985 88.0
286.20955031636123 -48.43903153574567 87.0
286.20960885924234 -48.43274001050912 88.0
286.20966738383953 -48.42644848522737 88.0
286.20972589016117 -48.42015695990042 90.0
286.2097843782153 -48.4138654345283 87.0
286.2098428480102 -48.40757390911103 89.0
286.2099012995541 -48.401282383648635 86.0
286.209959732855 -48.39499085814112 88.0
286.2100181479213 -48.38869933258854 90.0
286.21007654476097 -48.382407806990884 88.0
286.2101349233823 -48.376116281348175 89.0
286.21019328379344 -48.36982475566046 91.0
286.21025162600256 -48.363533229927725 89.0
286.2103099500178 -48.35724170415 89.0
286.21036825584724 -48.35095017832732 89.0
286.21042654349907 -48.3446586524597 90.0
286.21048481298146 -48.33836712654715 88.0
286.21054306430244 -48.33207560058971 90.0
286.2106012974703 -48.32578407458737 89.0
286.21065951249307 -48.31949254854016 89.0
286.2107177093788 -48.31320102244815 85.0
286.21077588813574 -48.306909496311285 85.0
286.2108340487719 -48.300617970129615 85.0
286.21089219129544 -48.29432644390318 85.0
286.21665520997107 -48.69073104169563 82.0
286.21671330692755 -48.68443951223537 82.0
286.2167713856398 -48.67814798273089 84.0
286.21682944611604 -48.6718564531822 85.0
286.2168874883646 -48.66556492358934 83.0
286.2169455123935 -48.65927339395231 82.0
286.21729327441693 -48.621524215203905 83.0
286.217351171139 -48.6152326852583 82.0
286.2175247524145 -48.59635809515759 82.0
286.21758257657 -48.59006656503611 82.0
286.2176403826042 -48.58377503487071 83.0
286.21769817052547 -48.577483504661416 84.0
286.2177559403418 -48.57119197440824 83.0
286.2178136920613 -48.5649004441112 86.0
286.2178714256923 -48.55860891377032 86.0
286.2179291412428 -48.55231738338563 86.0
286.21798683872095 -48.54602585295713 86.0
286.2180445181349 -48.539734322484854 86.0
286.2181021794928 -48.53344279196881 88.0
286.21815982280276 -48.52715126140904 90.0
286.2182174480729 -48.52085973080553 91.0
286.21827505531127 -48.51456820015832 92.0
286.2183326445261 -48.508276669467456 94.0
286.2183902157253 -48.50198513873291 92.0
286.21844776891714 -48.49569360795473 91.0
286.2185053041097 -48.48940207713292 95.0
286.21856282131097 -48.483110546267525 94.0
286.2186203205291 -48.476819015358544 93.0
286.2186778017722 -48.470527484406006 94.0
286.2187352650482 -48.46423595340992 94.0
286.21879271036534 -48.45794442237031 93.0
286.2188501377316 -48.4516528912872 94.0
286.21890754715497 -48.44536136016062 89.0
286.21896493864364 -48.43906982899057 90.0
286.21902231220554 -48.43277829777708 90.0
286.2190796678488 -48.42648676652016 90.0
286.21913700558144 -48.42019523521985 91.0
286.2191943254114 -48.413903703876144 88.0
286.21925162734686 -48.407612172489074 87.0
286.21930891139573 -48.40132064105867 89.0
286.2193661775661 -48.39502910958494 89.0
286.21942342586595 -48.38873757806791 88.0
286.21948065630323 -48.382446046507596 88.0
286.219537868886 -48.37615451490401 91.0
286.2195950636223 -48.369862983257185 91.0
286.2196522405201 -48.36357145156712 89.0
286.21970939958726 -48.35727991983387 87.0
286.219766540832 -48.350988388057424 89.0
286.21982366426215 -48.34469685623782 91.0
286.21988076988566 -48.33840532437506 91.0
286.2199378577106 -48.33211379246919 91.0
286.2199949277449 -48.3258222605202 92.0
286.22005197999647 -48.31953072852812 92.0
286.22010901447334 -48.313239196492965 88.0
286.22016603118334 -48.30694766441477 84.0
286.22022303013455 -48.30065613229354 86.0
286.22028001133486 -48.29436460012932 84.0
286.22033697479225 -48.28807306792208 82.0
286.2261738335958 -48.68447726264183 84.0
286.2262307286119 -48.67818572721204 86.0
286.22628760576373 -48.671894191739824 83.0
286.2263444650592 -48.66560265622521 84.0
286.2264013065064 -48.659311120668214 83.0
286.22645813011343 -48.65301958506886 83.0
286.22662849397386 -48.63414497801683 82.0
286.2270820146368 -48.58381269068568 82.0
286.2271386247879 -48.5775211545795 82.0
286.2271952172032 -48.57122961843121 84.0
286.2272517918904 -48.56493808224083 87.0
286.2273083488577 -48.5586465460084 88.0
286.227364888113 -48.552355009733894 86.0
286.22742140966426 -48.546063473417355 84.0
286.2274779135195 -48.5397719370588 85.0
286.2275343996866 -48.53348040065826 88.0
286.22759086817354 -48.52718886421575 91.0
286.2276473189883 -48.52089732773127 94.0
286.2277037521388 -48.51460579120487 94.0
286.227760167633 -48.50831425463654 93.0
286.2278165654788 -48.5020227180263 92.0
286.2278729456842 -48.495731181374204 93.0
286.2279293082571 -48.48943964468024 94.0
286.22798565320545 -48.48314810794443 92.0
286.22804198053706 -48.4768565711668 93.0
286.2280982902599 -48.47056503434737 95.0
286.2281545823819 -48.46427349748615 92.0
286.22821085691095 -48.45798196058316 95.0
286.22826711385494 -48.45169042363844 96.0
286.2283233532218 -48.44539888665197 94.0
286.22837957501935 -48.439107349623804 91.0
286.22843577925556 -48.43281581255396 89.0
286.2284919659382 -48.426524275442425 90.0
286.2285481350753 -48.42023273828925 91.0
286.2286042866745 -48.41394120109444 89.0
286.22866042074395 -48.407649663858024 91.0
286.22871653729123 -48.40135812658 89.0
286.2287726363244 -48.39506658926041 89.0
286.2288287178512 -48.388775051899266 89.0
286.2288847818796 -48.38248351449657 90.0
286.2289408284172 -48.37619197705237 94.0
286.22899685747205 -48.36990043956666 94.0
286.22905286905194 -48.36360890203948 90.0
286.2291088631647 -48.35731736447082 88.0
286.2291648398181 -48.351025826860756 89.0
286.2292207990199 -48.34473428920923 90.0
286.2292767407781 -48.338442751516304 90.0
286.2293326651004 -48.332151213782005 92.0
286.22938857199455 -48.325859676006324 94.0
286.22944446146846 -48.31956813818929 95.0
286.2295003335298 -48.313276600330944 91.0
286.2295561881865 -48.30698506243127 88.0
286.2296120254462 -48.300693524490306 87.0
286.22966784531684 -48.29440198650806 86.0
286.229723647806 -48.28811044848458 82.0
286.22989095106306 -48.26923583416676 82.0
286.2299466841044 -48.26294429597843 83.0
286.23000239980314 -48.25665275774894 82.0
286.23557864551145 -48.69080577689588 83.0
286.23563437432546 -48.68451423570347 83.0
286.2356900856388 -48.67822269447036 83.0
286.2357457794595 -48.671931153196574 86.0
286.2358014557953 -48.66563961188214 83.0
286.2358571146542 -48.65934807052706 83.0
286.2359683799727 -48.64676498769511 83.0
286.23652366062527 -48.583849571103435 83.0
286.2365790929998 -48.57755802922181 83.0
286.2366899056558 -48.564974945337426 85.0
286.23674528595285 -48.5586834033347 86.0
286.23680064890647 -48.552391861291675 86.0
286.2368559945243 -48.54610031920834 85.0
286.2369113228142 -48.53980877708472 87.0
286.23696663378394 -48.53351723492084 89.0
286.2370219274414 -48.52722569271671 90.0
286.2370772037943 -48.52093415047236 92.0
286.2371324628504 -48.51464260818779 93.0
286.2371877046175 -48.50835106586303 92.0
286.2372429291034 -48.502059523498104 91.0
286.2372981363158 -48.49576798109301 91.0
286.23735332626256 -48.489476438647785 91.0
286.23740849895137 -48.48318489616244 90.0
286.23746365438996 -48.476893353636996 91.0
286.2375187925861 -48.47060181107147 92.0
286.2375739135476 -48.46431026846588 93.0
286.2376290172821 -48.45801872582025 94.0
286.2376841037974 -48.45172718313459 94.0
286.23773917310115 -48.44543564040891 94.0
286.2377942252012 -48.43914409764324 92.0
286.2378492601052 -48.43285255483762 92.0
286.2379042778208 -48.426561011992035 90.0
286.2379592783558 -48.42026946910649 89.0
286.2380142617179 -48.41397792618106 90.0
286.23806922791476 -48.40768638321571 91.0
286.2381241769541 -48.40139484021049 90.0
286.2381791088436 -48.39510329716541 90.0
286.238234023591 -48.38881175408047 90.0
286.2382889212039 -48.38252021095571 93.0
286.23834380169006 -48.376228667791146 95.0
286.23839866505705 -48.36993712458678 92.0
286.2384535113126 -48.363645581342645 92.0
286.2385083404644 -48.35735403805875 90.0
286.23856315252004 -48.35106249473513 89.0
286.2386179474873 -48.34477095137178 90.0
286.2386727253737 -48.33847940796874 92.0
286.2387274861869 -48.33218786452602 94.0
286.2387822299346 -48.32589632104362 93.0
286.23883695662437 -48.31960477752158 93.0
286.2388916662639 -48.31331323395992 90.0
286.2389463588608 -48.30702169035863 90.0
286.23900103442264 -48.30073014671777 90.0
286.23905569295715 -48.29443860303732 87.0
286.23911033447183 -48.288147059317325 85.0
286.23916495897436 -48.28185551555779 84.0
286.23921956647223 -48.27556397175872 83.0
286.23927415697324 -48.26927242792016 83.0
286.23932873048483 -48.26298088404211 83.0
286.2393832870146 -48.256689340124595 82.0
286.24493124320776 -48.70342507192741 82.0
286.2449858222215 -48.69713352512999 82.0
286.2451494564282 -48.67825888450369 82.0
286.2452039669112 -48.67196733755031 83.0
286.2452584602809 -48.665675790557984 84.0
286.245312936545 -48.65938424352673 82.0
286.2453673957112 -48.65309269645657 84.0
286.2456394353431 -48.62163496052275 82.0
286.24618223668807 -48.55871948574713 86.0
286.2462364233334 -48.55242793805685 86.0
286.2462905930114 -48.54613639032795 84.0
286.24634474572963 -48.53984484256046 87.0
286.2463988814957 -48.53355329475441 90.0
286.2464530003172 -48.527261746909794 90.0
286.24650710220186 -48.52097019902664 93.0
286.24656118715717 -48.51467865110497 93.0
286.2466152551908 -48.50838710314479 92.0
286.24666930631037 -48.50209555514614 91.0
286.2467233405235 -48.49580400710902 90.0
286.2467773578377 -48.48951245903343 89.0
286.2468313582606 -48.48322091091942 88.0
286.24688534179984 -48.47692936276701 90.0
286.24693930846297 -48.47063781457619 91.0
286.24699325825753 -48.46434626634699 94.0
286.2470471911912 -48.45805471807944 93.0
286.24710110727136 -48.451763169773535 92.0
286.2471550065058 -48.44547162142931 91.0
286.2472088889019 -48.439180073046764 94.0
286.24726275446733 -48.432888524625945 95.0
286.24731660320964 -48.426596976166834 90.0
286.24737043513625 -48.420305427669476 90.0
286.2474242502548 -48.414013879133876 91.0
286.2474780485729 -48.40772233056005 91.0
286.24753183009796 -48.401430781948015 89.0
286.2475855948375 -48.3951392332978 89.0
286.2476393427991 -48.38884768460941 91.0
286.2476930739904 -48.38255613588287 94.0
286.24774678841857 -48.3762645871182 95.0
286.2478004860915 -48.3699730383154 93.0
286.24785416701644 -48.36368148947451 93.0
286.247907831201 -48.35738994059554 91.0
286.24796147865266 -48.3510983916785 90.0
286.2480151093789 -48.3448068427234 90.0
286.2480687233873 -48.33851529373027 92.0
286.2481223206852 -48.33222374469914 94.0
286.2481759012801 -48.325932195629996 93.0
286.2482294651795 -48.31964064652288 91.0
286.24828301239097 -48.31334909737782 94.0
286.2483365429218 -48.3070575481948 93.0
286.24839005677956 -48.30076599897383 91.0
286.2484435539717 -48.29447444971498 89.0
286.2484970345056 -48.28818290041823 86.0
286.2485504983888 -48.2818913510836 85.0
286.2486039456287 -48.275599801711095 87.0
286.2486573762327 -48.269308252300775 86.0
286.2487107902083 -48.26301670285262 85.0
286.2487641875629 -48.256725153366645 83.0
286.2548220488229 -48.65312808704231 82.0
286.2556192007733 -48.558754793243615 82.0
286.25567221110435 -48.552463240027336 86.0
286.25572520483627 -48.546171686774116 85.0
286.2557781819765 -48.53988013348396 86.0
286.25583114253254 -48.53358858015688 87.0
286.2558840865119 -48.52729702679291 90.0
286.255937013922 -48.52100547339205 90.0
286.25598992477035 -48.51471391995434 90.0
286.25604281906425 -48.50842236647976 91.0
286.25609569681126 -48.50213081296836 90.0
286.25614855801877 -48.49583925942014 92.0
286.2562014026942 -48.48954770583512 87.0
286.25625423084506 -48.48325615221333 88.0
286.2563070424787 -48.476964598554765 90.0
286.2563598376026 -48.47067304485946 90.0
286.25641261622405 -48.464381491127426 92.0
286.2564653783505 -48.45808993735868 92.0
286.2565181239895 -48.451798383553225 92.0
286.25657085314833 -48.445506829711086 92.0
286.2566235658344 -48.439215275832304 95.0
286.25667626205507 -48.43292372191684 93.0
286.25672894181776 -48.42663216796478 95.0
286.25678160512985 -48.420340613976094 89.0
286.2568342519988 -48.414049059950806 88.0
286.2568868824318 -48.40775750588894 88.0
286.25693949643636 -48.40146595179051 89.0
286.25699209401984 -48.39517439765554 92.0
286.2570446751895 -48.388882843484026 93.0
286.2570972399528 -48.38259128927601 92.0
286.25714978831707 -48.37629973503149 94.0
286.25720232028965 -48.37000818075048 93.0
286.25725483587786 -48.363716626433025 92.0
286.2573073350891 -48.3574250720791 91.0
286.25735981793053 -48.35113351768876 90.0
286.2574122844097 -48.344841963262 92.0
286.2574647345338 -48.338550408798845 92.0
286.2575171683103 -48.332258854299305 93.0
286.2575695857463 -48.3259672997634 93.0
286.25762198684924 -48.319675745191155 94.0
286.2576743716265 -48.31338419058257 94.0
286.2577267400851 -48.30709263593766 93.0
286.2577790922327 -48.300801081256466 91.0
286.2578314280763 -48.29450952653899 89.0
286.2578837476234 -48.288217971785244 88.0
286.25793605088114 -48.28192641699523 87.0
286.2579883378569 -48.275634862169 85.0
286.25804060855785 -48.269343307306556 86.0
286.25809286299136 -48.26305175240791 85.0
286.2581451011646 -48.256760197473085 85.0
286.25819732308497 -48.250468642502085 83.0
286.2642767150876 -48.65316270088657 83.0
286.26432879343923 -48.64687114279745 82.0
286.265056177919 -48.558789325822076 83.0
286.2651080119295 -48.55249776720109 84.0
286.26515982970915 -48.54620620854477 84.0
286.26521163126534 -48.53991464985314 88.0
286.26526341660525 -48.533623091126216 90.0
286.26531518573637 -48.52733153236401 90.0
286.26536693866586 -48.52103997356654 90.0
286.26541867540095 -48.51474841473382 91.0
286.2654703959491 -48.50845685586589 93.0
286.26552210031747 -48.502165296962716 90.0
286.2655737885133 -48.49587373802436 90.0
286.2656254605439 -48.489582179050814 88.0
286.26567711641655 -48.483290620042105 87.0
286.2657287561385 -48.476999060998246 90.0
286.265780379717 -48.47070750191925 91.0
286.26583198715934 -48.46441594280514 93.0
286.26588357847265 -48.45812438365592 94.0
286.2659351536643 -48.451832824471616 96.0
286.2659867127414 -48.44554126525224 93.0
286.2660382557113 -48.43924970599782 94.0
286.26608978258116 -48.432958146708344 95.0
286.26614129335826 -48.426666587383856 94.0
286.26619278804975 -48.420375028024345 92.0
286.2662442666629 -48.41408346862986 92.0
286.2662957292049 -48.407791909200384 91.0
286.26634717568294 -48.40150034973597 91.0
286.26639860610425 -48.39520879023661 91.0
286.266450020476 -48.388917230702305 94.0
286.2665014188054 -48.3826256711331 93.0
286.2665528010995 -48.376334111529 93.0
286.2666041673658 -48.37004255189001 93.0
286.26665551761124 -48.36375099221616 94.0
286.266706851843 -48.35745943250747 91.0
286.2667581700684 -48.35116787276394 93.0
286.2668094722944 -48.3448763129856 94.0
286.26686075852837 -48.338584753172455 93.0
286.2669120287773 -48.33229319332451 91.0
286.2669632830484 -48.32600163344183 93.0
286.26701452134887 -48.31971007352437 94.0
286.2670657436858 -48.313418513572174 93.0
286.2671169500664 -48.30712695358527 92.0
286.26716814049774 -48.300835393563645 89.0
286.2672193149869 -48.29454383350733 86.0
286.26727047354115 -48.28825227341637 88.0
286.26732161616746 -48.28196071329071 87.0
286.267372742873 -48.27566915313044 86.0
286.26742385366504 -48.26937759293553 84.0
286.26747494855044 -48.263086032706 85.0
286.26752602753646 -48.256794472441875 85.0
286.2675770906302 -48.25050291214318 83.0
286.2744931678353 -48.558823083480526 83.0
286.27454382551923 -48.5525315195761 86.0
286.27459446734065 -48.54623995563793 85.0
286.2746450933068 -48.53994839166604 88.0
286.27469570342464 -48.53365682766042 88.0
286.2747462977014 -48.52736526362112 89.0
286.2747968761443 -48.52107369954814 88.0
286.27484743876033 -48.51478213544148 88.0
286.27489798555666 -48.50849057130118 88.0
286.2749485165404 -48.502199007127246 89.0
286.27499903171855 -48.49590744291969 88.0
286.2750495310984 -48.48961587867853 91.0
286.2751000146869 -48.48332431440378 86.0
286.2751504824912 -48.477032750095454 88.0
286.2752009345184 -48.470741185753575 89.0
286.27525137077555 -48.46444962137815 92.0
286.2753017912698 -48.458158056969204 97.0
286.2753521960081 -48.45186649252673 94.0
286.27540258499766 -48.44557492805077 94.0
286.27545295824547 -48.43928336354133 95.0
286.2755033157586 -48.43299179899841 94.0
286.27555365754415 -48.426700234422064 93.0
286.27560398360913 -48.42040866981227 95.0
286.2756542939606 -48.414117105169055 97.0
286.2757045886056 -48.407825540492425 94.0
286.2757548675512 -48.40153397578239 92.0
286.27580513080443 -48.395242411039014 90.0
286.27585537837234 -48.388950846262254 94.0
286.27590561026193 -48.38265928145217 91.0
286.2759558264802 -48.37636771660875 94.0
286.2760060270342 -48.37007615173201 96.0
286.27605621193095 -48.363784586821964 97.0
286.27610638117744 -48.35749302187864 93.0
286.2761565347808 -48.35120145690205 92.0
286.27620667274783 -48.3449098918922 91.0
286.27625679508566 -48.338618326849115 92.0
286.2763069018013 -48.332326761772805 92.0
286.27635699290164 -48.326035196663284 91.0
286.2764070683938 -48.31974363152058 93.0
286.2764571282846 -48.31345206634468 91.0
286.2765071725812 -48.30716050113562 90.0
286.2765572012904 -48.30086893589342 90.0
286.2766072144193 -48.29457737061809 87.0
286.2766572119748 -48.288285805309634 85.0
286.2767071939639 -48.28199423996808 88.0
286.2767571603935 -48.27570267459342 85.0
286.2768071112706 -48.269411109185704 84.0
286.2768570466022 -48.26311954374492 83.0
286.27690696639513 -48.25682797827109 84.0
286.2769568706564 -48.25053641276425 83.0
286.2839301702324 -48.558856066217004 82.0
286.2839796515839 -48.55256449715043 84.0
286.2840291174412 -48.54627292805164 85.0
286.2840785678114 -48.53998135892068 87.0
286.2841280027013 -48.53368978975756 88.0
286.28417742211803 -48.527398220562276 87.0
286.28422682606845 -48.52110665133486 87.0
286.2842762145595 -48.51481508207533 87.0
286.2843255875982 -48.508523512783704 88.0
286.2843749451915 -48.50223194345998 88.0
286.2844242873462 -48.49594037410417 91.0
286.2844736140694 -48.4896488047163 88.0
286.284522925368 -48.483357235296396 89.0
286.2845722212488 -48.47706566584445 89.0
286.28462150171885 -48.470774096360486 91.0
286.28467076678504 -48.46448252684452 93.0
286.28472001645434 -48.45819095729656 93.0
286.28476925073363 -48.45189938771664 94.0
286.2848184696298 -48.44560781810475 95.0
286.2848676731497 -48.43931624846091 95.0
286.2849168613003 -48.43302467878516 96.0
286.2849660340885 -48.426733109077475 95.0
286.28501519152115 -48.420441539337894 99.0
286.2850643336052 -48.414149969566424 99.0
286.2851134603474 -48.40785839976309 95.0
286.2851625717548 -48.40156682992789 90.0
286.28521166783423 -48.39527526006085 91.0
286.28526074859246 -48.38898369016198 91.0
286.28530981403645 -48.38269212023129 91.0
286.285358864173 -48.37640055026881 94.0
286.28540789900904 -48.370108980274544 97.0
286.28545691855135 -48.3638174102485 97.0
286.28550592280686 -48.3575258401907 95.0
286.28555491178236 -48.35123427010116 91.0
286.2856038854847 -48.344942699979896 91.0
286.28565284392073 -48.33865112982693 92.0
286.28570178709725 -48.33235955964224 91.0
286.2857507150211 -48.32606798942588 91.0
286.2857996276992 -48.31977641917784 91.0
286.2858485251382 -48.31348484889815 89.0
286.28589740734503 -48.30719327858683 89.0
286.2859462743265 -48.30090170824386 89.0
286.28599512608935 -48.2946101378693 87.0
286.2860439626404 -48.28831856746313 84.0
286.28609278398653 -48.282026997025376 86.0
286.2861415901345 -48.27573542655606 87.0
286.28619038109105 -48.26944385605519 85.0
286.286239156863 -48.26315228552277 85.0
286.2862879174572 -48.256860714958826 83.0
286.2934154898338 -48.552596699922155 82.0
286.2934637797214 -48.546305125784 84.0
286.2935120544899 -48.54001355161518 84.0
286.2935603141462 -48.5337219774157 88.0
286.2936085586971 -48.52743040318558 86.0
286.2936567881493 -48.52113882892484 88.0
286.2937050025097 -48.514847254633494 88.0
286.2937532017851 -48.508555680311545 87.0
286.29380138598214 -48.50226410595901 88.0
286.2938495551077 -48.49597253157591 86.0
286.2938977091686 -48.48968095716226 87.0
286.2939458481715 -48.483389382718066 88.0
286.2939939721232 -48.47709780824333 89.0
286.29404208103045 -48.470806233738095 92.0
286.2940901749001 -48.464514659202344 93.0
286.29413825373877 -48.458223084636124 93.0
286.2941863175533 -48.45193151003943 92.0
286.29423436635034 -48.44563993541228 93.0
286.2942824001367 -48.439348360754686 94.0
286.2943304189191 -48.43305678606665 95.0
286.2943784227043 -48.426765211348204 97.0
286.29442641149905 -48.42047363659936 99.0
286.2944743853099 -48.41418206182012 100.0
286.29452234414384 -48.407890487010505 96.0
286.2945702880073 -48.40159891217054 93.0
286.2946182169073 -48.39530733730021 94.0
286.29466613085026 -48.389015762399566 92.0
286.29471402984296 -48.38272418746859 90.0
286.2947619138923 -48.37643261250731 94.0
286.2948097830046 -48.370141037515744 96.0
286.2948576371869 -48.36384946249389 96.0
286.2949054764458 -48.357557887441786 92.0
286.2949533007879 -48.35126631235942 92.0
286.29500111021986 -48.34497473724681 89.0
286.29504890474846 -48.338683162104005 90.0
286.29509668438027 -48.33239158693095 91.0
286.29514444912206 -48.32610001172772 89.0
286.29519219898043 -48.31980843649431 90.0
286.295239933962 -48.31351686123074 86.0
286.2952876540735 -48.307225285936994 87.0
286.29533535932154 -48.300933710613116 88.0
286.2953830497128 -48.29464213525911 84.0
286.29543072525394 -48.288350559875 85.0
286.2954783859515 -48.2820589844608 85.0
286.29552603181224 -48.27576740901648 85.0
286.2955736628426 -48.2694758335421 87.0
286.29562127904944 -48.26318425803767 85.0
286.2956688804393 -48.256892682503185 83.0
286.2957640387943 -48.24430953134414 82.0
286.3028984538915 -48.54633654883315 82.0
286.3029455530528 -48.540044969747676 84.0
286.30299263746986 -48.53375339063301 87.0
286.30303970714937 -48.52746181148918 87.0
286.30308676209785 -48.521170232316216 87.0
286.30313380232207 -48.514878653114096 89.0
286.30318082782844 -48.50858707388285 87.0
286.30322783862385 -48.50229549462251 86.0
286.3032748347147 -48.49600391533306 86.0
286.3033218161077 -48.48971233601453 85.0
286.3033687828094 -48.483420756666916 88.0
286.3034157348264 -48.47712917729026 92.0
286.3034626721653 -48.470837597884554 92.0
286.3035095948328 -48.4645460184498 92.0
286.3035565028353 -48.45825443898604 91.0
286.30360339617954 -48.45196285949327 93.0
286.30365027487204 -48.445671279971506 94.0
286.3036971389193 -48.43937970042077 96.0
286.30374398832805 -48.43308812084106 96.0
286.3037908231047 -48.42679654123241 97.0
286.30383764325586 -48.42050496159481 96.0
286.3038844487882 -48.41421338192828 98.0
286.30393123970816 -48.40792180223284 96.0
286.3039780160223 -48.40163022250851 97.0
286.30402477773725 -48.39533864275527 96.0
286.30407152485947 -48.38904706297318 91.0
286.30411825739554 -48.382755483162214 92.0
286.3041649753519 -48.376463903322396 91.0
286.3042116787352 -48.370172323453765 91.0
286.304258367552 -48.363880743556294 89.0
286.30430504180873 -48.357589163630024 89.0
286.30435170151185 -48.351297583674956 89.0
286.30439834666805 -48.34500600369111 89.0
286.3044449772837 -48.33871442367848 88.0
286.3044915933654 -48.33242284363711 91.0
286.3045381949196 -48.326131263567 90.0
286.3045847819528 -48.31983968346814 88.0
286.30463135447155 -48.31354810334057 88.0
286.30467791248225 -48.307256523184314 86.0
286.3047244559915 -48.30096494299935 85.0
286.3047709850057 -48.29467336278571 82.0
286.30481749953134 -48.288381782543404 84.0
286.304863999575 -48.28209020227245 83.0
286.30491048514295 -48.27579862197286 83.0
286.3049569562418 -48.26950704164463 83.0
286.305003412878 -48.2632154612878 83.0
286.3050498550581 -48.25692388090237 84.0
286.31233313966214 -48.54636719719727 85.0
286.3123790632107 -48.54007561331633 86.0
286.3124249723831 -48.533784029407656 88.0
286.31247086718577 -48.52749244547127 88.0
286.3125167476251 -48.521200861507154 88.0
286.3125626137076 -48.514909277515336 87.0
286.3126084654398 -48.50861769349582 85.0
286.312654302828 -48.50232610944864 84.0
286.31270012587873 -48.496034525373794 85.0
286.31274593459835 -48.489742941271295 85.0
286.31279172899343 -48.48345135714116 87.0
286.3128375090704 -48.47715977298341 91.0
286.31288327483554 -48.470868188798036 91.0
286.3129290262954 -48.464576604585055 90.0
286.3129747634564 -48.45828502034449 91.0
286.3130204863249 -48.45199343607634 93.0
286.31306619490744 -48.44570185178064 94.0
286.31311188921023 -48.43941026745738 96.0
286.3131575692398 -48.4331186831066 96.0
286.3132032350026 -48.42682709872829 96.0
286.31324888650494 -48.42053551432244 98.0
286.3132945237533 -48.4142439298891 97.0
286.31334014675394 -48.40795234542829 96.0
286.31338575551337 -48.40166076094 96.0
286.3134313500379 -48.39536917642423 94.0
286.313476930334 -48.389077591881026 93.0
286.313522496408 -48.38278600731038 90.0
286.3135680482662 -48.37649442271231 88.0
286.3136135859151 -48.370202838086826 89.0
286.3136591093609 -48.36391125343393 91.0
286.31370461861013 -48.35761966875365 88.0
286.3137501136691 -48.351328084046 89.0
286.31379559454405 -48.34503649931099 88.0
286.3138410612415 -48.33874491454863 90.0
286.31388651376767 -48.33245332975893 91.0
286.31393195212894 -48.32616174494189 87.0
286.3139773763317 -48.31987016009755 88.0
286.3140227863822 -48.3135785752259 88.0
286.31406818228686 -48.307286990326965 86.0
286.3141135640519 -48.30099540540076 86.0
286.3142042851886 -48.28841223546656 83.0
286.31424962457294 -48.282120650458594 82.0
286.31434026100493 -48.269537480361 82.0
286.3143855580653 -48.26324589527139 82.0
286.31443084103023 -48.25695431015459 83.0
286.3144761099061 -48.25066272501062 82.0
286.32176783674373 -48.54639707087458 84.0
286.3218125846743 -48.54010548231941 87.0
286.32185731859676 -48.53381389373789 88.0
286.32190203851724 -48.52752230513004 87.0
286.32194674444213 -48.521230716495886 85.0
286.3219914363777 -48.51493912783543 86.0
286.32203611433016 -48.50864753914868 85.0
286.3220807783059 -48.50235595043566 83.0
286.3221254283112 -48.49606436169637 84.0
286.32217006435235 -48.48977277293083 87.0
286.32221468643553 -48.48348118413904 88.0
286.32225929456706 -48.477189595321036 89.0
286.3223038887532 -48.470898006476794 89.0
286.3223484690002 -48.46460641760635 87.0
286.32239303531435 -48.45831482870972 89.0
286.3224375877019 -48.452023239786904 93.0
286.3224821261691 -48.44573165083792 95.0
286.32252665072224 -48.43944006186276 95.0
286.32257116136753 -48.43314847286149 96.0
286.3226156581111 -48.426856883834056 97.0
286.32266014095933 -48.420565294780516 98.0
286.32270460991845 -48.41427370570085 96.0
286.3227490649946 -48.40798211659509 94.0
286.322793506194 -48.40169052746325 94.0
286.322837933523 -48.39539893830534 94.0
286.3228823469877 -48.389107349121346 91.0
286.3229267465943 -48.38281575991132 90.0
286.32297113234915 -48.376524170675246 89.0
286.3230155042583 -48.37023258141315 89.0
286.3230598623281 -48.36394099212504 90.0
286.32310420656455 -48.357649402810914 90.0
286.32314853697403 -48.351357813470806 88.0
286.32319285356266 -48.34506622410471 88.0
286.32323715633663 -48.33877463471266 89.0
286.32328144530214 -48.33248304529464 87.0
286.3233257204653 -48.326191455850676 86.0
286.32336998183234 -48.31989986638078 87.0
286.3234142294095 -48.31360827688496 88.0
286.3234584632028 -48.30731668736325 87.0
286.3235026832185 -48.301025097815625 86.0
286.3235468894628 -48.29473350824211 82.0
286.32359108194174 -48.28844191864273 84.0
286.32363526066155 -48.28215032901748 82.0
286.3312461171542 -48.54013457675515 82.0
286.33128967582144 -48.53384298362196 86.0
286.3313332208546 -48.52755139046381 87.0
286.33137675225987 -48.521259797280706 86.0
286.3314202700433 -48.514968204072666 87.0
286.331463774211 -48.50867661083971 84.0
286.33150726476913 -48.50238501758182 82.0
286.33155074172385 -48.49609342429905 85.0
286.3315942050812 -48.489801830991375 86.0
286.3316376548473 -48.48351023765883 89.0
286.3316810910284 -48.47721864430139 89.0
286.3317245136303 -48.470927050919116 90.0
286.3317679226594 -48.46463545751198 91.0
286.33181131812165 -48.458343864080014 92.0
286.3318547000231 -48.45205227062322 94.0
286.33189806836987 -48.44576067714162 96.0
286.33194142316813 -48.43946908363521 98.0
286.3319847644239 -48.433177490104015 98.0
286.3320280921432 -48.42688589654804 98.0
286.33207140633226 -48.42059430296729 100.0
286.33211470699695 -48.414302709361785 97.0
286.3321579941435 -48.40801111573155 95.0
286.33220126777786 -48.401719522076576 95.0
286.3322445279061 -48.39542792839686 96.0
286.33228777453434 -48.38913633469245 93.0
286.3323310076686 -48.38284474096334 91.0
286.33237422731486 -48.376553147209535 90.0
286.3324174334793 -48.37026155343105 88.0
286.33246062616786 -48.363969959627916 88.0
286.3325038053866 -48.35767836580011 87.0
286.3325469711415 -48.35138677194766 87.0
286.33259012343865 -48.34509517807058 88.0
286.3326332622841 -48.33880358416888 87.0
286.3326763876838 -48.33251199024255 87.0
286.3327194996438 -48.326220396291646 87.0
286.3327625981702 -48.31992880231614 87.0
286.33280568326876 -48.31363720831607 87.0
286.33284875494576 -48.30734561429142 87.0
286.3328918132071 -48.301054020242226 85.0
286.3329348580587 -48.29476242616848 84.0
286.3329778895067 -48.28847083207022 82.0
286.3407220437679 -48.5338712990582 86.0
286.34076441390874 -48.52757970147088 86.0
286.3408067707893 -48.52128810385993 87.0
286.34084911441556 -48.51499650622539 87.0
286.3408914447935 -48.508704908567225 86.0
286.340933761929 -48.50241331088548 85.0
286.34097606582816 -48.496121713180166 86.0
286.34101835649676 -48.48983011545126 88.0
286.34106063394086 -48.48353851769883 90.0
286.3411028981663 -48.477246919922834 91.0
286.3411451491791 -48.47095532212331 91.0
286.3411873869852 -48.46466372430026 93.0
286.34122961159045 -48.4583721264537 90.0
286.34127182300085 -48.452080528583636 96.0
286.3413140212223 -48.44578893069008 96.0
286.3413562062607 -48.43949733277302 97.0
286.341398378122 -48.433205734832526 96.0
286.341440536812 -48.42691413686855 99.0
286.34148268233685 -48.420622538881126 99.0
286.3415248147022 -48.41433094087027 95.0
286.3415669339141 -48.40803934283599 94.0
286.34160903997844 -48.401747744778284 94.0
286.341651132901 -48.39545614669717 96.0
286.3416932126878 -48.38916454859266 94.0
286.34173527934473 -48.382872950464765 93.0
286.34177733287754 -48.37658135231352 92.0
286.34181937329225 -48.370289754138874 89.0
286.3418614005946 -48.36399815594089 90.0
286.3419034147906 -48.357706557719574 89.0
286.341945415886 -48.3514149594749 86.0
286.3419874038868 -48.34512336120692 86.0
286.3420293787987 -48.33883176291563 89.0
286.34207134062774 -48.33254016460104 87.0
286.3421132893796 -48.32624856626315 87.0
286.34215522506025 -48.319956967902 88.0
286.34219714767556 -48.31366536951756 88.0
286.3422390572312 -48.30737377110987 88.0
286.3422809537332 -48.30108217267893 86.0
286.3423228371873 -48.29479057422477 84.0
286.34236470759936 -48.28849897574736 82.0
286.3501132140049 -48.54019044191798 82.0
286.3501544221469 -48.53389884004496 86.0
286.35019561739045 -48.5276072381496 89.0
286.3502367997415 -48.52131563623191 90.0
286.35027796920576 -48.515024034291905 89.0
286.350319125789 -48.508732432329595 89.0
286.350360269497 -48.502440830344966 90.0
286.3504014003356 -48.49614922833807 89.0
286.3504425183106 -48.48985762630888 92.0
286.35048362342775 -48.48356602425744 92.0
286.3505247156928 -48.477274422183726 94.0
286.35056579511155 -48.47098282008777 93.0
286.35060686168976 -48.46469121796957 93.0
286.3506479154332 -48.45839961582915 93.0
286.35068895634765 -48.4521080136665 94.0
286.3507299844389 -48.44581641148166 96.0
286.3507709997126 -48.439524809274616 95.0
286.35081200217456 -48.43323320704538 98.0
286.35085299183055 -48.426941604793974 99.0
286.35089396868625 -48.4206500025204 97.0
286.35093493274746 -48.41435840022467 96.0
286.35097588401993 -48.40806679790678 92.0
286.3510168225093 -48.40177519556677 94.0
286.3510577482214 -48.39548359320463 93.0
286.351098661162 -48.38919199082037 93.0
286.3511395613366 -48.382900388414 91.0
286.35118044875117 -48.37660878598554 94.0
286.35122132341127 -48.370317183534986 90.0
286.3512621853227 -48.364025581062364 90.0
286.35130303449114 -48.35773397856768 88.0
286.3513438709223 -48.35144237605093 86.0
286.3513846946218 -48.345150773512145 87.0
286.3514255055955 -48.3388591709513 87.0
286.35146630384895 -48.332567568368454 87.0
286.3515070893879 -48.32627596576358 86.0
286.3515478622181 -48.3199843631367 86.0
286.35158862234516 -48.31369276048782 88.0
286.3516293697748 -48.30740115781696 88.0
286.3516701045126 -48.30110955512413 89.0
286.3517108265644 -48.294817952409325 87.0
286.35175153593576 -48.28852634967257 84.0
286.359546777797 -48.54021721264186 83.0
286.35958681066916 -48.533925606580674 89.0
286.35962683101076 -48.527634000498416 89.0
286.3596668388274 -48.52134239439506 90.0
286.35970683412484 -48.51505078827067 91.0
286.3597468169086 -48.508759182125225 90.0
286.3597867871845 -48.50246757595873 91.0
286.35982674495784 -48.496175969771194 89.0
286.3598666902344 -48.48988436356262 90.0
286.3599066230199 -48.48359275733305 91.0
286.35994654331984 -48.47730115108247 93.0
286.3599864511398 -48.47100954481089 93.0
286.3600263464854 -48.464717938518326 94.0
286.36006622936236 -48.45842633220478 93.0
286.36010609977615 -48.45213472587027 96.0
286.36014595773236 -48.4458431195148 94.0
286.3601858032367 -48.439551513138376 97.0
286.3602256362946 -48.43325990674102 96.0
286.36026545691175 -48.42696830032272 99.0
286.36030526509364 -48.42067669388351 98.0
286.360345060846 -48.41438508742338 97.0
286.3603848441743 -48.40809348094238 94.0
286.3604246150841 -48.40180187444046 96.0
286.360464373581 -48.39551026791766 92.0
286.36050411967057 -48.389218661373995 93.0
286.3605438533583 -48.38292705480946 91.0
286.36058357464987 -48.376635448224064 91.0
286.36062328355075 -48.37034384161783 89.0
286.36066298006654 -48.364052234990766 87.0
286.3607026642027 -48.357760628342874 87.0
286.36074233596486 -48.35146902167416 87.0
286.36078199535854 -48.34517741498465 87.0
286.3608216423892 -48.33888580827433 88.0
286.3608612770625 -48.33259420154323 88.0
286.3609008993839 -48.32630259479136 90.0
286.3609405093589 -48.320010988018716 87.0
286.3609801069931 -48.31371938122529 87.0
286.36101969229196 -48.30742777441115 88.0
286.361059265261 -48.30113616757625 86.0
286.36109882590586 -48.29484456072062 87.0
286.36113837423187 -48.28855295384427 84.0
286.3611779102446 -48.28226134694721 83.0
286.36894148168193 -48.54653481890023 82.0
286.3689803514477 -48.54024320879193 85.0
286.36901920904535 -48.533951598663776 87.0
286.3690580544803 -48.527659988515744 88.0
286.3690968877581 -48.52136837834786 90.0
286.3691357088841 -48.51507676816014 92.0
286.3691745178639 -48.50878515795258 90.0
286.36921331470273 -48.502493547725194 91.0
286.3692520994063 -48.496201937477984 91.0
286.36929087197996 -48.489910327210964 89.0
286.36932963242907 -48.48361871692415 92.0
286.3693683807593 -48.47732710661754 93.0
286.3694071169759 -48.47103549629115 92.0
286.3694458410843 -48.46474388594499 94.0
286.3694845530901 -48.45845227557905 94.0
286.36952325299865 -48.45216066519337 94.0
286.36956194081534 -48.44586905478795 95.0
286.3696006165456 -48.439577444362776 96.0
286.36963928019486 -48.433285833917886 98.0
286.36967793176865 -48.42699422345328 98.0
286.36971657127225 -48.42070261296895 99.0
286.3697551987111 -48.41441100246492 98.0
286.36979381409066 -48.40811939194121 96.0
286.3698324174163 -48.40182778139781 97.0
286.3698710086934 -48.39553617083474 95.0
286.36990958792745 -48.38924456025199 94.0
286.3699481551238 -48.3829529496496 93.0
286.3699867102878 -48.37666133902754 91.0
286.37002525342484 -48.370369728385874 89.0
286.37006378454043 -48.364078117724546 86.0
286.3701023036398 -48.35778650704363 86.0
286.3701408107284 -48.35149489634308 86.0
286.37017930581163 -48.34520328562294 89.0
286.3702177888948 -48.33891167488319 88.0
286.37025625998336 -48.332620064123866 89.0
286.37029471908266 -48.32632845334496 89.0
286.37033316619807 -48.320036842546486 89.0
286.3703716013348 -48.31374523172846 87.0
286.3704100244985 -48.30745362089088 84.0
286.3704484356942 -48.30116201003377 83.0
286.3704868349274 -48.29487039915711 83.0
286.3705252222036 -48.28857878826094 83.0
286.37056359752796 -48.28228717734526 82.0
286.3784516169863 -48.533976816292764 88.0
286.37848928751015 -48.52768520220011 88.0
286.37852694624445 -48.52139358808878 91.0
286.3785645931946 -48.51510197395879 90.0
286.37860222836576 -48.508810359810155 89.0
286.3786398517633 -48.50251874564287 90.0
286.37867746339253 -48.496227131456955 92.0
286.37871506325877 -48.4899355172524 90.0
286.37875265136717 -48.483643903029225 91.0
286.37879022772313 -48.47735228878743 93.0
286.37882779233183 -48.47106067452703 92.0
286.3788653451987 -48.46476906024806 92.0
286.3789028863289 -48.458477445950486 94.0
286.3789404157277 -48.45218583163433 94.0
286.37897793340034 -48.4458942172996 95.0
286.37901543935214 -48.43960260294632 95.0
286.3790529335884 -48.4333109885745 94.0
286.37909041611425 -48.42701937418411 98.0
286.3791278869351 -48.420727759775204 99.0
286.3791653460561 -48.414436145347764 98.0
286.3792027934824 -48.40814453090181 100.0
286.3792402292195 -48.40185291643734 98.0
286.3792776532724 -48.395561301954366 97.0
286.37931506564644 -48.389269687452895 95.0
286.3793524663469 -48.38297807293294 93.0
286.3793898553789 -48.37668645839451 89.0
286.3794272327478 -48.37039484383761 89.0
286.37946459845875 -48.364103229262255 85.0
286.3795019525169 -48.35781161466846 87.0
286.37953929492755 -48.3515200000562 90.0
286.3795766256959 -48.34522838542551 91.0
286.37961394482727 -48.33893677077639 90.0
286.37965125232665 -48.33264515610885 88.0
286.3796885481994 -48.32635354142292 88.0
286.37972583245073 -48.32006192671857 85.0
286.37976310508566 -48.31377031199584 85.0
286.37980036610963 -48.30747869725471 82.0
286.3798376155277 -48.30118708249521 82.0
286.3798748533451 -48.294895467717346 82.0
286.37991207956696 -48.28860385292112 83.0
286.38784752716725 -48.54029287736479 83.0
286.38788403420267 -48.53400125946617 89.0
286.387920529811 -48.52770964155004 88.0
286.3879570139976 -48.52141802361638 89.0
286.3879934867674 -48.51512640566519 88.0
286.38802994812573 -48.50883478769651 89.0
286.38806639807757 -48.50254316971031 91.0
286.3881028366282 -48.49625155170663 92.0
286.3881392637826 -48.489959933685455 91.0
286.3881756795459 -48.48366831564681 93.0
286.3882120839233 -48.4773766975907 95.0
286.3882484769199 -48.47108507951711 94.0
286.38828485854077 -48.46479346142608 92.0
286.38832122879097 -48.458501843317606 92.0
286.3883575876758 -48.45221022519169 95.0
286.3883939352001 -48.44591860704836 94.0
286.38843027136915 -48.43962698888758 95.0
286.388466596188 -48.433335370709415 96.0
286.3885029096617 -48.427043752513825 99.0
286.38853921179543 -48.420752134300855 100.0
286.38857550259416 -48.41446051607047 97.0
286.38861178206304 -48.408168897822726 98.0
286.3886480502072 -48.40187727955759 97.0
286.38868430703167 -48.3955856612751 95.0
286.38872055254143 -48.38929404297526 95.0
286.38875678674174 -48.38300242465805 93.0
286.3887930096375 -48.37671080632351 89.0
286.38882922123383 -48.370419187971635 87.0
286.3888654215358 -48.36412756960243 85.0
286.3889016105485 -48.357835951215904 85.0
286.38893778827696 -48.35154433281207 87.0
286.3889739547262 -48.345252714390924 92.0
286.3890101099013 -48.3389610959525 90.0
286.3890462538073 -48.332669477496786 88.0
286.3890823864493 -48.32637785902378 88.0
286.3891185078322 -48.320086240533506 87.0
286.3891546179612 -48.31379462202597 84.0
286.3891907168412 -48.30750300350119 84.0
286.3892268044773 -48.30121138495915 85.0
286.3973164604051 -48.534024928182625 86.0
286.3973517810938 -48.52773330656414 86.0
286.3973870907284 -48.52144168492924 89.0
286.39742238931376 -48.515150063277915 87.0
286.39745767685497 -48.50885844161021 88.0
286.3974929533569 -48.502566819926116 90.0
286.3975282188247 -48.496275198225625 92.0
286.397563473263 -48.489983576508756 92.0
286.3975987166771 -48.48369195477552 90.0
286.39763394907175 -48.477400333025926 91.0
286.39766917045193 -48.471108711259966 93.0
286.39770438082263 -48.46481708947767 92.0
286.3977395801888 -48.458525467679024 92.0
286.3977747685553 -48.45223384586405 94.0
286.3978099459271 -48.44594222403276 96.0
286.39784511230926 -48.43965060218515 95.0
286.3978802677065 -48.43335898032122 96.0
286.3979154121239 -48.427067358440986 98.0
286.39795054556635 -48.420775736544456 97.0
286.3979856680387 -48.414484114631655 98.0
286.39802077954596 -48.40819249270256 96.0
286.398055880093 -48.401900870757196 98.0
286.3980909696848 -48.39560924879555 95.0
286.39812604832616 -48.38931762681767 95.0
286.3981611160221 -48.38302600482353 93.0
286.39819617277743 -48.37673438281315 91.0
286.3982312185971 -48.37044276078653 89.0
286.39826625348604 -48.364151138743665 86.0
286.3983012774491 -48.3578595166846 85.0
286.39833629049116 -48.3515678946093 87.0
286.3983712926171 -48.345276272517815 91.0
286.39840628383195 -48.338984650410126 91.0
286.3984412641404 -48.332693028286236 89.0
286.3984762335474 -48.32640140614616 89.0
286.39851119205787 -48.32010978398993 87.0
286.3985461396767 -48.3138181618175 87.0
286.3985810764086 -48.30752653962893 87.0
286.3986160022586 -48.301234917424175 85.0
286.3986509172316 -48.29494329520331 84.0
286.4067147388483 -48.540339447625065 83.0
286.4067488953044 -48.53404782244072 85.0
286.40678304106933 -48.52775619724102 85.0
286.40681717614785 -48.521464572025984 87.0
286.4068513005447 -48.51517294679561 87.0
286.4068854142647 -48.508881321549914 86.0
286.40691951731276 -48.5025896962889 87.0
286.40695360969346 -48.49629807101256 89.0
286.4069876914118 -48.49000644572093 87.0
286.40702176247254 -48.48371482041399 88.0
286.4070558228804 -48.47742319509177 89.0
286.40708987264014 -48.471131569754235 92.0
286.4071239117566 -48.464839944401454 92.0
286.40715794023464 -48.458548319033405 94.0
286.40719195807884 -48.452256693650064 95.0
286.4072259652941 -48.44596506825148 95.0
286.4072599618852 -48.43967344283765 95.0
286.40729394785683 -48.43338181740857 95.0
286.40732792321387 -48.427090191964254 98.0
286.407361887961 -48.42079856650471 97.0
286.40739584210297 -48.41450694102994 97.0
286.4074297856445 -48.40821531553996 95.0
286.40746371859046 -48.40192369003478 97.0
286.40749764094556 -48.395632064514366 95.0
286.40753155271454 -48.38934043897879 94.0
286.40756545390207 -48.38304881342802 93.0
286.407599344513 -48.37675718786206 93.0
286.40763322455194 -48.370465562280934 92.0
286.4076670940238 -48.36417393668464 89.0
286.40770095293317 -48.357882311073176 87.0
286.40773480128485 -48.351590685446574 88.0
286.4077686390836 -48.34529905980481 88.0
286.407802466334 -48.339007434147916 90.0
286.4078362830409 -48.33271580847589 93.0
286.407870089209 -48.326424182788735 93.0
286.407903884843 -48.32013255708645 90.0
286.40793766994756 -48.313840931369064 89.0
286.4079714445275 -48.30754930563658 87.0
286.40800520858744 -48.30125767988899 86.0
286.40803896213214 -48.294966054126306 85.0
286.4080727051662 -48.28867442834854 86.0
286.4081064376944 -48.282382802555695 83.0
286.4082412628426 -48.257216299233676 82.0
286.4161153659622 -48.546653199515745 82.0
286.41618133861135 -48.534069942239135 82.0
286.4162143094485 -48.52777831357938 85.0
286.416247269967 -48.52148668490531 84.0
286.41628022017136 -48.515195056216946 85.0
286.4163131600663 -48.50890342751429 84.0
286.4163460896564 -48.502611798797346 84.0
286.4163790089463 -48.49632017006613 87.0
286.41641191794065 -48.49002854132064 86.0
286.41644481664406 -48.483736912560886 87.0
286.4164777050612 -48.477445283786885 90.0
286.41651058319655 -48.471153654998616 93.0
286.4165434510549 -48.464862026196116 94.0
286.4165763086408 -48.45857039737936 94.0
286.41660915595884 -48.45227876854838 95.0
286.4166419930137 -48.4459871397032 94.0
286.4166748198098 -48.439695510843755 95.0
286.416707636352 -48.433403881970136 96.0
286.41674044264465 -48.427112253082306 99.0
286.41677323869254 -48.42082062418026 97.0
286.4168060245002 -48.414528995264035 97.0
286.4168388000722 -48.408237366333616 97.0
286.41687156541315 -48.40194573738903 97.0
286.41690432052764 -48.39565410843026 96.0
286.4169370654202 -48.38936247945731 95.0
286.41696980009556 -48.38307085047022 96.0
286.4170025245581 -48.37677922146896 94.0
286.41703523881256 -48.37048759245356 92.0
286.4170679428634 -48.36419596342401 89.0
286.41710063671525 -48.35790433438034 87.0
286.41713332037267 -48.35161270532254 87.0
286.4171659938402 -48.345321076250606 87.0
286.4171986571224 -48.33902944716457 89.0
286.4172313102239 -48.332737818064416 91.0
286.4172639531492 -48.32644618895016 92.0
286.4172965859028 -48.32015455982181 91.0
286.4173292084894 -48.31386293067936 90.0
286.41736182091336 -48.30757130152285 90.0
286.41739442317936 -48.30127967235225 86.0
286.4174270152919 -48.294988043167585 87.0
286.4174595972556 -48.28869641396883 87.0
286.41749216907476 -48.28240478475604 82.0
286.4175898237116 -48.26352989703337 82.0
286.42564558594216 -48.52779965557793 82.0
286.42567737189677 -48.52150802356592 83.0
286.4257091479049 -48.51521639154064 83.0
286.4257409139709 -48.50892475950206 86.0
286.42577267009926 -48.50263312745019 86.0
286.42580441629457 -48.496341495385046 86.0
286.4258361525611 -48.49004986330663 87.0
286.42586787890343 -48.483758231214956 89.0
286.425899595326 -48.47746659911002 93.0
286.42593130183326 -48.47117496699182 93.0
286.4259629984297 -48.464883334860374 95.0
286.4259946851197 -48.45859170271569 94.0
286.42602636190776 -48.45230007055778 96.0
286.4260580287983 -48.44600843838662 95.0
286.4260896857958 -48.439716806202256 96.0
286.4261213329046 -48.43342517400466 97.0
286.4261529701293 -48.42713354179387 100.0
286.42618459747416 -48.420841909569866 97.0
286.42621621494374 -48.41455027733266 98.0
286.4262478225424 -48.408258645082256 98.0
286.42627942027457 -48.40196701281866 100.0
286.42631100814464 -48.3956753805419 97.0
286.4263425861572 -48.389383748251966 96.0
286.4263741543165 -48.38309211594884 96.0
286.42640571262694 -48.37680048363257 93.0
286.42643726109304 -48.370508851303136 91.0
286.42646879971915 -48.364217218960555 91.0
286.42650032850975 -48.35792558660483 91.0
286.4265318474691 -48.35163395423595 88.0
286.4265633566018 -48.34534232185396 87.0
286.4265948559121 -48.33905068945882 88.0
286.4266263454044 -48.33275905705057 90.0
286.4266578250831 -48.32646742462921 91.0
286.42668929495267 -48.32017579219474 92.0
286.42672075501736 -48.31388415974714 90.0
286.4267522052818 -48.307592527286474 88.0
286.42678364575005 -48.30130089481269 86.0
286.4268150764268 -48.29500926232584 87.0
286.4268464973162 -48.28871762982591 84.0
286.42687790842274 -48.2824259973129 83.0
286.43507687026107 -48.52782022323543 84.0
286.43510748164823 -48.52152858800661 83.0
286.43513808345637 -48.51523695276546 83.0
286.4351686756898 -48.50894531751199 83.0
286.43519925835284 -48.502653682246205 88.0
286.43522983144976 -48.49636204696808 88.0
286.4352603949848 -48.490070411677664 90.0
286.43529094896246 -48.483778776374955 90.0
286.4353214933868 -48.477487141059925 93.0
286.4353520282623 -48.47119550573262 93.0
286.4353825535932 -48.46490387039302 94.0
286.4354130693836 -48.45861223504114 92.0
286.4354435756381 -48.45232059967699 94.0
286.4354740723607 -48.44602896430056 96.0
286.43550455955585 -48.439737328911875 96.0
286.43553503722774 -48.433445693510926 96.0
286.4355655053807 -48.42715405809773 96.0
286.4355959640189 -48.42086242267228 98.0
286.43562641314674 -48.41457078723459 99.0
286.43565685276843 -48.40827915178466 99.0
286.43568728288824 -48.40198751632252 99.0
286.4357177035103 -48.39569588084812 97.0
286.4357481146391 -48.38940424536152 95.0
286.4357785162788 -48.38311260986272 94.0
286.43580890843356 -48.37682097435167 92.0
286.43583929110775 -48.37052933882844 90.0
286.43586966430547 -48.36423770329303 91.0
286.43590002803114 -48.35794606774541 90.0
286.4359303822889 -48.35165443218562 87.0
286.43596072708306 -48.345362796613635 89.0
286.43599106241777 -48.33907116102947 89.0
286.4360213882973 -48.33277952543314 88.0
286.43605170472586 -48.32648788982465 90.0
286.43608201170775 -48.320196254204 92.0
286.4361123092471 -48.313904618571186 88.0
286.43614259734824 -48.307612982926244 87.0
286.4361728760153 -48.30132134726914 87.0
286.43620314525253 -48.2950297115999 89.0
286.4362334050642 -48.28873807591855 84.0
286.4362636554544 -48.28244644022506 82.0
286.43629389642746 -48.27615480451946 83.0
286.4445081621162 -48.52784001655071 82.0
286.44456702653696 -48.515256739890255 82.0
286.44459644493423 -48.50896510154292 82.0
286.4446258541284 -48.50267346318419 90.0
286.4446552541234 -48.496381824814065 90.0
286.44468464492354 -48.490090186432575 89.0
286.4447140265329 -48.4837985480397 91.0
286.4447433989556 -48.47750690963545 92.0
286.4447727621957 -48.47121527121983 94.0
286.44480211625745 -48.46492363279287 95.0
286.44483146114493 -48.458631994354526 93.0
286.4448607968622 -48.452340355904845 94.0
286.4448901234134 -48.44604871744381 96.0
286.4449194408027 -48.439757078971446 96.0
286.44494874903415 -48.43346544048774 93.0
286.4449780481119 -48.4271738019927 95.0
286.44500733804 -48.42088216348633 99.0
286.4450366188226 -48.41459052496865 100.0
286.4450658904638 -48.40829888643966 101.0
286.4450951529677 -48.40200724789934 99.0
286.4451244063384 -48.395715609347725 96.0
286.4451536505799 -48.389423970784826 96.0
286.4451828856964 -48.38313233221061 95.0
286.445212111692 -48.376840693625105 95.0
286.4452413285708 -48.37054905502833 91.0
286.4452705363367 -48.36425741642026 88.0
286.44529973499397 -48.35796577780093 87.0
286.44532892454663 -48.35167413917031 87.0
286.4453581049988 -48.34538250052846 88.0
286.4453872763545 -48.33909086187532 88.0
286.4454164386177 -48.332799223210934 87.0
286.4454455917927 -48.326507584535314 87.0
286.4454747358834 -48.32021594584844 89.0
286.44550387089396 -48.31392430715032 89.0
286.4455329968284 -48.30763266844098 88.0
286.4455621136907 -48.301341029720405 87.0
286.445591221485 -48.29504939098861 87.0
286.44562032021537 -48.28875775224559 85.0
286.4456494098859 -48.28246611349136 85.0
286.4456784905005 -48.27617447472593 84.0
286.44570756206326 -48.26988283594929 83.0
286.45393946121834 -48.52785903552263 82.0
286.4540242214155 -48.50898411159366 85.0
286.4540524571373 -48.50269247026301 87.0
286.45408068402713 -48.49640082892185 91.0
286.45410890208893 -48.49010918757019 91.0
286.4541371113266 -48.48381754620805 91.0
286.4541653117442 -48.47752590483544 90.0
286.45419350334566 -48.47123426345233 93.0
286.4542216861349 -48.464942622058764 95.0
286.4542498601159 -48.458650980654724 94.0
286.45427802529264 -48.4523593392402 95.0
286.4543061816691 -48.446067697815245 96.0
286.45433432924915 -48.439776056379834 96.0
286.4543624680368 -48.433484414933965 95.0
286.45439059803596 -48.42719277347765 96.0
286.45441871925055 -48.420901132010904 97.0
286.4544468316846 -48.41460949053372 101.0
286.4544749353419 -48.40831784904609 98.0
286.45450303022653 -48.402026207548055 97.0
286.45453111634237 -48.39573456603959 98.0
286.45455919369334 -48.38944292452071 96.0
286.4545872622834 -48.38315128299141 97.0
286.45461532211647 -48.37685964145172 94.0
286.45464337319635 -48.370567999901624 91.0
286.4546714155272 -48.36427635834112 88.0
286.4546994491127 -48.35798471677023 86.0
286.45472747395695 -48.35169307518896 84.0
286.45475549006375 -48.3454014335973 87.0
286.45478349743695 -48.33910979199527 86.0
286.4548114960807 -48.332818150382856 84.0
286.4548394859987 -48.32652650876007 86.0
286.4548674671949 -48.32023486712693 87.0
286.4548954396733 -48.31394322548342 90.0
286.45492340343765 -48.30765158382957 87.0
286.45495135849194 -48.30135994216536 87.0
286.45497930484 -48.2950683004908 87.0
286.4550072424858 -48.28877665880591 85.0
286.4550351714332 -48.28248501711067 84.0
286.45506309168604 -48.276193375405114 83.0
286.4550910032483 -48.269901733689224 83.0
286.45511890612374 -48.26361009196302 82.0
286.4634249341298 -48.51529399183511 82.0
286.46345200484484 -48.509002347663156 86.0
286.46347906709104 -48.50271070348156 89.0
286.4635061208724 -48.496419059290325 90.0
286.4635331661925 -48.49012741508944 91.0
286.4635602030553 -48.48383577087893 90.0
286.46358723146454 -48.47754412665878 91.0
286.4636142514241 -48.47125248242901 95.0
286.4636412629376 -48.464960838189626 95.0
286.46366826600894 -48.458669193940615 93.0
286.4636952606419 -48.452377549682 94.0
286.4637222468403 -48.44608590541378 94.0
286.4637492246079 -48.43979426113594 94.0
286.46377619394843 -48.433502616848514 95.0
286.46380315486584 -48.42721097255149 95.0
286.4638301073637 -48.420919328244885 98.0
286.46385705144587 -48.41462768392869 98.0
286.46388398711616 -48.40833603960291 98.0
286.4639109143783 -48.402044395267545 97.0
286.46393783323606 -48.39575275092262 97.0
286.4639647436933 -48.38946110656813 96.0
286.4639916457536 -48.38316946220407 95.0
286.46401853942086 -48.37687781783045 92.0
286.4640454246988 -48.370586173447265 92.0
286.4640723015912 -48.36429452905453 89.0
286.46409917010175 -48.358002884652265 87.0
286.4641260302343 -48.35171124024045 83.0
286.46415288199256 -48.3454195958191 85.0
286.46417972538023 -48.33912795138821 85.0
286.4642065604011 -48.3328363069478 86.0
286.46423338705904 -48.32654466249786 86.0
286.46426020535756 -48.320253018038386 88.0
286.4642870153005 -48.313961373569406 86.0
286.46431381689166 -48.30766972909091 83.0
286.4643406101347 -48.301378084602916 85.0
286.4643673950333 -48.29508644010543 86.0
286.4643941715913 -48.28879479559842 84.0
286.46442093981244 -48.282503151081926 85.0
286.4645011944916 -48.263628217475514 83.0
286.4645279294024 -48.25733657292109 82.0
286.47282799309005 -48.52160310354693 83.0
286.47285389806433 -48.51531145665305 82.0
286.4728797949334 -48.509019809750335 86.0
286.472905683701 -48.50272816283881 90.0
286.47293156437064 -48.496436515918454 91.0
286.47295743694605 -48.490144868989255 90.0
286.4729833014308 -48.48385322205126 92.0
286.4730091578286 -48.477561575104446 92.0
286.473035006143 -48.47126992814883 94.0
286.4730608463777 -48.4649782811844 94.0
286.47308667853633 -48.45868663421117 93.0
286.4731125026224 -48.45239498722914 92.0
286.47313831863966 -48.44610334023834 93.0
286.4731641265917 -48.43981169323873 92.0
286.4731899264821 -48.43352004623035 95.0
286.47321571831446 -48.42722839921318 94.0
286.47324150209255 -48.42093675218723 96.0
286.47326727781984 -48.41464510515251 98.0
286.47329304549993 -48.40835345810903 95.0
286.4733188051365 -48.40206181105678 97.0
286.47334455673314 -48.39577016399578 96.0
286.4733703002934 -48.389478516926 96.0
286.47339603582094 -48.383186869847485 94.0
286.4734217633193 -48.37689522276022 94.0
286.47344748279215 -48.3706035756642 92.0
286.4734731942431 -48.36431192855945 89.0
286.47349889767565 -48.35802028144596 87.0
286.4735245930935 -48.35172863432374 86.0
286.47355028050015 -48.345436987192784 87.0
286.47357595989916 -48.33914534005312 88.0
286.4736016312942 -48.33285369290473 86.0
286.47362729468875 -48.3265620457476 86.0
286.47365295008655 -48.320270398581776 86.0
286.4736785974911 -48.31397875140724 83.0
286.4737298683346 -48.301395457032065 83.0
286.47375549178076 -48.29510380983142 84.0
286.47378110724793 -48.288812162622094 84.0
286.47380671473974 -48.28252051540408 82.0
286.4738323142597 -48.27622886817737 84.0
286.4738579058113 -48.26993722094199 83.0
286.47388348939825 -48.26364557369792 83.0
286.47390906502403 -48.257353926445184 82.0
286.48223339911505 -48.527911446367355 82.0
286.48228286837235 -48.51532814736663 85.0
286.48230759139255 -48.509036497854204 86.0
286.4823323066785 -48.50274484833373 88.0
286.4823570142335 -48.496453198805206 89.0
286.48238171406115 -48.49016154926864 89.0
286.4824064061649 -48.483869899724056 89.0
286.4824310905483 -48.477578250171426 93.0
286.4824557672146 -48.47128660061077 94.0
286.4824804361675 -48.46499495104209 96.0
286.48250509741035 -48.458703301465384 93.0
286.4825297509466 -48.45241165188067 90.0
286.48255439677973 -48.446120002287934 90.0
286.4825790349132 -48.439828352687194 92.0
286.4826036653505 -48.433536703078445 94.0
286.48262828809504 -48.4272450534617 93.0
286.4826529031503 -48.42095340383695 94.0
286.48267751051964 -48.41466175420421 95.0
286.4827021102066 -48.40837010456349 92.0
286.4827267022147 -48.402078454914765 95.0
286.48275128654717 -48.395786805258055 94.0
286.48277586320756 -48.38949515559335 93.0
286.4828004321994 -48.38320350592068 93.0
286.482824993526 -48.376911856240056 91.0
286.4828495471908 -48.37062020655144 88.0
286.48287409319727 -48.36432855685487 88.0
286.4828986315489 -48.35803690715035 87.0
286.482923162249 -48.35174525743785 89.0
286.48294768530104 -48.34545360771739 86.0
286.4829722007085 -48.339161957988985 88.0
286.4829967084747 -48.33287030825263 87.0
286.4830212086032 -48.32657865850834 89.0
286.48304570109724 -48.320287008756104 84.0
286.48307018596034 -48.31399535899594 82.0
286.4831680491716 -48.28882875987594 82.0
286.48319249593106 -48.282537110076134 83.0
286.4832169350801 -48.27624546026841 84.0
286.4916882882261 -48.52163571596872 83.0
286.491711844765 -48.5153440639749 83.0
286.4917353939335 -48.50905241197378 86.0
286.4917589357348 -48.50276075996536 87.0
286.4917824701724 -48.49646910794965 87.0
286.4918059972495 -48.49017745592665 87.0
286.4918295169694 -48.48388580389633 90.0
286.49185302933546 -48.47759415185874 90.0
286.4918765343509 -48.47130249981387 91.0
286.49190003201915 -48.465010847761725 95.0
286.49192352234337 -48.4587191957023 93.0
286.49194700532695 -48.452427543635594 91.0
286.4919704809731 -48.44613589156161 90.0
286.49199394928524 -48.43984423948038 92.0
286.49201741026656 -48.43355258739187 92.0
286.4920408639204 -48.427260935296104 90.0
286.49206431025 -48.42096928319308 90.0
286.49208774925864 -48.41467763108281 92.0
286.4921111809497 -48.40838597896527 91.0
286.4921346053263 -48.402094326840505 91.0
286.4921580223919 -48.39580267470849 90.0
286.49218143214966 -48.38951102256922 92.0
286.4922048346029 -48.38321937042272 91.0
286.49222822975486 -48.376927718268995 90.0
286.4922516176088 -48.37063606610803 89.0
286.49227499816806 -48.36434441393985 89.0
286.4922983714359 -48.358052761764434 88.0
286.49232173741547 -48.351761109581794 88.0
286.49234509611017 -48.34546945739195 90.0
286.4923684475232 -48.339177805194886 89.0
286.4923917916578 -48.332886152990596 90.0
286.4924151285173 -48.32659450077911 88.0
286.4924384581048 -48.320302848560424 86.0
286.49246178042375 -48.31401119633452 83.0
286.4924850954773 -48.30771954410143 82.0
286.49250840326874 -48.30142789186115 83.0
286.4925782831026 -48.28255293509716 83.0
286.4926015618779 -48.27626128282812 82.0
286.4926248334073 -48.26996963055192 82.0
286.5011408269534 -48.51535920647693 82.0
286.5011632022674 -48.50906755210816 85.0
286.5011855705815 -48.5027758977328 86.0
286.50120793189893 -48.49648424335085 87.0
286.5012302862227 -48.490192588962316 87.0
286.5012526335561 -48.483900934567195 89.0
286.5012749739021 -48.4776092801655 90.0
286.501297307264 -48.471317625757244 90.0
286.5013196336448 -48.4650259713424 90.0
286.50134195304776 -48.45873431692099 92.0
286.50136426547596 -48.452442662493 91.0
286.5013865709325 -48.44615100805846 93.0
286.5014088694205 -48.439859353617365 93.0
286.5014311609432 -48.43356769916969 90.0
286.50145344550356 -48.427276044715484 90.0
286.5014757231048 -48.4209843902547 88.0
286.5014979937501 -48.414692735787405 90.0
286.50152025744245 -48.408401081313535 90.0
286.501542514185 -48.40210942683313 89.0
286.501564763981 -48.395817772346184 88.0
286.5015870068334 -48.389526117852704 89.0
286.50160924274536 -48.38323446335268 90.0
286.50163147172003 -48.376942808846145 89.0
286.50165369376043 -48.37065115433307 89.0
286.5016759088698 -48.36435949981347 89.0
286.5016981170511 -48.35806784528734 89.0
286.50172031830755 -48.3517761907547 89.0
286.5017425126422 -48.34548453621554 89.0
286.5017647000581 -48.33919288166986 91.0
286.5017868805584 -48.33290122711769 90.0
286.50180905414624 -48.326609572559 87.0
286.5018312208246 -48.320317917993805 86.0
286.5018533805967 -48.31402626342211 83.0
286.5018755334655 -48.307734608843916 87.0
286.50189767943425 -48.30144295425924 85.0
286.5019198185059 -48.29515129966805 82.0
286.5105910161056 -48.50908191825647 84.0
286.5106122109299 -48.50279026163515 86.0
286.5106333991245 -48.49649860500794 87.0
286.5106545806924 -48.49020694837481 86.0
286.5106757556366 -48.48391529173578 87.0
286.5106969239601 -48.477623635090836 89.0
286.5107180856658 -48.471331978439984 90.0
286.51073924075666 -48.465040321783235 88.0
286.51076038923577 -48.45874866512058 88.0
286.510781531106 -48.452457008452036 89.0
286.5108026663703 -48.4461653517776 91.0
286.5108237950317 -48.439873695097276 91.0
286.5108449170931 -48.43358203841106 92.0
286.51086603255754 -48.427290381718954 88.0
286.51088714142793 -48.42099872502097 87.0
286.5109082437072 -48.4147070683171 87.0
286.51092933939833 -48.408415411607365 90.0
286.5109504285044 -48.40212375489175 89.0
286.5109715110281 -48.395832098170274 90.0
286.5109925869726 -48.38954044144291 90.0
286.51101365634077 -48.38324878470969 91.0
286.5110347191355 -48.37695712797061 90.0
286.5110557753599 -48.370665471225664 88.0
286.51107682501674 -48.36437381447487 88.0
286.51109786810906 -48.3580821577182 88.0
286.5111189046398 -48.351790500955694 88.0
286.5111399346118 -48.34549884418732 88.0
286.5111609580281 -48.33920718741311 91.0
286.51118197489154 -48.33291553063305 88.0
286.5112029852052 -48.32662387384716 86.0
286.5112239889719 -48.320332217055416 86.0
286.5112449861946 -48.314040560257844 85.0
286.5112659768762 -48.307748903454446 86.0
286.51128696101966 -48.301457246645185 84.0
286.52001883515925 -48.50909551041786 83.0
286.5200388564913 -48.502803851671615 87.0
286.5200588715607 -48.49651219292009 86.0
286.5200788803703 -48.49022053416329 85.0
286.520098882923 -48.48392887540123 87.0
286.5201188792214 -48.47763721663389 88.0
286.52013886926846 -48.47134555786128 89.0
286.520158853067 -48.4650538990834 86.0
286.5201788306197 -48.458762240300274 86.0
286.52019880192955 -48.452470581511875 89.0
286.5202187669992 -48.44617892271821 89.0
286.5202387258316 -48.4398872639193 87.0
286.5202586784293 -48.43359560511513 86.0
286.5202786247953 -48.427303946305706 87.0
286.5202985649324 -48.421012287491045 87.0
286.52031849884327 -48.41472062867113 88.0
286.5203384265308 -48.40842896984597 89.0
286.5203583479977 -48.40213731101557 89.0
286.52037826324687 -48.39584565217992 90.0
286.5203981722811 -48.38955399333906 90.0
286.520418075103 -48.38326233449293 90.0
286.5204379717155 -48.37697067564159 89.0
286.52045786212136 -48.37067901678502 88.0
286.5204777463233 -48.36438735792321 88.0
286.5204976243242 -48.358095699056186 87.0
286.5205174961268 -48.35180404018393 86.0
286.5205373617338 -48.34551238130646 87.0
286.520557221148 -48.33922072242377 88.0
286.5205770743723 -48.33292906353587 89.0
286.5205969214093 -48.32663740464275 85.0
286.5206167622619 -48.32034574574442 84.0
286.5206365969328 -48.31405408684088 85.0
286.52065642542476 -48.30776242793214 84.0
286.52067624774054 -48.3014707690182 85.0
286.52069606388295 -48.29517911009904 83.0
286.52944665913964 -48.50910832859158 82.0
286.52946550697715 -48.50281666784139 84.0
286.529484348919 -48.49652500708652 84.0
286.529503184968 -48.49023334632698 85.0
286.52952201512676 -48.483941685562776 87.0
286.52954083939784 -48.477650024793896 88.0
286.529559657784 -48.47135836402034 87.0
286.52957847028784 -48.46506670324213 87.0
286.529597276912 -48.458775042459244 85.0
286.5296160776591 -48.452483381671705 83.0
286.5296348725318 -48.44619172087951 83.0
286.52965366153273 -48.439900060082635 85.0
286.5296724446646 -48.43360839928112 88.0
286.5296912219299 -48.42731673847495 89.0
286.5297099933313 -48.42102507766413 87.0
286.5297287588715 -48.41473341684866 85.0
286.52974751855317 -48.408441756028544 86.0
286.52976627237877 -48.40215009520377 86.0
286.529785020351 -48.39585843437437 88.0
286.52980376247257 -48.389566773540324 89.0
286.529822498746 -48.38327511270163 88.0
286.52984122917394 -48.3769834518583 87.0
286.529859953759 -48.37069179101035 86.0
286.5298786725038 -48.36440013015775 87.0
286.529897385411 -48.358108469300525 86.0
286.5299160924831 -48.351816808438684 85.0
286.5299347937229 -48.34552514757219 84.0
286.5299534891328 -48.3392334867011 85.0
286.5299721787155 -48.33294182582537 85.0
286.5299908624737 -48.326650164945015 86.0
286.53000954040994 -48.32035850406006 84.0
286.53002821252676 -48.31406684317047 83.0
286.53004687882674 -48.30777518227628 83.0
286.53006553931266 -48.30148352137748 82.0
286.53010284285233 -48.28890019956604 83.0
286.53892749419714 -48.49024538486515 84.0
286.5389451519598 -48.48395372221968 84.0
286.53896280420145 -48.477662059570115 86.0
286.5389804509245 -48.47137039691645 86.0
286.5389980921315 -48.465078734258675 85.0
286.5390157278249 -48.4587870715968 82.0
286.5390509826807 -48.44620374626075 83.0
286.5390686018481 -48.439912083586584 86.0
286.5390862155118 -48.43362042090831 87.0
286.5391038236743 -48.42732875822596 87.0
286.53912142633794 -48.42103709553952 85.0
286.5391390235053 -48.41474543284898 87.0
286.5391566151788 -48.40845377015437 86.0
286.53917420136094 -48.40216210745566 85.0
286.5391917820542 -48.395870444752866 85.0
286.5392093572609 -48.389578782046 87.0
286.5392269269837 -48.38328711933505 85.0
286.5392444912249 -48.376995456620016 84.0
286.53926204998703 -48.37070379390091 86.0
286.5392796032726 -48.36441213117773 86.0
286.5392971510839 -48.358120468450494 84.0
286.5393322302938 -48.34553714298378 83.0
286.53936728763637 -48.332953817500815 84.0
286.5393848081135 -48.326662154753215 86.0
286.5394023231312 -48.32037049200158 84.0
286.5394198326918 -48.31407882924588 84.0
286.5394373367978 -48.30778716648612 82.0
286.53945483545164 -48.3014955037223 83.0
286.53947232865573 -48.29520384095444 82.0
286.548384773344 -48.47767332096186 83.0
286.548401248402 -48.47138165654891 82.0
286.54846709715844 -48.44621499886126 83.0
286.54848354649033 -48.439923334430425 85.0
286.5484999906838 -48.433631669996025 86.0
286.5485164297414 -48.42734000555804 83.0
286.54853286366523 -48.4210483411165 83.0
286.5485492924578 -48.4147566766714 83.0
286.54856571612123 -48.40846501222273 87.0
286.54858213465786 -48.40217334777051 85.0
286.54859854806995 -48.39588168331473 85.0
286.54861495636 -48.389590018855394 85.0
286.54863135953 -48.3832983543925 85.0
286.54864775758256 -48.37700668992604 85.0
286.5486641505197 -48.37071502545604 86.0
286.54868053834383 -48.36442336098249 85.0
286.5486969210573 -48.35813169650538 84.0
286.54871329866234 -48.35184003202473 84.0
286.5487624008497 -48.332965038561504 84.0
286.54877875804385 -48.326673374066694 87.0
286.548795110141 -48.32038170956833 84.0
286.5488114571434 -48.31409004506642 84.0
286.54882779905336 -48.307798380560975 82.0
286.54884413587314 -48.301506716052 82.0
286.557898495172 -48.43993381261352 82.0
286.5579137698935 -48.433642146543576 84.0
286.55792903984434 -48.427350480470544 84.0
286.55794430502647 -48.42105881439445 84.0
286.5579595654423 -48.41476714831528 84.0
286.55797482109364 -48.40847548223303 85.0
286.5579900719829 -48.402183816147705 84.0
286.5580053181121 -48.39589215005932 84.0
286.55802055948345 -48.389600483967854 82.0
286.5580357960989 -48.383308817873335 82.0
286.5580510279608 -48.37701715177574 82.0
286.55806625507114 -48.37072548567508 83.0
286.5580814774321 -48.36443381957136 84.0
286.55809669504583 -48.35814215346456 83.0
286.5581119079144 -48.351850487354724 82.0
286.55814231942463 -48.33926715512585 82.0
286.5581575180705 -48.33297548900682 82.0
286.5581727119798 -48.32668382288476 83.0
286.55818790115455 -48.320392156759624 84.0
286.5582030855969 -48.314100490631446 84.0
286.55821826530894 -48.307808824500206 84.0
286.55823344029284 -48.30151715836592 82.0
286.55824861055066 -48.295225492228596 82.0
286.55829409298883 -48.27635049379832 82.0
286.56728522388624 -48.452526853297144 82.0
286.56729933795083 -48.44623518571752 82.0
286.567313447606 -48.43994351813526 82.0
286.56734165369596 -48.427360182962865 83.0
286.5673557501347 -48.42106851537275 82.0
286.56736984217196 -48.41477684777999 83.0
286.56738392980964 -48.40848518018463 84.0
286.56739801304974 -48.40219351258664 85.0
286.56741209189425 -48.39590184498602 82.0
286.5674543020738 -48.3770268421685 82.0
286.5675245646447 -48.345568504087026 82.0
286.5675666696366 -48.32669350120684 83.0
286.56758069588716 -48.320401833574905 82.0
286.56759471776775 -48.31411016594036 83.0
286.5676087352801 -48.30781849830321 82.0
286.56762274842634 -48.30152683066348 83.0
286.56763675720833 -48.295235163021125 83.0
286.5766766199774 -48.46511912688983 82.0
286.5766895719286 -48.45882745791947 82.0
286.5767154636906 -48.44624411997209 82.0
286.576728403505 -48.43995245099508 82.0
286.57676719870307 -48.42107744405084 82.0
286.5768059575718 -48.40220243708673 82.0
286.57681886913 -48.39591076809429 83.0
286.5768317766588 -48.389619099099654 82.0
286.57696063072933 -48.32670240903238 82.0
286.57698635337124 -48.31411907099261 83.0
286.5861315926096 -48.446252281443606 82.0
286.5862021573256 -48.408502259909554 82.0
286.58622564953305 -48.39591891938361 82.0
286.5864130605233 -48.295252194914355 83.0
286.5955583245488 -48.43996799872701 82.0
