# successful candidates for region at (266.9322913401327, 11.039462808645158) and radius 1.0
267.47197192407367 10.896594825550071 118.0
267.47198342477134 10.902908639172175 116.0
267.4783825139992 10.896583452848812 116.0
267.4783941512992 10.902897264078106 116.0
267.5553626924996 10.921691627134425 117.0
267.55537599143673 10.928005407402905 116.0
267.5553892959842 10.934319187660558 116.0
267.5617738222762 10.921678497649465 118.0
267.5617872580422 10.92799227515694 118.0
267.56180069947624 10.934306052653358 116.0
267.56817138461156 10.91535145903535 118.0
267.568184951481 10.921665233764823 117.0
267.5681985240754 10.927979008483025 116.0
267.5745686786105 10.909024291644844 117.0
267.5745823764682 10.915338063568507 117.0
267.574596080108 10.921651835480676 116.0
267.57460978953054 10.927965607381344 117.0
267.5809933677417 10.915324533730601 118.0
267.5810072081515 10.921638302797204 118.0
267.58740435842617 10.91531086952181 116.0
267.58741833560566 10.921624635714586 118.0
267.5874323186833 10.927938401895398 119.0
267.58744630765983 10.934252168064237 116.0
267.5938294624646 10.92161083423301 116.0
267.59384358236923 10.927924597511499 120.0
267.5938577082305 10.934238360777782 116.0
267.60025484545383 10.927910658700563 119.0
267.6002691081993 10.934224419036024 118.0
267.6066805075606 10.934210342839153 118.0
