# successful candidates for region at (294.38564194969535, -19.077350813243676) and radius 1.0
293.64262286369666 -18.754524108131548 151.0
293.6426507912283 -18.748215767671653 151.0
293.6426787106682 -18.74190742718375 153.0
293.6492369122611 -18.754550392323797 152.0
293.64926459122387 -18.748242048071543 154.0
293.64929226216697 -18.741933703791783 152.0
293.64931992509196 -18.735625359484523 152.0
293.6493475800004 -18.729317015149782 152.0
293.65579607825265 -18.767193137452228 151.0
293.6558235245457 -18.76088478949558 151.0
293.65585096288805 -18.754576441511894 153.0
293.65587839328106 -18.74826809350119 154.0
293.65590581572644 -18.741959745463472 152.0
293.65593323022574 -18.735651397398748 152.0
293.65596063678043 -18.729343049307026 152.0
293.662410628281 -18.76721895908632 153.0
293.66243782585934 -18.760910607404146 153.0
293.66246501555895 -18.754602255695428 155.0
293.6624921973814 -18.748293903960175 156.0
293.6625193713282 -18.741985552198397 156.0
293.6625465374009 -18.7356772004101 154.0
293.662573695601 -18.729368848595293 153.0
293.66260084593006 -18.723060496753988 151.0
293.66899822366554 -18.773552900995302 152.0
293.6690251803365 -18.767244545647593 151.0
293.6690521291993 -18.76093619027381 153.0
293.66907907025546 -18.754627834873975 156.0
293.6691060035064 -18.74831947944808 156.0
293.6691329289536 -18.742011123996146 156.0
293.66915984659886 -18.735702768518177 154.0
293.6691867564435 -18.729394413014177 154.0
293.669213658489 -18.72308605748416 153.0
293.67555958753877 -18.786194974076487 151.0
293.67558631089815 -18.779886615121814 155.0
293.6756130265183 -18.77357825614153 153.0
293.67566643454717 -18.760961538104173 152.0
293.67569312695883 -18.75465317904712 153.0
293.6757198116374 -18.748344819964494 152.0
293.67574648858437 -18.7420364608563 152.0
293.6757731578012 -18.73572810172255 155.0
293.67579981928947 -18.729419742563252 154.0
293.6758264730507 -18.723111383378416 152.0
293.6815105333127 -18.943929157670294 151.0
293.6817768527135 -18.880845537041893 151.0
293.68180344232667 -18.874537174839972 153.0
293.6821219183186 -18.798836826449417 151.0
293.68214840808315 -18.79252846391983 152.0
293.68217489017763 -18.786220101365085 155.0
293.6822013646034 -18.77991173878521 154.0
293.6822278313621 -18.7736033761802 152.0
293.68225429045526 -18.767295013550065 153.0
293.6822807418843 -18.760986650894814 155.0
293.6823071856507 -18.75467828821446 154.0
293.682333621756 -18.748369925509003 154.0
293.6823600502018 -18.742061562778453 153.0
293.68238647098946 -18.735753200022828 152.0
293.6824128841205 -18.729444837242124 154.0
293.6824392895964 -18.72313647443635 151.0
293.6883695527883 -18.887178848855815 153.0
293.68842223959876 -18.874562117280064 153.0
293.6884485715771 -18.868253751455015 152.0
293.68847489593946 -18.86194538560519 151.0
293.68868521684493 -18.811478457915708 152.0
293.6887639617027 -18.792553359624357 153.0
293.6887901947906 -18.786244993477876 155.0
293.6888164202821 -18.779936627306725 155.0
293.68884263817847 -18.77362826111091 156.0
293.6888688484814 -18.767319894890445 157.0
293.6888950511922 -18.761011528645334 155.0
293.68892124631253 -18.754703162375584 153.0
293.6889736137874 -18.742086429762207 152.0
293.68899978614496 -18.73577806341859 153.0
293.68902595091794 -18.729469697050373 154.0
293.69462269917267 -18.975520730979422 152.0
293.6946489021056 -18.969212361980453 154.0
293.6946750974711 -18.962903992957052 151.0
293.6949888521368 -18.8872035627734 151.0
293.6950410388384 -18.87458682406848 153.0
293.6950671208707 -18.868278454679547 156.0
293.69530151987584 -18.811503129086326 151.0
293.69532752653845 -18.80519475945469 152.0
293.69535352567226 -18.798886389798824 151.0
293.6953795172787 -18.792578020118743 157.0
293.6954055013593 -18.78626965041445 159.0
293.69543147791546 -18.779961280685956 157.0
293.6954574469487 -18.773652910933265 159.0
293.6954834084606 -18.767344541156383 159.0
293.69550936245236 -18.76103617135532 157.0
293.6955353089257 -18.754727801530095 153.0
293.695561247882 -18.748419431680695 152.0
293.6955871793228 -18.742111061807147 156.0
293.69561310324946 -18.73580269190945 151.0
293.7012195500299 -18.98185363116957 151.0
293.7012455093539 -18.97554525865724 154.0
293.70127146118136 -18.969236886120942 154.0
293.70129740551386 -18.962928513560673 153.0
293.70132334235296 -18.956620140976447 152.0
293.7013492717 -18.950311768368273 152.0
293.701608153436 -18.88722804097093 152.0
293.7016340004686 -18.8809196680998 151.0
293.7016598400269 -18.874611295204826 151.0
293.7016856721124 -18.868302922285995 154.0
293.7017114967265 -18.86199454934333 152.0
293.701892059951 -18.817835938077703 152.0
293.70191782484716 -18.811527564944576 151.0
293.7019435822852 -18.80521919178768 156.0
293.7019693322666 -18.798910818607013 153.0
293.7019950747927 -18.79260244540259 155.0
293.702020809865 -18.786294072174414 158.0
293.70204653748516 -18.779985698922502 160.0
293.7020722576544 -18.773677325646858 160.0
293.70209797037427 -18.767368952347482 159.0
293.70212367564625 -18.761060579024395 156.0
293.7021493734718 -18.754752205677587 152.0
293.70217506385234 -18.74844383230708 151.0
293.7022007467893 -18.74213545891288 155.0
293.70222642228424 -18.735827085494993 153.0
293.7078426133335 -18.98187792615419 154.0
293.70786832147866 -18.97556955013813 154.0
293.70789402219987 -18.969261174098556 151.0
293.70791971549863 -18.96295279803548 155.0
293.7079454013765 -18.95664442194891 151.0
293.70797107983475 -18.950336045838846 151.0
293.70822745666703 -18.88725228344798 154.0
293.70825305360734 -18.880943907080034 152.0
293.7082786431456 -18.874635530688693 151.0
293.7083042252834 -18.868327154273963 151.0
293.70848309315573 -18.824168518716547 152.0
293.7085086161417 -18.817860142114966 151.0
293.70853413174035 -18.811551765490062 155.0
293.7085596399529 -18.805243388841845 158.0
293.708585140781 -18.79893501217032 155.0
293.70861063422603 -18.792626635475486 155.0
293.7086361202893 -18.786318258757376 157.0
293.7086615989725 -18.78000988201597 160.0
293.70868707027694 -18.773701505251296 160.0
293.7087125342041 -18.767393128463347 158.0
293.70873799075537 -18.761084751652138 154.0
293.70878888173615 -18.748467997959963 151.0
293.70881431616857 -18.74215962107902 152.0
293.7144402142445 -18.988210364370072 151.0
293.7144656785628 -18.98190198490741 155.0
293.7144911355283 -18.97559360542169 154.0
293.7145165851424 -18.969285225912905 153.0
293.7145420274066 -18.96297684638108 151.0
293.71484676181126 -18.88727629020417 152.0
293.7148721086584 -18.880967910373407 151.0
293.7149227803652 -18.868351150643058 152.0
293.71507461968906 -18.83050087090196 152.0
293.71509990062117 -18.82419249086498 152.0
293.7151251742366 -18.81788411080512 154.0
293.71515044053683 -18.811575730722392 157.0
293.7151756995231 -18.805267350616802 160.0
293.7152009511971 -18.798958970488357 156.0
293.7152261955601 -18.792650590337065 154.0
293.7152514326136 -18.786342210162932 155.0
293.71527666235903 -18.780033829965973 155.0
293.71530188479784 -18.77372544974619 159.0
293.71532709993136 -18.76741706950359 157.0
293.7153523077611 -18.761108689238178 153.0
293.71537750828855 -18.754800308949964 151.0
293.715402701515 -18.748491928638956 151.0
293.71542788744205 -18.742183548305167 152.0
293.7157044512809 -18.67279136313159 153.0
293.72106353263365 -18.988234190327557 159.0
293.7210887456989 -18.981925807428844 152.0
293.72111395148397 -18.975617424507522 156.0
293.72113914999017 -18.9693090415636 153.0
293.721164341219 -18.96300065859708 153.0
293.7213907350322 -18.906225210882845 152.0
293.7214409648381 -18.893608444476204 152.0
293.72146606885 -18.88730006123912 152.0
293.7214911656032 -18.880991677979527 151.0
293.72171670997295 -18.82421622763196 153.0
293.721741734217 -18.817907844147776 155.0
293.7217667512179 -18.811599460641176 155.0
293.7217917609772 -18.805291077112155 156.0
293.72181676349624 -18.798982693560742 158.0
293.72184175877646 -18.79267430998692 153.0
293.7218667468193 -18.78636592639072 157.0
293.72189172762614 -18.780057542772123 155.0
293.72191670119844 -18.773749159131153 154.0
293.7219416675376 -18.767440775467822 151.0
293.72196662664504 -18.761132391782123 151.0
293.72199157852214 -18.75482400807407 151.0
293.7220165231704 -18.74851562434367 152.0
293.72206639078587 -18.73589885681586 153.0
293.7225139002451 -18.622347945054024 151.0
293.72256347938264 -18.609731176635815 151.0
293.72768685291163 -18.988257780018802 151.0
293.72771181472314 -18.98194939371811 152.0
293.72776171672433 -18.969332621050253 152.0
293.727786656917 -18.9630242346831 151.0
293.72806052391974 -18.893631983184783 154.0
293.7280853777646 -18.887323596552427 153.0
293.7283087391483 -18.830548115869682 152.0
293.7283335211924 -18.82423972901711 155.0
293.72835829606424 -18.81793134214256 154.0
293.72838306376514 -18.811622955246037 152.0
293.7284078242965 -18.805314568327546 151.0
293.7284325776598 -18.79900618138709 156.0
293.72845732385645 -18.79269779442468 153.0
293.7284820628878 -18.786389407440325 154.0
293.7285067947553 -18.780081020434032 155.0
293.72853151946026 -18.77377263340581 152.0
293.72860565061455 -18.754847472189606 153.0
293.7286550355975 -18.742230697935945 151.0
293.7286797173572 -18.735922310776274 151.0
293.7291718523534 -18.609754562997043 153.0
293.734655474067 -18.899963676109344 152.0
293.73468008485935 -18.893655286137342 152.0
293.7347046885363 -18.88734689614373 152.0
293.7349012619617 -18.836879775417344 155.0
293.73492580166214 -18.83057138522947 154.0
293.734950334261 -18.82426299502005 155.0
293.7349748597598 -18.817954604789083 151.0
293.7350238894625 -18.805337824262566 151.0
293.7350483936693 -18.799029433967018 151.0
293.7350728907815 -18.79272104364996 152.0
293.73509738080054 -18.78641265331139 153.0
293.73524417203663 -18.748562310828742 151.0
293.73526861244255 -18.742253920339817 152.0
293.7354882575702 -18.685478404975086 151.0
293.73553698979765 -18.672861623547472 152.0
293.73556134531043 -18.666553232801604 153.0
293.7355856937578 -18.660244842034363 152.0
293.7356343694617 -18.64762806043581 151.0
293.735658696721 -18.641319669604513 151.0
293.73575593517273 -18.616086106065982 152.0
293.73578022714617 -18.609777715128054 155.0
293.7358045120666 -18.603469324168817 153.0
293.7358287899352 -18.597160933188288 151.0
293.73585306075364 -18.590852542186465 151.0
293.7358773245231 -18.584544151163353 151.0
293.74122654484916 -18.91260353316902 152.0
293.74132400114644 -18.88736996001263 152.0
293.74134834761287 -18.881061566670578 152.0
293.74151857582495 -18.83690281268391 151.0
293.7415428660072 -18.830594419172712 154.0
293.74156714916006 -18.824286025640397 154.0
293.741591425285 -18.81797763208698 153.0
293.7416399564566 -18.805360844916848 151.0
293.7418338003017 -18.754893695393466 151.0
293.7418821911077 -18.74227690780218 152.0
293.741906375995 -18.735968513975006 152.0
293.74197888861033 -18.717043332367453 151.0
293.74200304547117 -18.710734938456284 152.0
293.7420271953288 -18.70442654452413 153.0
293.74205133818464 -18.698118150570995 152.0
293.74207547404006 -18.691809756596893 152.0
293.7420996028965 -18.685501362601833 153.0
293.7421237247551 -18.679192968585816 154.0
293.7421478396174 -18.672884574548842 153.0
293.7423645587685 -18.61610902727456 151.0
293.74238860374254 -18.609800633028478 151.0
293.74243667274794 -18.5971838444737 151.0
293.742460696782 -18.59087545016502 154.0
293.74248471383885 -18.58456705583548 153.0
293.7483520071293 -18.780150042550556 151.0
293.74851970802445 -18.73599126321258 152.0
293.7485436375377 -18.72968286608192 153.0
293.7485675601156 -18.723374468930686 154.0
293.7485914757595 -18.71706607175889 154.0
293.74861538447084 -18.710757674566526 152.0
293.7486392862509 -18.70444927735361 151.0
293.74866318110116 -18.69814088012015 151.0
293.7486870690228 -18.691832482866147 152.0
293.74871095001737 -18.685524085591613 154.0
293.74873482408606 -18.679215688296548 156.0
293.7487586912303 -18.672907290980966 155.0
293.7487825514515 -18.666598893644867 153.0
293.7488064047508 -18.660290496288262 151.0
293.74883025112973 -18.653982098911158 152.0
293.74906833459335 -18.59089812401402 151.0
293.7545387786388 -18.893723780455158 151.0
293.75456263180723 -18.88741538058178 153.0
293.7547294109435 -18.843256580899716 151.0
293.75487209585475 -18.805406180381727 152.0
293.754990810749 -18.77386417939374 153.0
293.75510935382465 -18.742322177900885 153.0
293.75513304183636 -18.736013777541796 154.0
293.7551567229834 -18.729705377162556 155.0
293.75518039726705 -18.723396976763166 158.0
293.75520406468877 -18.717088576343635 153.0
293.7552277252499 -18.71078017590397 152.0
293.7552513789516 -18.704471775444173 154.0
293.7552750257954 -18.69816337496425 155.0
293.7552986657826 -18.691854974464214 154.0
293.7553222989145 -18.685546573944062 156.0
293.7553459251925 -18.679238173403814 158.0
293.75536954461785 -18.67292977284347 159.0
293.755393157192 -18.66662137226303 155.0
293.7554167629162 -18.66031297166251 152.0
293.7554403617918 -18.65400457104191 155.0
293.75546395382014 -18.64769617040124 152.0
293.75548753900256 -18.641387769740508 151.0
293.7609929346353 -18.93790496151282 151.0
293.7610165854436 -18.931596558553608 151.0
293.76111112034874 -18.906362946517458 152.0
293.7611347369997 -18.900054543458637 155.0
293.76115834682315 -18.893746140379907 156.0
293.7611819498205 -18.88743773728129 151.0
293.76120554599316 -18.881129334162775 153.0
293.76151167579445 -18.799120091815098 152.0
293.7615586705233 -18.786503285002723 153.0
293.7615821576821 -18.78019488156686 154.0
293.7616056380388 -18.77388647811121 152.0
293.76169949147254 -18.748652864090946 151.0
293.76172293783935 -18.742344460536497 155.0
293.7617463774121 -18.736036056962302 158.0
293.7617698101922 -18.729727653368368 157.0
293.7617932361809 -18.723419249754713 154.0
293.7618166553797 -18.717110846121333 151.0
293.76186347341235 -18.70449403879543 153.0
293.76188687224897 -18.698185635102924 153.0
293.7619102643009 -18.691877231390723 154.0
293.76193364956947 -18.685568827658827 158.0
293.7619570280559 -18.679260423907248 159.0
293.7619803997617 -18.67295202013599 160.0
293.762003764688 -18.666643616345063 155.0
293.7620271228363 -18.660335212534473 154.0
293.7620504742078 -18.654026808704224 155.0
293.76207381880386 -18.647718404854317 152.0
293.76209715662577 -18.64141000098477 151.0
293.7621438119527 -18.628793193186763 151.0
293.7676142578134 -18.93792710803013 151.0
293.7676610513112 -18.92531029570383 151.0
293.7677311908582 -18.90638507706808 154.0
293.76775455719263 -18.900076670817178 155.0
293.76777791677193 -18.893768264546793 155.0
293.7678012695975 -18.887459858256932 154.0
293.7678246156706 -18.8811514519476 152.0
293.7680577053107 -18.81806738778481 151.0
293.76810424234225 -18.805450574719245 153.0
293.7681275007546 -18.799142168157374 152.0
293.7681507524331 -18.792833761576123 154.0
293.76817399737905 -18.7865253549755 155.0
293.7681972355938 -18.780216948355505 153.0
293.7682204670786 -18.773908541716146 152.0
293.7682436918348 -18.76760013505743 152.0
293.76826690986377 -18.761291728379362 151.0
293.7682901211668 -18.754983321681955 153.0
293.76831332574517 -18.748674914965207 153.0
293.76833652360017 -18.74236650822913 154.0
293.76835971473326 -18.736058101473724 156.0
293.76838289914565 -18.729749694699002 155.0
293.76840607683863 -18.723441287904965 152.0
293.76842924781363 -18.717132881091626 152.0
293.7684524120719 -18.71082447425898 152.0
293.7684987204434 -18.698207660535818 154.0
293.76852186455926 -18.691899253645317 154.0
293.7685450019637 -18.685590846735536 158.0
293.7685681326579 -18.679282439806492 158.0
293.7685912566433 -18.67297403285818 159.0
293.76861437392114 -18.66666562589061 155.0
293.7686374844927 -18.66035721890379 154.0
293.76866058835935 -18.65404881189773 155.0
293.7686836855224 -18.647740404872433 155.0
293.7742355827425 -18.937949018551056 152.0
293.7743050110273 -18.919023790553158 151.0
293.77432814041384 -18.91271538118234 151.0
293.77435126311497 -18.906406971792453 153.0
293.7743743791321 -18.900098562383487 152.0
293.77439748846643 -18.89379015295545 151.0
293.77442059111945 -18.887481743508353 154.0
293.7744436870923 -18.88117333404221 154.0
293.7744667763864 -18.874864924557006 154.0
293.77469730228387 -18.811780828658677 151.0
293.7747663300387 -18.792855599518763 151.0
293.77478932596773 -18.786547189767532 154.0
293.7748123152376 -18.780238779997333 154.0
293.77483529784973 -18.773930370208195 151.0
293.7748582738053 -18.767621960400106 151.0
293.7748812431057 -18.76131355057308 153.0
293.7749042057522 -18.75500514072712 153.0
293.77492716174606 -18.748696730862235 153.0
293.7749501110887 -18.742388320978435 152.0
293.77497305378137 -18.73607991107572 153.0
293.7749959898253 -18.729771501154094 152.0
293.77504184197227 -18.717154681254154 151.0
293.77508766754016 -18.704537861278652 152.0
293.77511057036014 -18.698229451262584 152.0
293.7751334665393 -18.691921041227644 155.0
293.77515635607887 -18.685612631173843 154.0
293.77517923898006 -18.67930422110118 153.0
293.7752021152443 -18.67299581100967 155.0
293.7752249848729 -18.666687400899313 152.0
293.77524784786704 -18.660378990770113 153.0
293.7752707042281 -18.65407058062208 154.0
293.7752935539573 -18.647762170455223 154.0
293.78085690940395 -18.937970693075236 151.0
293.7809484647895 -18.912737043204572 151.0
293.781017061888 -18.893811805605534 152.0
293.7810399143676 -18.88750339303521 153.0
293.78106276023954 -18.88119498044624 153.0
293.781085599505 -18.874886567838633 153.0
293.7811084321653 -18.868578155212393 151.0
293.7813136290903 -18.811802440738763 151.0
293.7813591558597 -18.799185615095737 152.0
293.78140465627075 -18.786568789378457 152.0
293.78142739659506 -18.780260376492 151.0
293.7814501303338 -18.773951963586995 152.0
293.7814728574879 -18.767643550663458 154.0
293.78149557805904 -18.761335137721385 151.0
293.78151829204825 -18.755026724760793 152.0
293.7815409994569 -18.74871831178168 152.0
293.78156370028637 -18.742409898784057 152.0
293.7815863945378 -18.73610148576793 151.0
293.7816090822125 -18.729793072733298 152.0
293.7816544378371 -18.717176246608563 152.0
293.78172242198093 -18.698251007282863 154.0
293.78174507022254 -18.69194259413736 155.0
293.78176771189646 -18.68563418097339 155.0
293.78179034700395 -18.679325767790978 155.0
293.78181297554636 -18.67301735459012 153.0
293.7818355975249 -18.666708941370825 152.0
293.7818582129409 -18.66040052813309 153.0
293.7818808217956 -18.654092114876924 154.0
293.7819034240903 -18.647783701602343 154.0
293.7875461624156 -18.91906688495236 153.0
293.78756879087575 -18.912758469365826 153.0
293.7875914127953 -18.906450053761034 151.0
293.7876140281756 -18.90014163813798 152.0
293.7876366370179 -18.893833222496685 152.0
293.7876592393235 -18.887524806837135 151.0
293.7876818350936 -18.88121639115935 151.0
293.78770442432966 -18.874907975463337 154.0
293.7879524750408 -18.80551540160546 151.0
293.7879749859674 -18.79920698569111 154.0
293.7879974903766 -18.792898569758602 155.0
293.7880199882696 -18.786590153807953 153.0
293.78804247964763 -18.78028173783915 151.0
293.7880649645121 -18.773973321852207 151.0
293.7881099147052 -18.76135648982394 152.0
293.7881323800364 -18.75504807378262 151.0
293.78815483885916 -18.74873965772319 151.0
293.78819973698415 -18.73612282555 155.0
293.78831186848674 -18.704580744800438 151.0
293.7883342752872 -18.6982723285963 153.0
293.78835667559053 -18.691963912374092 152.0
293.7883790693981 -18.68565549613384 154.0
293.7884014567112 -18.679347079875534 153.0
293.78842383753096 -18.67303866359918 151.0
293.7884462118588 -18.666730247304784 152.0
293.7884685796958 -18.66042183099237 151.0
293.78849094104345 -18.65411341466192 151.0
293.78851329590293 -18.647804998313447 151.0
293.79418911865383 -18.912779659665766 151.0
293.7942338552423 -18.900162822325477 151.0
293.7942562138374 -18.89385440362856 151.0
293.79459081775383 -18.799228121036826 152.0
293.79461307307173 -18.792919702055112 152.0
293.7946353219455 -18.786611283055645 153.0
293.7946575643766 -18.780302864038436 156.0
293.7946798003661 -18.773994445003485 153.0
293.7947020299154 -18.76768602595081 151.0
293.7947242530257 -18.761377606880394 151.0
293.7948352720361 -18.72983551126264 151.0
293.79507894811354 -18.660442899347604 152.0
293.7951010619534 -18.654134479976708 151.0
293.8008536839806 -18.900183770719337 151.0
293.8008757923279 -18.89387534900081 151.0
293.80089789428314 -18.887566927264828 152.0
293.80118463860117 -18.805557443112153 153.0
293.8012066512003 -18.799249021132532 152.0
293.80122865742624 -18.792940599135548 152.0
293.80125065728026 -18.78663217712121 153.0
293.80127265076356 -18.78032375508952 152.0
293.80129463787745 -18.77401533304049 151.0
293.80133859300196 -18.76139848889041 151.0
293.80136056101503 -18.75509006678938 151.0
293.8013825226637 -18.74878164467103 154.0
293.80147030563876 -18.723547956024507 151.0
293.80753906971023 -18.881279209149692 152.0
293.80777895311746 -18.81188653588361 152.0
293.80780072285404 -18.805578110939244 155.0
293.80782248628833 -18.799269685977897 152.0
293.8078442434216 -18.792961260999583 152.0
293.8078877387899 -18.78034441099206 151.0
293.80797465396836 -18.755110710773632 151.0
293.8079963670289 -18.748802285676675 152.0
293.81441680873047 -18.805598543481707 152.0
293.81443832299925 -18.79929011557259 153.0
293.81445983103913 -18.79298168764688 153.0
293.81448133285136 -18.786673259704596 151.0
293.81454580093396 -18.76774797577832 151.0
293.8145887485397 -18.755131119744682 151.0
293.8210966730506 -18.78669344822175 153.0
293.82111791968646 -18.780385017350202 153.0
293.8211391601692 -18.77407658646247 154.0
293.82118162268006 -18.761459724638463 151.0
293.82764898528 -18.805638702711462 151.0
293.8276910110667 -18.793021835289938 151.0
293.8277330125196 -18.780404967805143 152.0
293.8277540041239 -18.774096534039025 151.0
293.83432735818377 -18.78673311970536 153.0
293.8343481069179 -18.780424683110226 152.0
293.8343688496431 -18.774116246499656 154.0
293.8476187844021 -18.76784652385945 151.0
293.8476390176409 -18.76153808163235 151.0
293.84765924501846 -18.755229639390553 152.0
293.8542333856944 -18.767865528228082 154.0
293.8542533701963 -18.76155708325902 152.0
293.854273348909 -18.755248638275624 151.0
293.86084798847634 -18.767884297513458 151.0
