# successful candidates for region at (296.77715540770845, -30.207829173133476) and radius 1.0
295.7761218065588 -30.12678697440777 80.0
295.7898963267696 -30.202197649012565 80.0
295.7899592624117 -30.19592255784688 80.0
295.7900221821381 -30.189647466592 80.0
295.7900850859534 -30.18337237524796 82.0
295.7901479738622 -30.17709728381479 80.0
295.79021084586896 -30.170822192292533 80.0
295.79058774422145 -30.13317164128951 80.0
295.79065050504124 -30.126896549144387 80.0
295.79071324999535 -30.120621456910392 80.0
295.79115202081425 -30.07669580878665 80.0
295.7971037521443 -30.208527015906487 80.0
295.7971662402618 -30.2022519179664 80.0
295.79722871257627 -30.195976819938387 80.0
295.79729116909215 -30.189701721822516 81.0
295.7973536098141 -30.183426623618782 84.0
295.7974160347465 -30.177151525327222 82.0
295.79747844389397 -30.170876426947874 83.0
295.7978525675469 -30.133225834829812 81.0
295.7979148663258 -30.12695073583673 81.0
295.79803941664136 -30.114400537587922 80.0
295.7981016681869 -30.10812543833226 82.0
295.79816390399714 -30.101850338989113 81.0
295.79822612407634 -30.09557523955852 80.0
295.798412689973 -30.076749940742353 81.0
295.79853698866503 -30.064199741094882 81.0
295.804374137071 -30.20858089061303 81.0
295.8044361617406 -30.202305785860023 82.0
295.8045601640267 -30.18975557609422 82.0
295.8046221416522 -30.183480471081477 83.0
295.80468410360527 -30.177205365982214 84.0
295.80474604989047 -30.170930260796453 83.0
295.8048079805122 -30.16465515552423 81.0
295.80493179478316 -30.152104944720495 80.0
295.8049936784414 -30.145829839189044 80.0
295.8050555464541 -30.139554733571234 80.0
295.8051173988257 -30.133279627867108 81.0
295.8053028621388 -30.114454310237075 80.0
295.8053646519907 -30.108179204187937 82.0
295.8054264262239 -30.10190409805262 84.0
295.8054881848428 -30.095628991831152 81.0
295.80554992785176 -30.08935388552356 81.0
295.8056116552554 -30.08307877912987 83.0
295.8056733670581 -30.076803672650108 83.0
295.80573506326425 -30.070528566084317 82.0
295.8057967438784 -30.064253459432503 81.0
295.8058584089049 -30.057978352694708 80.0
295.80604331050324 -30.039153031965718 80.0
295.8115829531363 -30.214909475637196 81.0
295.8116445299281 -30.20863436420735 81.0
295.8117060911468 -30.20235925269215 82.0
295.81176763679684 -30.196084141091628 82.0
295.81182916688266 -30.189809029405826 82.0
295.8118906814087 -30.183533917634758 84.0
295.8119521803794 -30.17725880577845 86.0
295.8120136637993 -30.17098369383694 85.0
295.8120751316727 -30.16470858181026 85.0
295.81219802079806 -30.152158357501456 83.0
295.81225944205886 -30.145883245219405 83.0
295.812320847791 -30.13960813285228 81.0
295.8123822379989 -30.133333020400123 81.0
295.81244361268705 -30.127057907862955 81.0
295.81250497185977 -30.120782795240803 81.0
295.81256631552156 -30.114507682533702 81.0
295.8126276436769 -30.108232569741663 82.0
295.81268895633013 -30.101957456864742 83.0
295.81275025348566 -30.095682343902944 82.0
295.812811535148 -30.0894072308563 83.0
295.8128728013215 -30.083132117724844 83.0
295.8129340520106 -30.07685700450861 83.0
295.8129952872197 -30.0705818912076 83.0
295.8130565069532 -30.064306777821876 84.0
295.8132400733446 -30.045481437156575 82.0
295.81330123122 -30.039206323432207 83.0
295.81336237364184 -30.032931209623243 80.0
295.8188538174356 -30.214962554830766 82.0
295.8189149306563 -30.208687436688155 81.0
295.8189760284211 -30.20241231846148 83.0
295.8190371107345 -30.19613720015076 83.0
295.8190981776008 -30.189862081756026 85.0
295.81915922902436 -30.183586963277325 85.0
295.8192202650098 -30.177311844714648 86.0
295.8192812855614 -30.17103672606806 86.0
295.81934229068355 -30.16476160733756 84.0
295.8194032803807 -30.15848648852319 84.0
295.8194642546573 -30.15221136962498 84.0
295.81952521351764 -30.14593625064295 82.0
295.81958615696624 -30.139661131577135 82.0
295.8196470850075 -30.133386012427547 81.0
295.8197079976457 -30.127110893194235 82.0
295.81976889488544 -30.120835773877214 81.0
295.8198297767309 -30.114560654476502 83.0
295.81989064318657 -30.10828553499215 84.0
295.8199514942568 -30.102010415424175 82.0
295.8200123299461 -30.095735295772588 83.0
295.8200731502588 -30.08946017603744 84.0
295.8201339551992 -30.083185056218756 84.0
295.8201947447718 -30.07690993631656 83.0
295.8202555189809 -30.070634816330866 82.0
295.8203162778309 -30.06435969626171 83.0
295.8203770213263 -30.058084576109138 81.0
295.82043774947124 -30.051809455873148 80.0
295.8204984622703 -30.045534335553782 82.0
295.82055915972774 -30.03925921515107 82.0
295.82582121108226 -30.246390855639163 80.0
295.82606402455997 -30.221290357580635 80.0
295.8261246895497 -30.215015232858807 82.0
295.8261853391964 -30.20874010805416 82.0
295.82624597350446 -30.202464983166717 83.0
295.82630659247815 -30.196189858196504 83.0
295.8263671961219 -30.18991473314355 84.0
295.82642778444017 -30.183639608007883 84.0
295.82648835743726 -30.17736448278953 85.0
295.8265489151176 -30.17108935748852 87.0
295.8266094574856 -30.164814232104874 86.0
295.8266699845455 -30.158539106638624 88.0
295.82673049630176 -30.1522639810898 87.0
295.8267909927588 -30.145988855458413 81.0
295.8268514739209 -30.139713729744518 82.0
295.82691193979247 -30.133438603948115 82.0
295.82697239037793 -30.12716347806925 84.0
295.82703282568156 -30.12088835210794 85.0
295.8270932457078 -30.114613226064215 83.0
295.82715365046084 -30.108338099938113 84.0
295.8272140399453 -30.102062973729637 83.0
295.82727441416534 -30.095787847438828 82.0
295.8273347731254 -30.089512721065717 83.0
295.82739511682985 -30.083237594610328 85.0
295.82745544528296 -30.076962468072683 83.0
295.8275157584891 -30.07068734145281 84.0
295.82757605645264 -30.06441221475075 85.0
295.827636339178 -30.058137087966504 83.0
295.8276966066694 -30.051861961100126 82.0
295.8277568589312 -30.04558683415163 82.0
295.8278170959678 -30.039311707121037 81.0
295.82787731778353 -30.033036580008385 80.0
295.83333536812404 -30.221342641054445 81.0
295.8333955694195 -30.21506750972005 83.0
295.8334557554892 -30.20879237830409 83.0
295.83351592633744 -30.202517246806597 82.0
295.83357608196854 -30.196242115227587 83.0
295.8336362223869 -30.189966983567114 84.0
295.83369634759686 -30.18369185182517 85.0
295.8337564576027 -30.177416720001805 85.0
295.83381655240885 -30.171141588097043 89.0
295.83387663201967 -30.164866456110904 90.0
295.8339366964394 -30.158591324043424 88.0
295.8339967456725 -30.152316191894613 86.0
295.8340567797232 -30.146041059664512 86.0
295.8341167985959 -30.139765927353153 84.0
295.83417680229496 -30.13349079496055 86.0
295.83423679082466 -30.12721566248673 86.0
295.83429676418933 -30.120940529931723 86.0
295.8343567223933 -30.114665397295553 86.0
295.834416665441 -30.10839026457826 86.0
295.8344765933366 -30.10211513177986 84.0
295.83453650608453 -30.09583999890038 82.0
295.83459640368903 -30.089564865939845 82.0
295.83465628615454 -30.083289732898283 84.0
295.83471615348526 -30.077014599775712 84.0
295.83477600568557 -30.07073946657219 86.0
295.83483584275973 -30.064464333287702 85.0
295.8348956647121 -30.058189199922303 86.0
295.83495547154706 -30.05191406647601 82.0
295.83501526326876 -30.045638932948847 85.0
295.8350750398816 -30.039363799340855 84.0
295.83513480138987 -30.033088665652034 81.0
295.83519454779787 -30.026813531882443 81.0
295.8352542791099 -30.02053839803208 83.0
295.83531399533024 -30.01426326410098 80.0
295.8404871988476 -30.233944798860886 82.0
295.8405469666761 -30.227669661125347 80.0
295.8406067193873 -30.22139452330945 84.0
295.8406664569856 -30.21511938541322 85.0
295.84072617947544 -30.208844247436673 86.0
295.84078588686094 -30.202569109379837 85.0
295.84084557914656 -30.19629397124275 84.0
295.84090525633655 -30.19001883302543 87.0
295.84096491843525 -30.18374369472792 88.0
295.841024565447 -30.17746855635022 88.0
295.84108419737606 -30.171193417892372 86.0
295.84114381422677 -30.164918279354396 85.0
295.8412034160035 -30.158643140736324 87.0
295.8412630027104 -30.152368002038177 86.0
295.8413225743519 -30.14609286325998 87.0
295.84138213093235 -30.13981772440177 87.0
295.8414416724559 -30.133542585463573 86.0
295.841501198927 -30.1272674464454 86.0
295.84156071034977 -30.120992307347297 87.0
295.8416202067287 -30.114717168169268 86.0
295.8416796880679 -30.108442028911362 84.0
295.8417391543719 -30.10216688957358 85.0
295.8417986056447 -30.095891750155975 84.0
295.8418580418909 -30.08961661065856 83.0
295.8419174631145 -30.083341471081358 83.0
295.84197686932 -30.077066331424398 84.0
295.8420362605115 -30.07079119168771 85.0
295.84209563669344 -30.064516051871323 85.0
295.84215499787 -30.058240911975258 85.0
295.8422143440455 -30.051965771999534 84.0
295.8422736752242 -30.045690631944183 85.0
295.84233299141044 -30.039415491809244 84.0
295.84239229260834 -30.033140351594724 83.0
295.84245157882236 -30.026865211300663 83.0
295.8425108500566 -30.02059007092708 82.0
295.8425701063154 -30.014314930473994 80.0
295.84280698168146 -29.989214367867255 80.0
295.84775948550293 -30.233996292921766 80.0
295.8478187893967 -30.227721148672643 82.0
295.8478780782906 -30.221446004344386 84.0
295.84793735218886 -30.215170859937054 88.0
295.8479966110958 -30.208895715450655 87.0
295.84805585501573 -30.2026205708852 86.0
295.84811508395296 -30.196345426240736 87.0
295.84817429791167 -30.190070281517276 86.0
295.8482334968963 -30.183795136714856 87.0
295.848292680911 -30.17751999183351 87.0
295.84835184996007 -30.171244846873243 86.0
295.8484110040479 -30.16496970183408 85.0
295.8484701431786 -30.158694556716068 87.0
295.84852926735647 -30.15241941151923 87.0
295.84858837658595 -30.146144266243574 89.0
295.84864747087113 -30.139869120889134 86.0
295.8487065502164 -30.13359397545595 86.0
295.8487656146259 -30.12731882994403 85.0
295.848824664104 -30.1210436843534 86.0
295.8488836986549 -30.114768538684093 85.0
295.84894271828296 -30.108493392936133 84.0
295.8490017229923 -30.102218247109555 85.0
295.84906071278726 -30.095943101204373 87.0
295.8491196876721 -30.089667955220616 86.0
295.849178647651 -30.08339280915831 84.0
295.8492375927283 -30.07711766301748 84.0
295.8492965229082 -30.070842516798148 84.0
295.849355438195 -30.06456737050036 86.0
295.8494143385929 -30.05829222412411 85.0
295.84947322410613 -30.052017077669458 84.0
295.849532094739 -30.045741931136387 86.0
295.84959095049567 -30.039466784524972 86.0
295.8496497913804 -30.0331916378352 86.0
295.8497086173975 -30.026916491067116 85.0
295.8497674285511 -30.02064134422074 84.0
295.84982622484546 -30.014366197296102 83.0
295.84988500628486 -30.00809105029322 81.0
295.84994377287353 -30.00181590321213 80.0
295.8500025246156 -29.995540756052847 80.0
295.8550906197009 -30.227772234947864 81.0
295.8551494447745 -30.22149708415801 80.0
295.85520825496985 -30.215221933290312 86.0
295.85526705029116 -30.208946782344764 83.0
295.8553258307426 -30.202671631321415 81.0
295.8553845963285 -30.196396480220283 84.0
295.8554433470532 -30.190121329041386 85.0
295.8555020829208 -30.183846177784755 84.0
295.8555608039356 -30.177571026450423 85.0
295.85561951010186 -30.171295875038414 85.0
295.8556782014238 -30.165020723548732 81.0
295.85573687790566 -30.15874557198143 83.0
295.85579553955176 -30.152470420336524 88.0
295.85585418636623 -30.14619526861404 86.0
295.8559128183534 -30.13992011681399 87.0
295.85597143551735 -30.133644964936426 88.0
295.8560300378625 -30.127369812981346 88.0
295.856088625393 -30.121094660948796 87.0
295.8561471981131 -30.114819508838796 87.0
295.856205756027 -30.10854435665136 86.0
295.8562642991389 -30.102269204386534 87.0
295.85632282745314 -30.09599405204433 86.0
295.8563813409738 -30.089718899624774 87.0
295.85643983970516 -30.083443747127898 87.0
295.85649832365146 -30.077168594553715 84.0
295.85655679281695 -30.070893441902268 85.0
295.85661524720575 -30.064618289173566 87.0
295.8566736868221 -30.058343136367636 87.0
295.8567321116702 -30.052067983484523 87.0
295.85679052175436 -30.045792830524235 87.0
295.85684891707865 -30.039517677486792 87.0
295.8569072976474 -30.033242524372227 85.0
295.85696566346473 -30.02696737118057 85.0
295.8570240145349 -30.02069221791184 86.0
295.85708235086196 -30.014417064566075 84.0
295.8571406724503 -30.00814191114327 83.0
295.8571989793041 -30.00186675764349 84.0
295.8572572714274 -29.99559160406674 82.0
295.85731554882454 -29.98931645041304 80.0
295.8610747669062 -30.36587635892455 80.0
295.8611334539716 -30.3596012034163 81.0
295.86242081877987 -30.221547762749093 81.0
295.8624791652694 -30.215272605471753 85.0
295.86253749700217 -30.20899744811781 84.0
295.86259581398235 -30.202722290687262 84.0
295.8626541162141 -30.196447133180158 84.0
295.8627124037018 -30.190171975596524 83.0
295.86277067644954 -30.183896817936375 81.0
295.8628289344616 -30.17762166019974 84.0
295.86288717774215 -30.171346502386644 83.0
295.8630036201257 -30.158796186531152 82.0
295.86306181923703 -30.15252102848882 89.0
295.8631200036337 -30.146245870370137 84.0
295.86317817331997 -30.139970712175106 86.0
295.86323632829993 -30.13369555390377 89.0
295.86329446857786 -30.127420395556136 88.0
295.86335259415796 -30.12114523713226 88.0
295.8634107050444 -30.11487007863214 86.0
295.8634688012413 -30.10859492005581 86.0
295.863526882753 -30.102319761403297 87.0
295.8635849495835 -30.09604460267462 88.0
295.8636430017373 -30.08976944386981 87.0
295.8637010392183 -30.083494284988888 86.0
295.86375906203074 -30.077219126031885 87.0
295.86381707017887 -30.070943966998822 85.0
295.86387506366685 -30.064668807889717 87.0
295.8639330424989 -30.058393648704612 86.0
295.8639910066791 -30.052118489443515 87.0
295.8640489562117 -30.04584333010647 87.0
295.86410689110085 -30.039568170693478 87.0
295.86416481135075 -30.03329301120458 87.0
295.8642227169655 -30.0270178516398 86.0
295.86428060794935 -30.02074269199915 85.0
295.8643384843064 -30.014467532282683 84.0
295.86439634604085 -30.00819237249039 83.0
295.86445419315686 -30.001917212622313 82.0
295.8645120256586 -29.995642052678484 82.0
295.8645698435502 -29.989366892658914 81.0
295.86829861072215 -30.372201944701324 80.0
295.8683568461133 -30.365926782882166 82.0
295.86975008302824 -30.21532287648016 83.0
295.86980795116966 -30.209047712768513 85.0
295.86986580467567 -30.20277254898151 85.0
295.8699236435505 -30.196497385119144 85.0
295.86998146779837 -30.190222221181465 83.0
295.8700392774235 -30.183947057168474 84.0
295.87009707243 -30.17767189308022 85.0
295.87015485282205 -30.171396728916708 83.0
295.87021261860383 -30.165121564677964 82.0
295.8702703697796 -30.15884640036403 83.0
295.8703281063534 -30.15257123597492 85.0
295.87038582832946 -30.146296071510644 86.0
295.87044353571196 -30.14002090697125 86.0
295.8705012285051 -30.133745742356762 89.0
295.870558906713 -30.127470577667186 89.0
295.87061657033985 -30.121195412902548 89.0
295.87067421938974 -30.1149202480629 86.0
295.8707318538669 -30.108645083148243 86.0
295.8707894737755 -30.102369918158594 89.0
295.8708470791197 -30.096094753094008 87.0
295.87090466990367 -30.08981958795449 86.0
295.87096224613146 -30.083544422740058 84.0
295.87101980780733 -30.07726925745075 87.0
295.8710773549354 -30.070994092086597 86.0
295.8711348875197 -30.064718926647608 85.0
295.8711924055646 -30.058443761133802 86.0
295.8712499090741 -30.052168595545226 89.0
295.87130739805235 -30.045893429881882 85.0
295.87136487250353 -30.03961826414382 85.0
295.87142233243173 -30.03334309833104 85.0
295.87147977784116 -30.027067932443575 85.0
295.8715372087359 -30.020792766481456 85.0
295.87159462512005 -30.014517600444705 86.0
295.8716520269979 -30.00824243433334 85.0
295.87170941437336 -30.00196726814739 81.0
295.8717667872507 -29.995692101886874 83.0
295.8718241456341 -29.98941693555183 83.0
295.87188148952754 -29.983141769142275 80.0
295.87222524883094 -29.94549076912155 80.0
295.87228249141043 -29.939215602191087 80.0
295.8756389327881 -30.36597680444516 82.0
295.8758121516356 -30.34715129952758 80.0
295.87684870739525 -30.23419825592478 80.0
295.87690615552174 -30.227923086128857 80.0
295.8770210081871 -30.21537274631428 80.0
295.87707841273436 -30.20909757629569 84.0
295.8771358027634 -30.20282240620293 87.0
295.8771931782785 -30.196547236036015 85.0
295.8772505392838 -30.19027206579499 85.0
295.87730788578347 -30.18399689547985 82.0
295.8773652177815 -30.177721725090652 83.0
295.8774225352823 -30.171446554627387 85.0
295.8774798382898 -30.165171384090115 83.0
295.87753712680825 -30.158896213478823 85.0
295.8775944008417 -30.15262104279357 85.0
295.87765166039435 -30.146345872034352 86.0
295.8777089054704 -30.14007070120122 87.0
295.87776613607383 -30.13379553029417 88.0
295.8778233522089 -30.127520359313255 89.0
295.8778805538797 -30.121245188258477 90.0
295.87793774109036 -30.11497001712987 88.0
295.87799491384504 -30.108694845927452 88.0
295.8780520721478 -30.102419674651244 88.0
295.87810921600277 -30.096144503301296 88.0
295.8781663454141 -30.08986933187761 88.0
295.878223460386 -30.083594160380212 87.0
295.8782805609224 -30.077318988809125 85.0
295.87833764702754 -30.071043817164384 87.0
295.8783947187055 -30.064768645446 90.0
295.87845177596046 -30.058493473654007 91.0
295.8785088187965 -30.052218301788425 87.0
295.8785658472176 -30.045943129849288 86.0
295.878622861228 -30.039667957836595 86.0
295.8786798608318 -30.033392785750397 86.0
295.8787368460331 -30.027117613590708 85.0
295.87879381683604 -30.020842441357537 84.0
295.87885077324455 -30.01456726905094 86.0
295.8789077152629 -30.008292096670917 84.0
295.87896464289514 -30.0020169242175 83.0
295.8790215561453 -29.99574175169072 83.0
295.87907845501763 -29.989466579090575 82.0
295.87913533951604 -29.983191406417124 81.0
295.8791922096447 -29.976916233670366 80.0
295.87941954654383 -29.95181554195084 80.0
295.8795898985359 -29.932990022392744 81.0
295.8796466538536 -29.92671484906047 80.0
295.8830928468108 -30.347200899843386 80.0
295.8831500911346 -30.3409257251067 80.0
295.8832073209706 -30.33465055029651 80.0
295.88412103138944 -30.234247743359287 80.0
295.8841780155671 -30.22797256730354 81.0
295.8842919406867 -30.21542221497294 80.0
295.8843488816369 -30.209147038698116 82.0
295.8844058081863 -30.202871862350317 82.0
295.8844627203389 -30.196596685929567 84.0
295.8845196180988 -30.19032150943589 83.0
295.8845765014702 -30.184046332869293 83.0
295.88463337045715 -30.17777115622982 86.0
295.88469022506376 -30.171495979517488 85.0
295.8847470652942 -30.16522080273232 87.0
295.8848038911526 -30.15894562587435 87.0
295.884860702643 -30.15267044894359 87.0
295.8849174997695 -30.14639527194006 86.0
295.8849742825362 -30.14012009486379 86.0
295.88503105094725 -30.133844917714818 87.0
295.8850878050067 -30.127569740493144 89.0
295.8851445447187 -30.121294563198806 89.0
295.88520127008735 -30.115019385831825 89.0
295.88525798111664 -30.108744208392224 89.0
295.8853146778108 -30.102469030880027 88.0
295.88537136017385 -30.096193853295272 88.0
295.8854280282099 -30.08991867563796 89.0
295.885484681923 -30.08364349790812 90.0
295.88554132131725 -30.077368320105787 90.0
295.8855979463968 -30.07109314223097 90.0
295.8856545571656 -30.06481796428372 91.0
295.8857111536278 -30.058542786264013 90.0
295.88576773578757 -30.05226760817192 88.0
295.8858243036488 -30.04599243000744 89.0
295.8858808572158 -30.039717251770604 87.0
295.8859373964924 -30.033442073461448 87.0
295.8859939214828 -30.027166895079965 86.0
295.88605043219104 -30.02089171662621 84.0
295.88610692862125 -30.01461653810019 84.0
295.8861634107774 -30.008341359501927 83.0
295.8862198786636 -30.00206618083146 83.0
295.8862763322839 -29.995791002088787 80.0
295.8864456075901 -29.976965465427888 80.0
295.8900325778001 -30.384901182198345 80.0
295.89031675669725 -30.35352527880983 80.0
295.8903735493258 -30.347250097915005 81.0
295.89043032758025 -30.34097491694787 81.0
295.8904870914648 -30.334699735908416 80.0
295.89144988289945 -30.228021647200087 80.0
295.89150638882955 -30.221746464863422 81.0
295.8915628804678 -30.215471282454917 80.0
295.89161935781834 -30.209196099974605 82.0
295.89167582088515 -30.202920917422478 82.0
295.89173226967245 -30.196645734798587 81.0
295.89178870418425 -30.190370552102955 82.0
295.8918451244246 -30.18409536933559 85.0
295.89190153039766 -30.177820186496536 86.0
295.89195792210745 -30.1715450035858 85.0
295.8920142995581 -30.165269820603413 84.0
295.89207066275367 -30.15899463754939 86.0
295.8921270116981 -30.152719454423764 89.0
295.8921833463957 -30.146444271226557 87.0
295.8922396668504 -30.140169087957783 86.0
295.89229597306627 -30.133893904617487 88.0
295.8923522650474 -30.12761872120567 89.0
295.89240854279785 -30.121343537722368 88.0
295.8924648063217 -30.115068354167597 88.0
295.892521055623 -30.10879317054139 90.0
295.89257729070573 -30.10251798684376 90.0
295.8926335115741 -30.096242803074738 91.0
295.8926897182321 -30.089967619234347 90.0
295.8927459106837 -30.083692435322607 92.0
295.892802088933 -30.077417251339543 92.0
295.8928582529842 -30.071142067285187 91.0
295.89291440284114 -30.06486688315954 90.0
295.89297053850794 -30.058591698962648 94.0
295.89302665998866 -30.052316514694525 89.0
295.8930827672874 -30.0460413303552 88.0
295.8931388604081 -30.039766145944675 86.0
295.8931949393548 -30.03349096146301 87.0
295.89325100413157 -30.027215776910193 87.0
295.89330705474254 -30.020940592286276 86.0
295.8933630911916 -30.01466540759126 84.0
295.8934191134828 -30.00839022282518 85.0
295.89347512162027 -30.002115037988062 82.0
295.89353111560797 -29.995839853079918 82.0
295.89358709544996 -29.989564668100776 81.0
295.8936430611502 -29.983289483050676 81.0
295.8936990127128 -29.97701429792961 80.0
295.8973160865062 -30.384950015126513 80.0
295.8976542591207 -30.347298893741225 80.0
295.89771057130304 -30.341023706594566 80.0
295.8977668692335 -30.3347485193768 80.0
295.8978794223549 -30.32219814472801 80.0
295.8987217574595 -30.228070325817267 80.0
295.89877779955253 -30.221795137323483 82.0
295.8988338274711 -30.21551994875903 81.0
295.89888984121916 -30.209244760123937 80.0
295.89894584080076 -30.20296957141822 81.0
295.89900182622 -30.196694382641915 82.0
295.8990577974809 -30.190419193795016 83.0
295.8991137545876 -30.184144004877577 86.0
295.8991696975439 -30.17786881588961 86.0
295.8992256263542 -30.17159362683114 81.0
295.8992815410223 -30.165318437702183 82.0
295.89933744155223 -30.15904324850277 86.0
295.8993933279482 -30.15276805923293 88.0
295.8994492002141 -30.14649286989267 89.0
295.899505058354 -30.14021768048201 87.0
295.899560902372 -30.133942491000997 89.0
295.8996167322721 -30.12766730144964 89.0
295.8996725480583 -30.12139211182797 90.0
295.89972834973463 -30.11511692213599 89.0
295.8997841373051 -30.108841732373744 88.0
295.89983991077384 -30.102566542541247 91.0
295.89989567014476 -30.096291352638524 90.0
295.8999514154219 -30.090016162665606 93.0
295.90000714660937 -30.083740972622493 94.0
295.90006286371107 -30.07746578250923 92.0
295.9001185667311 -30.07119059232582 92.0
295.90017425567345 -30.064915402072316 92.0
295.90022993054214 -30.058640211748713 93.0
295.9002855913412 -30.052365021355055 89.0
295.90034123807453 -30.046089830891344 88.0
295.9003968707463 -30.039814640357616 88.0
295.9004524893604 -30.033539449753906 88.0
295.9005080939209 -30.0272642590802 87.0
295.9005636844318 -30.020989068336554 87.0
295.90061926089703 -30.014713877522976 87.0
295.9006748233207 -30.008438686639504 86.0
295.90073037170663 -30.00216349568614 82.0
295.900785906059 -29.995888304662927 82.0
295.90084142638176 -29.989613113569867 82.0
295.9008969326789 -29.983337922407006 81.0
295.9009524249543 -29.97706273117435 80.0
295.9058268200442 -30.246944186537146 81.0
295.90588244049343 -30.240668992145633 80.0
295.90593804687325 -30.23439379768455 81.0
295.9059936391879 -30.228118603153916 82.0
295.90604921744125 -30.221843408553756 80.0
295.9061603317802 -30.209293019144955 80.0
295.9062158678738 -30.203017824336367 83.0
295.9062713899223 -30.19674262945833 84.0
295.90632689792966 -30.190467434510893 85.0
295.90638239189985 -30.18419223949406 85.0
295.9064378718369 -30.177917044407867 85.0
295.90649333774485 -30.171641849252328 83.0
295.9066042274894 -30.15909145873331 85.0
295.90665965133405 -30.152816263369886 87.0
295.9067150611656 -30.146541067937203 87.0
295.90677045698806 -30.14026587243529 88.0
295.90682583880545 -30.133990676864183 87.0
295.9068812066218 -30.127715481223877 87.0
295.90693656044095 -30.121440285514428 89.0
295.9069919002671 -30.115165089735832 87.0
295.9070472261041 -30.108889893888126 88.0
295.907102537956 -30.102614697971315 89.0
295.90715783582687 -30.09633950198545 89.0
295.90721311972055 -30.090064305930536 92.0
295.9072683896411 -30.083789109806595 93.0
295.9073236455925 -30.077513913613657 92.0
295.9073788875788 -30.071238717351733 93.0
295.9074341156038 -30.06496352102086 91.0
295.90748932967165 -30.058688324621052 90.0
295.90754452978626 -30.052413128152335 90.0
295.9075997159517 -30.04613793161472 90.0
295.9076548881718 -30.039862735008256 88.0
295.90771004645063 -30.033587538332938 89.0
295.90776519079213 -30.027312341588807 87.0
295.90782032120023 -30.021037144775878 85.0
295.907875437679 -30.014761947894165 89.0
295.9079305402323 -30.008486750943714 87.0
295.9079856288642 -30.002211553924532 84.0
295.9080407035786 -29.995936356836637 83.0
295.90809576437937 -29.98966115968006 82.0
295.9081508112707 -29.98338596245483 81.0
295.9131001011132 -30.246992080765907 80.0
295.9131552573678 -30.240716880315308 80.0
295.9132103996705 -30.234441679796287 80.0
295.9132655280253 -30.228166479208866 80.0
295.9133757429072 -30.21561607782895 80.0
295.91348590204524 -30.20306567617574 84.0
295.91354096072024 -30.196790475246694 84.0
295.9135960054713 -30.190515274249403 86.0
295.9136510363024 -30.184240073183872 83.0
295.9137060532174 -30.177964872050126 82.0
295.9137610562203 -30.171689670848192 81.0
295.9138160453153 -30.165414469578096 81.0
295.91387102050606 -30.159139268239844 84.0
295.9139259817967 -30.152864066833477 87.0
295.9139809291912 -30.146588865359014 88.0
295.91403586269354 -30.140313663816467 89.0
295.9140907823076 -30.13403846220587 87.0
295.9141456880375 -30.127763260527228 88.0
295.914200579887 -30.121488058780592 90.0
295.91425545786024 -30.11521285696595 87.0
295.9143103219611 -30.108937655083356 87.0
295.9143651721936 -30.10266245313281 89.0
295.91442000856165 -30.096387251114358 88.0
295.9144748310692 -30.090112049027994 91.0
295.9145296397202 -30.08383684687375 93.0
295.9145844345186 -30.07756164465166 93.0
295.91463921546836 -30.071286442361743 93.0
295.91469398257345 -30.06501124000401 90.0
295.9147487358378 -30.05873603757849 88.0
295.9148034752654 -30.052460835085206 87.0
295.9148582008601 -30.04618563252417 87.0
295.914912912626 -30.03991042989544 88.0
295.9149676105668 -30.033635227198992 85.0
295.91502229468665 -30.027360024434866 85.0
295.9150769649894 -30.021084821603093 84.0
295.91513162147896 -30.014809618703683 87.0
295.91518626415933 -30.008534415736666 86.0
295.9152408930344 -30.002259212702075 86.0
295.9152955081081 -29.99598400959991 84.0
295.9153501093844 -29.989708806430194 83.0
295.9154046968672 -29.98343360319297 83.0
295.9154592705604 -29.977158399888246 82.0
295.91600424992794 -29.91440636313347 82.0
295.9204827595202 -30.23448916057439 80.0
295.92075594325564 -30.20311312693518 81.0
295.9208105385546 -30.196837920005837 84.0
295.9208651200467 -30.190562713009395 83.0
295.92091968773593 -30.18428750594585 83.0
295.92097424162625 -30.178012298815243 81.0
295.9210287817216 -30.171737091617587 81.0
295.92113782054304 -30.159186677021214 85.0
295.92119231927705 -30.152911469622552 87.0
295.9212468042319 -30.146636262156928 88.0
295.92130127541134 -30.14036105462437 89.0
295.9213557328195 -30.13408584702489 90.0
295.92141017646026 -30.127810639358525 87.0
295.9214646063375 -30.121535431625286 89.0
295.92151902245524 -30.1152602238252 86.0
295.92157342481727 -30.108985015958297 87.0
295.9216278134276 -30.102709808024578 88.0
295.9216821882902 -30.09643460002407 89.0
295.92173654940893 -30.090159391956817 91.0
295.92179089678774 -30.083884183822818 93.0
295.9218452304305 -30.077608975622102 93.0
295.92189955034115 -30.0713337673547 92.0
295.92195385652366 -30.065058559020613 91.0
295.92200814898194 -30.058783350619873 87.0
295.9220624277198 -30.05250814215251 86.0
295.92211669274116 -30.046232933618544 86.0
295.9221709440501 -30.039957725017995 86.0
295.92222518165033 -30.03368251635088 84.0
295.92227940554585 -30.02740730761722 84.0
295.92233361574057 -30.02113209881704 85.0
295.92238781223836 -30.01485688995037 87.0
295.9224419950432 -30.008581681017223 85.0
295.9224961641588 -30.002306472017615 85.0
295.9225503195892 -29.996031262951572 86.0
295.9226044613383 -29.989756053819132 87.0
295.92265858941 -29.983480844620296 86.0
295.92271270380814 -29.977205635355087 83.0
295.92276680453665 -29.97093042602354 82.0
295.9228208915993 -29.96465521662568 82.0
295.92330706084516 -29.9081783290639 80.0
295.9233610114637 -29.901903119004007 81.0
295.9234149484592 -29.89562790887802 81.0
295.9280259914459 -30.203160176613537 81.0
295.92808012336604 -30.196884963734618 82.0
295.9281342415966 -30.190609750789704 81.0
295.9281883461414 -30.184334537778852 81.0
295.9282424370043 -30.178059324702062 81.0
295.92835057770037 -30.165508898350748 82.0
295.92840462754134 -30.159233685076277 83.0
295.928458663716 -30.15295847173595 86.0
295.92851268622854 -30.146683258329812 86.0
295.92856669508257 -30.14040804485786 89.0
295.9286206902822 -30.134132831320123 89.0
295.9286746718312 -30.127857617716625 90.0
295.9287286397335 -30.121582404047388 91.0
295.928782593993 -30.115307190312436 88.0
295.92883653461365 -30.10903197651178 88.0
295.9288904615992 -30.102756762645456 89.0
295.92894437495374 -30.09648154871348 91.0
295.9289982746811 -30.090206334715862 91.0
295.92905216078503 -30.083931120652647 91.0
295.92910603326953 -30.077655906523827 89.0
295.9291598921385 -30.071380692329445 91.0
295.9292137373957 -30.065105478069526 91.0
295.9292675690452 -30.058830263744074 86.0
295.92932138709074 -30.052555049353135 86.0
295.9293751915362 -30.046279834896694 84.0
295.92942898238556 -30.040004620374802 84.0
295.9294827596426 -30.033729405787476 83.0
295.92953652331124 -30.027454191134726 83.0
295.92959027339526 -30.02117897641659 87.0
295.9296440098987 -30.014903761633075 87.0
295.9296977328252 -30.008628546784205 85.0
295.9297514421788 -30.00235333187001 83.0
295.9298051379634 -29.996078116890505 85.0
295.9298588201827 -29.989802901845707 85.0
295.9299124888406 -29.983527686735655 83.0
295.92996614394104 -29.977252471560345 83.0
295.93001978548784 -29.970977256319827 83.0
295.9300734134849 -29.96470204101409 83.0
295.93012702793595 -29.958426825643183 80.0
295.93060894906336 -29.901949884375412 84.0
295.9306624282666 -29.89567466835387 80.0
295.93534971509547 -30.19693160643188 80.0
295.9354033700618 -30.190656387589215 82.0
295.9354570114595 -30.18438116868173 80.0
295.9355642535646 -30.17183073067234 80.0
295.9356178542798 -30.165555511570478 81.0
295.93567144144185 -30.159280292403878 84.0
295.9357250150547 -30.15300507317254 83.0
295.9357785751222 -30.14672985387651 83.0
295.9358321216482 -30.140454634515795 85.0
295.9358856546366 -30.13417941509041 87.0
295.9359391740913 -30.12790419560039 88.0
295.935992680016 -30.12162897604574 91.0
295.9360461724147 -30.11535375642651 88.0
295.93609965129133 -30.109078536742697 87.0
295.9361531166496 -30.102803316994326 90.0
295.93620656849345 -30.096528097181412 90.0
295.93626000682667 -30.090252877304003 89.0
295.9363134316532 -30.08397765736209 89.0
295.93636684297684 -30.07770243735571 91.0
295.93642024080145 -30.071427217284878 90.0
295.9364736251309 -30.065151997149616 88.0
295.93652699596896 -30.05887677694995 84.0
295.9365803533196 -30.0526015566859 86.0
295.93663369718655 -30.046326336357488 86.0
295.9366870275737 -30.040051115964722 85.0
295.936740344485 -30.033775895507638 83.0
295.93679364792405 -30.027500674986268 83.0
295.9368469378949 -30.0212254544006 85.0
295.93690021440125 -30.014950233750678 86.0
295.936953477447 -30.008675013036516 85.0
295.937006727036 -30.002399792258142 83.0
295.93705996317203 -29.996124571415564 85.0
295.93711318585895 -29.989849350508823 84.0
295.93716639510063 -29.983574129537914 81.0
295.9372195909007 -29.977298908502892 83.0
295.9372727732633 -29.97102368740374 82.0
295.937325942192 -29.964748466240515 81.0
295.9378038586584 -29.90827147289081 83.0
295.9378568934588 -29.901996251087834 82.0
295.9379099148673 -29.895721029220994 81.0
295.94277884843166 -30.178152173836246 81.0
295.94283199978827 -30.17187694895544 81.0
295.942885137705 -30.165601724010983 82.0
295.9429382621856 -30.159326499002894 82.0
295.94299137323395 -30.153051273931204 83.0
295.9430444708538 -30.1467760487959 83.0
295.9430975550492 -30.14050082359704 84.0
295.9431506258238 -30.134225598334627 84.0
295.9432036831815 -30.12795037300869 86.0
295.9432567271261 -30.121675147619243 87.0
295.9433097576615 -30.115399922166308 87.0
295.94336277479147 -30.1091246966499 88.0
295.9434157785198 -30.102849471070048 90.0
295.9434687688504 -30.096574245426773 89.0
295.94352174578694 -30.090299019720103 90.0
295.94357470933346 -30.08402379395003 88.0
295.94362765949364 -30.07774856811661 90.0
295.94368059627135 -30.07147334221985 89.0
295.9437335196704 -30.065198116259758 87.0
295.9437864296945 -30.058922890236385 87.0
295.94383932634764 -30.052647664149717 85.0
295.9438922096335 -30.046372437999796 84.0
295.943945079556 -30.040097211786644 83.0
295.94399793611876 -30.033821985510272 80.0
295.94405077932583 -30.0275467591707 81.0
295.94410360918084 -30.02127153276795 84.0
295.9441564256876 -30.01499630630206 85.0
295.94420922885 -30.00872107977303 85.0
295.9442620186718 -30.002445853180877 85.0
295.94431479515674 -29.99617062652564 84.0
295.9443675583087 -29.989895399807335 80.0
295.94442030813144 -29.983620173025987 81.0
295.9444730446288 -29.97734494618159 82.0
295.9445257678045 -29.971069719274194 82.0
295.9445784776624 -29.96479449230381 82.0
295.9446311742061 -29.958519265270457 80.0
295.94494707408563 -29.920867901749197 81.0
295.94499967753694 -29.914592674275656 83.0
295.94505226770445 -29.9083174467393 86.0
295.9451048445919 -29.902042219140167 83.0
295.9451574082031 -29.89576699147828 82.0
295.9499943625973 -30.18447322769262 80.0
295.9500470643626 -30.178197997081355 82.0
295.9500997528011 -30.171922766407523 82.0
295.9501524279168 -30.165647535671138 81.0
295.95020508971334 -30.15937230487222 81.0
295.9502577381947 -30.153097074010798 87.0
295.95031037336446 -30.146821843086883 84.0
295.95036299522656 -30.140546612100508 84.0
295.95041560378485 -30.13427138105166 85.0
295.9504681990431 -30.127996149940415 85.0
295.9505207810049 -30.121720918766744 85.0
295.95057334967436 -30.11544568753069 87.0
295.9506259050551 -30.109170456232278 86.0
295.95067844715095 -30.102895224871506 90.0
295.9507309759657 -30.09661999344843 89.0
295.95078349150316 -30.090344761963046 89.0
295.95083599376704 -30.084069530415373 90.0
295.95088848276123 -30.077794298805426 88.0
295.9509409584894 -30.071519067133252 89.0
295.9509934209555 -30.065243835398856 87.0
295.95104587016317 -30.05896860360225 87.0
295.9510983061162 -30.052693371743466 86.0
295.95115072881845 -30.046418139822517 85.0
295.95120313827357 -30.040142907839435 84.0
295.9512555344855 -30.033867675794227 82.0
295.9513079174578 -30.027592443686917 83.0
295.95136028719446 -30.021317211517534 84.0
295.9514126436992 -30.015041979286096 87.0
295.9514649869756 -30.00876674699262 85.0
295.95151731702765 -30.002491514637118 85.0
295.95156963385904 -29.99621628221962 83.0
295.95162193747353 -29.98994104974015 81.0
295.95167422787483 -29.983665817198716 82.0
295.95172650506674 -29.977390584595355 81.0
295.9518310198375 -29.964840119202893 80.0
295.95188325742384 -29.958564886413836 80.0
295.9520920758631 -29.933463954639276 80.0
295.9521964059915 -29.920913488381277 82.0
295.95224855129607 -29.91463825515966 84.0
295.9523006834325 -29.908363021876333 85.0
295.9523528024045 -29.902087788531308 86.0
295.95240490821584 -29.89581255512462 82.0
295.95726304829867 -30.184518655798406 81.0
295.95731528702623 -30.17824341944368 82.0
295.9573675125442 -30.171968183027484 80.0
295.9574197248562 -30.16569294654983 82.0
295.95747192396624 -30.15941771001073 82.0
295.95752410987785 -30.153142473410234 84.0
295.95757628259497 -30.14686723674832 85.0
295.95762844212135 -30.140592000025045 85.0
295.95768058846073 -30.13431676324041 86.0
295.9577327216168 -30.12804152639445 85.0
295.9577848415935 -30.121766289487162 85.0
295.95783694839446 -30.115491052518582 87.0
295.95788904202345 -30.109215815488728 88.0
295.95794112248427 -30.10294057839763 89.0
295.9579931897806 -30.096665341245284 89.0
295.95804524391633 -30.090390104031727 89.0
295.9580972848951 -30.084114866756977 86.0
295.9581493127207 -30.077839629421057 86.0
295.9582013273969 -30.07156439202398 85.0
295.9582533289275 -30.065289154565768 86.0
295.9583053173161 -30.059013917046453 87.0
295.9583572925666 -30.05273867946603 85.0
295.9584092546826 -30.046463441824542 83.0
295.958461203668 -30.040188204121996 83.0
295.95851313952636 -30.033912966358432 84.0
295.9585650622616 -30.027637728533833 84.0
295.95861697187735 -30.021362490648254 86.0
295.95866886837734 -30.0150872527017 83.0
295.9587207517654 -30.008812014694197 85.0
295.95877262204516 -30.002536776625757 84.0
295.95882447922037 -29.9962615384964 82.0
295.9588763232948 -29.989986300306153 82.0
295.9589281542722 -29.983711062055036 83.0
295.95897997215627 -29.97743582374306 81.0
295.95929060470877 -29.93978439259445 80.0
295.9593423310437 -29.93350915385707 82.0
295.95939404431493 -29.927233915058995 81.0
295.95944574452636 -29.92095867620025 83.0
295.95949743168154 -29.914683437280846 84.0
295.9595491057844 -29.90840819830081 85.0
295.95960076683843 -29.902132959260165 85.0
295.95965241484737 -29.895857720158922 81.0
295.959704049815 -29.88958248099711 80.0
295.9645835163634 -30.178288440922113 80.0
295.96463527895816 -30.17201319881421 81.0
295.96468702846414 -30.16573795664596 81.0
295.964738764885 -30.159462714417334 81.0
295.9647904882245 -30.153187472128394 81.0
295.96484219848645 -30.146912229779147 84.0
295.9648938956745 -30.140636987369593 84.0
295.9649455797924 -30.134361744899767 86.0
295.96499725084396 -30.12808650236969 84.0
295.96504890883284 -30.121811259779392 87.0
295.9651005537628 -30.115536017128868 85.0
295.9651521856375 -30.10926077441816 85.0
295.96520380446077 -30.102985531647274 89.0
295.96525541023624 -30.096710288816233 89.0
295.96530700296773 -30.090435045925055 88.0
295.9653585826589 -30.084159802973776 87.0
295.9654101493134 -30.0778845599624 85.0
295.9654617029351 -30.07160931689094 86.0
295.96551324352765 -30.065334073759434 86.0
295.9655647710947 -30.059058830567885 87.0
295.9656162856401 -30.05278358731634 85.0
295.9656677871674 -30.046508344004785 85.0
295.96571927568044 -30.040233100633248 84.0
295.9657707511829 -30.03395785720177 85.0
295.9658222136784 -30.027682613710343 88.0
295.9658736631707 -30.021407370159004 86.0
295.96592509966365 -30.015132126547773 84.0
295.9659765231607 -30.008856882876668 85.0
295.96602793366566 -30.0025816391457 82.0
295.9660793311823 -29.99630639535489 83.0
295.96613071571426 -29.990031151504265 83.0
295.9661820872651 -29.983755907593846 82.0
295.9662334458388 -29.977480663623652 82.0
295.9666438476879 -29.927278709712358 84.0
295.9666950896318 -29.92100346520504 85.0
295.9667463186352 -29.91472822063813 84.0
295.9667975347019 -29.908452976011652 85.0
295.96684873783545 -29.902177731325647 85.0
295.96689992803965 -29.895902486580106 81.0
295.966951105318 -29.88962724177506 80.0
295.96700226967437 -29.883351996910527 81.0
295.97195433868137 -30.165782565958423 80.0
295.9721081209797 -30.146956822178232 82.0
295.972159355827 -30.14068157413303 83.0
295.972210577721 -30.134406326028643 85.0
295.97226178666546 -30.12813107786507 86.0
295.97231298266405 -30.121855829642335 85.0
295.9723641657205 -30.11558058136046 84.0
295.97241533583843 -30.109305333019474 85.0
295.9724664930216 -30.103030084619377 86.0
295.97251763727377 -30.09675483616019 87.0
295.9725687685985 -30.09047958764196 87.0
295.9726198869995 -30.084204339064673 88.0
295.9726709924805 -30.077929090428363 88.0
295.9727220850452 -30.07165384173305 85.0
295.9727731646972 -30.065378592978753 86.0
295.97282423144026 -30.05910334416549 86.0
295.972875285278 -30.05282809529328 86.0
295.9729263262142 -30.046552846362147 84.0
295.97297735425235 -30.0402775973721 84.0
295.97302836939633 -30.034002348323167 85.0
295.9730793716497 -30.027727099215365 83.0
295.97313036101616 -30.021451850048717 86.0
295.9731813374994 -30.015176600823242 85.0
295.97323230110305 -30.008901351538952 82.0
295.97328325183076 -30.002626102195872 81.0
295.9733341896863 -29.99635085279401 81.0
295.9733851146732 -29.99007560333341 82.0
295.9734360267952 -29.98380035381406 82.0
295.97348692605595 -29.97752510423601 81.0
295.97353781245914 -29.971249854599264 80.0
295.97384286107336 -29.933598355547247 82.0
295.9738936575757 -29.92732310550018 86.0
295.97394444124956 -29.92104785539456 86.0
295.9739952120988 -29.914772605230425 84.0
295.97404597012695 -29.908497355007786 83.0
295.9740967153376 -29.902222104726665 83.0
295.9741474477345 -29.895946854387077 81.0
295.9741981673211 -29.889671603989047 83.0
295.97424887410125 -29.883396353532596 83.0
295.9742995680785 -29.87712110301772 80.0
295.97937405001585 -30.147001013944525 83.0
295.97942482251983 -30.140725760314307 84.0
295.97947558218743 -30.13445050662596 87.0
295.97952632902235 -30.12817525287949 84.0
295.97957706302816 -30.121899999074934 84.0
295.9796277842086 -30.11562474521229 85.0
295.97967849256736 -30.109349491291585 85.0
295.979729188108 -30.103074237312853 85.0
295.97977987083425 -30.096798983276095 86.0
295.97983054074984 -30.09052372918134 88.0
295.9798811978582 -30.08424847502859 88.0
295.9799318421632 -30.077973220817885 87.0
295.9799824736684 -30.07169796654923 86.0
295.9800330923774 -30.065422712222656 85.0
295.9800836982939 -30.05914745783817 85.0
295.9801342914216 -30.0528722033958 82.0
295.98018487176415 -30.046596948895566 84.0
295.9802354393251 -30.040321694337475 85.0
295.9802859941081 -30.03404643972156 82.0
295.98033653611685 -30.027771185047833 82.0
295.980387065355 -30.021495930316306 84.0
295.98043758182615 -30.01522067552702 83.0
295.98048808553386 -30.008945420679968 82.0
295.9806395201133 -29.9901196557925 81.0
295.980689972804 -29.983844400714624 81.0
295.98074041274936 -29.97756914557909 80.0
295.9807908399532 -29.971293890385912 80.0
295.9808916561507 -29.958743379826718 80.0
295.98099242142524 -29.946192869037198 80.0
295.9810427849755 -29.93991761355611 82.0
295.9810931358059 -29.93364235801749 83.0
295.9811434739201 -29.927367102421364 89.0
295.9811937993216 -29.92109184676775 87.0
295.9812441120141 -29.914816591056674 85.0
295.9812944120012 -29.90854133528813 83.0
295.9813446992865 -29.902266079462173 83.0
295.98139497387365 -29.895990823578785 84.0
295.98144523576616 -29.889715567638014 84.0
295.9814954849677 -29.88344031163986 82.0
295.9815457214819 -29.877165055584346 82.0
295.98674059313277 -30.13449428669065 82.0
295.98679087785564 -30.128219027411898 83.0
295.9868411498663 -30.1219437680761 85.0
295.98689140916827 -30.115668508683285 86.0
295.98694165576535 -30.109393249233452 84.0
295.986991889661 -30.10311798972664 82.0
295.98704211085897 -30.096842730162848 84.0
295.98709231936283 -30.09056747054212 87.0
295.9871425151762 -30.084292210864458 86.0
295.98719269830264 -30.078016951129875 85.0
295.9872428687459 -30.071741691338406 86.0
295.9872930265095 -30.06546643149007 86.0
295.98734317159716 -30.059191171584864 83.0
295.98739330401236 -30.052915911622822 84.0
295.98744342375875 -30.046640651603962 85.0
295.98749353083997 -30.04036539152831 86.0
295.98754362525966 -30.034090131395867 82.0
295.9875937070213 -30.027814871206672 83.0
295.98764377612866 -30.021539610960726 81.0
295.9876938325852 -30.015264350658054 81.0
295.9877438763947 -30.008989090298666 80.0
295.9882436196871 -29.9462364835901 81.0
295.9882935246152 -29.93996122260817 82.0
295.98834341693924 -29.93368596156975 85.0
295.9883932966628 -29.927410700474876 85.0
295.98844316378955 -29.921135439323553 85.0
295.9884930183229 -29.914860178115806 82.0
295.9885428602666 -29.908584916851645 82.0
295.9885926896241 -29.90230965553109 84.0
295.9886425063991 -29.896034394154167 82.0
295.988692310595 -29.88975913272089 83.0
295.98874210221555 -29.883483871231277 82.0
295.9887918812642 -29.877208609685344 80.0
295.99395577529054 -30.140812930926067 80.0
295.994005610498 -30.13453766622165 80.0
295.9940554331064 -30.128262401461214 83.0
295.9941052431194 -30.12198713664478 84.0
295.99415504054053 -30.115711871772376 83.0
295.99420482537346 -30.109436606844 81.0
295.99425459762176 -30.10316134185968 81.0
295.99430435728897 -30.096886076819427 82.0
295.9943541043787 -30.090610811723277 84.0
295.9944038388946 -30.084335546571232 85.0
295.99445356084016 -30.078060281363303 85.0
295.99450327021907 -30.07178501609955 84.0
295.99455296703485 -30.065509750779942 85.0
295.9946026512911 -30.05923448540452 84.0
295.9946523229913 -30.052959219973303 85.0
295.99470198213925 -30.04668395448631 83.0
295.99475162873836 -30.04040868894355 83.0
295.9948012627922 -30.03413342334505 82.0
295.9948508843044 -30.02785815769082 82.0
295.995296914129 -29.971380764298235 80.0
295.9955937044151 -29.933729166202983 81.0
295.9956431257457 -29.927453899659664 82.0
295.9956925345952 -29.921178633060915 83.0
295.9957419309671 -29.914903366406783 81.0
295.9957913148649 -29.908628099697264 82.0
295.99584068629224 -29.90235283293239 82.0
295.9958900452527 -29.896077566112176 80.0
295.9959887257868 -29.8835270323058 80.0
296.0012706342241 -30.134580645217923 82.0
296.0013199947157 -30.128305375026414 82.0
296.00136934272865 -30.12203010477994 81.0
296.0014186782665 -30.115754834478526 82.0
296.0014680013329 -30.10947956412217 81.0
296.0015173119313 -30.10320429371092 81.0
296.00156661006537 -30.096929023244765 81.0
296.00161589573867 -30.090653752723732 84.0
296.0016651689547 -30.084378482147848 83.0
296.0017144297169 -30.07810321151712 86.0
296.0017636780291 -30.071827940831575 85.0
296.0018129138946 -30.065552670091225 85.0
296.00186213731706 -30.059277399296093 86.0
296.0019113483 -30.053002128446188 82.0
296.001960546847 -30.04672685754153 81.0
296.0025009111025 -29.977698873982046 80.0
296.0028439981752 -29.933771971916148 82.0
296.00289296111043 -29.927496699974668 83.0
296.0029419116803 -29.921221427978793 82.0
296.0029908498883 -29.914946155928558 82.0
296.00303977573793 -29.908670883823966 82.0
296.0030886892327 -29.90239561166503 80.0
296.00863344863495 -30.122072672480524 80.0
296.00882886912945 -30.09697156943782 80.0
296.00887769338385 -30.090696293542464 84.0
296.00892650529755 -30.084421017593282 83.0
296.0089753048742 -30.078145741590273 84.0
296.0090240921171 -30.071870465533472 84.0
296.00907286703006 -30.06559518942289 84.0
296.00912162961635 -30.059319913258534 83.0
296.0091703798796 -30.053044637040436 80.0
296.0097544231164 -29.977741318237456 80.0
296.0100942981613 -29.933814378708202 81.0
296.0101428026988 -29.927539101418873 82.0
296.01019129498667 -29.921263824076174 80.0
296.0102397750284 -29.914988546680114 81.0
296.01028824282747 -29.908713269230706 80.0
296.0161394972554 -30.090738434178444 80.0
296.0161878478645 -30.084463152906498 81.0
296.0162361862531 -30.078187871581743 81.0
296.01628451242453 -30.0719125902042 80.0
296.01633282638244 -30.065637308773898 83.0
296.0163811281302 -30.059362027290835 83.0
296.017344604315 -29.933856386578142 80.0
296.01744068445606 -29.921305821352018 81.0
296.0174887063292 -29.915030538660407 80.0
296.0234013072945 -30.090780174630655 81.0
296.02344919659663 -30.084504888086478 81.0
296.0234970737948 -30.078229601490516 80.0
296.0235449388924 -30.071954314842763 82.0
296.02359279189307 -30.065679028143233 81.0
296.0236406328 -30.059403741391957 80.0
296.02469008003015 -29.921347419805322 81.0
296.0306156834587 -30.0970968066131 80.0
296.03189236422276 -29.927663912516554 80.0
296.03193948165085 -29.921388619435092 80.0
296.0380658100749 -30.072036564019296 81.0
296.04648449197487 -29.915194518849116 80.0
