# successful candidates for region at (7.04013373772107, 41.33656055682639) and radius 1.0
6.884350744041572 42.133732583522814 78.0
6.884335293855985 42.140045517759134 79.0
6.88431983932836 42.14635845199168 78.0
6.892872397995811 42.09586595458362 78.0
6.892799411441474 42.127430633561985 78.0
6.892784801825527 42.13374356934755 78.0
6.8927701881041985 42.14005650512975 80.0
6.892755570275907 42.146369440908586 78.0
6.901301444748391 42.09587632033975 78.0
6.9859400278219 41.685604820454266 78.0
6.994346681623972 41.64141780078359 78.0
6.99432876504667 41.666669591375495 79.0
6.994324282779542 41.67298253902267 79.0
6.994315314494591 41.68560843431604 79.0
7.002716235467345 41.64142080643998 78.0
7.002708916731306 41.654046702574995 78.0
7.002701593913662 41.666672598709155 79.0
7.002697930973266 41.67298554677592 79.0
7.0026942670113 41.679298494842456 79.0
7.01107442348265 41.66667500102695 78.0
7.011071579869277 41.67298794942888 78.0
7.011068735462841 41.679300897830686 78.0
7.019437126518262 41.6982415415916 79.0
7.044575314969587 41.805563435904276 79.0
7.052967484560402 41.81187576003619 78.0
7.061361303241123 41.8181874769454 79.0
7.086520742540529 41.79292834850163 79.0
7.086525298234161 41.79924129611498 78.0
7.094910000535573 41.792924690455855 79.0
7.120282617899326 41.95704664726248 78.0
7.145235201062905 41.78657705906927 79.0
7.1536236248172225 41.78656915517768 79.0
7.153634768685329 41.79288209632505 79.0
7.162000082227416 41.780247704705076 78.0
7.162012046430175 41.78656064466474 79.0
7.162024013975832 41.792873584622114 78.0
7.162143873573328 41.85600298407027 79.0
7.162179896855592 41.874941803860104 78.0
7.17040046574349 41.78655152753073 78.0
7.170413256965733 41.79286446621331 79.0
7.170426051762317 41.79917740489329 78.0
7.1705798686181765 41.87493266884923 78.0
7.178788882598892 41.78654180377607 78.0
7.187860296375335 42.08323945607961 78.0
7.246770017961063 42.057897875418014 78.0
7.246790466951134 42.06421079852851 79.0
7.255471172815047 42.139950572290495 78.0
7.272042047630857 42.05785021927042 79.0
7.27206499753604 42.064163135684275 78.0
7.280347231207217 42.026268543139956 79.0
7.28037098140759 42.032581457194766 78.0
7.280394738270742 42.03889437124066 78.0
7.280418501799236 42.04520728527761 78.0
7.288693356541309 42.00731210458866 78.0
7.288717918532882 42.01362501618587 78.0
7.288742487412817 42.01993792777351 79.0
7.288767063183764 42.026250839351604 81.0
7.288791645848369 42.03256375092014 79.0
7.288816235409287 42.0388766624791 78.0
7.288840831869167 42.04518957402849 78.0
7.2970853011477015 42.00098088962342 78.0
7.297136081536321 42.013606707688126 79.0
7.2971614824117 42.01991961670516 79.0
7.297186890411438 42.02623252571199 82.0
7.297212305538278 42.03254543470857 82.0
7.29723772779496 42.03885834369494 82.0
7.297263157184223 42.04517125267108 80.0
7.297288593708813 42.051484161636985 79.0
7.2973394881749485 42.064109979538074 78.0
7.305554239634206 42.01358778951108 78.0
7.305580472502962 42.01990069587189 80.0
7.30560671272943 42.026213602221816 80.0
7.305632960316437 42.032526508560814 82.0
7.305659215266815 42.038839414888926 81.0
7.305685477583395 42.045152321206125 80.0
7.305711747269007 42.051465227512416 79.0
7.305738024326489 42.05777813380778 79.0
7.3057643087586746 42.06409104009222 78.0
7.305948506514269 42.108281383777054 78.0
7.314053610021969 42.032506972477655 79.0
7.314080697663908 42.03881987606184 78.0
7.314107792905665 42.04513277963442 78.0
