# successful candidates for region at (228.3835133813449, -33.71041327061067) and radius 1.0
228.28779944859696 -34.24676826460002 65.0
228.29533182335754 -34.25307200194294 65.0
228.29537121320402 -34.21528303540244 65.0
228.3028833434766 -34.24048079813793 65.0
228.3028893479211 -34.23418263638731 65.0
228.302895350818 -34.22788447463599 65.0
228.30290135216774 -34.22158631288395 66.0
228.30290735197087 -34.21528815113121 66.0
228.30291335022787 -34.20898998937774 65.0
228.31042717081746 -34.234187296993866 66.0
228.3104326124834 -34.22788913464076 65.0
228.3104380527468 -34.221590972287075 65.0
228.31044349160817 -34.21529280993278 65.0
228.31796987493843 -34.2278933376002 66.0
228.31798450869687 -34.208998848909744 65.0
228.3255114561916 -34.22159892013421 65.0
228.34812683347297 -34.20901108555155 65.0
228.36319043521672 -34.24050528722518 65.0
228.3631979984785 -34.20901446265997 65.0
228.36319950996162 -34.2027162977468 65.0
