# successful candidates for region at (193.58063363851116, 34.48470757469077) and radius 1.0
194.18615742610868 34.43177945927057 11.0
194.18620146146108 34.43785391301307 11.0
194.1934004722465 34.43174351430287 11.0
194.19344503428042 34.437817963581125 11.0
194.19348960738617 34.44389241282029 11.0
194.20059843460078 34.42563269714697 11.0
194.20064351211454 34.431707141947896 11.0
194.20068860082756 34.4377815867088 11.0
194.20073370074329 34.44385603142971 11.0
194.20077881186518 34.44993047611058 11.0
194.20788654563864 34.43167034220658 11.0
194.20793216102845 34.4377447823971 11.0
194.2079777877518 34.443819222546644 11.0
194.2080234258122 34.44989366265523 11.0
194.21512957274473 34.4316331150799 11.0
194.2151757148089 34.437707550646934 11.0
194.2152218683375 34.44378198617205 11.0
194.21526803333398 34.44985642165525 11.0
194.21531420980202 34.455930857096504 11.0
194.22251263435643 34.449818753111614 11.0
194.22255933788904 34.455893183873435 11.0
194.22260605302765 34.46196761459233 11.0
194.23590665769277 34.31003043244399 6.0
194.24299519468812 34.29176833965308 6.0
194.24304316872417 34.297842757245135 6.0
194.24309115466338 34.303917174791714 6.0
194.24313915250931 34.30999159229281 6.0
194.24318716226574 34.31606600974841 6.0
194.24323518393624 34.32214042715849 6.0
194.24328321752455 34.32821484452303 6.0
194.2433312630343 34.33428926184204 6.0
194.25017762571477 34.28565467500841 6.0
194.25022611138533 34.29172908778111 6.0
194.2502746090852 34.29780350050736 6.0
194.25032311881813 34.30387791318712 6.0
194.2503716405878 34.30995232582041 6.0
194.2504201743979 34.31602673840721 6.0
194.25046872025212 34.32210115094749 6.0
194.25051727815423 34.32817556344124 6.0
194.2505658481079 34.33424997588843 6.0
194.25061443011683 34.34032438828907 6.0
194.25066302418477 34.346398800643136 6.0
194.2574080120765 34.28561500189237 6.0
194.25745702127847 34.29168940974745 6.0
194.25750604263965 34.297763817555065 7.0
194.25755507616378 34.3038382253152 6.0
194.2576041218546 34.30991263302784 6.0
194.25765317971585 34.315987040692974 6.0
194.2577022497513 34.32206144831059 6.0
194.2577513319647 34.32813585588065 6.0
194.25780042635972 34.33421026340318 6.0
194.25784953294018 34.34028467087811 6.0
194.25789865170984 34.34635907830547 6.0
194.25794778267243 34.35243348568521 6.0
194.2645393629537 34.27342609675382 6.0
194.26458887111772 34.27950049973538 7.0
194.26463839156327 34.285574902668486 7.0
194.26468792429412 34.29164930555313 7.0
194.26473746931404 34.2977237083893 7.0
194.2647870266268 34.303798111176974 7.0
194.26483659623622 34.30987251391612 7.0
194.2648861781461 34.31594691660674 7.0
194.26493577236016 34.322021319248826 7.0
194.26498537888224 34.328095721842345 6.0
194.2650349977161 34.33417012438728 6.0
194.26508462886554 34.34024452688362 6.0
194.26513427233434 34.346318929331346 6.0
194.2651839281263 34.35239333173045 6.0
194.26523359624522 34.35846773408091 6.0
194.27176868882904 34.27338558146655 6.0
194.2718187202597 34.27945997942692 7.0
194.27186876410167 34.28553437733781 7.0
194.2719188203588 34.29160877519922 7.0
194.27196888903487 34.29768317301112 7.0
194.27201897013373 34.303757570773485 7.0
194.27206906365916 34.30983196848629 7.0
194.27211916961502 34.315906366149555 7.0
194.27216928800513 34.321980763763236 7.0
194.2722194188333 34.32805516132733 7.0
194.2722695621034 34.3341295588418 7.0
194.2723197178192 34.34020395630665 6.0
194.27236988598455 34.34627835372186 6.0
194.27242006660333 34.352352751087395 6.0
194.27247025967932 34.35842714840327 6.0
194.27899800768776 34.27334464017913 6.0
194.27904856238248 34.27941903306554 7.0
194.2790991296183 34.28549342590142 7.0
194.2791497093991 34.291567818686765 7.0
194.27920030172868 34.29764221142157 7.0
194.279250906611 34.3037166041058 7.0
194.27930152404983 34.30979099673943 7.0
194.2793521540491 34.315865389322475 7.0
194.2794027966126 34.321939781854894 7.0
194.27945345174425 34.32801417433668 7.0
194.27950411944795 34.33408856676781 7.0
194.2795547997275 34.340162959148266 7.0
194.27960549258682 34.34623735147804 6.0
194.27965619802976 34.3523117437571 6.0
194.27970691606018 34.35838613598544 6.0
194.27975764668201 34.364460528163036 6.0
194.28622731945654 34.273303272892626 6.0
194.28627839741267 34.27937766065228 7.0
194.28632948803966 34.28545204836035 7.0
194.2863805913415 34.29152643601684 7.0
194.28643170732198 34.29760082362172 7.0
194.28648283598508 34.303675211174976 7.0
194.2865339773347 34.3097495986766 7.0
194.2865851313747 34.31582398612657 7.0
194.286636298109 34.321898373524874 7.0
194.28668747754148 34.32797276087146 7.0
194.2867386696761 34.33404714816637 7.0
194.28678987451678 34.34012153540953 7.0
194.2868410920674 34.346195922600955 7.0
194.28689232233185 34.35227030974062 6.0
194.28694356531406 34.35834469682851 6.0
194.28699482101797 34.36441908386461 6.0
194.29345662406197 34.27326147960814 7.0
194.29350822527687 34.27933586218823 7.0
194.2935598392924 34.2854102447157 7.0
194.2936114661126 34.291484627190506 7.0
194.2936631057413 34.29755900961265 7.0
194.29371475818257 34.30363339198212 7.0
194.29376642344022 34.309707774298886 7.0
194.2938181015183 34.31578215656292 7.0
194.2938697924207 34.32185653877422 7.0
194.29392149615137 34.32793092093277 7.0
194.2939732127143 34.334005303038545 7.0
194.29402494211337 34.34007968509153 7.0
194.29407668435255 34.34615406709171 7.0
194.29412843943587 34.35222844903906 6.0
194.2941802073672 34.35830283093356 6.0
194.29423198815053 34.36437721277521 6.0
194.30068592143076 34.27321926032673 6.0
194.30073804590168 34.27929363767448 7.0
194.30079018330306 34.28536801496854 7.0
194.3008423336389 34.29144239220887 7.0
194.30089449691317 34.29751676939547 7.0
194.30094667312986 34.303591146528305 7.0
194.30099886229291 34.30966552360736 7.0
194.30105106440635 34.31573990063262 7.0
194.30110327947415 34.321814277604076 7.0
194.30115550750028 34.32788865452169 7.0
194.30120774848876 34.333963031385466 7.0
194.30126000244354 34.34003740819536 7.0
194.30131226936868 34.346111784951376 7.0
194.3013645492681 34.3521861616535 7.0
194.30141684214584 34.358260538301685 6.0
194.30146914800588 34.36433491489594 6.0
194.30791521148944 34.27317661504952 6.0
194.30796785921373 34.27925098711214 7.0
194.3080205199982 34.28532535912 7.0
194.308073193847 34.29139973107304 7.0
194.30812588076407 34.29747410297126 7.0
194.3081785807535 34.303548474814626 7.0
194.30823129381918 34.30962284660314 7.0
194.30828401996527 34.31569721833677 7.0
194.30833675919575 34.321771590015516 7.0
194.30838951151463 34.327845961639326 7.0
194.30844227692594 34.333920333208205 7.0
194.30849505543372 34.33999470472213 7.0
194.308547847042 34.34606907618108 7.0
194.30860065175483 34.35214344758506 7.0
194.30865346957626 34.358217818934015 6.0
194.30870630051024 34.36429219022793 6.0
194.3087591445609 34.37036656146681 6.0
194.31519766513958 34.27920791050233 7.0
194.31525084930445 34.28528227717117 7.0
194.3153040466634 34.29135664378411 7.0
194.31535725722054 34.29743101034114 7.0
194.31541048097992 34.303505376842224 7.0
194.31546371794553 34.309579743287344 7.0
194.3155169681215 34.315654109676494 7.0
194.3155702315119 34.321728476009646 7.0
194.31562350812075 34.327802842286786 7.0
194.31567679795216 34.33387720850791 7.0
194.3157301010102 34.339951574672945 7.0
194.31578341729886 34.346025940781935 7.0
194.31583674682233 34.35210030683482 7.0
194.31589008958463 34.358174672831616 6.0
194.31594344558985 34.36424903877227 6.0
194.32242746360583 34.279164407846146 7.0
194.32248117114833 34.28523876912319 7.0
194.32253489201472 34.291313130343234 7.0
194.32258862620913 34.29738749150623 7.0
194.32264237373568 34.303461852612195 7.0
194.32269613459843 34.30953621366109 7.0
194.32274990880148 34.31561057465291 7.0
194.32280369634904 34.32168493558762 7.0
194.32285749724508 34.32775929646521 7.0
194.32291131149375 34.33383365728566 7.0
194.32296513909924 34.339908018048945 7.0
194.32301898006557 34.34598237875505 7.0
194.32307283439684 34.35205673940396 7.0
194.32312670209726 34.35813109999565 6.0
194.3231805831709 34.36420546053011 6.0
194.32971148545644 34.28519483497719 7.0
194.32976572982744 34.291269190751514 7.0
194.32981998765632 34.29734354646769 7.0
194.32987425894723 34.303417902125695 7.0
194.3299285437043 34.30949225772552 7.0
194.3299828419317 34.31556661326715 7.0
194.33003715363353 34.32164096875056 7.0
194.33009147881396 34.32771532417573 7.0
194.33014581747713 34.33378967954263 7.0
194.33020016962723 34.33986403485126 7.0
194.33025453526838 34.34593839010159 7.0
194.3303089144047 34.352012745293585 7.0
194.33036330704041 34.358087100427255 7.0
194.33694179215533 34.285150474734316 6.0
194.33699656002813 34.29122482501011 7.0
194.33705134148866 34.29729917522663 7.0
194.3371061365411 34.30337352538386 7.0
194.33716094518968 34.30944787548178 7.0
194.33721576743852 34.315522225520375 7.0
194.33727060329184 34.32159657549962 7.0
194.33732545275382 34.32767092541949 7.0
194.33738031582865 34.33374527527997 7.0
194.3374351925205 34.33981962508104 7.0
194.33749008283363 34.34589397482267 7.0
194.33754498677217 34.35196832450487 7.0
194.34422738254335 34.291180033120185 6.0
194.34428268763264 34.29725437778423 6.0
194.3443380064438 34.30332872238785 7.0
194.34439333898095 34.309403066931026 7.0
194.3444486852484 34.31547741141374 7.0
194.34450404525035 34.32155175583594 7.0
194.34455941899103 34.32762610019765 7.0
194.34461480647462 34.33370044449882 7.0
194.34467020770543 34.33977478873944 7.0
194.34472562268763 34.34584913291949 6.0
194.34478105142546 34.351923477038945 6.0
194.35168159528786 34.315432170948405 6.0
194.35179337745197 34.327580848511396 6.0
