# successful candidates for region at (81.7513407046498, -21.613153224463982) and radius 1.0
82.22882649734726 -21.088645158737513 48.0
82.22880649660607 -21.082469895296075 50.0
82.22878650122438 -21.076294631841858 49.0
82.2355500730923 -21.082450596341836 48.0
82.24899554117346 -21.07006067519585 48.0
82.26254577409125 -21.088545944203254 48.0
82.2827995842445 -21.094658409047955 48.0
82.28956626583809 -21.10081217810587 48.0
82.28947608201013 -21.076111222168677 48.0
82.29637922267669 -21.11931614266894 48.0
82.29635636667781 -21.113140906656763 48.0
82.29633351680181 -21.106965670627915 48.0
82.29628783541315 -21.09461519852021 48.0
82.29626500389791 -21.08843996244137 48.0
82.30317077245492 -21.131644585685 48.0
82.30314762121479 -21.1254693526421 48.0
82.30312447617592 -21.119294119582094 48.0
82.30310133733698 -21.113118886504992 48.0
82.30307820469669 -21.106943653410795 48.0
82.30305507825368 -21.10076842029952 48.0
82.30303195800668 -21.094593187171157 49.0
82.30300884395437 -21.08841795402572 49.0
82.30994003033916 -21.137797515840628 48.0
82.30991658982985 -21.131622285787262 50.0
82.30989315559891 -21.12544705571636 50.0
82.30986972764501 -21.119271825627948 49.0
82.30984630596683 -21.113096595522013 49.0
82.30982289056304 -21.106921365398563 48.0
82.30979948143232 -21.100746135257612 48.0
82.3166861287233 -21.137774941995218 48.0
82.31666240514816 -21.131599714950394 49.0
82.31663868792722 -21.125424487887614 49.0
82.31661497705912 -21.119249260806885 48.0
82.32340821838504 -21.131576873174794 49.0
82.32338421817492 -21.12540164915624 49.0
82.32336022439345 -21.119226425119304 50.0
82.32333623703927 -21.113051201063996 49.0
82.3301297463172 -21.125378539522654 49.0
82.3301054696232 -21.119203318565617 49.0
82.33008119943229 -21.113028097589766 48.0
82.33687527232921 -21.125355158987254 48.0
82.33680161324739 -21.106829505406377 48.0
82.33677707337411 -21.100654287507602 49.0
82.34359595366968 -21.11915629286151 48.0
82.34357111780784 -21.112981078152874 48.0
82.35046688690134 -21.15000843101401 48.0
82.3637546308899 -21.100558107645348 48.0
82.37716473052785 -21.081982797689964 48.0
82.3771385226742 -21.07580759914918 48.0
82.38385528882694 -21.069607154051393 48.0
