# successful candidates for region at (324.83531013778276, 88.36363154719555) and radius 1.0
339.4264828155665 87.88630882481046 47.0
339.5949591672174 87.90991740013891 48.0
339.6376745194068 87.91581668030885 47.0
339.4646486587356 87.86702653861367 47.0
339.5061410419454 87.87292936046019 47.0
339.547864334578 87.87883106058894 47.0
339.58982042494137 87.88473162961007 47.0
339.6320112214758 87.89063105803206 49.0
339.6744386530151 87.89652933625797 49.0
339.7171046690522 87.90242645458483 49.0
339.7600112400089 87.90832240320213 48.0
339.8465540346575 87.92011075152035 48.0
339.8901943063201 87.92600313104963 48.0
339.9782228831878 87.93778424957065 48.0
340.02261536953586 87.94367296770498 47.0
340.067262813279 87.94956044432091 47.0
339.50213168535817 87.8477433258312 47.0
339.54335419662186 87.85364514253465 47.0
339.6683929277353 87.87134385255513 47.0
339.7529134055672 87.8831372819103 48.0
339.7955277436205 87.88903225467392 49.0
339.83838072926943 87.89492605315311 50.0
339.88147432449546 87.90081866745683 49.0
339.924810512285 87.90671008758474 49.0
339.9683912969034 87.9126003034251 48.0
340.0122187041728 87.91848930475535 48.0
340.0562947817538 87.92437708123693 47.0
340.1452012494097 87.9361489177269 49.0
340.1900358465981 87.94203295647603 48.0
340.2351275289203 87.94791572785645 48.0
340.28047845761347 87.95379722093725 47.0
339.7041223151256 87.85205580696496 47.0
339.87296250160705 87.87563415574853 47.0
339.915759672687 87.88152582043726 48.0
339.958795528961 87.88741629655897 49.0
340.0020720238098 87.89330557414397 49.0
340.04559113142193 87.89919364311244 49.0
340.0893548470634 87.90508049327364 49.0
340.13336518735156 87.91096611432368 48.0
340.1776241905321 87.91685049584424 48.0
340.22213391676155 87.92273362730195 48.0
340.26689644839365 87.92861549804533 48.0
340.3119138902694 87.93449609730416 48.0
340.3571883700123 87.94037541418756 48.0
340.4027220383277 87.94625343768193 47.0
340.4485170693067 87.95213015665053 48.0
340.0351424678596 87.87401013261449 47.0
340.0783571637803 87.87989728421502 47.0
340.1218125023287 87.88578322302311 48.0
340.1655104487437 87.89166793888127 48.0
340.20945298914035 87.89755142152086 49.0
340.25364213077904 87.90343366055961 48.0
340.2980799023391 87.90931464550076 48.0
340.3427683541963 87.91519436573098 49.0
340.38770955870507 87.92107281052003 49.0
340.43290561048383 87.92694996901753 49.0
340.47835862670576 87.9328258302523 49.0
340.52407074739364 87.93870038313077 48.0
340.5700441357187 87.94457361643468 48.0
340.6162809783044 87.95044551881988 47.0
340.15368407320216 87.86648528899832 47.0
340.3286939390756 87.89001318731175 47.0
340.4625333391532 87.90764593787252 48.0
340.50764907973945 87.91352095566141 48.0
340.55301957937434 87.91939467247018 48.0
340.5986469446388 87.92526707724963 48.0
340.6445333047312 87.93113815882684 48.0
340.6906808117615 87.93700790590529 48.0
340.73709164105037 87.94287630706134 47.0
340.6722642759206 87.91183030717836 47.0
340.83661187575365 87.9101224621186 47.0
340.8828343666234 87.91598660037285 47.0
340.92931768906226 87.9218493746534 47.0
341.11790268820243 87.94528659856935 47.0
340.5482310198071 87.84973062104885 47.0
340.63673635104954 87.86147448133364 47.0
340.95430531195973 87.90253679573026 47.0
341.0006898365697 87.90839746260589 47.0
341.04733499955626 87.91425675095903 47.0
341.1888558395181 87.93182622773443 47.0
341.23656519182026 87.93767988419711 47.0
341.2845461165112 87.94353210257943 47.0
340.70793637480404 87.84803600241582 47.0
340.79724709968383 87.85977056397334 47.0
340.8422706747982 87.86563587858602 47.0
340.88754235672087 87.87149986797228 47.0
341.11769308745426 87.90079954789343 47.0
341.1644961400763 87.90665535104814 47.0
341.21156174404217 87.91250974953559 47.0
341.30648923447404 87.92421428497222 47.0
341.3543554925238 87.93006439782401 47.0
341.40249304567385 87.93591305781096 47.0
341.45090413839847 87.94176025254747 47.0
340.8673892577989 87.84632470286004 47.0
340.95750131474233 87.85804988913124 47.0
341.0029282618891 87.86391047907695 47.0
341.32802879241143 87.90489617013246 48.0
341.3755125950081 87.91074563912956 48.0
341.4232630002958 87.91659366511874 49.0
341.4712821930042 87.92244023591384 49.0
341.5195723810179 87.92828533919518 47.0
341.5681357956722 87.93412896250622 47.0
340.936661658862 87.83287565949244 47.0
340.9815028090704 87.83873687629278 48.0
341.0265878059469 87.84459676211347 48.0
341.0719185876857 87.85045530606956 48.0
341.11749711244005 87.85631249715928 47.0
341.1633253585713 87.86216832426311 47.0
341.20940532490056 87.86802277614183 47.0
341.4912858241921 87.90311996281969 47.0
341.53918557217366 87.90896446304289 50.0
341.58735379895273 87.91480749362874 49.0
341.6357926994507 87.92064904218766 48.0
341.68450449177845 87.92648909619444 49.0
341.73349141753215 87.93232764298487 47.0
341.14005123115106 87.83699706055546 47.0
341.32346009297845 87.86040945507324 48.0
341.6542652905592 87.90132677234045 48.0
341.7025787200945 87.90716626484839 48.0
341.75116248066735 87.91300426095303 49.0
341.8000187770873 87.9188407480615 48.0
341.84914983738423 87.92467571344197 47.0
341.53021044715973 87.86447867509243 47.0
341.57734756429875 87.87032199999074 47.0
341.6247440267082 87.87616387552391 47.0
341.7685104021737 87.89368068535283 48.0
341.8169652712172 87.8995166421909 49.0
341.86569010820114 87.90535108838544 48.0
341.9146871045636 87.9111840112777 47.0
341.96395847469967 87.91701539807111 47.0
342.0135064562513 87.9228452358281 47.0
341.4103666365583 87.8276208970427 47.0
341.45637839032736 87.8334678978495 47.0
341.73774728954993 87.86851999835308 48.0
341.78554399170486 87.87435692146383 48.0
341.83360387833227 87.88019235718083 48.0
341.8819290610135 87.8860262931867 49.0
341.9305216731965 87.89185871703047 48.0
341.9793838704688 87.89768961612715 49.0
342.0285178308336 87.90351897775426 48.0
342.0779257549901 87.90934678905063 48.0
342.17757241266446 87.92099770850596 47.0
341.5677556615991 87.82583644257859 47.0
341.89787488188614 87.86670133246936 47.0
341.9460696454607 87.87253326587755 48.0
341.99452932935003 87.87836368573093 47.0
342.04325605401624 87.88419257951706 49.0
342.09225196181075 87.89001993458821 49.0
342.14151921724596 87.89584573816083 49.0
342.19106000727044 87.90166997731166 48.0
342.2408765415484 87.90749263897764 48.0
342.29097105274303 87.91331370995353 47.0
342.0577285412896 87.864866044923 47.0
342.1063191787256 87.87069295167763 47.0
342.2043024835264 87.88234213296562 47.0
342.2536994309271 87.8881643819469 48.0
342.30336946513523 87.89398505255518 48.0
342.3533147817539 87.8998041316671 49.0
342.4035375991171 87.9056216060172 49.0
342.3650665458306 87.88047499735835 47.0
342.41486226782865 87.88629210327183 48.0
342.46493279239957 87.8921076038195 47.0
342.51528032351035 87.89792148567699 47.0
342.56590708787064 87.90373373537618 47.0
342.5757386841896 87.88440314297088 48.0
342.6262074019947 87.89021343670524 47.0
342.67695482676544 87.89602208443992 47.0
342.727983193294 87.9018290725045 47.0
342.73632691608805 87.88249754568677 47.0
342.99347632163045 87.91150592456027 47.0
343.155759104678 87.9095570614157 47.0
343.2649406691382 87.90180401603905 48.0
343.37082896768766 87.9133771406031 47.0
343.4794124830049 87.9056092023115 48.0
343.53290007003704 87.91138938017943 48.0
343.5866844826446 87.91716772774937 49.0
343.64076810293864 87.922944229745 49.0
343.69515333747506 87.92871887072552 48.0
343.80483839951455 87.94026250703688 47.0
343.6407796477914 87.9036103007604 50.0
343.6946617977436 87.9093849520141 49.0
343.7488423881792 87.91515774410396 49.0
343.803323807762 87.9209286615432 49.0
343.85810846957884 87.92669768867802 49.0
343.9685972961588 87.93823000856834 47.0
344.0243064118967 87.9439932691597 47.0
343.8561124675981 87.90736390400237 48.0
343.91068674622795 87.91313110536883 47.0
343.9655634500105 87.91889640291406 48.0
344.0207449982549 87.92465978077169 48.0
344.01725042260506 87.90532628425137 47.0
344.0722158932827 87.91108786001952 47.0
344.12748535969024 87.91684750270568 48.0
344.17807403195644 87.90327214107464 47.0
344.2334281923382 87.90902805673886 47.0
345.26687457636706 87.92136955318169 47.0
345.3257236803812 87.92708593662186 47.0
345.56440007661615 87.94992929727465 47.0
345.0790048002223 87.88487964659097 47.0
345.66655107330314 87.94201573699682 47.0
345.7271036181473 87.94771707901847 47.0
345.9901378497556 87.93755421617142 48.0
345.72888089283293 87.89545410216887 47.0
345.7882588777533 87.901153107098 47.0
346.09004858232174 87.92961376104762 47.0
346.15140444371343 87.93529888504013 47.0
346.21309905178254 87.94098162827366 47.0
346.27513507537805 87.94666197098086 47.0
345.8277832733667 87.88753018618844 47.0
345.88720516566235 87.8932254243238 47.0
345.9469491342598 87.89891838414496 47.0
346.0070176738531 87.90460904708203 47.0
