# successful candidates for region at (170.9873178417413, -0.059332524000012904) and radius 1.0
171.4463133426606 0.32652403297309796 11.0
171.44631350954418 0.3324948943035053 11.0
171.44631367975114 0.33846575563383086 11.0
171.45197598034602 0.33249483752439424 11.0
171.45197615265272 0.33846569726923026 11.0
171.45763845114786 0.3324947800491171 11.0
171.4576386255543 0.33846563818902414 11.0
171.4576388033661 0.34443649632884377 11.0
171.46329978290393 0.29069872626654475 11.0
171.46330109845582 0.3384655783932128 11.0
171.46330127840835 0.3444364349086618 11.0
171.46896224015546 0.29069867890553536 11.0
171.46896375345057 0.3444363727534352 11.0
171.474624697407 0.29069863098443577 11.0
171.47462641625515 0.3504071630714579 11.0
171.48028700040769 0.28472773097674986 11.0
171.4802871546585 0.29069858250324626 11.0
