# successful candidates for region at (233.46603642369598, -32.36544415011912) and radius 1.0
233.5607226569867 -32.9712717241254 100.0
233.5832193011823 -32.99635971424603 100.0
233.58321101390612 -32.990083028307694 100.0
233.59070925284215 -32.996352575524746 100.0
233.59070043587212 -32.99007589050019 101.0
233.60562007079594 -32.95240019039136 100.0
233.6056102120758 -32.94612350735009 100.0
233.613085541215 -32.93983836887199 100.0
233.6130751590501 -32.93356168690827 100.0
233.61306477953494 -32.92728500494233 100.0
233.61304402845033 -32.91473164100376 100.0
233.6130025580417 -32.88962491309995 100.0
233.6129921970516 -32.88334823111845 100.0
233.61298183870466 -32.87707154913472 103.0
233.61297148300014 -32.87079486714877 103.0
233.61296112993716 -32.86451818516059 101.0
233.6205598144559 -32.93355279096835 101.0
233.6205489065995 -32.92727611014025 101.0
233.62053800152682 -32.92099942930969 101.0
233.62052709923702 -32.91472274847667 100.0
233.6205161997292 -32.9084460676412 102.0
233.6205053030025 -32.902169386803266 105.0
233.6204944090561 -32.89589270596288 104.0
233.62048351788917 -32.88961602512004 101.0
233.62047262950082 -32.883339344274745 103.0
233.6204617438902 -32.877062663427 103.0
233.62045086105647 -32.8707859825768 103.0
233.62043998099878 -32.86450930172414 102.0
233.62042910371633 -32.85823262086904 100.0
233.6280330321297 -32.92726677380821 101.0
233.62799874104638 -32.90843673489067 103.0
233.6279873165182 -32.90216005524608 105.0
233.62797589490498 -32.8958833755988 101.0
233.6279644762058 -32.889606695948814 102.0
233.6279530604198 -32.88333001629613 102.0
233.62794164754607 -32.87705333664075 101.0
233.62793023758374 -32.87077665698269 103.0
233.6279188305319 -32.86449997732191 100.0
233.63597396357505 -33.165770772410426 100.0
233.63596188540103 -33.15949409413763 101.0
233.63546932842758 -32.902150282384994 100.0
233.6354573791481 -32.89587360398724 102.0
233.6354454329173 -32.88959692558652 100.0
233.63543348973428 -32.883320247182866 102.0
233.63542154959808 -32.877043568776244 101.0
233.63540961250777 -32.87076689036667 100.0
233.63539767846245 -32.864490211954156 100.0
233.64346564634388 -33.159483826198326 101.0
233.6434530380372 -33.1532071492395 101.0
233.6429887886014 -32.920970099476364 100.0
233.64297630210052 -32.91469342239422 100.0
233.64296381878586 -32.90841674530886 101.0
233.64295133865653 -32.90214006822027 102.0
233.64293886171143 -32.89586339112846 104.0
233.64292638794964 -32.889586714033435 102.0
233.64291391737024 -32.883310036935185 103.0
233.64290144997221 -32.877033359833725 102.0
233.64288898575455 -32.870756682729024 103.0
233.6509562639772 -33.15319643904738 102.0
233.65043334713076 -32.90212941275219 102.0
233.65042034252076 -32.89585273702274 101.0
233.65040734122866 -32.88957606128981 103.0
233.65039434325357 -32.88329938555338 101.0
233.65038134859432 -32.877022709813446 101.0
233.65794242868648 -32.91467166459094 100.0
233.65792888950398 -32.908394990287874 100.0
233.6579153537761 -32.90211831598102 102.0
233.65790182150184 -32.89584164167039 102.0
233.6578882926802 -32.88956496735595 103.0
233.65787476731006 -32.88328829303774 100.0
233.6654395598657 -32.920936796388816 100.0
233.66542548915976 -32.91466012356567 101.0
233.66541142204434 -32.90838345073843 102.0
233.66539735851833 -32.90210677790709 102.0
233.66538329858062 -32.895830105071674 101.0
233.66536924223007 -32.889553432232155 102.0
233.66535518946563 -32.88327675938855 100.0
233.66534114028622 -32.87700008654087 100.0
233.672923146427 -32.92092481241563 100.0
233.67290854765423 -32.91464814112506 103.0
233.6728939526067 -32.90837146983008 100.0
233.67287936128326 -32.9020947985307 101.0
233.6728647736828 -32.89581812722692 100.0
233.67285018980414 -32.88954145591874 103.0
233.68040673093446 -32.920912386970954 101.0
233.68039160409558 -32.91463571726943 102.0
233.68037648111672 -32.90835904756315 101.0
233.6803613619967 -32.90208237785216 100.0
233.68034624673427 -32.89580570813644 101.0
233.68033113532832 -32.88952903841601 102.0
233.6803160277776 -32.88325236869083 101.0
233.68787465840964 -32.914622851999106 103.0
233.6878590075003 -32.908346183938 101.0
233.68781207872837 -32.889516179724296 101.0
233.68779644378571 -32.88323951164294 100.0
233.6877808128317 -32.87696284355653 101.0
233.68773394388913 -32.85813283926696 100.0
233.6953738934906 -32.92088621166853 100.0
233.69535771052207 -32.91460954531445 101.0
233.69534153168303 -32.908332878954944 100.0
233.69529301993018 -32.889502879843974 100.0
233.69522839532914 -32.86439621428698 100.0
233.7027405836694 -32.876935809520546 100.0
233.70272390245952 -32.8706591448845 103.0
233.70270722550475 -32.86438248024269 101.0
233.70269055280377 -32.85810581559512 100.0
233.710203257278 -32.87064496806593 102.0
233.7176826096786 -32.87063035022902 101.0
233.7176648787531 -32.864353689267375 100.0
234.15094782600374 -32.79998693203664 100.0
234.16589439990742 -32.79990533218722 100.0
234.16579599442008 -32.787352439579216 101.0
234.16574681048866 -32.781075993199885 100.0
234.16564848023123 -32.768523100290665 101.0
234.1732682203858 -32.78731098971125 101.0
234.17316881493068 -32.77475810748549 102.0
234.17311913120463 -32.76848166629573 100.0
234.18069020518604 -32.78099266386447 101.0
234.1881618920038 -32.7809503389224 100.0
234.18811114562445 -32.77467390853445 100.0
234.19553104203308 -32.76835472388764 100.0
234.20300166470008 -32.768311529614316 102.0
234.20294989474385 -32.76203511009037 100.0
234.21047228010653 -32.76826789527428 100.0
234.210419985434 -32.76199148132001 102.0
234.21036770408864 -32.75571506730897 101.0
234.21799572102992 -32.774500229139164 101.0
234.21794288817895 -32.768223820868684 100.0
234.2253601447469 -32.76190290375229 100.0
234.23283021322254 -32.76185795495733 101.0
234.23266868916193 -32.74302876387121 100.0
234.24051793139807 -32.78691813024347 100.0
234.2403002741462 -32.761812566156536 104.0
234.24024589449874 -32.75553617498121 103.0
234.2401915287091 -32.74925978374447 101.0
234.24793512408274 -32.7805958929535 102.0
234.24788017786716 -32.774319507815385 101.0
234.24782524565578 -32.76804312261459 102.0
234.24777032744439 -32.761766737351174 101.0
234.24771542322867 -32.755490352025134 102.0
234.24766053300436 -32.749213966636525 100.0
234.24760565676715 -32.74293758118533 100.0
234.2555732425981 -32.79937874372503 100.0
234.25546222950481 -32.78682598558638 100.0
234.2554067441803 -32.780549606421204 101.0
234.25535127299815 -32.774273227192126 105.0
234.25529581595399 -32.767996847899205 104.0
234.25524037304353 -32.76172046854245 101.0
234.25518494426248 -32.755444089121866 101.0
234.25512952960645 -32.749167709637504 100.0
234.25435520514102 -32.66129839017016 100.0
234.2629903916207 -32.793055626050574 103.0
234.26293436691824 -32.786779252916965 103.0
234.26287835649632 -32.78050287971825 103.0
234.26282236035058 -32.774226506454426 104.0
234.2627663784766 -32.76795013312554 106.0
234.2627104108701 -32.7616737597316 107.0
234.26265445752665 -32.755397386272634 101.0
234.26259851844193 -32.74912101274866 100.0
234.26254259361156 -32.742844639159685 100.0
234.2617054287237 -32.64869902754215 100.0
234.2704630464043 -32.79300844713169 101.0
234.2704064964736 -32.78673208002197 105.0
234.27034996095728 -32.780455712845914 106.0
234.27029343985092 -32.774179345603535 108.0
234.27023693315016 -32.76790297829485 108.0
234.27018044085057 -32.76162661091989 105.0
234.27012396294774 -32.755350243478674 103.0
234.2700110503148 -32.74279750839758 100.0
234.26899742145415 -32.629822880775755 100.0
234.2780498872274 -32.8055135497887 101.0
234.27799278296166 -32.79923718889431 100.0
234.27793569325308 -32.79296082793228 103.0
234.27787861809713 -32.78668446690266 105.0
234.27782155748946 -32.78040810580546 106.0
234.27776451142554 -32.77413174464069 108.0
234.27770747990098 -32.76785538340839 107.0
234.27765046291137 -32.76157902210858 106.0
234.27759346045215 -32.755302660741265 105.0
234.277536472519 -32.74902629930649 103.0
234.27656989584554 -32.64232814461504 100.0
234.27651316862406 -32.63605178196977 100.0
234.27645645584465 -32.629775419257456 101.0
234.2763997575029 -32.62349905647814 101.0
234.28546594715797 -32.799189123278126 102.0
234.2854083320933 -32.79291276845365 104.0
234.28535073171523 -32.78663641356032 103.0
234.28529314601923 -32.78036005859816 104.0
234.28523557500083 -32.77408370356719 105.0
234.28517801865556 -32.76780734846744 105.0
234.2851204769789 -32.761530993298926 103.0
234.28506294996643 -32.755254638061686 103.0
234.28500543761365 -32.74897828275572 105.0
234.28494793991607 -32.74270192738107 105.0
234.28471809558815 -32.717596505196 100.0
234.2839727169732 -32.63600387552471 101.0
234.28391548230584 -32.62972751891758 100.0
234.28385826220898 -32.62345116224221 100.0
234.29288096285137 -32.792864268697045 102.0
234.2928228372542 -32.786587919996244 104.0
234.292764726473 -32.780311571225326 104.0
234.29270663050318 -32.77403522238434 104.0
234.29264854934027 -32.76775887347331 105.0
234.29259048297973 -32.76148252449227 104.0
234.29253243141707 -32.755206175441224 102.0
234.29247439464768 -32.74892982632021 101.0
234.2924163726672 -32.74265347712924 105.0
234.2923583654709 -32.736377127868344 103.0
234.29230037305445 -32.73010077853755 101.0
234.2922423954132 -32.72382442913686 101.0
234.29218443254277 -32.717548079666344 100.0
234.3003535854536 -32.79281532866382 102.0
234.30029493464048 -32.7865389862117 104.0
234.30023629877712 -32.780262643688225 102.0
234.30017767785904 -32.773986301093416 103.0
234.30011907188162 -32.76770995842728 100.0
234.3000604808403 -32.76143361568986 102.0
234.30000190473052 -32.75515727288117 102.0
234.29994334354774 -32.74888093000123 104.0
234.29988479728732 -32.74260458705008 104.0
234.2998262659448 -32.73632824402773 105.0
234.29976774951558 -32.7300519009342 105.0
234.2997092479951 -32.72377555776954 100.0
234.3078853909405 -32.79904228442975 100.0
234.3078261998263 -32.79276594835523 101.0
234.30776702380035 -32.786489612208044 101.0
234.30770786285808 -32.78021327598821 103.0
234.30764871699483 -32.773936939695744 101.0
234.30758958620598 -32.76766060333068 101.0
234.30753047048702 -32.76138426689303 102.0
234.3074713698333 -32.75510793038285 103.0
234.3074122842402 -32.748831593800126 103.0
234.30735321370312 -32.74255525714491 105.0
234.30729415821745 -32.73627892041722 104.0
234.3072351177786 -32.73000258361707 105.0
234.31523910466015 -32.78643979798658 100.0
234.3151794186421 -32.78016346812657 101.0
234.31511974783683 -32.773887138192634 102.0
234.31506009223983 -32.767610808184806 100.0
234.3150004518464 -32.76133447810311 102.0
234.31494082665188 -32.755058147947565 103.0
234.31488121665163 -32.7487818177182 105.0
234.31482162184102 -32.74250548741505 104.0
234.31476204221536 -32.736229157038125 105.0
234.31470247777008 -32.729952826587464 104.0
234.3225305899096 -32.767560572991016 100.0
234.32247042484488 -32.76128424932141 100.0
234.3224102751128 -32.75500792557667 104.0
234.32235014070855 -32.7487316017568 105.0
234.3222900216276 -32.742455277861836 102.0
234.3222299178652 -32.7361789538918 103.0
234.32216982941662 -32.72990262984671 102.0
234.3221097562773 -32.723626305726604 101.0
234.32204969844256 -32.717349981531505 100.0
234.32994038940893 -32.761233580549316 101.0
234.32987971514245 -32.75495726327152 103.0
234.32981905633756 -32.74868094591728 102.0
234.3297584129894 -32.74240462848662 100.0
234.3296977850935 -32.73612831097957 103.0
234.32963717264488 -32.72985199339616 103.0
234.329576575639 -32.723575675736434 103.0
234.3295159940711 -32.71729935800038 104.0
234.3374715598626 -32.76745878246507 101.0
234.337410345465 -32.76118247178815 101.0
234.33734914666738 -32.754906161033446 103.0
234.33728796346503 -32.74862985020096 101.0
234.33722679585304 -32.74235353929075 101.0
234.3371656438268 -32.7360772283028 105.0
234.33710450738144 -32.729800917237185 105.0
234.33704338651222 -32.7235246060939 105.0
234.33698228121443 -32.71724829487299 102.0
234.33692119148333 -32.710971983574446 104.0
234.3368601173141 -32.70469567219833 100.0
234.336799058702 -32.69841936074467 100.0
234.33673801564237 -32.69214304921347 101.0
234.33667698813036 -32.685866737604776 102.0
234.33661597616128 -32.679590425918605 100.0
234.3365549797304 -32.67331411415496 100.0
234.3449420319987 -32.76740722713566 101.0
234.34481856961415 -32.75485461886383 100.0
234.3446334939917 -32.736025705862865 103.0
234.34457183355286 -32.72974940137113 106.0
234.34451018882362 -32.72347309680038 106.0
234.34444855979922 -32.71719679215067 104.0
234.34438694647488 -32.71092048742202 104.0
234.34432534884584 -32.70464418261445 105.0
234.3442637669072 -32.69836787772798 101.0
234.34420220065434 -32.69209157276265 104.0
234.3441406500823 -32.68581526771849 104.0
234.34407911518642 -32.67953896259551 103.0
234.34401759596187 -32.67326265739374 102.0
234.34395609240386 -32.66698635211322 103.0
234.34389460450762 -32.66071004675397 102.0
234.34383313226843 -32.65443374131602 101.0
234.35210133551485 -32.73597374366115 100.0
234.35203915108573 -32.72969744579938 104.0
234.35197698249982 -32.72342114785728 106.0
234.35191482975213 -32.71714484983485 106.0
234.35185269283787 -32.71086855173214 107.0
234.35179057175228 -32.70459225354916 104.0
234.3517284664904 -32.69831595528594 104.0
234.35166637704754 -32.6920396569425 105.0
234.3516043034188 -32.6857633585189 105.0
234.35154224559935 -32.67948706001511 104.0
234.35148020358443 -32.673210761431214 102.0
234.35141817736914 -32.666934462767216 102.0
234.35135616694873 -32.66065816402314 101.0
234.35129417231835 -32.654381865199014 101.0
234.3595691683227 -32.735921341699026 101.0
234.35950645990678 -32.72964505052335 105.0
234.35944376746744 -32.723368759265966 104.0
234.35938109099973 -32.7170924679269 108.0
234.35931843049894 -32.710816176506185 106.0
234.3592557859601 -32.70453988500385 103.0
234.35919315737834 -32.69826359341991 106.0
234.35913054474887 -32.69198730175441 107.0
234.3590679480667 -32.68571101000737 106.0
234.35900536732703 -32.67943471817881 105.0
234.358942802525 -32.67315842626877 103.0
234.35888025365577 -32.66688213427728 103.0
234.35881772071446 -32.66060584220435 103.0
234.35875520369623 -32.65432955005002 102.0
234.35869270259622 -32.64805325781432 101.0
234.35863021740954 -32.64177696549726 101.0
234.3584428572813 -32.622948088058294 100.0
234.36710024085644 -32.74214478432831 100.0
234.36703699234198 -32.73586849997791 102.0
234.36697375994248 -32.72959221554442 104.0
234.3669105436531 -32.72331593102785 103.0
234.3668473434688 -32.71703964642822 106.0
234.3667841593848 -32.71076336174557 105.0
234.36672099139608 -32.70448707697994 102.0
234.3666578394978 -32.69821079213133 104.0
234.366594703685 -32.69193450719978 103.0
234.36653158395276 -32.68565822218533 103.0
234.36646848029622 -32.679381937088 104.0
234.3664053927105 -32.67310565190782 102.0
234.3663423211907 -32.666829366644805 101.0
234.36627926573183 -32.66055308129899 101.0
234.36621622632907 -32.65427679587042 102.0
234.3661532029775 -32.64800051035911 100.0
234.3745048074992 -32.73581521849923 101.0
234.37444105111956 -32.72953894086401 100.0
234.3743773109835 -32.72326266314433 102.0
234.37431358708602 -32.71698638534021 102.0
234.37424987942217 -32.71071010745171 100.0
234.37412251277547 -32.69815755142159 100.0
234.37405885378274 -32.691881273280046 103.0
234.37399521100386 -32.68560499505419 103.0
234.37393158443382 -32.67932871674409 103.0
234.37386797406774 -32.67305243834976 102.0
234.37380437990066 -32.66677615987121 100.0
234.37374080192765 -32.6604998813085 100.0
234.37361369454396 -32.647947323930666 101.0
234.38177982177794 -32.716932684664336 100.0
234.3816513756594 -32.70438014250193 100.0
234.3815229949689 -32.69182759999658 102.0
234.38145882914674 -32.68555132861537 103.0
234.3813946796666 -32.6792750571485 103.0
234.3813305465236 -32.67299878559602 100.0
234.38126642971267 -32.666722513957936 100.0
234.38120232922887 -32.66044624223429 100.0
234.3810741772227 -32.64789369853043 101.0
234.38918129265807 -32.71060228026995 101.0
234.38911655434015 -32.70432601605072 102.0
234.38898712717025 -32.691773487350865 100.0
234.38892243830827 -32.685497222870296 102.0
234.3888577659215 -32.67922095830267 101.0
234.3887931100049 -32.672944693648034 101.0
234.3967122640928 -32.716823964554685 101.0
234.39664698571002 -32.710547707384954 100.0
234.3964512503136 -32.69171893534433 100.0
234.39534490334887 -32.585022545426874 100.0
234.40417847156905 -32.71676894512382 100.0
234.40411266962025 -32.71049269497247 100.0
234.40280014388682 -32.5849676730831 100.0
234.40273469287018 -32.57869142104786 100.0
234.4102553752799 -32.58491236233217 100.0
234.4175111705462 -32.5660278992267 100.0
234.42516581034036 -32.58480042561479 100.0
234.42489785936115 -32.55969550211382 100.0
234.43241846317622 -32.565915128797116 101.0
234.43235098063712 -32.55963890498883 100.0
234.4398040924916 -32.559581869685886 100.0
234.447325718106 -32.565800605432585 100.0
