# successful candidates for region at (105.58561934744421, -56.42111832848094) and radius 1.0
104.55717169849902 -55.78177846436055 54.0
104.56806194323106 -55.78814444535901 54.0
104.577816226437 -55.83842572867283 54.0
104.57879314100926 -55.80078321626028 54.0
104.58904810927592 -55.8322423623823 54.0
104.58920923024748 -55.82596859392847 54.0
104.58937029129281 -55.819694825199626 54.0
104.58953129244475 -55.8134210561959 54.0
104.5896922337361 -55.807147286917406 54.0
104.58985311519969 -55.80087351736435 55.0
104.59001393686826 -55.794599747536836 54.0
104.59995768156583 -55.83860553399899 54.0
104.60011707285257 -55.83233174919327 54.0
104.60027640484564 -55.826057964118455 54.0
104.60043567757756 -55.81978417877468 54.0
104.6005948910808 -55.8135103931621 54.0
104.60075404538782 -55.80723660728083 56.0
104.60091314053102 -55.800962821131016 56.0
104.60107217654284 -55.79468903471287 55.0
104.60123115345566 -55.78841524802648 55.0
104.61102848552927 -55.83869393897913 54.0
104.61118608714379 -55.83242013773195 54.0
104.6113436301301 -55.826146336221676 54.0
104.61150111452034 -55.819872534448436 54.0
104.61165854034662 -55.81359873241238 55.0
104.61181590764104 -55.80732493011365 56.0
104.61197321643567 -55.80105112755241 55.0
104.61213046676255 -55.794777324728784 55.0
104.61228765865371 -55.788503521642916 54.0
104.62209933966611 -55.83878134549349 54.0
104.62241090553196 -55.82623371023023 54.0
104.6228778199279 -55.80741225540808 55.0
104.62303334234606 -55.80113843662063 55.0
104.62318880696013 -55.79486461757677 55.0
104.62334421380177 -55.78859079827655 55.0
104.62349956290262 -55.78231697872019 54.0
104.63378598849464 -55.81377241773396 55.0
104.63393978168047 -55.80749858315635 55.0
104.6340935176946 -55.80122474832802 55.0
104.6342471965683 -55.79495091324908 55.0
104.63440081833288 -55.78867707791967 55.0
104.63455438301963 -55.78240324233996 54.0
104.6347078906598 -55.77612940651005 54.0
104.64484978624034 -55.81385776378987 55.0
104.6450017923308 -55.80758391335083 55.0
104.64515374191363 -55.801310062666865 54.0
104.64530563501972 -55.79503621173808 57.0
104.64545747168006 -55.78876236056463 56.0
104.6456092519255 -55.782488509146646 56.0
104.645760975787 -55.77621465748426 55.0
104.64591264329536 -55.769940805577605 55.0
104.65591363234283 -55.813942112099035 57.0
104.65606385131098 -55.807668245983926 57.0
104.65621401443553 -55.8013943796296 56.0
104.65636412174712 -55.795120513036224 57.0
104.65651417327629 -55.78884664620387 56.0
104.65666416905357 -55.78257277913269 56.0
104.6568141091095 -55.77629891182284 55.0
104.65696399347459 -55.770025044274426 55.0
104.65711382217931 -55.76375117648758 54.0
104.66668049693601 -55.82657322516445 54.0
104.66682903920491 -55.82029934402613 56.0
104.66697752623381 -55.81402546265401 56.0
104.66712595805299 -55.8077515810482 57.0
104.66727433469268 -55.80147769920882 57.0
104.66742265618313 -55.79520381713601 56.0
104.66757092255455 -55.78892993482993 56.0
104.66771913383708 -55.78265605229064 56.0
104.66786729006093 -55.77638216951834 55.0
104.66801539125622 -55.770108286513114 54.0
104.66816343745306 -55.76383440327512 54.0
104.67774801439161 -55.82665560858531 56.0
104.67789476815587 -55.82038171213046 57.0
104.67804146734498 -55.81410781544738 57.0
104.67818811198886 -55.807833918536204 56.0
104.67833470211737 -55.80156002139707 56.0
104.67848123776041 -55.795286124030106 57.0
104.67862771894781 -55.78901222643541 57.0
104.67877414570935 -55.78273832861315 56.0
104.67892051807488 -55.776464430563415 55.0
104.67906683607416 -55.77019053228632 56.0
104.67921309973693 -55.763916633782046 54.0
104.67935930909293 -55.75764273505066 54.0
104.68896054378473 -55.82046308228045 56.0
104.68910545510802 -55.81418917047184 57.0
104.68925031255058 -55.8079152584407 56.0
104.68939511614194 -55.8016413461871 55.0
104.68953986591158 -55.795367433711164 57.0
104.689684561889 -55.78909352101306 57.0
104.68982920410362 -55.78281960809288 55.0
104.68997379258491 -55.77654569495073 54.0
104.69011832736227 -55.77027178158676 54.0
104.6902628084651 -55.76399786800106 54.0
104.69040723592275 -55.757723954193814 54.0
104.6905516097646 -55.751450040165075 55.0
104.69069593001996 -55.74517612591501 54.0
104.70074145081105 -55.789173818555646 54.0
104.70116986455446 -55.77035203440723 54.0
104.70131256307177 -55.764078105925066 54.0
104.70145520860554 -55.75780417722673 54.0
104.71193945819113 -55.78297917649538 54.0
104.71208047882745 -55.77670523372352 54.0
104.71222144708456 -55.770431290740646 55.0
104.71236236299113 -55.764157347546885 54.0
104.71250322657576 -55.75788340414233 55.0
104.71264403786715 -55.75160946052712 55.0
104.71278479689384 -55.74533551670134 54.0
104.7234122076573 -55.76423559285955 54.0
104.72355128926793 -55.757961634933615 55.0
104.72369031924656 -55.751687676802284 55.0
104.72382929762145 -55.74541371846571 54.0
104.7343247458939 -55.770586813918364 54.0
104.73446209650446 -55.76431284185612 54.0
104.73459939611647 -55.758038869593626 54.0
104.73473664475777 -55.75176489713099 54.0
104.7456475465558 -55.75811510811557 54.0
106.40821891746555 -56.00295407401869 54.0
