# successful candidates for region at (257.5027034646262, 4.256843181944004) and radius 1.0
257.96851068694815 3.887824300969385 70.0
257.9810381649024 3.894100984584008 70.0
257.9873150639084 3.919233609793475 73.0
258.01232443705027 3.8563769908726506 70.0
258.01858609557036 3.8563729706769956 70.0
258.03742045887 3.9317696529198396 71.0
258.04367014447587 3.912913157510112 70.0
258.0436743237504 3.9191972417781433 70.0
258.0436785074262 3.9254813260432675 71.0
258.0436826955033 3.931765410305477 72.0
258.0436868879822 3.9380494945647704 70.0
258.04991957952666 3.894056625855233 71.0
258.0499237938211 3.9003407079360084 70.0
258.0499322357649 3.912908872088648 71.0
258.04993646341467 3.9191929541605064 70.0
258.04994069551657 3.9254770362293865 70.0
258.0499449320709 3.931761118295286 73.0
258.0499491730777 3.9380452003582027 72.0
258.0561772679153 3.8877682179151996 70.0
258.0561815259298 3.8940522977777623 71.0
258.0561857884465 3.9003363776372932 70.0
258.0561943269877 3.9129045373472375 71.0
258.05619860301255 3.919188617197646 72.0
258.0562028835405 3.925472697045009 72.0
258.05620716857175 3.93175677688932 72.0
258.0562114581066 3.9380408567305802 73.0
258.0562157521451 3.9443249365687856 70.0
258.0624391660805 3.8877638428401062 70.0
258.0624434722661 3.8940479204562215 71.0
258.06244778300504 3.900331998069234 72.0
258.0624520982974 3.9066160756791395 71.0
258.06245641814337 3.912900153285934 72.0
258.06246074254324 3.919184230889617 73.0
258.0624650714971 3.9254683084901845 73.0
258.0624694050053 3.931752386087632 73.0
258.0624737430679 3.93803646368196 71.0
258.0624780856852 3.9443205412731617 70.0
258.068705418535 3.8940434938906625 71.0
258.06870977749594 3.9003275692318833 71.0
258.0687141410613 3.906611644569928 71.0
258.06871850923125 3.9128957199047916 74.0
258.06872288200594 3.9191797952364738 73.0
258.0687272593857 3.9254638705649683 73.0
258.0687316413706 3.931747945890276 71.0
258.06873602796094 3.9380320212123903 71.0
258.068740419157 3.94431609653131 70.0
258.0749673647355 3.894039018081139 70.0
258.0749717719185 3.9003230911252955 72.0
258.0749806002505 3.9128912372038633 72.0
258.07498502140004 3.919175310238267 72.0
258.08122931086706 3.894034493027705 71.0
258.0812337662719 3.900318563749525 71.0
258.08124269120043 3.9128867051832024 70.0
258.08124716072456 3.919170775895055 70.0
258.08125163495566 3.925454846603581 70.0
258.0874912569289 3.894029918730418 70.0
258.0874957605554 3.9003139871046266 70.0
258.0875138226355 3.925450260567516 70.0
258.08753196084444 3.9505865339759416 70.0
258.0937441136473 3.8814571631763046 70.0
258.09375320292014 3.894025295189332 70.0
258.10000596327706 3.881452495187569 70.0
258.10001514884004 3.894020622404505 70.0
258.1000428221484 3.9317250039703766 70.0
258.10004745137576 3.938009067552266 70.0
258.1063003852455 3.9254362062385226 71.0
258.1500858633448 3.8625612497555117 70.0
258.15009082285314 3.868845293284318 71.0
258.15009578762687 3.875129336808988 70.0
258.1563425660928 3.856272105998695 70.0
258.1563475682509 3.8625561469065035 70.0
258.156352575725 3.868840187810098 70.0
258.1563575885155 3.875124228709477 70.0
258.15636260662245 3.8814082696046364 70.0
258.1563877769139 3.9128284740169743 71.0
258.1626042230059 3.8562669566832932 70.0
258.1626092730788 3.8625509949407033 71.0
258.1626143285186 3.8688350331938186 73.0
258.16261938932564 3.875119071442637 71.0
258.1626244555002 3.881403109687152 70.0
258.1626295270423 3.8876871479273634 70.0
258.16263460395254 3.893971186163262 70.0
258.16263968623093 3.9002552243948467 71.0
258.1626447738777 3.9065392626221147 71.0
258.1626549652776 3.9191073390636757 71.0
258.1626600690312 3.925391377277962 70.0
258.1688658798402 3.8562617582764314 71.0
258.1688709778277 3.8625457938581724 73.0
258.16887608123307 3.868829829435541 73.0
258.16888119005654 3.875113865008527 71.0
258.1688863042985 3.881397900577131 70.0
258.168891423959 3.8876819361413464 71.0
258.1688965490385 3.8939659717011685 72.0
258.16890167953704 3.9002500072565955 71.0
258.16890681545493 3.9065340428076203 71.0
258.16891195679256 3.91281807835424 71.0
258.1689171035499 3.919102113896452 70.0
258.1689222557275 3.925386149434249 70.0
258.1751070076704 3.8311203792104465 70.0
258.1751121316995 3.837404412109043 70.0
258.1751275365949 3.856256510778171 70.0
258.1751326824969 3.862540543658979 72.0
258.17513783386767 3.8688245765353284 72.0
258.1751429907075 3.8751086094072154 72.0
258.1751481530167 3.881392642274634 71.0
258.1751533207955 3.8876766751375835 72.0
258.17515849404407 3.893960707996057 72.0
258.17516367276266 3.9002447408500514 72.0
258.17516885695164 3.906528773699561 71.0
258.1751740466111 3.9128128065445833 71.0
258.17517924174143 3.9190968393851127 70.0
258.1813529910871 3.812263002979552 71.0
258.18135814627215 3.8185470331658244 72.0
258.1813633069752 3.824831063347586 71.0
258.18136847319647 3.831115093524833 71.0
258.1813736449363 3.8373991236975598 70.0
258.1813891932693 3.8562512141885774 70.0
258.1813943870856 3.8625352443431824 71.0
258.1813995864217 3.868819274493245 73.0
258.18140479127777 3.875103304638762 75.0
258.1814100016541 3.8813873347797285 76.0
258.181415217551 3.8876713649161405 74.0
258.18142043896853 3.8939553950479917 74.0
258.1814256659071 3.900239425175282 73.0
258.18143089836695 3.9065234552980024 72.0
258.1814361363483 3.9128074854161508 71.0
258.1814413798514 3.9190915155297237 71.0
258.1814466288764 3.9253755456387145 70.0
258.1876143137064 3.812257676556639 72.0
258.1876195164492 3.818541703992028 74.0
258.18762472476095 3.8248257314228216 74.0
258.187629938642 3.831109758849016 74.0
258.18763515809235 3.8373937862706087 71.0
258.1876456137024 3.8499618410999634 71.0
258.1876508498625 3.8562458685077172 72.0
258.1876560915931 3.862529895910849 70.0
258.1876613388944 3.868813923309357 74.0
258.1876665917665 3.8750979507032346 76.0
258.1876718502099 3.881381978092475 76.0
258.1876771142247 3.887666005477079 75.0
258.18768238381114 3.8939500328570382 73.0
258.1876876589696 3.9002340602323495 72.0
258.1876929397001 3.9065180876030086 70.0
258.1938756362446 3.8122523012193796 71.0
258.19388088654523 3.8185363258786205 73.0
258.1938861424656 3.824820350533183 73.0
258.19389140400614 3.831104375183062 74.0
258.1938966711669 3.8373883998282525 73.0
258.1939019439484 3.843672424468752 70.0
258.1939072223506 3.849956449104552 70.0
258.1939125063739 3.856240473735652 74.0
258.19391779601864 3.862524498362045 71.0
258.19392309128494 3.8688085229837283 72.0
258.1939283921731 3.875092547600696 75.0
258.19393369868334 3.8813765722129423 75.0
258.19393901081594 3.8876605968204667 72.0
258.19394432857115 3.8939446214232607 72.0
258.1939496519492 3.9002286460213216 70.0
258.1939549809504 3.906512670614644 70.0
258.2001422565594 3.8185308988256685 72.0
258.20014756008834 3.8248149206787363 72.0
258.2001528692882 3.8310989425270354 71.0
258.20015818415936 3.8373829643705606 73.0
258.200163504702 3.843666986209308 73.0
258.20016883091637 3.849951008043273 73.0
258.2001741628028 3.85623502987245 73.0
258.2001795003615 3.8625190516968364 74.0
258.2001848435927 3.8688030735164256 72.0
258.2001901924966 3.8750870953312133 75.0
258.2001955470737 3.881371117141196 74.0
258.20020090732396 3.8876551389463683 74.0
258.2002062732478 3.8939391607467253 71.0
258.2002116448454 3.900223182542263 70.0
258.20022240506313 3.912791226118861 70.0
258.2064089776283 3.824809441859547 70.0
258.2064143344875 3.8310934608810014 70.0
258.20641969706884 3.8373774798975964 73.0
258.20642506537257 3.8436614989093276 72.0
258.20643043939896 3.849945517916189 71.0
258.20643581914834 3.8562295369181774 73.0
258.20644120462083 3.8625135559152874 73.0
258.20644659581683 3.8687975749075147 73.0
258.20645199273645 3.875081593894855 72.0
258.20645739538014 3.8813656128773024 72.0
258.20646280374797 3.8876496318548517 71.0
258.20646821784027 3.8939336508275 70.0
258.21267579960323 3.831087930245028 71.0
258.21268120989464 3.8373719464094287 71.0
258.21268662595935 3.843655962568877 71.0
258.2126920477976 3.849939978723369 71.0
258.21269747540975 3.8562239948729005 71.0
258.21270290879596 3.8625080110174683 72.0
258.2127083479566 3.868792027157063 72.0
258.21271379289186 3.8750760432916858 70.0
258.2127247000872 3.8876440755459827 71.0
258.2189372646347 3.8310823506191842 70.0
258.218942722636 3.8373663639061237 72.0
258.2189481864615 3.843650377188024 71.0
258.2189536561116 3.8499343904648806 72.0
258.21895913158636 3.856218403736689 70.0
258.21896461288617 3.8625024170034434 70.0
258.2189701000113 3.868786430265141 71.0
258.218986596341 3.8876384700198314 70.0
258.2189921067699 3.8939224832612456 71.0
258.22520974687836 3.8436447427668368 70.0
258.2252152643401 3.8499287531407917 70.0
258.22522631689066 3.8624967738732847 71.0
258.22523185198014 3.8687807842318125 70.0
258.2252373929461 3.875064794585188 70.0
258.2314824436821 3.85620707419173 70.0
258.26971529349095 4.528558732237475 71.0
258.2697218266547 4.534842720920767 70.0
258.27598236473597 4.528552366470152 72.0
