# successful candidates for region at (38.48302560754841, 31.659540309183843) and radius 1.0
38.972046110123266 32.2631841148109 67.0
38.97938538789409 32.26315594383501 66.0
38.98672466110062 32.2631273532255 66.0
38.986759032869365 32.26935460544047 66.0
38.994063929675356 32.263098342983106 68.0
38.994098802232585 32.26932559152356 66.0
39.001085235241874 32.20702370860565 66.0
39.00136782914265 32.256841668269324 67.0
39.00140319355085 32.26306891310855 66.0
39.00867073158593 32.25058458145709 66.0
39.00870658759303 32.256811822543426 66.0
39.00874245265962 32.2630390636026 66.0
39.00877832678841 32.26926630463459 68.0
39.01604534121104 32.25678155724002 66.0
39.01608170693418 32.263008794465996 69.0
39.01611808184602 32.26923603166405 68.0
39.016154465949306 32.27546326883416 66.0
39.01622726174122 32.28791774309051 66.0
39.02228241638064 32.069933858868424 66.0
39.023420956307056 32.262978105699545 68.0
39.02345783200008 32.2692053390105 68.0
39.02349471701109 32.27543257229273 67.0
39.02353161134286 32.28165980554624 67.0
39.023568514998196 32.28788703877102 66.0
39.029606199179796 32.06990287223239 66.0
39.02964328426767 32.0761301025128 67.0
39.0297545956874 32.09481179317881 66.0
39.02979171822198 32.10103902334237 66.0
39.02986599139989 32.11349348358178 66.0
39.03072283368012 32.25671976790381 67.0
39.030760200710766 32.26294699730401 67.0
39.0307975771831 32.26917422667472 68.0
39.03083496309994 32.275401456015935 67.0
39.030909763278466 32.28785591460979 66.0
39.03696755896262 32.07609869392196 66.0
39.037193249970606 32.11346205116129 66.0
39.037230898371504 32.11968927726275 66.0
39.03825100651445 32.287824370607645 66.0
39.04440612277162 32.094748533978084 66.0
39.044444240054915 32.10097575614478 66.0
39.04452050348342 32.11343020038568 67.0
39.04455864963437 32.11965742245987 67.0
39.04559224463857 32.287792406765355 66.0
39.05184775187146 32.11339793125577 67.0
39.051886395770524 32.11962514924979 67.0
39.05192504942351 32.125852367212154 66.0
39.059135863299254 32.107138029878904 66.0
39.05929244964508 32.13204688525782 66.0
39.06662118119237 32.132013766861434 66.0
39.08807315883494 32.05095834035157 66.0
39.0881962767695 32.06963993171817 67.0
39.08823733679153 32.07586712876882 66.0
39.095229407548636 32.02601483359786 66.0
39.095270891115426 32.03224202651342 66.0
39.09531238514614 32.0384692193924 67.0
39.095353889643874 32.044696412234785 68.0
39.095395404611764 32.05092360504057 69.0
39.09543693005291 32.05715079780973 66.0
39.09547846597045 32.06337799054228 68.0
39.095520012367494 32.069605183238174 68.0
39.09556156924715 32.07583237589742 66.0
39.095727901654556 32.10074114616765 66.0
39.09576951099422 32.10696833864345 66.0
39.095852761180836 32.11942272348486 66.0
39.10246573574948 32.013525321157054 66.0
39.10250769412677 32.019752509709434 66.0
39.102549663086776 32.025979698224376 67.0
39.10259164263264 32.03220688670188 68.0
39.10263363276752 32.038434075141915 70.0
39.10267563349456 32.04466126354449 71.0
39.10271764481693 32.050888451909564 70.0
39.10275966673776 32.05711564023716 68.0
39.102801699260226 32.06334282852724 69.0
39.10284374238747 32.06957001677979 68.0
39.10288579612267 32.07579720499482 67.0
39.103012021007544 32.09447876941456 66.0
39.10305411720614 32.10070595747932 66.0
39.10313834147779 32.11316033349605 67.0
39.103180469557174 32.119387521447976 67.0
39.103222608269824 32.125614709362274 67.0
39.10330691760763 32.13806908507792 67.0
39.10978499407912 32.01348977715445 67.0
39.109827448183275 32.019716961217796 67.0
39.109869912995165 32.025944145242825 68.0
39.10991238851798 32.032171329229534 70.0
39.10995487475489 32.038398513177874 69.0
39.109997371709106 32.04462569708787 72.0
39.110039879383805 32.05085288095947 72.0
39.11008239778219 32.0570800647927 70.0
39.11012492690745 32.06330724858752 69.0
39.110167466762775 32.06953443234393 67.0
39.11033773354871 32.094443166985165 67.0
39.11038032710235 32.100670350549315 67.0
39.110465546460645 32.11312471756213 67.0
39.11050817227171 32.119351901010766 67.0
39.110550808841644 32.12557908442088 66.0
39.11059345617369 32.13180626779245 68.0
39.11063611427104 32.13803345112546 68.0
39.110678783136905 32.1442606344199 66.0
39.1107214627745 32.15048781767577 66.0
39.11714719654569 32.01968099517175 67.0
39.117190157207304 32.025908174654134 69.0
39.1172331287049 32.03213535409727 69.0
39.117276111041704 32.038362533501186 71.0
39.11731910422093 32.04458971286582 72.0
39.117362108245814 32.05081689219117 71.0
39.11740512311959 32.05704407147724 69.0
39.117448148845476 32.063271250724014 67.0
39.11749118542672 32.069498429931464 67.0
39.11753423286654 32.075725609099585 67.0
39.11766344036986 32.09440714636784 66.0
39.11774963305767 32.1068615043498 66.0
39.117792745716976 32.11308868328168 67.0
39.11792214899543 32.131770219840725 68.0
39.11796530519925 32.13799739861483 67.0
39.11800847229731 32.14422457734946 68.0
39.11805165029288 32.15045175604461 67.0
39.11809483918919 32.15667893470027 67.0
39.124423493596126 32.013417436645035 67.0
39.124466939147524 32.019644611572176 68.0
39.124510395656685 32.025871786459184 68.0
39.12455386312689 32.03209896130605 69.0
39.12459734156139 32.038326136112744 70.0
39.12464083096345 32.04455331087926 70.0
39.12468433133633 32.05078048560559 69.0
39.12472784268331 32.057007660291724 68.0
39.12477136500765 32.063234834937646 69.0
39.124814898312614 32.06946200954333 68.0
39.12485844260148 32.075689184108775 67.0
39.124901997877515 32.08191635863397 66.0
39.124945564144 32.08814353311889 66.0
39.125294490325295 32.13796092754696 66.0
39.12533815565336 32.14418810166886 67.0
39.12538183200469 32.15041527575035 69.0
39.12542551938258 32.15664244979143 67.0
39.12546921779031 32.16286962379207 66.0
39.13174273465058 32.01338064014007 67.0
39.1317866759223 32.01960781042002 68.0
39.13183062827681 32.02583498065891 69.0
39.13187459171741 32.03206215085674 71.0
39.13191856624741 32.03828932101347 69.0
39.13196255187008 32.04451649112912 69.0
39.132006548588755 32.05074366120365 70.0
39.13205055640673 32.05697083123707 69.0
39.1320945753273 32.063198001229324 68.0
39.13213860535378 32.06942517118044 68.0
39.132182646489476 32.0756523410904 68.0
39.132226698737696 32.081879510959176 67.0
39.13227076210176 32.08810668078675 68.0
39.132314836584975 32.09433385057312 67.0
39.132667833138065 32.144151207379004 67.0
39.13271200784294 32.150378376793896 68.0
39.13275619370017 32.15660554616745 68.0
39.132800390713086 32.162832715499626 66.0
39.13906196981372 32.01334342613618 66.0
39.13910640680354 32.01957059171622 67.0
39.13915085500116 32.02579775725427 68.0
39.13919531440993 32.0320249227503 70.0
39.13923978503318 32.03825208820433 68.0
39.139284266874256 32.04447925361634 69.0
39.13932875993648 32.05070641898629 68.0
39.13937326422322 32.056933584314194 69.0
39.13941777973779 32.06316074960002 69.0
39.139462306483544 32.06938791484376 69.0
39.13950684446383 32.0756150800454 68.0
39.139551393682 32.08184224520493 69.0
39.1395959541414 32.088069410322326 66.0
39.13964052584537 32.09429657539759 66.0
39.13968510879727 32.100523740430695 66.0
39.139952842903064 32.137886729743244 66.0
39.1400421777406 32.1503410591762 66.0
39.14008686207493 32.15656822382926 66.0
39.140131557690786 32.16279538844003 68.0
39.14017626459153 32.16902255300848 66.0
39.146426131724766 32.019532955461685 66.0
39.14647107576325 32.02576011624616 69.0
39.146516031137935 32.031987276987685 69.0
39.146560997852184 32.03821443768626 69.0
39.14660597590939 32.04444159834184 69.0
39.146650965312915 32.050668758954444 68.0
39.14669596606614 32.05689591952407 67.0
39.146740978172446 32.063123080050644 69.0
39.14678600163522 32.069350240534206 68.0
39.14683103645784 32.07557740097473 69.0
39.146876082643686 32.08180456137218 68.0
39.146921140196156 32.088031721726566 68.0
39.146966209118624 32.09425888203787 69.0
39.147011289414486 32.10048604230606 68.0
39.14705638108713 32.10671320253113 66.0
39.14719172439969 32.12539468294752 66.0
39.1472368616134 32.131621842999984 66.0
39.14728201022087 32.137849003009265 66.0
39.147327170225495 32.14407616297536 68.0
39.147372341630685 32.15030332289821 67.0
39.147417524439824 32.156530482777846 69.0
39.14746271865634 32.16275764261422 66.0
39.1537458506195 32.019494901657424 66.0
39.153791290496564 32.025722057635576 68.0
39.15383674183488 32.031949213569845 70.0
39.15388220463785 32.03817636946018 70.0
39.1539276789089 32.04440352530661 70.0
39.15397316465144 32.0506306811091 67.0
39.154018661868875 32.056857836867614 69.0
39.15406417056463 32.06308499258218 69.0
39.15410969074213 32.06931214825275 69.0
39.15415522240479 32.075539303879324 68.0
39.154200765556034 32.08176645946188 68.0
39.15424632019927 32.08799361500041 68.0
39.15429188633795 32.09422077049489 69.0
39.15433746397548 32.10044792594533 68.0
39.15438305311529 32.10667508135168 68.0
39.15442865376082 32.11290223671395 66.0
39.15451988958273 32.12535654730617 67.0
39.15456552476598 32.13158370253609 67.0
39.15461117146868 32.13781085772185 67.0
39.15465682969426 32.144038012863454 68.0
39.15470249944617 32.15026516796089 68.0
39.15474818072783 32.15649232301413 66.0
39.154793873542694 32.16271947802317 66.0
39.1548395778942 32.16894663298799 66.0
39.16115744643424 32.031910732497735 66.0
39.161203405323626 32.038137883527114 69.0
39.16124937580621 32.0443650345116 67.0
39.16129535788544 32.05059218545119 68.0
39.161341351564786 32.05681933634585 69.0
39.16138735684768 32.06304648719558 70.0
39.161433373737594 32.06927363800036 67.0
39.16147940223799 32.07550078876017 67.0
39.1615254423523 32.08172793947501 69.0
39.16157149408401 32.087955090144845 68.0
39.16161755743657 32.094182240769676 68.0
39.16166363241345 32.10040939134948 69.0
39.161709719018106 32.10663654188425 68.0
39.16175581725402 32.112863692373956 69.0
39.16180192712464 32.11909084281859 67.0
39.161848048633466 32.12531799321815 67.0
39.161894181783936 32.1315451435726 67.0
39.16194032657954 32.137772293881945 67.0
39.16198648302375 32.14399944414615 68.0
39.16203265112004 32.15022659436521 68.0
39.1620788308719 32.15645374453911 68.0
39.16843170161087 32.02564468761084 66.0
39.16852459984296 32.038098979888 67.0
39.16861754494835 32.050553271981705 66.0
39.168664035087254 32.05678041795972 68.0
39.168710536954954 32.06300756389183 67.0
39.168757050554944 32.06923470977801 67.0
39.16880357589072 32.07546185561825 67.0
39.16885011296577 32.08168900141253 68.0
39.168896661783606 32.08791614716084 66.0
39.16894322234771 32.094143292863166 68.0
39.16898979466159 32.100370438519484 68.0
39.169036378728755 32.10659758412981 69.0
39.16908297455271 32.112824729694076 70.0
39.16912958213695 32.11905187521229 70.0
39.16917620148499 32.12527902068447 70.0
39.16922283260033 32.13150616611054 68.0
39.169269475486495 32.13773331149052 68.0
39.16931613014699 32.1439604568244 67.0
39.16936279658532 32.150187602112155 67.0
39.16940947480501 32.15641474735376 67.0
39.169456164809574 32.16264189254922 67.0
39.17575189785886 32.02560537619865 66.0
39.175939725773546 32.050513940701634 67.0
39.176127743296284 32.075422504454544 66.0
39.17617477732971 32.081649645275455 67.0
39.176221823231295 32.08787678604939 66.0
39.17626888100458 32.094103926776384 68.0
39.176315950653105 32.100331067456366 67.0
39.176363032180404 32.10655820808934 68.0
39.176410125590024 32.112785348675295 70.0
39.176457230885504 32.11901248921422 70.0
39.176504348070395 32.125239629706094 71.0
39.17655147714824 32.131466770150894 71.0
39.17659861812258 32.1376939105486 67.0
39.17664577099697 32.143921050899216 67.0
39.176740112460124 32.15637533145908 67.0
39.17678730105598 32.16260247166829 67.0
39.183309383345346 32.05670132759836 66.0
39.18354697836034 32.08783700681151 66.0
39.18364210032118 32.10029127816108 66.0
39.18368967930622 32.10651841376387 67.0
39.18373727029911 32.11274554931863 67.0
39.183784873303445 32.11897268482536 69.0
39.18383248832278 32.125199820284045 69.0
39.18388011536072 32.13142695569464 68.0
39.18392775442084 32.137654091057165 67.0
39.190632047947716 32.05666115562513 66.0
39.190824087042095 32.08156967878148 66.0
39.190920179288426 32.09402394006594 67.0
39.190968243599016 32.10025107063467 67.0
39.19101632003938 32.106478201154395 67.0
39.19106440861312 32.112705331625094 67.0
39.19111250932387 32.11893246204674 66.0
39.191160622175246 32.12515959241932 67.0
39.19120874717086 32.13138672274283 67.0
39.19125688431434 32.13761385301724 67.0
39.198100207363 32.07530194284279 66.0
39.198197269395486 32.087756193960466 66.0
39.19824581878185 32.09398331944432 67.0
39.19829438041982 32.10021044487815 67.0
39.198342954313055 32.106437570261946 67.0
39.1983915404652 32.11266469559569 67.0
39.19844013887993 32.118891820879384 67.0
39.19848874956088 32.12511894611298 68.0
39.19853737251172 32.13134607129646 68.0
39.19858600773611 32.137573196429855 67.0
39.19863465523771 32.1438003215131 66.0
39.205473370955644 32.081488040001226 67.0
39.20552240516808 32.087715160349376 68.0
39.2055714517539 32.09394228064649 70.0
39.20562051071678 32.10016940089256 68.0
39.20566958206042 32.106396521087554 68.0
39.20571866578851 32.11262364123148 68.0
39.20576776190473 32.118850761324296 68.0
39.2058168704128 32.12507788136602 68.0
39.20586599131638 32.13130500135659 67.0
39.205915124619196 32.137532121296026 67.0
39.20596427032495 32.14375924118429 66.0
39.21274848428214 32.075219478344685 66.0
39.21279800307105 32.081446593506335 67.0
39.21284753435503 32.08767370861594 68.0
39.21289707813781 32.09390082367348 68.0
39.212946634423105 32.100127938678924 68.0
39.21299620321465 32.10635505363227 68.0
39.213045784516176 32.11258216853349 68.0
39.2130953783314 32.11880928338257 68.0
39.21314498466407 32.1250363981795 68.0
39.21319460351791 32.131263512924264 68.0
39.213244234896656 32.13749062761681 67.0
39.220122628536565 32.081404728943 67.0
39.220172656889574 32.087631838761226 68.0
39.22022269786679 32.093858948526346 68.0
39.22027275147199 32.10008605823832 68.0
39.22032281770892 32.10631316789714 68.0
39.22037289658135 32.11254027750278 68.0
39.22042298809306 32.118767387055236 67.0
39.22047309224782 32.124994496554486 68.0
39.220523209049375 32.13122160600051 67.0
39.22057333850153 32.13744871539328 66.0
39.22062348060804 32.1436758247328 66.0
39.22749777270497 32.08758955078632 66.0
39.227548310874084 32.09381665520616 67.0
39.22759886179663 32.100043759571804 68.0
39.2276494254764 32.106270863883225 68.0
39.227700001917206 32.11249796814043 67.0
39.22775059112285 32.11872507234337 67.0
39.227801193097136 32.12495217649204 68.0
39.22785180784386 32.131179280586416 66.0
39.227902435366865 32.13740638462648 67.0
39.22795307566994 32.14363348861223 66.0
39.2280037287569 32.14986059254363 66.0
39.22805439463156 32.15608769642068 66.0
39.234822881734466 32.08754684469226 66.0
39.23487391709291 32.093773943714 67.0
39.23492496533024 32.10000104268047 67.0
39.234976026450276 32.10622814159163 67.0
39.235027100456875 32.112455240447495 67.0
39.23507818735387 32.11868233924804 67.0
39.23512928714512 32.124909437993225 66.0
39.23518039983445 32.131136536683066 66.0
39.23523152542572 32.137363635317506 66.0
39.23528266392278 32.143590733896566 66.0
39.2420964643666 32.081276626853054 66.0
39.24214798391132 32.08750372048017 66.0
39.2421995164565 32.09373081405094 66.0
39.242251062006005 32.09995790756537 66.0
39.24230262056372 32.10618500102343 67.0
39.24235419213351 32.11241209442508 68.0
39.242405776719266 32.11863918777032 66.0
39.25732403350734 32.149687040172545 66.0
39.257376693148366 32.15591412209651 66.0
