# successful candidates for region at (254.4592016451188, 44.846414112212294) and radius 1.0
255.03297185218645 45.05854033488555 21.0
255.04167073675254 45.04643036279835 21.0
255.0417321043918 45.052463148208254 21.0
255.04179348928514 45.058495933563435 21.0
255.0418548914394 45.06452871886388 21.0
255.05049050153704 45.04638529671859 21.0
255.0505527983088 45.05241807579206 21.0
255.05061511259584 45.05845085480913 21.0
255.05067744440512 45.064483633769775 21.0
255.05111425827496 45.10671308491252 21.0
255.05931025233664 45.046339553399235 21.0
255.05937347823502 45.05237232604104 21.0
255.05943672190992 45.05840509862476 21.0
255.0594999833683 45.06443787115034 22.0
255.05956326261727 45.07047064361779 21.0
255.0596265596638 45.076503416027066 21.0
255.05968987451502 45.08253618837817 21.0
255.0597532071779 45.08856896067105 21.0
255.05981655765947 45.0946017329057 21.0
255.05987992596687 45.10063450508208 21.0
255.05994331210704 45.10666727720018 21.0
255.06000671608717 45.11270004925998 21.0
255.06007013791424 45.11873282126143 21.0
255.06812998894276 45.04629313284241 22.0
255.06819414396176 45.05232589895735 22.0
255.0682583170185 45.05835866501246 22.0
255.06832250812002 45.06439143100775 22.0
255.06838671727348 45.07042419694316 21.0
255.0684509444861 45.07645696281868 21.0
255.06851518976492 45.0824897286343 21.0
255.06857945311717 45.088522494389984 21.0
255.06864373454994 45.094555260085706 21.0
255.06870803407034 45.10058802572144 21.0
255.06877235168568 45.10662079129717 21.0
255.07681959774752 45.03418051588004 21.0
255.07688464530503 45.04021327549593 21.0
255.0769497111469 45.04624603505032 22.0
255.07701479528052 45.052278794543184 22.0
255.07707989771296 45.058311553974484 22.0
255.07714501845155 45.06434431334418 22.0
255.0772101575035 45.07037707265228 21.0
255.07727531487598 45.07640983189875 21.0
255.07734049057638 45.08244259108355 21.0
255.07740568461185 45.08847535020667 21.0
255.0774708969897 45.09450810926808 21.0
255.0775361277171 45.100540868267764 21.0
255.08563744790752 45.034132754284194 21.0
255.08570342405133 45.04016550718633 21.0
255.08576941874057 45.046198260025214 22.0
255.08583543198253 45.05223101280079 22.0
255.08590146378458 45.058263765513026 22.0
255.08596751415402 45.064296518161896 22.0
255.08603358309824 45.0703292707474 21.0
255.08609967062452 45.07636202326949 21.0
255.08616577674024 45.082394775728154 21.0
255.0862319014528 45.08842752812336 21.0
255.0944552832609 45.0340843156479 21.0
255.0945221879848 45.04011706174116 21.0
255.0945891115151 45.046149807769325 22.0
255.0946560538592 45.05218255373241 22.0
255.0947230150246 45.058215299630355 22.0
255.09478999501866 45.06424804546316 22.0
255.09485699384885 45.07028079123078 21.0
255.1032052893615 45.02800246071743 21.0
255.10327310359938 45.03403519997349 21.0
255.10334093689704 45.040067939162675 21.0
255.10340878926206 45.04610067828498 22.0
255.10347666070197 45.05213341734035 22.0
255.10354455122436 45.05816615632878 21.0
255.11229725230217 45.05208360362693 21.0
255.1123660721751 45.05811633561063 21.0
255.12111782845116 45.052033112594536 21.0
255.1211875776681 45.058065837478246 21.0
255.12993838894033 45.051981944245526 21.0
