# successful candidates for region at (251.50425597555255, 42.32171161216009) and radius 1.0
252.47149453493614 42.11769097932491 20.0
252.47158927157278 42.12388847810486 20.0
252.47168403429163 42.13008597674337 20.0
252.47960578532252 42.10522579151577 20.0
252.47989235518205 42.12381825930697 20.0
252.47998793106717 42.13001574828306 20.0
252.48008353326816 42.13621323711521 20.0
252.48781012930655 42.098957522035214 20.0
252.48790641229184 42.10515500185126 20.0
252.4961099253789 42.0988861423518 20.0
