# successful candidates for region at (125.88325697081618, 1.9718505528332553) and radius 1.0
125.42534550966137 2.0144167568663676 66.0
125.42534374803726 2.0207213210620045 69.0
125.42534198270319 2.027025885256609 70.0
125.43160372870898 2.0081139108187522 66.0
125.43160199481224 2.014418476841296 69.0
125.43160025725633 2.020723042862837 70.0
125.43159851604122 2.027027608883373 70.0
125.43159677116674 2.033332174902903 65.0
125.4378601898553 2.00811560533159 67.0
125.43785847997614 2.0144201731548916 67.0
125.43785676648852 2.020724740977218 66.0
125.43785504939234 2.0270293087985682 69.0
125.43785332868752 2.033333876618938 65.0
125.44411833331822 2.001812706608305 65.0
125.4441166510144 2.0081172762081936 67.0
125.44411496515289 2.0144218458071346 66.0
125.44411327573357 2.0207264154051283 67.0
125.44411158275639 2.0270309850021717 66.0
125.44410988622126 2.0333355545982643 65.0
125.45037311218616 2.0081189234485426 66.0
125.45037145034229 2.014423494798005 66.0
125.45036978499134 2.020728066146547 66.0
125.45036811613318 2.0270326374941656 66.0
125.45036644376779 2.0333372088408592 67.0
125.45662957337036 2.008120547052618 66.0
125.4566279355442 2.0144251201274836 66.0
125.45662629426164 2.0207296932014547 68.0
125.45662464952257 2.0270342662745287 66.0
125.46288442075841 2.014426721795551 66.0
125.46288280354428 2.020731296569832 67.0
125.4628811829243 2.027035871343242 66.0
125.46914090598473 2.0144282998021867 66.0
125.46913931283906 2.0207328762516594 68.0
125.46913771633827 2.0270374527002875 66.0
125.47539739122301 2.0144298541473735 65.0
125.47539582214584 2.020734432246919 66.0
125.47539424976424 2.027039010345645 65.0
125.47539267407814 2.0333435884435493 65.0
125.48165233146443 2.0207359645555916 65.0
125.48165078320207 2.0270405442792967 65.0
125.48790884079465 2.0207374731776593 66.0
125.48790731665154 2.0270420545012233 66.0
125.49416535013629 2.0207389581131032 65.0
125.4941638501125 2.0270435410114076 67.0
125.50041742247048 2.039654172703511 65.0
125.50041146301872 2.064872510482146 65.0
125.50667400434467 2.039655614839232 65.0
125.5066725434062 2.045960200809555 65.0
125.50666961237536 2.058569372748089 65.0
125.50666814228283 2.064873958716297 65.0
125.50666666913884 2.071178544683797 65.0
125.51292626722704 2.0585707956202 65.0
125.52545475066105 1.989223075504857 65.0
125.52544927353762 2.0144414370945247 66.0
125.52543957696304 2.058573569852163 65.0
125.52543818014134 2.06487816024357 66.0
125.5317111402303 1.989224411200407 65.0
125.53170710848613 2.0081381866654104 65.0
125.53170575887529 2.0144427784858663 66.0
125.5316948594489 2.0648795130275457 66.0
125.53169348420215 2.071184104842492 66.0
125.53795288674124 2.0585762487343398 66.0
125.53795153876689 2.0648808419489373 65.0
125.53795018799454 2.0711854351629397 66.0
125.5379488344241 2.077490028376346 65.0
125.5442095416457 2.058577552419217 66.0
125.5442082180951 2.064882147007728 66.0
125.55046878672432 2.045969640390344 65.0
125.55046749299046 2.0522742363287483 66.0
125.55046619656015 2.0585788322666017 66.0
125.55672412354164 2.0522754910149734 65.0
125.55672285148442 2.0585800882764755 65.0
125.5629844815844 2.033362926205648 65.0
125.56924346306252 2.0207549297756815 66.0
125.56924225247297 2.0270595296115603 66.0
125.58175531966914 2.027061862411648 65.0
125.60676739398387 2.109026133760238 65.0
125.61303169132641 2.0648949277185724 65.0
125.61303063424911 2.071199535761726 65.0
125.61302957498214 2.0775041438045156 65.0
125.61302851352542 2.083808751846939 65.0
125.61302744987891 2.0901133598889947 67.0
125.61302638404254 2.0964179679306847 66.0
125.6130253160163 2.1027225759720065 67.0
125.6130242458001 2.109027184012959 66.0
125.61302317339388 2.1153317920535435 66.0
125.61302209879763 2.121636400093757 65.0
125.61928733816022 2.0712005555406527 65.0
125.61928630341868 2.0775051646559275 68.0
125.61928526653814 2.0838097737708523 68.0
125.61928422751848 2.090114382885428 66.0
125.61928318635971 2.0964189919996534 68.0
125.61928214306171 2.102723601113527 68.0
125.61928109762448 2.1090282102270494 68.0
125.61928005004796 2.115332819340219 69.0
125.6192790003321 2.121637428453037 68.0
125.62554404207913 2.0712015514316775 65.0
125.6255430318631 2.077506161594315 66.0
125.62554201955874 2.0838107717566188 67.0
125.62554100516599 2.0901153819185896 67.0
125.62553998868478 2.096419992080227 67.0
125.62553897011509 2.102724602241529 68.0
125.62553794945686 2.109029212402496 68.0
125.62553692671005 2.1153338225631275 68.0
125.6255359018746 2.1216384327234223 69.0
125.62553487495046 2.12794304288338 65.0
125.63179976031518 2.0775071346196654 68.0
125.63179877258702 2.0838117458042262 68.0
125.63179778282118 2.090116356988469 68.0
125.63179679101759 2.0964209681723935 67.0
125.63179579717622 2.102725579356 66.0
125.63179480129703 2.1090301905392876 67.0
125.63179380337994 2.1153348017222555 69.0
125.63179280342491 2.1216394129049023 67.0
125.63179180143193 2.127944024087229 66.0
125.63805648877477 2.0775080837319684 65.0
125.63805552562283 2.083812695913662 67.0
125.63805456048392 2.0901173080950537 69.0
125.63805359335798 2.0964219202761427 69.0
125.63805262424495 2.1027265324569293 67.0
125.63805165314479 2.1090311446374117 68.0
125.63805068005748 2.1153357568175912 67.0
125.63804970498292 2.121640368997465 66.0
125.63804872792107 2.1279449811770346 67.0
125.63804774887191 2.134249593356298 65.0
125.64432432913583 2.001853651064613 65.0
125.6443132172416 2.0775090089312123 65.0
125.64431227866595 2.083813622084915 68.0
125.644311338154 2.0901182352383323 68.0
125.64431039570573 2.096422848391462 68.0
125.64430945132105 2.1027274615443043 68.0
125.64430850499998 2.1090320746968585 67.0
125.64430755674242 2.1153366878491235 66.0
125.64430660654834 2.1216413010011 65.0
125.64430565441769 2.127945914152786 66.0
125.65058165613952 1.9955499268852102 66.0
125.65057629091865 2.0333776115056854 65.0
125.6505699457156 2.077509910217386 65.0
125.65056903171622 2.0838145243179764 65.0
125.65056811583125 2.090119138418295 66.0
125.65056719806064 2.096423752518341 66.0
125.65056627840436 2.1027283666181145 67.0
125.65056535686237 2.1090329807176156 67.0
125.65056443343461 2.115337594816842 65.0
125.65056350812105 2.121642208915795 66.0
125.65056258092163 2.127946823014472 65.0
125.65056165183628 2.1342514371128742 65.0
125.6568380697418 1.9955507922766704 66.0
125.65683633676043 2.0081600223277314 65.0
125.6568345964416 2.0207692523777863 65.0
125.65683372353054 2.0270738674024353 65.0
125.65683284878497 2.0333784824268313 65.0
125.65683197220487 2.039683097450973 66.0
125.65683109379016 2.045987712474862 65.0
125.65682756178475 2.0712061725678663 65.0
125.6568266741965 2.077510787590478 65.0
125.6568257847734 2.083815402612832 65.0
125.65682489351545 2.0901200176349297 66.0
125.65682310549468 2.1027292476783503 66.0
125.65682220873181 2.1090338626996723 67.0
125.65682131013388 2.115338477720735 66.0
125.65682040970083 2.121643092741539 65.0
125.65681860332924 2.134252322782364 66.0
125.66308855429922 2.0396839455314217 65.0
125.66308770015668 2.0459885614518676 66.0
125.66308426574678 2.0712070251312404 65.0
125.66308340268415 2.0775116410504793 67.0
125.66308167120644 2.0901208728882263 66.0
125.66307993259181 2.102730104724999 65.0
125.66307906060807 2.1090347206430184 65.0
125.66307818683998 2.1153393365607926 66.0
125.66934096971532 2.071207853806636 65.0
125.6693367596956 2.1027309377580523 65.0
125.66933421288084 2.1216447881261344 66.0
125.66933250633575 2.1342540217036943 65.0
125.67559848601884 2.0649040409567023 65.0
125.6755968596789 2.077513276231166 65.0
125.67559358680585 2.1027317467774993 65.0
125.67559276438041 2.10903636441354 66.0
125.67559194027206 2.115340982049362 65.0
125.67559111448072 2.1216455996849652 65.0
125.68185516552492 2.0649048210348644 66.0
125.6818543776713 2.07120943949345 66.0
125.68185358818565 2.077514057951834 66.0
125.68185279706799 2.083818676410014 65.0
125.68184961627611 2.109037150240695 65.0
125.68184881699763 2.1153417686978533 65.0
125.68184801608692 2.1216463871548066 66.0
125.68811184503694 2.064905577250141 66.0
125.68811108165833 2.0712101965048513 66.0
125.68811031669838 2.077514815759371 65.0
125.69436852455478 2.0649063096025233 66.0
125.69436778565117 2.0712109296282355 66.0
125.74445578733359 1.6425014147616717 65.0
125.75697520279034 1.5038005748577585 65.0
125.7632291396638 1.516410254431506 65.0
125.76319105925107 2.07752204422267 65.0
125.7694842479693 1.510106032282139 65.0
125.76944956678922 2.052303981885899 65.0
125.77573897213293 1.5101064153335793 66.0
125.7757386280246 1.5164110431008497 66.0
125.7757375904801 1.53532492640237 65.0
125.77570619756693 2.052304403131165 65.0
125.77570493800043 2.0712182864191515 65.0
125.7819936962989 1.510106776731348 67.0
125.78199337220859 1.5164114049173805 66.0
125.78199304729898 1.5227160331033707 65.0
125.78199272157005 1.5290206612893171 65.0
125.78199239502182 1.535325289475221 65.0
125.78199206765422 1.5416299176610813 65.0
125.7882484204671 1.510107116475441 66.0
125.78824811639483 1.516411745055145 66.0
125.78824781155384 1.5227163736348117 66.0
125.78824750594417 1.5290210022144397 65.0
125.79450286058314 1.516412063514139 67.0
125.7945025758108 1.5227166924623907 66.0
125.81952183735456 1.516413120562332 65.0
125.82577658155127 1.5164133306274183 65.0
125.83203132574923 1.5164135190137145 65.0
125.8320311613889 1.5227181496465663 66.0
125.84454068992548 1.5227184617435832 65.0
