# successful candidates for region at (273.82070453575085, 26.539188950686462) and radius 1.0
274.63186516308053 26.251440908490515 76.0
274.6389558276312 26.270101042961652 76.0
274.64578211623007 26.251361542277774 76.0
274.6599250373663 26.28244683079121 76.0
274.65997026924447 26.28868003157737 76.0
274.6738916816734 26.288597902965268 76.0
274.67393767538323 26.294831093290274 76.0
274.67398368077085 26.301064283560663 76.0
274.68085238043255 26.288556332030126 76.0
274.68089874931314 26.29478951708678 78.0
274.68094512996674 26.301022702087916 79.0
274.6809915223964 26.307255887033513 76.0
274.6878130741672 26.288514423343404 76.0
274.6878598182166 26.294747603088904 79.0
274.6879065741344 26.300980782777984 78.0
274.6879533419234 26.307213962410625 77.0
274.69482088205314 26.2947053512975 78.0
274.694868013233 26.30093852563172 77.0
274.6949151563795 26.307171699908594 76.0
274.7018294472221 26.30089593065001 76.0
