# successful candidates for region at (158.68030361379496, 67.67445480053331) and radius 1.0
157.01622636521546 68.27748193150421 15.0
157.01579462143476 68.28340945991827 15.0
157.0321447619418 68.27763972806875 15.0
157.0317171439201 68.28356729964467 15.0
157.04806337738364 68.27779600831862 15.0
157.04763988530036 68.28372362264224 15.0
157.0472161614918 68.28965123577531 15.0
157.06482025370596 68.26609545540808 15.0
157.0644013461177 68.27202311439734 15.0
157.06398220943373 68.27795077222103 15.0
157.06356284346663 68.2838784288782 15.0
157.06314324802872 68.2898060843679 15.0
157.08114561356967 68.26032091715562 15.0
157.08073105442918 68.26624861916034 16.0
157.08031626862936 68.27217632002326 17.0
157.0799012559848 68.27810401974348 16.0
157.07948601630986 68.28403171832004 16.0
157.07907054941876 68.28995941575197 16.0
157.07155307836726 68.39665777272651 7.0
157.07113325879288 68.40258544823173 7.0
157.0707132082431 68.4085131225734 7.0
157.07029292652774 68.41444079575054 7.0
157.09705250662526 68.26047252388622 15.0
157.0966420671978 68.26640026732824 16.0
157.0962314033603 68.27232800965109 17.0
157.09582051492922 68.2782557508538 17.0
157.09540940172076 68.28418349093552 15.0
157.09499806355097 68.29011122989523 15.0
157.09458650023572 68.29603896773212 15.0
157.08755529716967 68.3968103382634 7.0
157.08713964951082 68.40273805573017 8.0
157.08672377316864 68.40866577205641 10.0
157.08630766795483 68.41459348724116 10.0
157.08589133368096 68.42052120128353 10.0
157.11295960944994 68.2606226154142 15.0
157.11255328990748 68.26655039988002 17.0
157.1121467482045 68.27247818324899 17.0
157.1117399841593 68.27840596552021 16.0
157.11133299758987 68.28433374669281 16.0
157.11092578831418 68.29026152676587 15.0
157.1105183561498 68.29618930573848 15.0
157.10396897910724 68.39103361890199 8.0
157.10355772974518 68.39696137902837 9.0
157.10314625417826 68.4028891380379 10.0
157.1027345522202 68.40881689592973 10.0
157.10232262368467 68.4147446527029 10.0
157.10191046838514 68.42067240835645 10.0
157.1014980861348 68.4266001628895 10.0
157.12886691994092 68.26077119170819 15.0
157.1284647204538 68.26669901678416 16.0
157.1280623010558 68.27262684078543 16.0
157.1276596615671 68.27855466371115 16.0
157.1272568018076 68.28448248556036 16.0
157.12685372159697 68.29041030633226 16.0
157.12645042075476 68.2963381260259 15.0
157.12037430899284 68.38525529144042 7.0
157.11996745333704 68.3911830937616 9.0
157.11956037395097 68.39711089498941 10.0
157.11915307065053 68.40303869512293 10.0
157.11874554325146 68.40896649416126 10.0
157.11833779156927 68.41489429210354 10.0
157.11792981541925 68.42082208894881 10.0
157.11752161461655 68.42674988469616 10.0
157.14437635673207 68.26684611800955 16.0
157.14397805980784 68.2727739822293 16.0
157.1435795450446 68.27870184539535 16.0
157.14318081226406 68.28462970750694 16.0
157.14278186128783 68.29055756856313 16.0
157.14238269193726 68.29648542856309 16.0
157.14198330403346 68.30241328750593 15.0
157.1363688246776 68.38540320122249 8.0
157.1359661368815 68.39133104420418 9.0
157.13556322764404 68.39725888611478 10.0
157.13516009678298 68.40318672695345 10.0
157.13475674411592 68.40911456671924 10.0
157.13435316946024 68.4150424054113 10.0
157.1339493726332 68.42097024302875 10.0
157.13354535345175 68.42689807957066 10.0
157.1331411117327 68.4328259150362 10.0
157.16028819663757 68.26699170352532 16.0
157.15989402235405 68.27291960754965 16.0
157.1594996324835 68.27884751054201 16.0
157.15910502684932 68.2847754125016 16.0
157.15871020527507 68.29070331342756 16.0
157.15831516758385 68.29663121331903 16.0
157.1579199135987 68.30255911217517 16.0
157.15236354736484 68.38554958697452 8.0
157.1519650275992 68.39147747019834 10.0
157.15156628868124 68.39740535237313 10.0
157.15116733043064 68.40333323349802 10.0
157.15076815266687 68.40926111357219 10.0
157.15036875520923 68.41518899259472 10.0
157.14996913787675 68.42111687056477 10.0
157.14956930048842 68.42704474748147 10.0
157.14916924286288 68.43297262334394 10.0
157.14876896481857 68.43890049815133 10.0
157.17659007638207 68.2612078288763 15.0
157.17620023806526 68.26713577330095 16.0
157.17581018658782 68.27306371671597 16.0
157.17541992177536 68.27899165912052 16.0
157.17502944345324 68.2849196005138 16.0
157.17463875144676 68.29084754089492 16.0
157.17424784558096 68.29677548026312 16.0
157.17385672568065 68.30270341861754 16.0
157.1687526097962 68.37976652459172 8.0
157.16835847491478 68.38569444866553 9.0
157.16796412334855 68.39162237171301 10.0
157.16756955491925 68.39755029373332 10.0
157.16717476944842 68.40347821472558 10.0
157.16677976675746 68.40940613468896 10.0
157.16638454666753 68.41533405362263 10.0
157.16598910899958 68.42126197152572 10.0
157.1655934535744 68.42718988839738 10.0
157.16519758021258 68.43311780423676 10.0
157.1648014887345 68.43904571904302 10.0
157.1644051789603 68.44497363281528 10.0
157.19211247891005 68.26727832730623 16.0
157.19172655040225 68.27320630969803 16.0
157.19134041081162 68.2791342911006 16.0
157.1909540599655 68.28506227151317 16.0
157.19056749769092 68.29099025093491 16.0
157.1901807238148 68.29691822936503 16.0
157.18979373816381 68.30284620680266 16.0
157.18940654056445 68.30877418324704 15.0
157.18474357398986 68.37990982280736 7.0
157.1843536051875 68.3858377862648 8.0
157.18396342198787 68.3917657487175 10.0
157.18357302421458 68.3976937101646 10.0
157.1831824116911 68.4036216706053 10.0
157.18279158424068 68.40954963003881 10.0
157.18240054168638 68.4154775884642 10.0
157.18200928385102 68.42140554588072 10.0
157.1816178105573 68.4273335022875 10.0
157.18122612162767 68.4332614576837 10.0
157.18083421688445 68.43918941206854 10.0
157.18044209614968 68.4451173654411 10.0
157.2080249170666 68.26741936551129 16.0
157.20764311169026 68.27334738646593 16.0
157.20726109748355 68.27927540645236 16.0
157.2068788742756 68.28520342546983 16.0
157.2064964418953 68.29113144351754 16.0
157.20611380017138 68.2970594605947 16.0
157.20573094893246 68.3029874767005 16.0
157.2053478880068 68.30891549183417 15.0
157.20496461722263 68.31484350599484 15.0
157.2007347386009 68.38005159731911 7.0
157.2003489360428 68.38597959974193 8.0
157.19996292137517 68.39190760118136 10.0
157.1995766944235 68.39783560163657 10.0
157.19919025501318 68.40376360110679 10.0
157.19880360296926 68.40969159959118 10.0
157.19841673811672 68.41561959708893 10.0
157.19802966028033 68.42154759359924 10.0
157.1976423692846 68.42747558912126 10.0
157.19725486495392 68.43340358365424 10.0
157.19686714711244 68.4393315771973 10.0
157.19647921558413 68.44525956974964 9.0
157.1960910701928 68.45118756131046 8.0
157.22431502610527 68.26163082783644 15.0
157.2239375504294 68.26755888788652 16.0
157.22355986834467 68.27348694699002 16.0
157.22318197968215 68.27941500514613 16.0
157.22280388427285 68.2853430623541 16.0
157.2224255819475 68.29127111861314 16.0
157.2220470725367 68.2971991739225 16.0
157.22166835587078 68.30312722828134 16.0
157.22128943177998 68.30905528168893 15.0
157.22091030009435 68.31498333414449 15.0
157.21634446534034 68.38611988906688 9.0
157.2159626193684 68.3920479290745 10.0
157.21558056340223 68.3979759681191 10.0
157.21519829726904 68.40390400619984 10.0
157.21481582079588 68.40983204331594 10.0
157.2144331338095 68.41576007946662 10.0
157.21405023613661 68.42168811465106 10.0
157.21366712760363 68.42761614886847 10.0
157.2132838080368 68.43354418211806 10.0
157.21290027726218 68.43947221439902 8.0
157.21251653510564 68.44540024571054 8.0
157.2121325813929 68.45132827605187 8.0
157.21174841594942 68.45725630542218 7.0
157.23985037689292 68.2676968944027 16.0
157.23947681825814 68.27362499124105 16.0
157.23910305529841 68.27955308715262 16.0
157.2387290878465 68.28548118213664 16.0
157.238354915735 68.29140927619235 16.0
157.23798053879634 68.297337369319 16.0
157.23760595686275 68.30326546151578 16.0
157.23723116976626 68.30919355278198 15.0
157.2368561773388 68.3151216431168 15.0
157.236480979412 68.32104973251954 15.0
157.23234019093968 68.38625865420988 7.0
157.23196251382532 68.3921867323672 9.0
157.2315846290067 68.3981148095824 9.0
157.23120653631298 68.40404288585468 9.0
157.23082823557294 68.40997096118328 10.0
157.23044972661538 68.4158990355674 9.0
157.23007100926878 68.42182710900629 9.0
157.2296920833615 68.42775518149917 8.0
157.22931294872166 68.43368325304523 8.0
157.22893360517725 68.43961132364372 8.0
157.228554052556 68.44553939329384 8.0
157.22817429068553 68.45146746199482 7.0
157.22779431939315 68.45739552974585 7.0
157.22741413850616 68.46332359654619 7.0
157.25576339435125 68.26783338503087 16.0
157.25539395932316 68.2737615191901 16.0
157.25502432222305 68.27968965244287 16.0
157.25465448288554 68.28561778478844 16.0
157.25428444114507 68.29154591622614 16.0
157.25391419683592 68.29747404675513 16.0
157.2535437497922 68.30340217637473 16.0
157.25317309984774 68.30933030508417 16.0
157.2528022468363 68.31525843288269 15.0
157.2524311905914 68.32118655976957 15.0
157.2479626026035 68.39232401102998 7.0
157.24758888909278 68.39825212599699 9.0
157.24721496999894 68.40418024004178 8.0
157.24684084515275 68.41010835316362 8.0
157.24646651438482 68.41603646536174 8.0
157.24609197752554 68.4219645766354 8.0
157.24571723440516 68.4278926869838 8.0
157.24534228485373 68.43382079640618 8.0
157.24496712870106 68.4397489049018 8.0
157.24459176577685 68.44567701246984 7.0
157.2442161959105 68.45160511910963 7.0
157.2438404189314 68.45753322482034 7.0
157.24346443466857 68.46346132960122 7.0
157.27167660069847 68.26796835974241 16.0
157.27131128943202 68.27389653080844 16.0
157.27094577834666 68.27982470098817 16.0
157.27058006727881 68.28575287028087 16.0
157.27021415606487 68.29168103868581 16.0
157.26984804454088 68.29760920620222 16.0
157.26948173254274 68.30353737282944 16.0
157.26911521990627 68.3094655385667 15.0
157.26874850646703 68.3153937034133 15.0
157.2683815920604 68.3213218673685 15.0
157.26396288356037 68.39245976503372 7.0
157.26359334151607 68.39838791733372 8.0
157.26322359618086 68.40431606873202 8.0
157.26285364738743 68.41024421922783 8.0
157.26248349496822 68.41617236882045 8.0
157.26211313875552 68.42210051750911 8.0
157.26174257858148 68.42802866529307 8.0
157.261371814278 68.43395681217159 7.0
157.26100084567688 68.43988495814388 7.0
157.26062967260958 68.44581310320926 7.0
157.26025829490757 68.45174124736697 7.0
157.259886712402 68.4576693906162 7.0
157.28758999382848 68.26810181850902 16.0
157.28722880647686 68.27403002606783 16.0
157.2868674215596 68.27995823276022 16.0
157.28650583891505 68.28588643858545 16.0
157.28614405838132 68.2918146435429 16.0
157.28578207979635 68.29774284763182 16.0
157.28541990299797 68.30367105085146 16.0
157.28505752782368 68.30959925320117 15.0
157.28469495411105 68.31552745468018 15.0
157.28433218169718 68.3214556552878 15.0
157.28396921041923 68.3273838550233 15.0
157.2792324127125 68.40445037189653 8.0
157.2788666401289 68.41037855934702 7.0
157.27850066621568 68.4163067459146 7.0
157.27813449080705 68.42223493159851 7.0
157.277768113737 68.42816311639805 7.0
157.27740153483936 68.43409130031249 7.0
157.2770347539477 68.44001948334108 7.0
157.27666777089559 68.44594766548308 7.0
157.30350357163496 68.26823376130274 15.0
157.3031465083497 68.27416200494018 16.0
157.30278924975224 68.28009024773094 16.0
157.3024317956828 68.28601848967422 16.0
157.30207414598127 68.29194673076942 16.0
157.3017163004875 68.29787497101582 16.0
157.30135825904117 68.3038032104127 16.0
157.30100002148163 68.30973144895934 15.0
157.30064158764816 68.31565968665512 15.0
157.30028295737998 68.32158792349928 15.0
157.29992413051585 68.32751615949114 15.0
157.29415603152844 68.42236781887506 7.0
157.31906439294235 68.27429246739786 16.0
157.31871126081464 68.28022074587263 16.0
157.3183579354704 68.28614902351941 16.0
157.31800441675136 68.29207730033757 16.0
157.31765070449921 68.29800557632643 16.0
157.3172967985555 68.30393385148527 16.0
157.31694269876144 68.30986212581347 15.0
157.31658840495817 68.31579039931029 15.0
157.31623391698668 68.32171867197508 15.0
157.3158792346877 68.32764694380718 15.0
157.33498245814658 68.27442141341346 15.0
157.3346334526368 68.28034972715788 15.0
157.33428425616611 68.28627804009359 15.0
157.3339348685781 68.2922063522199 15.0
157.3335852897163 68.29813466353617 15.0
157.33323551942405 68.30406297404176 15.0
157.3325354039206 68.31591959261817 15.0
157.35055582310852 68.28047719155964 15.0
157.35021075565803 68.28640553936962 15.0
157.34986549934783 68.29233388638929 15.0
157.34952005402334 68.29826223261796 15.0
157.3491744195297 68.30419057805497 15.0
157.3664783701194 68.28060313905111 15.0
157.36613743183403 68.2865315213208 15.0
157.36579630694675 68.2924599028189 15.0
157.3654549953048 68.2983882835449 15.0
157.36511349675513 68.30431666349806 15.0
157.38240109155907 68.28072756960592 15.0
157.38206428258198 68.28665598592062 15.0
157.38172728926094 68.29258440148234 15.0
157.38139011144497 68.2985128162905 15.0
157.39799130578945 68.2867789331429 15.0
157.39765844417624 68.29270738235336 15.0
157.39732540032807 68.29863583082859 15.0
157.413918499344 68.28690036296187 15.0
157.4135897695785 68.29282884540609 15.0
157.4132608598381 68.2987573271333 15.0
157.42952126335322 68.29294879061509 15.0
