# successful candidates for region at (294.27979100305424, -26.982003921012748) and radius 1.0
293.6096116537954 -27.505897033440206 127.0
293.6097259431423 -27.48701469093563 124.0
293.6166219108984 -27.512224351170516 126.0
293.6166596260427 -27.505930232812496 126.0
293.6166973315377 -27.499636114419193 124.0
293.61677271359036 -27.48704787752678 125.0
293.6236702881576 -27.512257203786763 126.0
293.62370760249553 -27.505963081211906 129.0
293.6237449072868 -27.499668958602513 127.0
293.6237822025338 -27.493374835958587 125.0
293.6238567644056 -27.480786590567213 124.0
293.63075558310925 -27.505995578637734 124.0
293.63079248719504 -27.499701451857295 124.0
293.6451040814492 -27.462000574975303 124.0
293.6520779679528 -27.474620269634055 124.0
293.6521492714584 -27.46203199123981 125.0
293.65880625092166 -27.531298630338792 124.0
293.6588415883205 -27.525004487448374 124.0
293.65887691667814 -27.518710344526998 124.0
293.65915921834426 -27.468357200042693 124.0
293.6591944654392 -27.462063056843146 124.0
293.6658907918232 -27.52503524183765 125.0
293.66592571916 -27.51874109496835 124.0
293.66596063756054 -27.512446948068806 124.0
293.6660304475626 -27.499858654179 124.0
293.6660653391688 -27.49356450718877 124.0
293.6661350956035 -27.480976213117675 125.0
293.6661699604368 -27.47468206603684 124.0
293.66648334283803 -27.41803474095234 124.0
293.67290546407276 -27.53135979585668 124.0
293.67293999922316 -27.5250656451141 125.0
293.67307805148863 -27.499889041848185 126.0
293.67311254248267 -27.49359489095786 126.0
293.67314702465256 -27.487300740038016 127.0
293.67318149800053 -27.481006589088658 126.0
293.673215962529 -27.474712438109805 125.0
293.6734225646207 -27.436947531617662 125.0
293.673456967478 -27.43065338043256 126.0
293.67349136153445 -27.42435922921804 127.0
293.67352574679245 -27.418065077974095 126.0
293.6796816895815 -27.581743087645492 125.0
293.67971589355574 -27.57544893327586 124.0
293.6799550764517 -27.531389851878096 124.0
293.68005745232574 -27.512507387988315 124.0
293.6800915601566 -27.506213233300645 126.0
293.68012565926114 -27.499919078584114 126.0
293.68015974964163 -27.493624923838734 129.0
293.68019383130036 -27.487330769064517 127.0
293.6802279042397 -27.48103661426147 126.0
293.6802619684619 -27.474742459429606 127.0
293.6802960239694 -27.46844830456893 126.0
293.6804661708658 -27.43697752983371 128.0
293.6805001741331 -27.430683374800374 126.0
293.68053416870185 -27.424389219738277 127.0
293.6867345184907 -27.581772823039127 124.0
293.6867683205151 -27.575478664850703 124.0
293.6868021138904 -27.569184506633995 125.0
293.68700469263985 -27.531419556740317 125.0
293.68703842553583 -27.52512539832588 125.0
293.6870721498011 -27.518831239883237 125.0
293.6871395724487 -27.50624292291336 128.0
293.6871732708356 -27.499948764386133 129.0
293.68720696060103 -27.493654605830738 129.0
293.68724064174717 -27.48736044724718 127.0
293.68727431427635 -27.48106628863547 124.0
293.6875097808982 -27.437007177565885 124.0
293.69378735117607 -27.58180220691201 124.0
293.694087644359 -27.525154748259943 124.0
293.69418758849946 -27.50627226154649 125.0
293.6942208861674 -27.499978099253624 127.0
293.69425417531625 -27.493683936933255 126.0
293.69428745594837 -27.487389774585385 127.0
293.7012356082642 -27.506301249199403 124.0
293.7013013937426 -27.493712917145633 126.0
293.70844602970834 -27.474859037164517 124.0
293.7154920541756 -27.474887304709043 124.0
293.7155561549086 -27.46229895778909 125.0
293.72250641986113 -27.481209398501292 124.0
293.7225380822159 -27.474915221496673 125.0
293.72256973647035 -27.468621044467163 125.0
293.72260138262664 -27.462326867412767 124.0
293.74327958047917 -27.556821302795377 124.0
293.7578572112139 -27.456166961197525 124.0
293.7648728214154 -27.462486961117044 124.0
293.77142669671264 -27.569513827962222 125.0
293.7714556604022 -27.563219627427785 124.0
293.77151356555004 -27.550631226296588 124.0
293.7785073293042 -27.56324478331042 126.0
293.785559001395 -27.56326958780009 124.0
293.78558715435435 -27.55697538082955 125.0
293.7856153001102 -27.550681173839376 125.0
293.78569969417606 -27.531798552751148 124.0
293.78578402347955 -27.512915931486468 124.0
293.78581211886456 -27.50662172435906 125.0
293.79263842792756 -27.55699983078574 126.0
293.7926661721248 -27.55070562065614 127.0
293.7928324882991 -27.512940359478325 124.0
293.80676792539896 -27.550753460377766 124.0
293.81379226705457 -27.557071072558813 124.0
293.8138718652277 -27.538188414674842 124.0
293.8138983843757 -27.531894195345306 125.0
293.8146908117928 -27.343067607378863 124.0
293.81471712143576 -27.336773387511563 125.0
293.8209741756448 -27.525623005766178 124.0
293.82172850181325 -27.34309055162404 126.0
293.821754413371 -27.336796328815485 125.0
293.8278690983902 -27.56341103545652 125.0
293.82789484136373 -27.557116810322874 126.0
293.8279205777505 -27.55082258517282 125.0
293.82799774740704 -27.531939909624228 126.0
293.8280748578448 -27.513057233928098 124.0
293.8287661947144 -27.34311314604766 124.0
293.82879170818575 -27.336818920342687 126.0
293.8288172151311 -27.330524694621488 124.0
293.83481936144904 -27.588610292033394 124.0
293.834844728708 -27.582316064094158 126.0
293.834870089476 -27.576021836139 127.0
293.8348954437547 -27.569727608167927 126.0
293.8349207915458 -27.563433380180935 125.0
293.83494613285114 -27.557139152178024 125.0
293.83497146767246 -27.55084492415922 127.0
293.8349967960113 -27.54455069612451 125.0
293.8350221178695 -27.538256468073904 125.0
293.83504743324886 -27.53196224000741 125.0
293.83509804457765 -27.519373783826776 125.0
293.83517391302195 -27.500491099436775 125.0
293.8357787686421 -27.34942961919003 125.0
293.8418476935721 -27.594926527412305 124.0
293.8418726651402 -27.588632296662364 125.0
293.8418976303185 -27.582338065896984 128.0
293.84192258910866 -27.576043835116185 127.0
293.84194754151235 -27.569749604319966 127.0
293.8419724875314 -27.56345537350833 125.0
293.84199742716737 -27.55716114268128 125.0
293.8420223604221 -27.550866911838835 128.0
293.84204728729713 -27.544572680980984 126.0
293.8420722077942 -27.53827845010774 124.0
293.8420971219152 -27.531984219219105 126.0
293.84212202966154 -27.525689988315087 125.0
293.84217182603743 -27.513101526460915 125.0
293.848852244603 -27.607536650262727 124.0
293.8488768265653 -27.60124241676119 124.0
293.84890140223735 -27.594948183244703 124.0
293.8489259716207 -27.588653949713272 127.0
293.84895053471723 -27.58235971616691 125.0
293.8489750915285 -27.57606548260561 126.0
293.8489996420562 -27.569771249029387 125.0
293.84902418630196 -27.563477015438238 125.0
293.84904872426756 -27.557182781832175 126.0
293.8490732559546 -27.550888548211198 129.0
293.8490977813647 -27.544594314575313 127.0
293.8491223004997 -27.538300080924525 127.0
293.8491468133611 -27.53200584725884 127.0
293.84934269060506 -27.48165197739758 124.0
293.85585838298425 -27.62014643237981 125.0
293.8558825749344 -27.613852196169915 125.0
293.855906760694 -27.607557959945545 124.0
293.85597928084565 -27.588675251185673 125.0
293.8560034418593 -27.58238101490347 126.0
293.8560517453412 -27.569792542295723 124.0
293.8561000241068 -27.557204069630234 126.0
293.8561241542252 -27.550909833275842 127.0
293.85614827816937 -27.544615596907025 127.0
293.8561723959411 -27.53832136052379 128.0
293.856196507542 -27.532027124126138 126.0
293.8563651161021 -27.48796746893938 125.0
293.8563891783952 -27.481673232426576 126.0
293.8564132345322 -27.475378995899405 127.0
293.8564372845148 -27.469084759357866 125.0
293.8629137068721 -27.620167395733805 124.0
293.8629612794875 -27.607578917913877 124.0
293.86310385132253 -27.569813484118523 124.0
293.86312759201877 -27.56351924510374 124.0
293.8631987776662 -27.544636527975666 124.0
293.8632224940737 -27.538342288905078 126.0
293.863246204413 -27.532048049820556 127.0
293.86334098512083 -27.506871093343168 124.0
293.8633646651436 -27.500576854189017 125.0
293.8634120070152 -27.48798837583899 125.0
293.8634356688672 -27.48169413664312 125.0
293.8634593246657 -27.475399897433352 126.0
293.87017929887526 -27.56353983283842 124.0
293.8702492798105 -27.544657107780782 124.0
293.8702725948526 -27.53836286606795 126.0
293.87029590392933 -27.53206862434164 126.0
293.8703192070422 -27.52577438260187 128.0
293.87034250419276 -27.519480140848632 127.0
293.87036579538255 -27.51318589908194 126.0
293.8703890806132 -27.506891657301797 126.0
293.8704123598864 -27.5005974155082 125.0
293.87043563320367 -27.494303173701162 124.0
293.87048216197655 -27.481714690046758 124.0
293.87725393961097 -27.557265824902878 125.0
293.8772768650171 -27.550971580618917 124.0
293.8772997845573 -27.544677336321943 124.0
293.87732269823323 -27.538383092011955 125.0
293.87734560604633 -27.53208884768895 126.0
293.87736850799826 -27.52579460335295 127.0
293.87739140409053 -27.51950035900394 129.0
293.87741429432464 -27.513206114641925 127.0
293.8774371787023 -27.506911870266922 126.0
293.87746005722494 -27.500617625878927 126.0
293.87748292989414 -27.494323381477948 126.0
293.8775057967115 -27.488029137063986 124.0
293.8842827203603 -27.56357995410945 124.0
293.88430524995835 -27.557285707285104 126.0
293.8843277737917 -27.550991460448188 124.0
293.8843953107192 -27.532108719862055 124.0
293.8844178115092 -27.525814472974893 127.0
293.88444030654216 -27.519520226075183 128.0
293.8844627958196 -27.51322597916292 128.0
293.8844852793432 -27.50693173223812 127.0
293.8845077571143 -27.50063748530078 127.0
293.88453022913455 -27.494343238350908 124.0
293.891334434899 -27.563599487644925 124.0
293.89135656282065 -27.557305238312292 124.0
293.89140080167965 -27.544716739610642 125.0
293.8914671175302 -27.525833991467287 124.0
293.89148921150297 -27.519539742061948 129.0
293.8915112998228 -27.513245492644508 128.0
293.89153338249133 -27.506951243214964 127.0
293.89155545951 -27.500656993773326 125.0
293.8916216566817 -27.48177424537587 124.0
293.8983644201041 -27.56991292156393 125.0
293.8984295988381 -27.551030166176524 124.0
293.89845131396555 -27.544735914357343 124.0
293.8985164260166 -27.52585315882971 125.0
293.8985381189282 -27.519558906963823 126.0
293.8985598062895 -27.51326465508626 130.0
293.898581488102 -27.50697040319703 127.0
293.8986031643672 -27.500676151296148 126.0
293.89862483508665 -27.4943818993836 124.0
293.89864650026163 -27.48808764745941 124.0
293.9053738648947 -27.58252026308766 125.0
293.9055657369236 -27.525871975061754 125.0
293.905587028773 -27.519577720780383 125.0
293.9056083151749 -27.513283466487767 125.0
293.90562959613055 -27.506989212183914 126.0
293.9056508716414 -27.500694957868838 126.0
293.905672141709 -27.49440070354252 124.0
293.91240584805166 -27.588833006084826 124.0
293.91242679236683 -27.582538749541452 124.0
293.9124477313227 -27.576244492987225 124.0
293.9126150502064 -27.525890440163007 125.0
293.9126359409929 -27.519596183511226 125.0
293.91265682643433 -27.51330192684863 124.0
293.9126985812877 -27.50071341349099 124.0
293.9127194507025 -27.494419156795942 124.0
293.9196643658204 -27.52590855413307 124.0
293.919684855543 -27.519614295155964 124.0
293.9197462932616 -27.500731518162205 125.0
293.9267337723785 -27.519632055714208 124.0
293.9267739342759 -27.507043533169465 124.0
293.9267940075183 -27.500749271882093 124.0
