# successful candidates for region at (182.85467805932635, -11.520531660888027) and radius 1.0
182.76811767254915 -11.87129432242798 15.0
182.77410393651635 -11.877068904893678 15.0
182.77410562676525 -11.871296046466316 15.0
182.77410731639725 -11.865523188038791 15.0
182.78009201641996 -11.877070505690748 15.0
182.78009358105368 -11.871297646968697 15.0
182.78608009639052 -11.8770719829291 15.0
182.78608153540904 -11.871299123935106 15.0
182.79206817642273 -11.877073336608717 15.0
182.79206948982596 -11.871300477365523 15.0
182.79805625651116 -11.87707456672958 15.0
182.7980574442991 -11.871301707259935 15.0
182.80404433665043 -11.877075673291678 15.0
182.80404539882306 -11.871302813618325 15.0
182.8100324168352 -11.877076656294994 15.0
182.8100333533925 -11.87130379644068 15.0
182.816021308002 -11.871304655726991 15.0
