# successful candidates for region at (223.35677122427433, -29.53137291141049) and radius 1.0
222.88368604839798 -30.20707383517174 43.0
222.89097320462358 -30.200892145014677 43.0
222.8982881576818 -30.18850285238558 43.0
222.9418539164371 -30.182437981540463 43.0
222.94911010438932 -30.182460323782593 43.0
222.95634122737735 -30.18868949714403 43.0
222.95636629558248 -30.182482271857236 43.0
222.9635978760255 -30.18871105376504 43.0
222.99972460996108 -30.23226360907164 43.0
223.00698445964815 -30.232282817304917 43.0
223.01422283503138 -30.2385088764983 43.0
223.01424431212314 -30.23230163096939 43.0
223.0215251839487 -30.22611280220493 44.0
223.0216301879413 -30.195076562757027 43.0
223.02167215264808 -30.182662066908136 43.0
223.02872288663409 -30.244752574822094 43.0
223.0287640252054 -30.232338074590107 43.0
223.02878458674547 -30.2261308244598 43.0
223.03594340935865 -30.25718471385915 43.0
223.03596353602163 -30.250977461544434 43.0
223.04320509387935 -30.25720195793297 43.0
223.04322476500266 -30.25099470344539 43.0
223.4275563381527 -29.525089749069064 43.0
223.42754765340726 -29.51267515203262 43.0
223.43476509989827 -29.52508573514014 43.0
223.4347603147 -29.518878437124282 44.0
223.43475553069894 -29.512671139107894 43.0
223.4347459662872 -29.50025654307354 43.0
223.44199478405156 -29.549910522093032 43.0
223.441989551336 -29.5437032246305 43.0
223.44197908983264 -29.53128862970355 43.0
223.44197386104406 -29.52508133223913 44.0
223.44196863356373 -29.518874034774075 44.0
223.44196340739128 -29.512666737308397 43.0
223.44195818252638 -29.506459439842082 43.0
223.44193729613474 -29.48163024997055 43.0
223.44193207780205 -29.4754229525011 43.0
223.44192686077466 -29.46921565503101 43.0
223.44920531477646 -29.54990572782105 45.0
223.44919963933623 -29.54369843095843 44.0
223.44919396531608 -29.537491134095063 43.0
223.44918829271566 -29.531283837230962 45.0
223.44918262153462 -29.52507654036612 46.0
223.44917695177247 -29.51886924350054 45.0
223.44917128342888 -29.512661946634218 44.0
223.44916561650348 -29.506454649767146 43.0
223.4491429629754 -29.481625462291497 43.0
223.44913730313485 -29.47541816542073 43.0
223.4491316447101 -29.46921086854923 43.0
223.4564158447897 -29.549900544382446 45.0
223.45640972662497 -29.543693248168438 44.0
223.45640360999113 -29.53748595195357 44.0
223.4563974948878 -29.53127865573784 45.0
223.4563913813145 -29.525071359521245 46.0
223.4563852692708 -29.51886406330379 45.0
223.45637915875636 -29.512656767085474 45.0
223.4563730497707 -29.506449470866293 43.0
223.45636694231337 -29.50024217464626 43.0
223.45636083638396 -29.494034878425364 43.0
223.45634862910725 -29.481620285981 43.0
223.45634252775912 -29.475412989757523 43.0
223.45628768425553 -29.41954732370766 43.0
223.46362637403564 -29.549894971777366 45.0
223.46361981314672 -29.54368767626066 45.0
223.4636132538995 -29.53748038074297 46.0
223.46360669629348 -29.53127308522429 45.0
223.46360014032825 -29.52506578970461 45.0
223.46359358600336 -29.51885849418394 47.0
223.46358703331833 -29.512651198662287 44.0
223.46358048227268 -29.506443903139647 43.0
223.46357393286598 -29.50023660761601 43.0
223.46356738509778 -29.49402931209139 43.0
223.4635608389676 -29.48782201656578 43.0
223.46355429447505 -29.481614721039175 44.0
223.4635477516196 -29.4754074255116 44.0
223.46350199743296 -29.431956356790867 43.0
223.4634954676582 -29.425749061255384 44.0
223.4634889395165 -29.41954176571893 44.0
223.4634824130074 -29.41333447018148 13.0
223.46347588813043 -29.407127174643048 43.0
223.47083690245879 -29.54988901000593 44.0
223.470829898846 -29.543681715235223 46.0
223.4708228969857 -29.5374744204634 46.0
223.47081589687738 -29.531267125690437 45.0
223.47080889852052 -29.525059830916355 45.0
223.47080190191468 -29.51885253614114 46.0
223.47079490705934 -29.512645241364797 45.0
223.47078791395404 -29.506437946587326 44.0
223.47078092259827 -29.50023065180873 43.0
223.4707739329916 -29.494023357029008 43.0
223.47076694513348 -29.487816062248157 43.0
223.4707599590234 -29.48160876746618 45.0
223.47075297466097 -29.475401472683078 45.0
223.47074599204566 -29.46919417789885 44.0
223.47073901117696 -29.4629868831135 43.0
223.47072505467756 -29.45057229353942 43.0
223.47071807904584 -29.4443649987507 44.0
223.47071110515887 -29.438157703960854 43.0
223.47070413301606 -29.431950409169882 43.0
223.470697162617 -29.42574311437779 44.0
223.4706901939612 -29.419535819584574 43.0
223.4706832270481 -29.413328524790238 43.0
223.47067626187734 -29.407121229994782 43.0
223.47066929844837 -29.4009139351982 15.0
223.47066233676068 -29.3947066404005 15.0
223.4780474300037 -29.549882659068274 45.0
223.47803998366737 -29.54367536509228 46.0
223.4780325391943 -29.537468071115004 46.0
223.47802509658393 -29.53126077713645 45.0
223.47801765583577 -29.52505348315661 46.0
223.47801021694934 -29.518846189175513 45.0
223.47800277992405 -29.512638895193135 45.0
223.47799534475942 -29.50643160120948 44.0
223.47798791145493 -29.500224307224553 44.0
223.47798048001007 -29.49401701323835 44.0
223.4779730504243 -29.487809719250876 44.0
223.47796562269713 -29.48160242526213 45.0
223.477958196828 -29.475395131272105 44.0
223.47795077281648 -29.46918783728082 44.0
223.47794335066197 -29.462980543288257 44.0
223.47793593036403 -29.45677324929442 43.0
223.47792851192207 -29.450565955299318 44.0
223.4779210953356 -29.44435866130294 44.0
223.47791368060413 -29.4381513673053 44.0
223.47790626772712 -29.431944073306376 43.0
223.47789885670406 -29.4257367793062 44.0
223.47789144753446 -29.41952948530475 43.0
223.4778840402178 -29.413322191302026 43.0
223.4778766347535 -29.40711489729804 43.0
223.4778692311411 -29.40090760329278 15.0
223.47786182938015 -29.39470030928626 15.0
223.47785442947006 -29.388493015278474 13.0
223.48525795661476 -29.549875918964563 44.0
223.48525006755526 -29.543668625831952 46.0
223.48524218046975 -29.537461332697916 47.0
223.48523429535774 -29.531254039562448 46.0
223.48522641221862 -29.52504674642555 44.0
223.48521853105194 -29.518839453287214 44.0
223.48521065185702 -29.51263216014745 46.0
223.48520277463342 -29.506424867006253 46.0
223.48519489938056 -29.50021757386363 44.0
223.48518702609786 -29.494010280719568 44.0
223.48517915478484 -29.48780298757409 44.0
223.48517128544088 -29.481595694427178 45.0
223.48516341806547 -29.475388401278835 44.0
223.48515555265806 -29.469181108129067 43.0
223.4851476892181 -29.462973814977875 45.0
223.48513982774503 -29.45676652182526 45.0
223.48513196823836 -29.45055922867121 45.0
223.48512411069748 -29.44435193551573 45.0
223.48511625512188 -29.43814464235884 44.0
223.48510840151098 -29.43193734920051 45.0
223.48510054986428 -29.425730056040763 44.0
223.48508485246128 -29.41331546971699 13.0
223.48507700670388 -29.407108176552978 14.0
223.48506916290845 -29.400900883387536 14.0
223.4850613210745 -29.39469359022067 13.0
223.48505348120148 -29.388486297052385 13.0
223.49246015045415 -29.543661497454426 43.0
223.49245182075663 -29.53745420521231 46.0
223.49244349314333 -29.53124691296861 44.0
223.49243516761365 -29.525039620723295 44.0
223.49242684416703 -29.5188323284764 45.0
223.49241852280292 -29.512625036227906 46.0
223.49241020352073 -29.506417743977803 46.0
223.4924018863198 -29.500210451726115 45.0
223.4923935711997 -29.494003159472832 44.0
223.49238525815971 -29.487795867217958 45.0
223.49237694719935 -29.48158857496149 45.0
223.492368638318 -29.475381282703424 44.0
223.4923603315151 -29.46917399044377 45.0
223.49235202679006 -29.46296669818252 45.0
223.49234372414227 -29.456759405919687 45.0
223.49233542357123 -29.45055211365526 45.0
223.49232712507632 -29.44434482138924 45.0
223.49231882865695 -29.438137529121626 44.0
223.4923105343126 -29.431930236852427 44.0
223.49230224204263 -29.425722944581636 44.0
223.4922856637236 -29.413308360035302 13.0
223.49227737767342 -29.407101067759747 14.0
223.49226909369534 -29.40089377548262 14.0
223.49226081178878 -29.39468648320389 14.0
223.4922525319532 -29.38847919092358 13.0
223.49966145999946 -29.537446688658346 43.0
223.49965268988524 -29.531239397355083 43.0
223.49964392196537 -29.525032106050045 44.0
223.49963515623926 -29.518824814743237 44.0
223.49962639270632 -29.512617523434653 45.0
223.49961763136588 -29.50641023212431 45.0
223.49960887221738 -29.50020294081219 44.0
223.4996001152602 -29.493995649498302 43.0
223.4995913604937 -29.487788358182648 44.0
223.4995826079173 -29.481581066865225 43.0
223.4995738575304 -29.47537377554604 44.0
223.4995651093324 -29.469166484225084 44.0
223.49955636332263 -29.46295919290236 44.0
223.49954761950053 -29.456751901577874 44.0
223.49953887786552 -29.45054461025163 44.0
223.49953013841693 -29.444337318923612 44.0
223.4995214011542 -29.438130027593836 45.0
223.49951266607675 -29.431922736262297 44.0
223.4994777476071 -29.40709357091853 14.0
223.49946902344672 -29.40088627957818 14.0
223.499460301468 -29.394678988236084 14.0
223.506861885528 -29.531231492722068 43.0
223.50682505811358 -29.506402331445933 44.0
223.50681585701784 -29.50019504112202 44.0
223.5067882675394 -29.48157317013857 43.0
223.50677907564736 -29.475365879806848 43.0
223.50676988605463 -29.46915858947318 43.0
223.5067606987606 -29.46295129913757 44.0
223.5067515137646 -29.456744008800005 43.0
223.506742331066 -29.450536718460505 43.0
223.5067331506642 -29.444329428119048 43.0
223.50672397255852 -29.438122137775643 44.0
223.50671479674833 -29.431914847430303 44.0
223.50670562323302 -29.425707557083012 43.0
223.50667811644985 -29.407085686029486 13.0
223.50666895210762 -29.400878395674418 14.0
223.50665979005706 -29.394671105317414 13.0
223.5140324837084 -29.506394041942865 43.0
223.51402284066592 -29.500186752655786 43.0
223.5139939260104 -29.481564884781694 43.0
223.51398429261363 -29.475357595486052 43.0
223.51397466162663 -29.46915030618826 43.0
223.51396503304872 -29.462943016888328 43.0
223.51395540687926 -29.456735727586267 43.0
223.51394578311755 -29.45052843828206 43.0
223.51393616176293 -29.444321148975718 43.0
223.5139265428147 -29.43811385966723 44.0
223.51391692627226 -29.431906570356613 44.0
223.51384967778023 -29.38845554512254 13.0
223.51384008045983 -29.382248255794856 14.0
223.52129037090867 -29.537421804588156 43.0
223.52122982310618 -29.5001780754137 43.0
223.52104872406323 -29.3884468873846 13.0
223.52103868689196 -29.382239599138583 13.0
223.52102865223043 -29.376032310890228 13.0
223.52850000542043 -29.537412731762636 43.0
223.528268730997 -29.400852415969034 13.0
223.53570963861074 -29.53740326986974 43.0
223.53569865599863 -29.531195983998842 43.0
223.5429192704241 -29.537393418909677 43.0
223.59286611902027 -29.313851677958997 43.0
223.60005987759575 -29.313838772671748 43.0
223.60728418468446 -29.32624002315223 43.0
