# successful candidates for region at (252.82445153381133, -9.187446626583858) and radius 1.0
252.03241618790574 -9.308583612701387 74.0
252.03872370440698 -9.327462368087494 73.0
252.0387377951619 -9.321174061286566 75.0
252.03875187909958 -9.314885754471332 75.0
252.03876595622077 -9.3085974476418 76.0
252.0387800265261 -9.302309140797977 73.0
252.04507381464873 -9.32747610168397 76.0
252.04508779153912 -9.321187791545944 77.0
252.04510176166735 -9.31489948139384 76.0
252.0451157250342 -9.30861117122767 75.0
252.0451296816403 -9.30232286104744 74.0
252.05139617921108 -9.340066350699038 73.0
252.05141005565275 -9.333778037278698 73.0
252.051423925386 -9.3274897238445 77.0
252.05143778841153 -9.321201410396455 76.0
252.05145164472995 -9.314913096934557 75.0
252.05146549434207 -9.308624783458823 75.0
252.0514793372486 -9.302336469969255 73.0
252.05150700294735 -9.289759842948644 73.0
252.0577602808018 -9.33379155128628 75.0
252.0577740366147 -9.327503234568912 76.0
252.05778778577493 -9.321214917837919 76.0
252.05780152828328 -9.314926601093307 76.0
252.05781526414037 -9.30863828433508 77.0
252.06411050643862 -9.333804953830487 73.0
252.06412414833082 -9.327516633857028 75.0
252.0641377836255 -9.321228313870169 75.0
252.0641514123233 -9.314939993869913 76.0
252.06416503442495 -9.308651673856271 77.0
252.0641786499311 -9.302363353829245 75.0
252.06419225884247 -9.296075033788844 73.0
252.0642058611597 -9.289786713735072 73.0
252.06421945688354 -9.283498393667937 74.0
252.0642330460146 -9.277210073587444 74.0
252.06424662855358 -9.270921753493603 74.0
252.06426020450115 -9.264633433386413 73.0
252.07044719804486 -9.340106568100428 73.0
252.07046073255913 -9.333818244911145 75.0
252.07047426053032 -9.327529921708676 77.0
252.0704877819591 -9.321241598493028 77.0
252.07050129684603 -9.314953275264205 77.0
252.07051480519192 -9.308664952022223 78.0
252.0705283069974 -9.302376628767075 75.0
252.07054180226314 -9.296088305498776 74.0
252.07055529098983 -9.28979998221733 74.0
252.0705687731782 -9.283511658922741 76.0
252.0705822488288 -9.277223335615018 75.0
252.0705957179424 -9.270935012294164 74.0
252.07060918051968 -9.264646688960188 74.0
252.07062263656127 -9.258358365613097 73.0
252.07678411159503 -9.346408077297989 73.0
252.07679753862158 -9.340119750919522 75.0
252.07681095915936 -9.333831424528084 76.0
252.07682437320915 -9.32754309812368 78.0
252.0768377807716 -9.321254771706322 76.0
252.07685118184742 -9.314966445276015 78.0
252.07686457643717 -9.30867811883276 78.0
252.0768779645416 -9.302389792376568 74.0
252.07689134616137 -9.296101465907437 73.0
252.0769047212972 -9.289813139425384 74.0
252.07691808994971 -9.283524812930409 74.0
252.07693145211957 -9.27723648642252 76.0
252.07694480780742 -9.270948159901721 76.0
252.07695815701405 -9.264659833368022 74.0
252.07697149973995 -9.258371506821423 73.0
252.08314787967424 -9.340132822247641 75.0
252.08316118623526 -9.333844492681132 76.0
252.08317448636333 -9.327556163101878 74.0
252.08318778005912 -9.32126783350989 73.0
252.0832010673234 -9.314979503905164 74.0
252.08321434815667 -9.308691174287715 75.0
252.08322762255975 -9.302402844657546 74.0
252.08324089053326 -9.296114515014661 74.0
252.0832541520778 -9.28982618535907 75.0
252.08326740719417 -9.283537855690774 75.0
252.08328065588287 -9.277249526009784 74.0
252.0832938981447 -9.270961196316103 75.0
252.08330713398024 -9.264672866609736 74.0
252.08332036339021 -9.258384536890693 74.0
252.0894982211989 -9.34014578208462 75.0
252.08951141378276 -9.333857449370125 73.0
252.08952459998872 -9.327569116643097 74.0
252.08957728104784 -9.302415785609849 73.0
252.08959043537462 -9.296127452820278 75.0
252.08960358332766 -9.289839120018216 76.0
252.08961672490744 -9.283550787203668 76.0
252.08962986011474 -9.277262454376642 76.0
252.08964298895012 -9.270974121537138 73.0
252.08965611141434 -9.26468578868517 75.0
252.09588778004294 -9.32129362288715 73.0
252.09590083968305 -9.315005287014829 73.0
252.09593998068158 -9.29614027932412 75.0
252.0959530150427 -9.289851943402658 75.0
252.09596604308564 -9.283563607468924 76.0
252.0959790648111 -9.277275271522925 74.0
252.1023024472189 -9.289864655512229 74.0
252.10862625929113 -9.30245394049303 73.0
252.11493778348003 -9.321331471375888 74.0
252.11495050168148 -9.31504312630524 73.0
252.11497591961856 -9.302466436128968 73.0
252.1149886193555 -9.296178091023359 73.0
252.11505202574912 -9.264736365320763 74.0
252.12132558039576 -9.30247882043541 74.0
252.12768771405874 -9.296202742310985 73.0
252.13404961487709 -9.289926546931335 73.0
253.06052871883236 -8.460425738317763 73.0
253.49184816499155 -8.76174522166297 73.0
253.4918366967837 -8.75545685668693 73.0
253.491825234323 -8.749168491700969 73.0
253.49817667781343 -8.755445329539214 73.0
253.4981651064727 -8.749156967399738 75.0
253.49815354093317 -8.742868605250157 73.0
253.49813042725515 -8.730291880920698 74.0
253.50452834451866 -8.7617220526652 73.0
253.504516658442 -8.755433693409424 76.0
253.50450497822163 -8.749145334143346 78.0
253.504493303857 -8.742856974866973 75.0
253.50448163534753 -8.736568615580307 74.0
253.5044699726926 -8.730280256283354 76.0
253.50445831589164 -8.72399189697612 75.0
253.50444666494414 -8.717703537658608 73.0
253.5044350198494 -8.711415178330823 74.0
253.50442338060697 -8.705126818992772 73.0
253.5108684336762 -8.761710304652985 74.0
253.51085663866564 -8.755421948297714 77.0
253.51084484956593 -8.749133591931944 77.0
253.5108330663765 -8.742845235555686 76.0
253.5108212890968 -8.736556879168946 74.0
253.5108095177263 -8.730268522771722 76.0
253.51079775226432 -8.723980166364028 76.0
253.51078599271028 -8.717691809945862 73.0
253.5107742390637 -8.711403453517232 75.0
253.51076249132387 -8.705115097078142 75.0
253.5107507494903 -8.698826740628599 74.0
253.5172085224248 -8.761698447632087 73.0
253.51719661848054 -8.75541009420423 77.0
253.5171847205018 -8.74912174076568 76.0
253.5171728284879 -8.742833387316454 74.0
253.51716094243838 -8.736545033856542 75.0
253.5171490623525 -8.73025668038596 75.0
253.5171371882298 -8.723968326904705 74.0
253.51712532006962 -8.717679973412787 73.0
253.5171134578714 -8.711391619910213 75.0
253.5171016016345 -8.705103266396982 75.0
253.51708975135844 -8.698814912873107 75.0
253.5170779070425 -8.692526559338585 73.0
253.52352459102548 -8.749109780644716 74.0
253.52351259018744 -8.742821430149423 74.0
253.52350059536835 -8.736533079643252 75.0
253.5234886065675 -8.73024472912621 74.0
253.52347662378435 -8.723956378598308 74.0
253.52345267626873 -8.711379677509921 73.0
253.5234287528168 -8.698802976378142 73.0
253.5809363362578 -8.918781944659335 73.0
253.5809231799993 -8.912493622306254 73.0
253.5808312689268 -8.868475365474152 74.0
253.58072661907138 -8.818168785466847 73.0
253.58071356717662 -8.811880462908285 73.0
253.5872791612677 -8.918768807896745 73.0
253.58726589471263 -8.912480488772523 74.0
253.5872261345388 -8.893615531321247 73.0
253.58721289430915 -8.887327212144637 73.0
253.58719966065922 -8.88103889295495 73.0
253.58718643358836 -8.874750573752186 73.0
253.5871732130959 -8.868462254536354 74.0
253.58715999918113 -8.862173935307464 73.0
253.59360860896336 -8.912467245585583 74.0
253.59356851822912 -8.893602297900442 73.0
253.5935551679221 -8.887313981978776 73.0
253.59354182424943 -8.88102566604381 74.0
253.5935284872106 -8.874737350095552 75.0
253.59351515680484 -8.868449034134006 75.0
253.59350183303147 -8.862160718159181 73.0
253.59348851588993 -8.855872402171084 73.0
253.59347520537943 -8.849584086169717 73.0
253.5934087522706 -8.818142505964099 73.0
253.5933822174217 -8.8055658737892 73.0
253.59991090145408 -8.893588954907461 73.0
253.59988398737502 -8.881012329614396 73.0
253.5998705403685 -8.87472401694759 75.0
253.59985710004977 -8.868435704267275 73.0
253.59984366641822 -8.862147391573462 73.0
253.59983023947305 -8.855859078866157 73.0
253.5998168192137 -8.849570766145364 73.0
253.59973643802164 -8.811840889537736 73.0
253.6063348486327 -8.931305358039133 73.0
253.60621259305833 -8.874710574308473 74.0
253.60618549933747 -8.86213395555048 73.0
253.60617196258912 -8.85584564615091 74.0
253.61281548024343 -8.994174834223152 74.0
253.61280169083693 -8.987886528452366 73.0
253.61278790823997 -8.981598222667508 75.0
253.61269162066847 -8.937580081780046 73.0
253.6126778925226 -8.931291775882853 73.0
253.6125546452761 -8.874697022178374 73.0
253.6191735379327 -9.000449411070107 73.0
253.6191596307093 -8.994161108679998 73.0
253.61913183685667 -8.981584503856865 74.0
253.62550378068872 -8.994147273133908 73.0
253.62548976937862 -8.98785897412284 73.0
253.62547576498756 -8.981570675097243 73.0
253.6254617675149 -8.975282376057129 73.0
253.63183380791645 -8.987845031994322 73.0
253.63181969262894 -8.981556736388827 73.0
253.63817784596046 -8.987830979890207 73.0
253.6381636197768 -8.981542687731787 74.0
