# successful candidates for region at (129.57952265010098, -8.449190586801079) and radius 1.0
128.90782960044507 -8.832793549781195 67.0
128.91417518175575 -8.826549065832534 68.0
128.9204985165599 -8.832815231256449 68.0
128.920509534107 -8.826559852184063 68.0
128.92052054604378 -8.820304473102377 67.0
128.9205315523707 -8.814049094011397 67.0
128.9205535481973 -8.801538335801569 67.0
128.92681113517872 -8.845336680822284 68.0
128.92682205795037 -8.839081299010285 68.0
128.9268329751645 -8.832825917189156 68.0
128.92684388682162 -8.826570535358902 67.0
128.9268547929223 -8.820315153519525 67.0
128.92686569346708 -8.814059771671035 68.0
128.92687658845648 -8.807804389813427 67.0
128.92688747789109 -8.801549007946715 67.0
128.9268983617714 -8.795293626070896 67.0
128.9331566228593 -8.839091884470939 68.0
128.9331674341292 -8.8328364999184 70.0
128.93317823989605 -8.826581115356914 68.0
128.93318904016039 -8.820325730786482 67.0
128.93319983492276 -8.81407034620711 69.0
128.93321062418363 -8.8078149616188 70.0
128.93322140794362 -8.801559577021557 71.0
128.93323218620324 -8.795304192415387 69.0
128.933242958963 -8.789048807800294 67.0
128.93930836335832 -8.945443948728837 67.0
128.93946976112466 -8.851613141189631 68.0
128.93948047734997 -8.845357753949884 69.0
128.9394911881251 -8.839102366701356 69.0
128.93950189345054 -8.832846979444048 69.0
128.93951259332687 -8.826591592177964 69.0
128.93952328775458 -8.82033620490311 68.0
128.93953397673423 -8.81408081761949 71.0
128.93954466026634 -8.807825430327105 71.0
128.93955533835145 -8.801570043025963 72.0
128.93956601099006 -8.795314655716066 69.0
128.94564473829425 -8.945454373283706 67.0
128.94581514896788 -8.845368135628245 70.0
128.94582575374432 -8.839112745701408 69.0
128.94583635312503 -8.832857355765965 69.0
128.94584694711054 -8.82660196582192 69.0
128.94585753570135 -8.820346575869277 70.0
128.94586811889803 -8.814091185908039 71.0
128.9458786967011 -8.807835795938212 73.0
128.94588926911103 -8.801580405959797 69.0
128.9458998361284 -8.795325015972802 67.0
128.95198111358465 -8.945464694154976 67.0
128.95216031971344 -8.83912302147096 68.0
128.95217081314917 -8.832867628884019 68.0
128.95218130124357 -8.82661223628865 68.0
128.9522022614107 -8.814101451072625 67.0
128.95221273348443 -8.807846058451986 67.0
128.95222320021892 -8.80159066582293 67.0
128.9582018875289 -9.01428425656958 67.0
128.9582334788645 -8.99551807160798 67.0
128.95824399870727 -8.989262676604042 67.0
128.95850527351942 -8.832877798798084 67.0
128.96454987086804 -9.00803900111463 68.0
128.96459153155183 -8.983017410705509 67.0
128.96483973423233 -8.832887865508026 67.0
128.97087699797535 -9.014304436845807 67.0
128.9708873188067 -9.008049036687764 67.0
128.9708976344442 -9.001793636521683 67.0
128.97090794488855 -8.99553823634757 67.0
128.9709182501401 -8.989282836165426 68.0
128.97092855019943 -8.983027435975258 67.0
128.9772655691889 -8.983037357400862 67.0
128.9835925029414 -8.989302580243518 67.0
128.98362274441675 -8.97053636443649 67.0
128.98992962984636 -8.989312296476013 68.0
128.98993960817913 -8.983056888719133 68.0
128.99626675708274 -8.989321908837308 67.0
128.9962766281728 -8.983066498611555 67.0
128.99646323410013 -8.864213702926508 67.0
