# successful candidates for region at (109.43304028004303, 40.48456530531363) and radius 1.0
108.78821149365577 39.79974824381593 70.0
108.79622951942531 39.799792768131034 70.0
108.79617105895937 39.80607482436667 70.0
108.79611258270464 39.812356880544876 69.0
108.80424755556156 39.799836735374214 71.0
108.8041898310826 39.806118797537515 70.0
108.80413209101356 39.81240085964486 70.0
108.81226560193403 39.79988014554386 69.0
108.81220861344617 39.806162213559766 70.0
108.812151609567 39.81244428152112 71.0
108.81209459029091 39.818726349427884 69.0
108.82045232478991 39.78107677693955 69.0
108.8203961178419 39.787358850892275 71.0
108.82033989571782 39.793640924791916 70.0
108.82028365841224 39.79992299863844 70.0
108.82022740591958 39.80620507243184 71.0
108.82017113823434 39.812487146172096 71.0
108.82011485535102 39.818769219859156 70.0
108.82005855726409 39.82505129349303 69.0
108.82880069948204 39.74342657686788 69.0
108.82852364101 39.774836976155946 69.0
108.82846818443744 39.781119055858625 69.0
108.82841271289283 39.7874011355096 70.0
108.82835722637071 39.79368321510887 71.0
108.82830172486567 39.79996529465642 73.0
108.82824620837225 39.80624737415221 73.0
108.82819067688501 39.812529453596234 70.0
108.82813513039852 39.81881153298847 70.0
108.8280795689073 39.82509361232889 70.0
108.83659348187679 39.76859660722536 70.0
108.83653877528138 39.774878692600204 70.0
108.83648405391774 39.78116077792473 69.0
108.83642931778051 39.787442863198926 69.0
108.83637456686435 39.793724948422785 71.0
108.83631980116385 39.80000703359627 71.0
108.83626502067365 39.806289118719356 70.0
108.8362102253884 39.81257120379205 72.0
108.83615541530271 39.81885328881431 70.0
108.8361005904112 39.82513537378613 70.0
108.84466184784866 39.76235567037545 69.0
108.84460789083225 39.76863776134473 70.0
108.8445539192513 39.77491985226506 70.0
108.8444999331005 39.7812019431364 69.0
108.8444459323746 39.78748403395878 71.0
108.84439191706828 39.793766124732144 71.0
108.84433788717627 39.800048215456485 71.0
108.84428384269323 39.80633030613179 70.0
108.8442297836139 39.81261239675801 69.0
108.84417570993295 39.81889448733517 70.0
108.8441216216451 39.82517657786324 69.0
108.84406751874504 39.83145866834219 70.0
108.85256907278942 39.77496045514901 70.0
108.85251582185538 39.78124255149216 71.0
108.85246255654465 39.787524647787656 71.0
108.85240927685207 39.79380674403547 72.0
108.85235598277241 39.8000888402356 72.0
108.85230267430042 39.806370936388 69.0
108.8522493514309 39.81265303249267 70.0
108.8521960141586 39.81893512854959 70.0
108.85214266247827 39.82521722455874 70.0
108.8520892963847 39.831499320520095 69.0
108.86058423576551 39.77500050125061 70.0
108.860531720052 39.78128260299055 70.0
108.86047919016029 39.78756470468412 70.0
108.86042664608529 39.793846806331324 70.0
108.8603740878218 39.80012890793215 73.0
108.86032151536469 39.80641100948655 72.0
108.86026892870879 39.812693110994545 69.0
108.86021632784895 39.818975212456095 70.0
108.86016371278001 39.825257313871184 69.0
108.86011108349679 39.83153941523979 69.0
108.86859940804925 39.77503999056843 69.0
108.86854762756005 39.7813220976301 70.0
108.86849583309113 39.787604204646726 70.0
108.86844402463745 39.793886311618266 69.0
108.86839220219393 39.8001684185447 72.0
108.86834036575546 39.806450525426015 70.0
108.86828851531696 39.8127326322622 70.0
108.86823665087337 39.81901473905324 70.0
108.87656354424917 39.781361035409454 71.0
108.87651248520676 39.78764314767406 70.0
108.87646141237815 39.793925259894856 70.0
108.87641032575829 39.80020737207183 71.0
108.87630811112483 39.81277159629422 70.0
108.87625698310121 39.81905370833962 69.0
108.88457946998902 39.78139941632717 69.0
108.88452914637679 39.787681533764726 70.0
108.88447880917688 39.79396365115973 71.0
108.88442845838438 39.800245768512156 70.0
108.88432771600176 39.81281000308921 69.0
108.89264497944345 39.77515511780511 69.0
108.89259540464926 39.78143724038188 69.0
108.89254581647081 39.78771936291734 71.0
108.89249621490325 39.794001485411485 70.0
108.89244659994168 39.80028360786427 69.0
108.90075782722732 39.76262812465682 69.0
108.9007090140292 39.76891025233536 69.0
108.90066018765486 39.77519237997384 69.0
108.90061134809953 39.78147450757224 69.0
108.90056249535841 39.78775663513056 69.0
108.90051362942674 39.79403876264875 69.0
108.90857918290921 39.78779335040303 70.0
108.90853105261694 39.79407548287024 70.0
108.90848290932793 39.80035761529854 69.0
108.9167379861989 39.76898309648367 70.0
108.9166906299159 39.77526523393797 69.0
108.91664326084876 39.78154737135456 69.0
108.92470586370496 39.77530082573078 69.0
108.92465922988701 39.78158296794392 69.0
