# successful candidates for region at (57.006679186457134, 25.34630870908921) and radius 1.0
56.89440986008133 26.01277245580541 119.0
56.90145907210793 25.962806476892617 118.0
56.901420225885595 26.006531221549288 119.0
56.908460928670074 25.96281129758041 119.0
56.9084453961235 25.981550475730412 118.0
56.90841948196666 26.012782439299638 118.0
56.908403917510284 26.0315216174327 119.0
56.908398726695765 26.037768010142305 118.0
56.915448360529105 25.981554966321113 119.0
56.915443549643825 25.98780135961503 120.0
56.91543873752423 25.99404775290835 118.0
56.91540501809976 26.037772505944517 120.0
56.91540019609435 26.044018899232956 118.0
56.922451325445984 25.981559124950902 118.0
56.922446883848174 25.987805518780718 119.0
56.92244244111079 25.99405191261002 119.0
56.92243355221614 26.00654470026706 118.0
56.92242465875974 26.019037487922024 118.0
56.9224113100168 26.037776669400575 120.0
56.922406858152456 26.044023063225715 118.0
56.929450218524735 25.987809345942644 119.0
56.929442070769674 26.000302134587198 118.0
56.92943799532424 26.00654852890882 119.0
56.92943391883319 26.012794923230004 119.0
56.92941760240751 26.03778050051038 118.0
56.929413520684406 26.044026894829383 118.0
56.93645355363423 25.987812841100723 119.0
56.93644984966182 25.994059235873628 120.0
56.93644614473908 26.000305630646178 120.0
56.93644243886578 26.00655202541836 121.0
56.93643873204169 26.012798420190183 119.0
56.94345688913742 25.98781600425489 118.0
56.94345355454773 25.994062399435418 119.0
56.94344688280147 26.006555189795613 119.0
56.943443545644485 26.012801584975275 118.0
56.950460224995034 25.98781883540507 120.0
56.950457259788195 25.994065230950447 120.0
56.95746615632584 25.981574938683604 118.0
56.957460965343955 25.994067730418656 119.0
56.96446912348619 25.98157710554643 118.0
56.97147209088309 25.981578940447907 119.0
56.97147023430183 25.987825336831197 119.0
57.37764326166396 25.981117380884825 118.0
57.384606326783036 25.9686069609643 119.0
57.38462624761272 25.97485329560368 119.0
57.391547659808055 25.949849886024687 118.0
57.39158821360405 25.962342550698818 119.0
57.391608498306105 25.968588883019653 121.0
57.3916287882126 25.97483521532967 118.0
57.3985693656045 25.956077813299892 119.0
57.398590013990095 25.962324143260222 121.0
57.398610667673466 25.968570473209336 121.0
57.39863132665595 25.974816803147228 119.0
57.405549783030295 25.949812748894967 118.0
57.40559181218208 25.962305403999093 122.0
57.40561283484593 25.96855173153373 123.0
57.40563386290357 25.97479805905674 120.0
57.4125294661273 25.94354735761143 118.0
57.41255084131371 25.949793682724916 121.0
57.41257222198442 25.95604000782638 119.0
57.412593608140824 25.962286332915816 121.0
57.41261499978428 25.96853265799322 122.0
57.412636396916206 25.974778983058584 119.0
57.41953015344512 25.94352796220383 119.0
57.419551897326414 25.949774284818588 120.0
57.4195736467866 25.956020607420907 118.0
57.41959540182711 25.962266930010777 121.0
57.41961716244931 25.968513252588195 119.0
57.42653083845398 25.943508235103078 118.0
57.426552951029265 25.949754555176376 118.0
57.42657506927805 25.956000875236814 119.0
57.426597193201744 25.962247195284366 119.0
57.42661932280181 25.968493515319054 119.0
57.43357648941955 25.9559808112745 119.0
57.433621480802564 25.968473446186195 121.0
57.433643985152024 25.974719763622073 119.0
57.44062363641236 25.968453045190042 119.0
57.440646509832504 25.974699359997235 120.0
57.46165406913049 25.974636157690583 118.0
57.468559222546006 25.949629210892752 118.0
57.47538753809305 25.905883051168026 118.0
57.47568382108528 25.98083866430336 120.0
57.482385993087824 25.905860687826905 118.0
57.48256129279726 25.949584775596954 119.0
57.48268669975036 25.980816266365466 119.0
57.482711800449515 25.987062564469518 119.0
57.48953689317022 25.94331576507355 118.0
57.48956232394896 25.94956206035083 118.0
57.489587761252515 25.95580835561109 121.0
57.48968957574795 25.980793536481823 120.0
57.489715045700336 25.987039831656894 120.0
57.48974052218741 25.993286126814922 119.0
57.48976600521083 25.999532421955884 119.0
57.49640865485421 25.912061259259513 118.0
57.49643442124506 25.918307551655527 119.0
57.49661497118509 25.96203159793765 118.0
57.496640790511364 25.968277890193594 118.0
57.496666616462065 25.974524182432003 118.0
57.49669244903885 25.98077047465288 119.0
57.4967182882434 25.987016766856204 122.0
57.49674413407739 25.993263059041983 123.0
57.496769986542475 25.999509351210204 119.0
57.50338134198488 25.905791609207174 118.0
57.503669117850606 25.974500791672266 118.0
57.503695319583805 25.98074708087912 118.0
57.50372152803947 25.98699337006793 119.0
57.5037477432193 25.99323965923868 122.0
57.503773965125 25.999485948391364 121.0
57.50380019375826 26.005732237525983 120.0
57.510671616455035 25.97447706901096 118.0
57.51069818734356 25.98072335516103 118.0
57.51075134957389 25.99321592740548 119.0
57.51077794091912 25.99946221349985 121.0
57.510804539086685 26.00570849957564 122.0
57.5108311440783 26.01195478563284 118.0
57.517674112236136 25.974453014448567 118.0
57.51770105227891 25.980699297499093 118.0
57.517727999233585 25.986945580530534 118.0
57.51778191388556 25.99943814653615 120.0
57.51780888158634 26.005684429510314 121.0
57.52464930296358 25.968182348057766 118.0
57.524676605154674 25.97442862798558 119.0
57.524703914350596 25.980674907893793 118.0
57.524758553764 25.993167467651386 118.0
57.524785883985025 25.99941374750075 118.0
57.524813221217926 26.00566002733049 119.0
57.52484056546451 26.0119063071406 120.0
57.53167909517144 25.974403909622506 118.0
57.53170677351938 25.98065018634564 118.0
57.538709629746045 25.98062513285514 119.0
57.545684066342744 25.974353477198118 119.0
57.545712482991334 25.980599747422797 118.0
57.54574090693065 25.986846017626252 118.0
57.552686547418844 25.974327763137833 120.0
57.55271533321602 25.98057403004914 120.0
57.559718180380855 25.9805479807347 118.0
