# successful candidates for region at (185.21202240394146, -31.015583163183106) and radius 1.0
185.359406789505 -31.978125374487647 9.0
185.35939688846102 -31.97190381694692 9.0
185.35937709387383 -31.95946070185919 9.0
185.36668299905392 -31.98433848214494 9.0
185.36667260728257 -31.97811692567803 10.0
185.3666622181357 -31.971895369208813 10.0
185.3666518316126 -31.965673812737307 10.0
185.36664144771245 -31.959452256263486 10.0
185.36663106643448 -31.953230699787373 9.0
185.36662068777795 -31.94700914330894 9.0
185.36661031174205 -31.940787586828215 10.0
185.37397107194042 -31.99677273639947 9.0
185.37396018644523 -31.990551181060916 9.0
185.3739493036995 -31.98432962571983 9.0
185.3739384237024 -31.97810807037622 10.0
185.37392754645316 -31.971886515030075 10.0
185.37391667195092 -31.965664959681398 10.0
185.37390580019488 -31.959443404330205 11.0
185.3738949311842 -31.953221848976497 10.0
185.37388406491812 -31.947000293620253 10.0
185.37387320139578 -31.940778738261486 10.0
185.38123835198434 -31.996763471080413 9.0
185.38122697801725 -31.990541916917177 9.0
185.38121560692304 -31.984320362751163 10.0
185.38120423870078 -31.978098808582406 11.0
185.38119287334965 -31.97187725441089 11.0
185.38118151086883 -31.965655700236603 11.0
185.3811701512574 -31.959434146059575 11.0
185.38115879451456 -31.953212591879783 11.0
185.38114744063947 -31.946991037697234 12.0
185.38113608963124 -31.94076948351194 11.0
185.38112474148903 -31.93454792932388 9.0
185.38850563054126 -31.99675379911487 10.0
185.38849376810288 -31.99053224617853 10.0
185.38848190866068 -31.984310693239184 11.0
185.38847005221382 -31.978089140296834 10.0
185.3884581987614 -31.9718675873515 11.0
185.38844634830252 -31.96564603440315 11.0
185.38843450083633 -31.959424481451798 11.0
185.38842265636188 -31.953202928497458 12.0
185.38841081487834 -31.94698137554012 12.0
185.38839897638476 -31.940759822579793 11.0
185.38838714088033 -31.934538269616475 9.0
185.39577290754733 -31.996743720503105 11.0
185.3957605566382 -31.990522168845246 11.0
185.3957482088487 -31.98430061718413 11.0
185.3957358641778 -31.978079065519765 11.0
185.39572352262468 -31.971857513852143 12.0
185.39571118418834 -31.96563596218127 12.0
185.3956988488679 -31.959414410507147 12.0
185.39568651666247 -31.95319285882978 12.0
185.39567418757105 -31.94697130714916 12.0
185.39566186159274 -31.94074975546529 12.0
185.39564953872664 -31.934528203778186 11.0
185.3956372189718 -31.928306652087823 9.0
185.40304018293872 -31.99673323524534 11.0
185.40302734355947 -31.990511684917553 11.0
185.40301450742317 -31.98429013458624 11.0
185.40300167452892 -31.97806858425141 11.0
185.40298884487567 -31.971847033913075 11.0
185.4029760184625 -31.965625483571223 12.0
185.4029631952885 -31.95940393322585 12.0
185.40295037535262 -31.953182382876975 14.0
185.40293755865392 -31.94696083252459 14.0
185.40292474519148 -31.940739282168693 13.0
185.40291193496435 -31.934517731809287 10.0
185.40289912797155 -31.92829618144638 9.0
185.4103074566515 -31.99672234334186 11.0
185.41029412880278 -31.990500794395718 11.0
185.41028080432037 -31.984279245445776 11.0
185.41026748320334 -31.97805769649206 11.0
185.41025416545062 -31.97183614753455 11.0
185.4102408510613 -31.965614598573254 12.0
185.4102275400343 -31.95939304960818 13.0
185.41021423236862 -31.953171500639318 14.0
185.41020092806335 -31.946949951666674 14.0
185.4101876271174 -31.94072840269025 15.0
185.41017432952987 -31.934506853710047 10.0
185.4175747286219 -31.99671104479292 11.0
185.41756091230434 -31.990489497280006 11.0
185.41754709947648 -31.98426794976302 11.0
185.41753329013733 -31.978046402241976 11.0
185.4175194842858 -31.971824854716846 12.0
185.41750568192091 -31.96560330718766 13.0
185.4174918830416 -31.95938175965439 14.0
185.41747808764686 -31.953160212117073 14.0
185.41746429573558 -31.946938664575676 15.0
185.41745050730685 -31.94071711703022 14.0
185.41743672235953 -31.934495569480713 10.0
185.41742294089264 -31.928274021927137 9.0
185.42484199878598 -31.9966993395988 10.0
185.42482769400027 -31.99047779357071 10.0
185.42481339282767 -31.98425624753825 10.0
185.42479909526708 -31.978034701501425 12.0
185.4247848013175 -31.971813155460236 13.0
185.4247705109777 -31.965591609414695 12.0
185.42475622424678 -31.959370063364783 12.0
185.42474194112359 -31.953148517310517 13.0
185.42472766160705 -31.946926971251898 13.0
185.42471338569612 -31.940705425188916 13.0
185.42469911338975 -31.934483879121583 10.0
185.4321092670799 -31.996687227759807 10.0
185.4320944738268 -31.990465683268106 10.0
185.4320796843101 -31.984244138771743 11.0
185.43206489852884 -31.978022594270705 12.0
185.4320501164818 -31.97180104976502 12.0
185.4320353381679 -31.96557950525465 12.0
185.43202056358604 -31.959357960739624 12.0
185.4320057927351 -31.95313641621994 13.0
185.43199102561402 -31.946914871695604 13.0
185.43197626222164 -31.940693327166603 10.0
185.43196150255687 -31.934471782632933 9.0
185.43194674661865 -31.92825023809463 9.0
185.43937653343986 -31.99667470927623 10.0
185.43936125172002 -31.99045316637251 11.0
185.43934597386004 -31.984231623463813 12.0
185.43933069985874 -31.97801008055014 12.0
185.43931542971507 -31.971788537631483 12.0
185.43930016342773 -31.96556699470785 12.0
185.4392849009957 -31.95934545177924 12.0
185.43926964241777 -31.953123908845654 13.0
185.43925438769284 -31.946902365907103 12.0
185.43923913681974 -31.94068082296357 10.0
185.43922388979735 -31.934459280015083 9.0
185.4392086466245 -31.928237737061615 9.0
185.44664379780193 -31.99666178414837 10.0
185.44662802761616 -31.990440242884226 11.0
185.4466122614136 -31.984218701614765 12.0
185.4465964991931 -31.97799716034 12.0
185.44658074095344 -31.971775619059944 12.0
185.44656498669346 -31.96555407777458 12.0
185.446549236412 -31.959332536483924 11.0
185.44653349010784 -31.953110995187956 12.0
185.44651774777984 -31.946889453886705 10.0
185.44650200942678 -31.940667912580157 10.0
185.4464862750475 -31.93444637126832 9.0
185.45391106010229 -31.996648452376576 10.0
185.45389480145136 -31.990426912803564 11.0
185.45387854690702 -31.984205373224917 11.0
185.45386229646806 -31.977983833640643 11.0
185.45384605013328 -31.971762294050727 11.0
185.4538298079014 -31.965540754455173 11.0
185.45381356977128 -31.959319214853988 11.0
185.45379733574168 -31.953097675247175 9.0
185.45378110581137 -31.946876135634728 10.0
185.4537648799791 -31.94065459601666 10.0
185.45374865824377 -31.934433056392972 9.0
185.46117832027704 -31.99663471396115 10.0
185.46116157316177 -31.990413176130875 10.0
185.46114483027645 -31.984191638294618 11.0
185.46112809161988 -31.97797010045237 11.0
185.46111135719073 -31.97174856260415 11.0
185.4610946269878 -31.965527024749957 9.0
185.46107790100982 -31.959305486889782 9.0
185.46106117925555 -31.953083949023625 9.0
185.46104446172373 -31.946862411151514 10.0
185.46102774841313 -31.940640873273427 9.0
185.46844557826236 -31.996620568902447 9.0
185.46842834268358 -31.990399032866485 9.0
185.4684111114581 -31.984177496824184 9.0
185.4683938845847 -31.977955960775546 9.0
185.46837666206204 -31.971734424720573 9.0
185.4683594438889 -31.965512888659266 9.0
185.46834223006388 -31.959291352591634 9.0
185.4683250205858 -31.953069816517672 9.0
185.46830781545333 -31.94684828043739 9.0
185.47562425854093 -31.965498346183466 9.0
