# successful candidates for region at (62.15726757442004, 18.00411278793854) and radius 1.0
61.89369184086747 18.466762958232827 75.0
61.893682206210855 18.473084457988353 75.0
61.90045935175678 18.283448151218224 75.0
61.900403409277054 18.32137715805478 75.0
61.900394075851075 18.32769865918293 76.0
61.90038473965815 18.33402016030785 75.0
61.900188039501046 18.466771683184493 75.0
61.90017864230071 18.4730931842382 77.0
61.90015983956192 18.485736186335878 76.0
61.90689416640833 18.321385636217414 75.0
61.90688506882741 18.32770713860764 75.0
61.90687596854947 18.334028640994806 76.0
61.906866865574 18.340350143378902 76.0
61.90669339581712 18.46045868809312 75.0
61.90668423878182 18.46678019041571 75.0
61.90667507903805 18.473101692735217 77.0
61.906665916585325 18.479423195051634 75.0
61.90665675142309 18.48574469736496 75.0
61.906647583550836 18.4920661996752 77.0
61.913367198065785 18.334036904640513 75.0
61.9133583310755 18.340358408254705 76.0
61.91334058921009 18.353001415474356 75.0
61.91327840983714 18.3972519406514 76.0
61.91326951654299 18.40357344423646 75.0
61.91326062061565 18.4098949478186 76.0
61.91325172205463 18.41621645139782 75.0
61.913242820859445 18.422537954974118 76.0
61.913233917029565 18.428859458547496 75.0
61.91322501056449 18.435180962117947 76.0
61.91321610146371 18.441502465685485 76.0
61.91320718972673 18.447823969250088 76.0
61.913198275353025 18.454145472811774 76.0
61.913189358342095 18.460466976370533 76.0
61.91318043869343 18.46678847992636 75.0
61.913171516406535 18.473109983479265 78.0
61.91316259148087 18.479431487029235 76.0
61.913153663915956 18.485752990576273 75.0
61.91314473371128 18.492074494120388 75.0
61.91990154485952 18.302437427143673 75.0
61.91987568252796 18.321401941612642 75.0
61.919867056638004 18.327723446430124 75.0
61.91985842819088 18.334044951244856 76.0
61.91984979718606 18.34036645605683 76.0
61.919841163623076 18.346687960866046 76.0
61.91979795741837 18.378295484870765 75.0
61.91978930849603 18.384616989663428 77.0
61.919780657012076 18.390938494453323 77.0
61.91977200296603 18.39725999924046 79.0
61.91976334635738 18.40358150402483 77.0
61.91975468718563 18.409903008806438 76.0
61.91974602545031 18.416224513585277 77.0
61.91973736115091 18.422546018361356 78.0
61.919728694286945 18.428867523134656 78.0
61.919720024857924 18.435189027905196 78.0
61.91971135286334 18.44151053267296 79.0
61.91970267830269 18.447832037437955 77.0
61.91969400117551 18.45415354220018 77.0
61.919685321481296 18.460475046959633 78.0
61.91967663921954 18.466796551716314 76.0
61.919667954389766 18.473118056470213 76.0
61.91965926699146 18.47943956122134 78.0
61.919650577024136 18.485761065969697 76.0
61.919641884487305 18.492082570715272 77.0
61.92639997679696 18.29612374488829 75.0
61.92639159669723 18.302445250881362 77.0
61.92638321411213 18.308766756871844 77.0
61.9263748290412 18.315088262859714 77.0
61.926366441483935 18.32140976884498 75.0
61.92635805143988 18.327731274827645 76.0
61.92634965890855 18.334052780807703 76.0
61.92634126388946 18.340374286785153 75.0
61.926332866382154 18.34669579275999 77.0
61.92632446638614 18.353017298732226 76.0
61.926316063900934 18.359338804701853 75.0
61.92629084150546 18.378303322595062 76.0
61.926282429058745 18.38462482855424 80.0
61.92627401412046 18.39094633451081 80.0
61.92626559669013 18.39726784046476 80.0
61.92625717676725 18.403589346416098 79.0
61.92624875435138 18.40991085236482 80.0
61.926240329442 18.416232358310925 78.0
61.926231902038666 18.422553864254407 79.0
61.92622347214087 18.428875370195275 79.0
61.92621503974815 18.435196876133524 80.0
61.92620660486001 18.441518382069148 80.0
61.926198167475995 18.447839888002157 80.0
61.926189727595606 18.45416139393254 82.0
61.92618128521837 18.460482899860303 82.0
61.92617284034379 18.466804405785435 81.0
61.9261643929714 18.47312591170795 81.0
61.92615594310071 18.47944741762784 78.0
61.92614749073125 18.4857689235451 78.0
61.926139035862526 18.49209042945973 77.0
61.92613057849406 18.498411935371735 76.0
61.92612211862538 18.50473344128111 76.0
61.926113656255986 18.51105494718785 77.0
61.93288164911004 18.302452857738924 78.0
61.93287350216141 18.308774364861844 78.0
61.93286535279682 18.315095871982308 78.0
61.93285720101579 18.321417379100314 75.0
61.93284904681788 18.32773888621585 75.0
61.9328408902026 18.334060393328933 75.0
61.93282456971813 18.34670340754771 76.0
61.932816405847994 18.3530249146534 76.0
61.93280823955867 18.35934642175663 76.0
61.932800070849645 18.36566792885739 77.0
61.93279189972049 18.371989435955683 78.0
61.93278372617073 18.378310943051517 79.0
61.9327755501999 18.384632450144874 81.0
61.93276737180753 18.390953957235766 81.0
61.93275919099317 18.39727546432419 80.0
61.93275100775633 18.40359697141014 80.0
61.93274282209657 18.40991847849362 79.0
61.93273463401341 18.416239985574634 78.0
61.93272644350638 18.422561492653163 77.0
61.93271825057503 18.42888299972923 80.0
61.93271005521888 18.43520450680282 83.0
61.932701857437465 18.441526013873933 82.0
61.93269365723032 18.447847520942574 80.0
61.93268545459697 18.454169028008735 83.0
61.93267724953696 18.460490535072417 84.0
61.93266904204982 18.466812042133622 82.0
61.93266083213507 18.473133549192347 82.0
61.932652619792265 18.47945505624859 79.0
61.93264440502093 18.485776563302352 82.0
61.93263618782058 18.492098070353638 80.0
61.93262796819075 18.49841957740244 77.0
61.93261974613098 18.504741084448757 77.0
61.93261152164081 18.511062591492593 76.0
61.932595065367344 18.5237056055728 75.0
61.93937961104804 18.296138739490832 76.0
61.93937170208177 18.30246024771623 77.0
61.93936379076986 18.30878175593931 78.0
61.93935587711185 18.315103264160072 76.0
61.939347961107316 18.321424772378514 75.0
61.93934004275579 18.327746280594635 75.0
61.93933212205682 18.33406778880844 77.0
61.93932419900997 18.340389297019918 76.0
61.93931627361477 18.346710805229073 78.0
61.93930834587078 18.353032313435904 78.0
61.93930041577756 18.35935382164042 78.0
61.93929248333463 18.3656753298426 78.0
61.93928454854157 18.371996838042456 78.0
61.93927661139793 18.378318346239993 79.0
61.93926867190323 18.384639854435193 80.0
61.93926073005703 18.390961362628072 81.0
61.93925278585889 18.39728287081862 79.0
61.939244839308344 18.40360437900684 79.0
61.93923689040494 18.40992588719273 81.0
61.93922893914825 18.41624739537629 80.0
61.93922098553778 18.422568903557515 80.0
61.93921302957311 18.428890411736404 79.0
61.939205071253774 18.435211919912973 81.0
61.93919711057933 18.441533428087197 81.0
61.93918914754931 18.447854936259088 81.0
61.93918118216326 18.454176444428644 83.0
61.939173214420734 18.460497952595862 82.0
61.93916524432127 18.466819460760743 82.0
61.93915727186444 18.473140968923285 82.0
61.93914929704976 18.47946247708349 81.0
61.93914131987678 18.485783985241362 82.0
61.939133340345045 18.49210549339689 81.0
61.93912535845411 18.498427001550073 80.0
61.939117374203526 18.504748509700917 80.0
61.939109387592815 18.511070017849416 77.0
61.939077417539714 18.536356050419982 75.0
61.945877100119276 18.289824402224724 75.0
61.94586175559627 18.302467420813173 76.0
61.94585407992132 18.30878893010412 77.0
61.945846401970144 18.315110439392896 77.0
61.94583872174234 18.32143194867948 76.0
61.94583103923744 18.32775345796388 76.0
61.94582335445502 18.3340749672461 78.0
61.94581566739463 18.34039647652613 78.0
61.94580797805587 18.346717985803977 79.0
61.945800286438256 18.353039495079635 80.0
61.94579259254139 18.359361004353104 78.0
61.945784896364806 18.36568251362439 80.0
61.945777197908086 18.37200402289348 80.0
61.94576949717079 18.378325532160385 79.0
61.94576179415247 18.384647041425097 80.0
61.94575408885268 18.39096855068762 79.0
61.945746381271 18.397290059947952 81.0
61.945738671406986 18.403611569206088 78.0
61.9457309592602 18.40993307846203 80.0
61.945723244830205 18.41625458771578 82.0
61.94571552811656 18.42257609696733 81.0
61.94570780911881 18.42889760621669 80.0
61.945700087836535 18.435219115463855 80.0
61.9456923642693 18.441540624708818 79.0
61.945684638416644 18.44786213395159 79.0
61.94567691027814 18.454183643192152 83.0
61.94566917985335 18.460505152430525 82.0
61.94566144714181 18.466826661666694 82.0
61.94565371214311 18.47314817090066 80.0
61.945645974856795 18.47946968013243 80.0
61.94563823528244 18.485791189361997 81.0
61.94563049341957 18.492112698589356 82.0
61.94562274926779 18.498434207814515 79.0
61.9456150028266 18.504755717037472 79.0
61.945607254095606 18.511077226258216 77.0
61.94556847607785 18.542684772328865 76.0
61.94556071359864 18.549006281536368 77.0
61.94555294882652 18.555327790741664 76.0
61.945545181761034 18.56164929994475 75.0
61.952426088759445 18.23925927365163 75.0
61.952418670761816 18.245580783998633 75.0
61.952381547733516 18.277188335703 75.0
61.95237411651687 18.28350984603773 77.0
61.95236668309557 18.289831356370414 77.0
61.95235924746922 18.296152866701053 76.0
61.95235180963736 18.30247437702964 75.0
61.95234436959961 18.308795887356176 77.0
61.9523369273555 18.315117397680662 76.0
61.952329482904645 18.321438908003095 79.0
61.95232203624661 18.32776041832348 79.0
61.95231458738099 18.33408192864181 77.0
61.95230713630732 18.340403438958088 76.0
61.95229968302521 18.34672494927231 79.0
61.95229222753423 18.353046459584473 79.0
61.95228476983394 18.35936796989459 79.0
61.95227730992393 18.365689480202647 78.0
61.952269847803784 18.37201099050864 78.0
61.95226238347307 18.378332500812586 79.0
61.95225491693135 18.384654011114467 79.0
61.95224744817821 18.390975521414294 80.0
61.95223997721324 18.39729703171206 80.0
61.952232504036 18.403618542007766 77.0
61.952225028646055 18.409940052301412 78.0
61.952217551043 18.416261562592993 80.0
61.95221007122638 18.422583072882514 82.0
61.952202589195814 18.42890458316997 80.0
61.95219510495084 18.435226093455366 81.0
61.95218761849103 18.441547603738695 79.0
61.952180129815986 18.447869114019962 80.0
61.952172638925255 18.45419062429916 82.0
61.952165145818434 18.46051213457629 80.0
61.95215765049507 18.46683364485136 81.0
61.95215015295475 18.473155155124356 84.0
61.95214265319705 18.47947666539529 81.0
61.952135151221526 18.485798175664147 83.0
61.95212764702777 18.49211968593094 81.0
61.95212014061535 18.498441196195657 80.0
61.95211263198383 18.50476270645831 79.0
61.95210512113279 18.511084216718885 75.0
61.95209760806179 18.517405726977394 76.0
61.952090092770405 18.523727237233825 75.0
61.95207505552479 18.536370257740472 76.0
61.95206753356968 18.542691767990682 77.0
61.95206000939249 18.549013278238814 79.0
61.95205248299276 18.55533478848487 77.0
61.95204495437008 18.56165629872885 76.0
61.95887066043388 18.27719507102697 76.0
61.95886346457527 18.28351658236449 76.0
61.95885626658185 18.28983809370009 76.0
61.95884906645319 18.29615960503377 76.0
61.95884186418889 18.302481116365524 76.0
61.95883465978854 18.30880262769536 75.0
61.95882745325176 18.31512413902327 77.0
61.958820244578085 18.321445650349254 79.0
61.95881303376715 18.327767161673325 81.0
61.95880582081852 18.334088672995463 79.0
61.9587986057318 18.340410184315672 78.0
61.958791388506576 18.346731695633963 78.0
61.95878416914243 18.353053206950324 79.0
61.958776947638974 18.359374718264753 80.0
61.958769723995765 18.365696229577264 78.0
61.95876249821242 18.372017740887834 77.0
61.95875527028851 18.378339252196483 79.0
61.95874804022363 18.384660763503202 80.0
61.95874080801738 18.39098227480799 83.0
61.958733573669335 18.397303786110847 80.0
61.95872633717908 18.403625297411775 79.0
61.95871909854622 18.409946808710764 81.0
61.958711857770325 18.416268320007823 80.0
61.958704614850994 18.42258983130295 79.0
61.9586973697878 18.42891134259614 81.0
61.95869012258036 18.4352328538874 80.0
61.95868287322823 18.44155436517672 80.0
61.95867562173102 18.447875876464106 78.0
61.95866836808829 18.45419738774955 81.0
61.95866111229966 18.46051889903306 81.0
61.95865385436469 18.46684041031463 80.0
61.95864659428298 18.47316192159426 83.0
61.95863933205412 18.47948343287196 83.0
61.958632067677684 18.485804944147713 81.0
61.958624801153256 18.492126455421527 81.0
61.95861753248044 18.498447966693398 80.0
61.958610261658805 18.50476947796333 80.0
61.958602988687936 18.511090989231317 78.0
61.95859571356742 18.51741250049736 76.0
61.95858115687581 18.530055523023616 76.0
61.958573875303884 18.536377034283827 76.0
61.95856659158064 18.54269854554209 77.0
61.958559305705684 18.549020056798412 80.0
61.95855201767858 18.555341568052782 80.0
61.95854472749894 18.561663079305205 77.0
61.95853743516632 18.567984590555678 77.0
61.9653736884349 18.264558564977914 75.0
61.96536673206337 18.27088007728954 75.0
61.96535977362763 18.277201589599372 76.0
61.96535281312728 18.283523101907406 76.0
61.96534585056194 18.289844614213642 76.0
61.9653388859312 18.29616612651808 77.0
61.96533191923469 18.302487638820725 77.0
61.96532495047198 18.30880915112157 78.0
61.965317979642705 18.315130663420614 77.0
61.96531100674645 18.32145217571786 79.0
61.96530403178282 18.327773688013306 79.0
61.965297054751424 18.334095200306948 80.0
61.965290075651865 18.340416712598792 80.0
61.965283094483745 18.34673822488883 80.0
61.96527611124668 18.353059737177066 80.0
61.96526912594025 18.359381249463503 80.0
61.965262138564064 18.365702761748135 79.0
61.96525514911774 18.37202427403096 79.0
61.96524815760086 18.378345786311982 80.0
61.96524116401305 18.384667298591197 82.0
61.965234168353895 18.39098881086861 81.0
61.965227170623 18.39731032314421 81.0
61.96522017081996 18.403631835418004 80.0
61.96521316894439 18.409953347689992 81.0
61.96520616499589 18.41627485996017 79.0
61.965199158974045 18.42259637222854 79.0
61.96519215087847 18.428917884495096 80.0
61.965185140708776 18.435239396759844 80.0
61.965178128464544 18.44156090902278 79.0
61.96517111414539 18.447882421283907 79.0
61.9651640977509 18.454203933543223 81.0
61.96515707928068 18.460525445800723 80.0
61.96515005873433 18.46684695805641 80.0
61.96514303611145 18.473168470310284 83.0
61.965136011411644 18.479489982562345 81.0
61.96512898463451 18.485811494812587 80.0
61.965121955779644 18.492133007061014 80.0
61.965114924846645 18.498454519307625 78.0
61.96510789183512 18.50477603155242 78.0
61.965100856744655 18.511097543795398 79.0
61.96509381957486 18.517419056036555 75.0
61.965079738995655 18.530062080513417 77.0
61.96507269558544 18.536383592749118 77.0
61.96506565009429 18.542705104982996 75.0
61.965058602521786 18.549026617215056 79.0
61.96505155286755 18.555348129445292 77.0
61.965044501131146 18.561669641673706 76.0
61.96483909322498 18.74499349550229 76.0
61.96483197883605 18.75131500767575 75.0
61.97186233159838 18.264564864922505 77.0
61.971855610445715 18.270886378172136 77.0
61.971842162156754 18.28352940466637 75.0
61.971835435019706 18.28985091791097 76.0
61.97182870588712 18.2961724311539 77.0
61.97182197475859 18.30249394439514 78.0
61.971815241633735 18.30881545763471 77.0
61.97180850651219 18.315136970872597 77.0
61.971801769393544 18.321458484108806 77.0
61.97179503027744 18.32777999734333 78.0
61.9717882891635 18.33410151057618 79.0
61.97178154605131 18.340423023807336 80.0
61.971774800940516 18.34674453703682 82.0
61.971768053830715 18.35306605026462 81.0
61.97176130472155 18.35938756349073 80.0
61.971754553612605 18.365709076715167 81.0
61.971747800503515 18.372030589937914 79.0
61.971741045393884 18.37835210315897 79.0
61.971734288283336 18.384673616378347 82.0
61.9717275291715 18.390995129596043 81.0
61.971720768057956 18.397316642812044 82.0
61.97171400494236 18.403638156026357 80.0
61.9717072398243 18.409959669238987 80.0
61.97170047270339 18.416281182449925 81.0
61.97169370357927 18.422602695659176 80.0
61.971686932451526 18.428924208866736 80.0
61.97168015931979 18.435245722072608 82.0
61.97167338418367 18.44156723527679 80.0
61.97166660704278 18.447888748479276 81.0
61.97165982789674 18.45421026168007 82.0
61.971653046745146 18.46053177487918 80.0
61.97164626358762 18.466853288076596 81.0
61.971639478423796 18.47317480127231 84.0
61.97163269125327 18.479496314466335 81.0
61.97162590207565 18.485817827658664 80.0
61.97161911089055 18.492139340849302 81.0
61.97161231769759 18.498460854038242 79.0
61.97160552249638 18.504782367225484 79.0
61.97159872528653 18.51110388041103 79.0
61.971591926067674 18.517425393594884 76.0
61.971585124839386 18.523746906777035 76.0
61.9715783216013 18.530068419957487 75.0
61.97157151635303 18.53638993313624 76.0
61.971564709094174 18.542711446313294 76.0
61.97155789982435 18.54903295948865 75.0
61.97155108854317 18.555354472662305 75.0
61.97154427525025 18.561675985834256 75.0
61.97152382329713 18.5806405253399 77.0
61.97136642223369 18.72603532770605 77.0
61.971359554476024 18.73235684083186 75.0
61.97135268469564 18.73867835395595 76.0
61.97134581289217 18.744999867078324 78.0
61.97133893906519 18.751321380198977 77.0
61.97133206321434 18.75764289331791 76.0
61.971325185339204 18.76396440643513 75.0
61.97131830543939 18.770285919550627 75.0
61.9713114235145 18.776607432664402 76.0
61.971304539564144 18.782928945776458 76.0
61.97129765358793 18.789250458886794 76.0
61.971290765585465 18.795571971995404 75.0
61.97835745923191 18.258249434022918 75.0
61.978350975222554 18.264570948179855 76.0
61.97834448928895 18.27089246233523 77.0
61.97833800143074 18.277213976489044 76.0
61.978325019939014 18.289857004791983 76.0
61.978318526304754 18.296178518941115 76.0
61.97831203074442 18.30250003308868 77.0
61.978305533257625 18.308821547234682 77.0
61.978299033844 18.315143061379118 76.0
61.9782925325032 18.321464575521997 79.0
61.97828602923482 18.327786089663302 76.0
61.978279524038534 18.334107603803044 77.0
61.978273016913924 18.340429117941223 79.0
61.97826650786065 18.346750632077832 82.0
61.97825999687835 18.353072146212877 81.0
61.97825348396663 18.35939366034635 82.0
61.97824696912514 18.365715174478254 80.0
61.97824045235349 18.372036688608596 80.0
61.9782339336513 18.378358202737363 80.0
61.978227413018246 18.384679716864564 81.0
61.97822089045391 18.391001230990195 82.0
61.97821436595795 18.397322745114256 84.0
61.978207839529986 18.40364425923674 80.0
61.97820131116964 18.409965773357655 80.0
61.97819478087655 18.416287287477 79.0
61.97818824865034 18.42260880159477 80.0
61.97818171449064 18.428930315710968 80.0
61.978175178397066 18.435251829825592 81.0
61.97816864036926 18.44157334393864 80.0
61.97816210040685 18.447894858050116 80.0
61.97815555850946 18.454216372160012 80.0
61.9781490146767 18.460537886268334 80.0
61.97814246890823 18.466859400375082 81.0
61.97813592120366 18.473180914480253 80.0
61.97812937156261 18.479502428583846 78.0
61.97812281998471 18.485823942685858 81.0
61.9781162664696 18.492145456786293 82.0
61.978109711016884 18.498466970885154 81.0
61.9781031536262 18.504788484982427 79.0
61.97809659429719 18.511109999078123 80.0
61.97809003302945 18.51743151317224 78.0
61.97808346982262 18.523753027264775 77.0
61.978076904676335 18.530074541355727 75.0
61.978063768563864 18.54271756953289 76.0
61.978050624689025 18.555360597703714 75.0
61.97802431364027 18.580646654026356 75.0
61.977879046572056 18.71971996334629 76.0
61.97787242111569 18.72604147738795 76.0
61.97786579370779 18.732362991428015 75.0
61.97785916434797 18.738684505466484 77.0
61.97785253303586 18.74500601950335 78.0
61.97784589977106 18.751327533538618 78.0
61.97783926455321 18.757649047572283 76.0
61.97783262738193 18.76397056160435 75.0
61.977825988256825 18.770292075634817 76.0
61.97781934717751 18.776613589663675 76.0
61.97781270414362 18.782935103690935 76.0
61.977806059154766 18.789256617716593 77.0
61.97779941221057 18.795578131740644 77.0
61.97779276331065 18.801899645763093 76.0
61.98484586815119 18.258255299719558 75.0
61.98483961929131 18.26457681474987 76.0
61.98483336857698 18.27089832977872 76.0
61.984827116007835 18.277219844806126 75.0
61.98482086158351 18.283541359832086 75.0
61.984814605303676 18.289862874856585 77.0
61.98480834716796 18.29618438987964 77.0
61.98480208717602 18.302505904901246 77.0
61.98479582532748 18.308827419921396 76.0
61.984789561621994 18.315148934940087 75.0
61.98478329605921 18.321470449957335 76.0
61.98477702863878 18.327791964973127 77.0
61.98477075936032 18.33411347998746 77.0
61.98476448822351 18.340434995000344 78.0
61.98475821522797 18.34675651001177 80.0
61.984751940373336 18.35307802502174 82.0
61.98474566365927 18.359399540030257 82.0
61.98473938508541 18.365721055037316 81.0
61.984733104651404 18.372042570042918 80.0
61.98472682235689 18.37836408504706 82.0
61.9847205382015 18.38468560004975 82.0
61.984714252184894 18.39100711505098 80.0
61.9847079643067 18.397328630050744 82.0
61.98470167456658 18.403650145049056 81.0
61.98469538296414 18.409971660045905 80.0
61.98468908949906 18.4162931750413 81.0
61.98468279417097 18.422614690035225 80.0
61.984676496979496 18.428936205027693 80.0
61.984670197924295 18.435257720018697 79.0
61.98466389700501 18.441579235008245 79.0
61.98465759422128 18.44790074999632 78.0
61.98465128957273 18.45422226498294 79.0
61.98464498305903 18.460543779968095 79.0
61.984638674679786 18.466865294951784 78.0
61.98463236443467 18.473186809934006 76.0
61.9846260523233 18.47950832491477 79.0
61.98461973834533 18.485829839894066 80.0
61.98461342250039 18.49215135487189 80.0
61.98460710478813 18.498472869848253 79.0
61.98460078520819 18.50479438482315 79.0
61.98459446376019 18.51111589979658 78.0
61.98458814044379 18.517437414768537 77.0
61.98458181525863 18.523758929739024 78.0
61.98457548820433 18.530080444708048 78.0
61.98456915928054 18.5364019596756 76.0
61.98452480443799 18.580652564407284 76.0
61.984429449243606 18.675475288588995 75.0
61.984423077221535 18.681796803522612 75.0
61.984416703321266 18.688118318454755 76.0
61.984410327542435 18.694439833385413 76.0
61.98439118893085 18.713404378168487 76.0
61.98438480563407 18.719725893093212 77.0
61.984378420456906 18.726047408016456 76.0
61.98437203339899 18.732368922938214 75.0
61.98436564445993 18.73869043785849 77.0
61.98435925363938 18.745011952777276 79.0
61.98435286093697 18.75133346769458 78.0
61.984346466352335 18.757654982610394 77.0
61.98434006988509 18.76397649752472 78.0
61.984333671534905 18.77029801243756 75.0
61.984327271301375 18.776619527348913 76.0
61.98432086918415 18.782941042258777 76.0
61.98431446518288 18.789262557167152 76.0
61.984308059297156 18.795584072074035 77.0
61.984301651526636 18.80190558697943 76.0
61.99134028942459 18.251939432888282 75.0
61.99133427749872 18.258260948761038 75.0
61.99132224829365 18.270903980502528 75.0
61.99131623101376 18.27722549637126 75.0
61.991310211948516 18.283547012238646 76.0
61.99130419109756 18.289868528104687 76.0
61.991298168460574 18.29619004396939 75.0
61.99129214403721 18.30251155983274 76.0
61.99128611782713 18.308833075694753 75.0
61.99128008982997 18.31515459155542 75.0
61.99126802847309 18.32779762327271 75.0
61.99126199511267 18.334119139129335 76.0
61.99125595996383 18.340440654984615 78.0
61.9912499230262 18.346762170838545 79.0
61.99124388429946 18.35308368669113 79.0
61.99123784378324 18.359405202542366 82.0
61.99123180147722 18.36572671839225 81.0
61.991225757381045 18.372048234240783 80.0
61.99121971149437 18.378369750087973 80.0
61.99121366381685 18.384691265933814 80.0
61.991207614348156 18.391012781778297 80.0
61.99120156308792 18.39733429762143 81.0
61.99119551003583 18.403655813463214 81.0
61.9911894551915 18.409977329303647 80.0
61.991183398554625 18.416298845142723 81.0
61.991177340124835 18.42262036098045 81.0
61.9911712799018 18.42894187681682 81.0
61.99116521788516 18.435263392651844 79.0
61.99115915407458 18.441584908485503 79.0
61.991153088469716 18.447906424317814 78.0
61.991147021070226 18.45422794014877 80.0
61.99114095187575 18.460549455978366 78.0
61.99113488088593 18.46687097180661 78.0
61.99112880810047 18.4731924876335 77.0
61.99112273351897 18.479514003459027 78.0
61.99111665714112 18.4858355192832 78.0
61.991110578966556 18.49215703510601 79.0
61.991104498994936 18.498478550927466 80.0
61.99109841722591 18.504800066747567 79.0
61.99109233365915 18.511121582566304 81.0
61.991086248294266 18.51744309838368 78.0
61.99108016113095 18.5237646141997 78.0
61.99107407216886 18.53008613001436 77.0
61.99106798140761 18.536407645827655 76.0
61.99106188884688 18.54272916163959 75.0
61.99105579448631 18.549050677450165 75.0
61.99103139903875 18.57433674067883 75.0
61.991025295673786 18.580658256482586 76.0
61.99101919050689 18.586979772284977 78.0
61.99101308353774 18.59330128808601 76.0
61.990921262489806 18.68812402493732 76.0
61.9909151266367 18.69444554071645 76.0
61.99090898897536 18.700767056494204 75.0
61.990902849505446 18.707088572270585 76.0
61.99089670822659 18.71341008804559 76.0
61.99089056513847 18.719731603819223 77.0
61.990884420240704 18.726053119591487 77.0
61.99087827353294 18.732374635362365 77.0
61.99087212501485 18.738696151131876 78.0
61.990865974686066 18.745017666900008 79.0
61.990859822546234 18.751339182666765 78.0
61.990853668594994 18.757660698432147 78.0
61.99084751283201 18.763982214196147 77.0
61.99084135525693 18.770303729958773 76.0
61.99083519586939 18.776625245720016 75.0
61.99082903466902 18.782946761479888 75.0
61.9908228716555 18.789268277238378 76.0
61.99081670682846 18.79558979299549 76.0
61.99081054018755 18.80191130875122 75.0
61.99782846410418 18.25194486446576 75.0
61.997822687258406 18.258266381147262 75.0
61.99781690869806 18.264587897827532 75.0
61.997811128422825 18.27090941450656 76.0
61.997805346432386 18.277230931184345 75.0
61.99779956272639 18.28355244786089 75.0
61.99779377730452 18.289873964536202 76.0
61.99777641074039 18.30883851455468 75.0
61.997759028721575 18.327803064561973 76.0
61.99775323127938 18.33412458122858 77.0
61.99774743211869 18.340446097893953 78.0
61.99774163123918 18.346767614558075 79.0
61.99773582864048 18.353089131220955 80.0
61.9977300243223 18.359410647882587 80.0
61.9977242182843 18.365732164542976 78.0
61.99771841052613 18.37205368120212 78.0
61.997712601047496 18.378375197860016 78.0
61.99770678984803 18.384696714516664 79.0
61.99770097692743 18.39101823117207 80.0
61.99769516228535 18.397339747826223 82.0
61.99768934592147 18.40366126447913 80.0
61.997683527835434 18.409982781130786 80.0
61.997677708026956 18.416304297781195 81.0
61.99767188649565 18.42262581443036 82.0
61.997666063241226 18.42894733107827 82.0
61.99766023826335 18.43526884772493 78.0
61.99765441156166 18.44159036437034 77.0
61.99764858313584 18.4479118810145 77.0
61.997642752985584 18.45423339765741 78.0
61.99763692111052 18.460554914299067 78.0
61.997631087510335 18.46687643093947 77.0
61.99762525218469 18.473197947578623 77.0
61.99761941513326 18.479519464216526 77.0
61.99761357635572 18.485840980853173 79.0
61.99760773585171 18.49216249748856 76.0
61.99760189362091 18.498484014122702 77.0
61.99759604966301 18.504805530755583 79.0
61.99759020397764 18.511127047387216 79.0
61.99758435656448 18.517448564017588 77.0
61.9975785074232 18.523770080646706 76.0
61.99757265655349 18.530091597274566 75.0
61.99756680395495 18.53641311390117 75.0
61.997560949627314 18.54273463052652 75.0
61.997414028491235 18.70077254575047 75.0
61.99740812908867 18.707094062342996 77.0
61.997402227947894 18.71341557893424 77.0
61.997396325068586 18.719737095524223 77.0
61.99739042045041 18.72605861211294 76.0
61.997384514093014 18.73238012870038 76.0
61.99737860599607 18.738701645286557 76.0
61.997372696159225 18.745023161871462 80.0
61.997366784582155 18.751344678455094 77.0
61.997360871264526 18.757666195037455 77.0
61.99735495620599 18.763987711618547 76.0
61.997349039406195 18.77030922819836 76.0
61.99734312086482 18.776630744776913 76.0
61.997337200581505 18.782952261354183 75.0
61.99733127855595 18.789273777930184 76.0
61.99732535478776 18.79559529450491 75.0
61.99731942927665 18.80191681107836 75.0
61.99731350202224 18.80823832765054 75.0
62.00431663917964 18.251950079420155 76.0
62.00430555400381 18.264593114335014 76.0
62.004300008948405 18.270914631790735 77.0
62.00424446784425 18.33412980628512 78.0
62.0042389046719 18.340451323728267 80.0
62.00423333985064 18.34677284117027 81.0
62.0042277733802 18.35309435861113 80.0
62.00422220526023 18.359415876050846 80.0
62.00421663549042 18.365737393489407 80.0
62.004211064070454 18.37205891092683 76.0
62.00420549100002 18.378380428363105 75.0
62.00419991627879 18.38470194579823 77.0
62.00419433990647 18.39102346323221 78.0
62.00418876188271 18.39734498066504 82.0
62.00418318220722 18.403666498096715 80.0
62.004177600879665 18.40998801552725 79.0
62.004172017899734 18.41630953295663 80.0
62.004166433267116 18.422631050384872 80.0
62.00416084698148 18.42895256781195 79.0
62.00415525904252 18.435274085237886 78.0
62.00414966944991 18.441595602662673 77.0
62.00414407820334 18.4479171200863 76.0
62.00413848530247 18.45423863750878 76.0
62.00413289074701 18.460560154930107 78.0
62.00412729453662 18.466881672350286 77.0
62.004121696670985 18.47320318976931 77.0
62.004116097149804 18.479524707187178 78.0
62.00411049597274 18.485846224603897 78.0
62.00410489313946 18.492167742019465 78.0
62.00409928864967 18.49848925943387 75.0
62.004093682503054 18.50481077684713 77.0
62.004088074699276 18.511132294259223 78.0
62.00408246523801 18.517453811670173 78.0
62.0040487736455 18.555382916111554 76.0
62.00404315257293 18.561704433514404 77.0
62.00403752984032 18.56802595091609 78.0
62.00402627939368 18.58066898571599 76.0
62.00391906841565 18.70077781608331 76.0
62.0039134090806 18.707099333459418 77.0
62.00390774807809 18.713420850834353 77.0
62.00390208540779 18.719742368208134 78.0
62.00389642106937 18.72606388558074 76.0
62.00389075506252 18.73238540295218 76.0
62.0038850873869 18.738706920322446 76.0
62.0038794180422 18.745028437691545 78.0
62.00387374702808 18.751349955059478 80.0
62.00386807434422 18.75767147242624 78.0
62.0038623999903 18.763992989791827 76.0
62.00385672396599 18.77031450715625 76.0
62.00385104627096 18.7766360245195 77.0
62.00384536690489 18.78295754188158 79.0
62.003839685867455 18.78927905924248 76.0
62.003834003158325 18.79560057660222 75.0
62.00382831877718 18.80192209396078 76.0
62.010794199689656 18.264598114154822 75.0
62.010788889854226 18.270919632354968 75.0
62.01073570479106 18.334134814298864 77.0
62.01073037760722 18.340456332487484 78.0
62.010725048844414 18.346777850675057 79.0
62.01071971850238 18.35309936886158 80.0
62.010714386580794 18.35942088704705 78.0
62.01070905307935 18.36574240523147 77.0
62.01070371799774 18.37206392341484 77.0
62.01069838133569 18.378385441597157 75.0
62.010693043092864 18.384706959778423 76.0
62.01068770326898 18.391028477958635 78.0
62.01068236186373 18.397349996137795 77.0
62.010677018876784 18.4036715143159 75.0
62.01067167430788 18.409993032492956 77.0
62.01066632815669 18.416314550668954 76.0
62.01066098042291 18.422636068843897 76.0
62.01065563110624 18.42895758701779 78.0
62.01065028020637 18.435279105190627 78.0
62.01064492772301 18.441600623362405 77.0
62.010628860768854 18.460565177871416 78.0
62.010623501948444 18.46688669603897 77.0
62.01061814154299 18.473208214205474 77.0
62.01061277955221 18.479529732370914 77.0
62.0106074159758 18.4858512505353 76.0
62.010602050813446 18.49217276869863 78.0
62.010596684064836 18.498494286860897 75.0
62.01059131572968 18.504815805022105 76.0
62.01058594580765 18.511137323182258 75.0
62.01056982651735 18.530101877656353 75.0
62.01056445024481 18.536423395812264 75.0
62.01055907238387 18.54274491396712 77.0
62.01055369293424 18.549066432120906 78.0
62.0105483118956 18.555387950273634 75.0
62.010542929267636 18.561709468425303 75.0
62.01053754505006 18.56803098657591 75.0
62.01053215924255 18.574352504725447 75.0
62.0105267718448 18.58067402287393 75.0
62.010429526402895 18.69446134936441 75.0
62.010424108731975 18.70078286749263 75.0
62.01041868946462 18.70710438561978 75.0
62.010413268600544 18.71342590374586 76.0
62.01040784613943 18.719747421870867 78.0
62.01040242208095 18.726068939994803 77.0
62.0103969964248 18.73239045811767 75.0
62.0103915691707 18.73871197623947 76.0
62.010386140318296 18.745033494360186 75.0
62.0103807098673 18.751355012479834 78.0
62.010375277817396 18.757676530598413 80.0
62.01036984416826 18.763998048715923 80.0
62.0103644089196 18.77031956683235 78.0
62.01035897207111 18.77664108494771 76.0
62.01035353362244 18.782962603061993 76.0
62.01034809357332 18.789284121175196 77.0
62.01034265192341 18.795605639287334 76.0
62.01033720867241 18.801927157398396 75.0
62.01728791884919 18.25828137837361 75.0
62.01728284573945 18.264602897286878 75.0
62.01727777112418 18.27092441619919 75.0
62.01727269500308 18.277245935110553 76.0
62.01726761737587 18.283567454020957 75.0
62.01722694210364 18.334139605269737 76.0
62.01721675820427 18.34678264307235 77.0
62.0172116639908 18.353104161972222 79.0
62.01720656826775 18.35942568087113 79.0
62.01720147103484 18.36574719976908 76.0
62.017196372291764 18.372068718666068 75.0
62.017186170274 18.384711756457165 77.0
62.01718106699871 18.39103327535127 78.0
62.01717596221211 18.397354794244414 77.0
62.01717085591391 18.403676313136593 76.0
62.01716574810381 18.409997832027816 76.0
62.01712483115973 18.460569983122905 76.0
62.017119709729435 18.466891502005456 75.0
62.01711458678434 18.473213020887034 75.0
62.01709920885726 18.492177577525982 75.0
62.01708381728635 18.511142134156234 75.0
62.01707868372938 18.51746365303105 75.0
62.017073548655276 18.523785171904894 76.0
62.017068412063715 18.530106690777775 76.0
62.01706327395442 18.536428209649685 77.0
62.017058134327094 18.542749728520626 76.0
62.01705299318145 18.5490712473906 76.0
62.01703756063163 18.5680358039947 76.0
62.01702726466807 18.580678841725913 75.0
62.01693950324574 18.688144662284152 75.0
62.01692914942358 18.700787699978367 76.0
62.0169239702241 18.707109218824 75.0
62.01691878949862 18.713430737668663 76.0
62.01691360724685 18.719752256512347 77.0
62.01690842346847 18.726073775355058 77.0
62.016903238163216 18.73239529419678 76.0
62.016892862970856 18.7450383318773 75.0
62.01688767308315 18.751359850716092 77.0
62.01688248166736 18.757681369553904 77.0
62.01687728872319 18.76400288839073 81.0
62.01687209425035 18.770324407226585 78.0
62.01686689824854 18.776645926061455 76.0
62.016861700717456 18.78296744489534 75.0
62.0168565016568 18.78928896372825 76.0
62.01685130106628 18.79561048256018 75.0
62.02378116662006 18.251964424544067 76.0
62.02377633009631 18.258285944138027 75.0
62.023766652742125 18.27092898332333 76.0
62.02376181191113 18.277250502914676 75.0
62.023703609829234 18.35310873794299 77.0
62.02369875030489 18.359430257523012 77.0
62.02369388934065 18.365751777102165 76.0
62.02368902693626 18.372073296680444 75.0
62.02368416309145 18.378394816257853 75.0
62.02367929780591 18.384716335834383 76.0
62.0236744310794 18.391037855410044 77.0
62.023669562911614 18.39735937498483 77.0
62.02359636725452 18.492182168501458 75.0
62.02356699796449 18.53011128585278 76.0
62.023557196625035 18.542754324962846 76.0
62.02355229378353 18.549075844516555 75.0
62.023537576568536 18.568040403172397 76.0
62.023444064372114 18.6881492744746 76.0
62.02343419047385 18.700792313540433 75.0
62.0234292513424 18.70711383307201 77.0
62.02342431075567 18.7134353526027 77.0
62.0234193687134 18.719756872132507 77.0
62.0234144252153 18.72607839166142 77.0
62.02340948026109 18.73239991118944 77.0
62.023404533850474 18.738721430716573 76.0
62.023394636658914 18.75136446976817 76.0
62.023389685877405 18.75768598929263 79.0
62.023384733638366 18.7640075088162 79.0
62.02337977994149 18.770329028338878 75.0
62.0233698681732 18.78297206738156 76.0
62.02336491010117 18.78929358690156 75.0
62.023359950570196 18.795615106420673 75.0
62.03025553469194 18.270933333727307 76.0
62.03019093267595 18.359434617002627 75.0
62.03018630798056 18.365756137230665 76.0
62.03018168191501 18.372077657457904 75.0
62.030172425672376 18.384720697910016 75.0
62.03016779549476 18.391042218134885 77.0
62.03016316394594 18.397363738358962 76.0
62.03011212633356 18.46690046077151 75.0
62.030107478309624 18.473221980986064 75.0
62.030079561289114 18.511151102256722 75.0
62.03007024460854 18.523794142673907 75.0
62.03006558420324 18.5301156628813 77.0
62.03006092242089 18.536437183087905 77.0
62.03005625926125 18.5427587032937 76.0
62.03005159472403 18.549080223498702 76.0
62.03004692880897 18.555401743702912 77.0
62.02994862584022 18.688153667806404 77.0
62.0299439295452 18.694475187992985 75.0
62.02992983235507 18.713439748547902 75.0
62.02992042730477 18.72608278891382 75.0
62.029915722701745 18.732404309095575 75.0
62.029911016713115 18.73872582927652 75.0
62.02990630933861 18.745047349456662 75.0
62.03674878591141 18.26461594655583 75.0
62.03674441695748 18.270937467411066 76.0
62.036674337211736 18.37208180099837 75.0
62.03659951269327 18.47954765523514 75.0
62.036586269261555 18.498512217726063 75.0
62.036568593075486 18.523798301037264 75.0
62.03656417076352 18.53011982186327 75.0
62.036559747144864 18.536441342688555 76.0
62.036555322219286 18.54276286351313 75.0
62.036550895986494 18.549084384336975 76.0
62.03654646844627 18.555405905160114 76.0
62.03653760944248 18.568048946804222 75.0
62.03651543903505 18.599656550901898 75.0
62.036453187633455 18.688157842279484 75.0
62.03644873126532 18.69447936308675 77.0
62.0364442735839 18.70080088389329 76.0
62.03642196546855 18.732408487915116 76.0
62.04306275762893 18.53012376279862 75.0
62.043054385482705 18.542766805621056 75.0
62.043050197554486 18.54908832703131 76.0
62.043046008389226 18.555409848440924 75.0
62.04303762634659 18.568052891258215 75.0
62.04302084740617 18.593338976885068 75.0
62.04301245050454 18.605982019694633 75.0
62.04295774973521 18.688161797893788 75.0
62.0429535332941 18.694483319289187 78.0
62.042949315610414 18.700804840683944 77.0
62.0429450966839 18.707126362078053 78.0
62.042940876514336 18.713447883471513 78.0
62.04293665510146 18.719769404864323 75.0
62.042932432445035 18.726090926256486 75.0
62.04292820854482 18.732412447647995 76.0
62.04292398340058 18.738733969038865 77.0
62.04291975701205 18.745055490429078 75.0
62.04291552937902 18.751377011818644 75.0
62.04291130050122 18.757698533207556 76.0
62.042907070378426 18.764020054595818 77.0
62.04290283901038 18.77034157598343 75.0
62.04289860639686 18.77666309737039 75.0
62.04288590108093 18.79562766152737 75.0
62.04288166348302 18.801949182911727 75.0
62.049553449035066 18.54277052961744 75.0
62.04954159666432 18.56173509550836 75.0
62.04952181936784 18.59334270531511 75.0
62.049474234641735 18.669200968792765 76.0
62.04946628747116 18.68184401269766 75.0
62.04946231212887 18.688165534649244 75.0
62.049458335614915 18.694487056600245 77.0
62.049454357929086 18.700808578550674 78.0
62.049450379071175 18.707130100500525 79.0
62.04944639904092 18.713451622449803 76.0
62.04944241783811 18.719773144398502 77.0
62.04943843546251 18.726094666346622 75.0
62.04942648129673 18.74505923218752 75.0
62.0494224942277 18.751380754133326 76.0
62.04941850598475 18.75770227607856 76.0
62.04941451656763 18.764023798023214 77.0
62.04941052597613 18.77034531996729 75.0
62.04940653421002 18.77666684191078 76.0
62.04940254126906 18.782988363853697 77.0
62.04939854715303 18.789309885796037 76.0
62.049394551861695 18.795631407737794 77.0
62.04939055539483 18.801952929678972 75.0
62.04938655775221 18.80827445161957 75.0
62.056019071508196 18.59966773785554 75.0
62.056015350315455 18.605989260336713 76.0
62.05598181013708 18.662882962644456 77.0
62.055978077952936 18.669204485120552 76.0
62.0559743446685 18.675526007596144 75.0
62.055970610283524 18.681847530071227 76.0
62.05596687479781 18.6881690525458 76.0
62.05596313821114 18.694490575019863 78.0
62.055959400523314 18.70081209749342 80.0
62.0559556617341 18.707133619966463 78.0
62.05595192184328 18.713455142439003 76.0
62.05594818085067 18.719776664911027 76.0
62.055944438756015 18.726098187382547 76.0
62.0559257117449 18.75770579973248 76.0
62.0559219630336 18.764027322200935 77.0
62.05591821321876 18.77034884466888 77.0
62.05591446230018 18.776670367136315 76.0
62.05591071027766 18.782991889603238 76.0
62.05590695715095 18.789313412069646 75.0
62.05590320291985 18.79563493453555 76.0
62.055899447584146 18.801956457000937 77.0
62.05589569114361 18.808277979465814 77.0
62.062520282868775 18.59967103003252 75.0
62.062488905571875 18.656564736753804 76.0
62.06248541406191 18.662886259720615 76.0
62.06248192152248 18.66920778268698 76.0
62.0624784279534 18.6755293056529 76.0
62.06247493335445 18.68185082861837 76.0
62.06247143772545 18.6881723515834 77.0
62.062467941066174 18.694493874547984 78.0
62.06246444337645 18.70081539751212 77.0
62.06246094465605 18.707136920475815 77.0
62.062457444904794 18.713458443439052 77.0
62.06245394412248 18.719779966401855 76.0
62.0624504423089 18.726101489364208 76.0
62.062446939463854 18.732423012326112 75.0
62.062436424737925 18.751387581209148 75.0
62.062432917765015 18.75770910416927 75.0
62.06242940975963 18.76403062712894 76.0
62.06242590072158 18.770352150088165 76.0
62.06242239065065 18.77667367304694 76.0
62.06241887954665 18.782995196005267 75.0
62.062415367409386 18.789316718963146 75.0
62.06241185423863 18.795638241920578 76.0
62.06240834003421 18.801959764877566 77.0
62.0624048247959 18.808281287834102 76.0
62.06240130852351 18.814602810790188 76.0
62.0689890182284 18.66288933806789 76.0
62.068985765333785 18.669210861492 76.0
62.068982511480165 18.67553238491572 76.0
62.068979256667355 18.681853908339054 76.0
62.06897600089515 18.688175431762 77.0
62.06897274416339 18.694496955184558 76.0
62.06896948647187 18.700818478606735 76.0
62.06896622782041 18.707140002028517 76.0
62.06896296820882 18.71346152544992 78.0
62.06895970763691 18.71978304887093 77.0
62.0689564461045 18.72610457229155 76.0
62.0689531836114 18.732426095711794 76.0
62.06894992015743 18.73874761913164 76.0
62.06894012402838 18.757712189388865 75.0
62.06893685672902 18.764033712807166 76.0
62.06893358846786 18.770355236225072 75.0
62.06893031924469 18.7766767596426 76.0
62.06892704905935 18.782998283059733 75.0
62.068923777911614 18.789319806476477 76.0
62.068920505801316 18.795641329892835 76.0
62.068917232728275 18.801962853308805 76.0
62.06891395869229 18.808284376724384 75.0
62.06891068369319 18.814605900139572 75.0
62.06890413080484 18.827248946968787 75.0
62.07551068347226 18.624963054583358 75.0
62.075504666738595 18.63760610228565 76.0
62.075495634981465 18.65657067383659 75.0
62.07549262261995 18.662892197686244 76.0
62.07548960937025 18.669213721535566 76.0
62.0754865952322 18.67553524538456 77.0
62.07548358020562 18.681856769233214 78.0
62.07548056429033 18.688178293081542 76.0
62.075477547486166 18.69449981692954 78.0
62.075474529792956 18.7008213407772 76.0
62.07547151121053 18.707142864624537 76.0
62.07546849173869 18.713464388471536 77.0
62.0754654713773 18.719785912318205 77.0
62.07546245012616 18.726107436164536 76.0
62.07545942798511 18.732428960010544 77.0
62.075456404953975 18.738750483856208 77.0
62.07545338103258 18.74507200770155 79.0
62.07544430392508 18.764036579235565 77.0
62.075441276440905 18.770358103079573 76.0
62.0754382480656 18.776679626923247 75.0
62.075435218798994 18.783001150766584 75.0
62.07543218864091 18.789322674609593 76.0
62.07542309281607 18.80828724613661 75.0
62.07541398896167 18.82725181766063 75.0
62.08201561957034 18.618644168873665 76.0
62.082012851685164 18.62496569311764 75.0
62.08201008298338 18.63128721736134 77.0
62.08200731346485 18.637608741604755 78.0
62.08200454312939 18.643930265847896 75.0
62.08200177197687 18.650251790090746 75.0
62.08199900000712 18.65657331433333 77.0
62.08199622721998 18.66289483857562 79.0
62.0819934536153 18.669216362817632 78.0
62.0819906791929 18.675537887059363 78.0
62.081987903952644 18.68185941130082 79.0
62.081985127894356 18.688180935541993 80.0
62.08198235101789 18.694502459782885 79.0
62.08197957332308 18.70082398402349 79.0
62.08197679480977 18.707145508263817 79.0
62.0819740154778 18.713467032503868 75.0
62.081971235327 18.71978855674363 78.0
62.08196845435724 18.726110080983116 78.0
62.08196567256832 18.73243160522232 78.0
62.08196288996012 18.738753129461237 80.0
62.08196010653244 18.745074653699877 79.0
62.08195732228517 18.751396177938233 78.0
62.0819545372181 18.75771770217631 77.0
62.081951751331104 18.764039226414102 79.0
62.08194896462402 18.770360750651616 78.0
62.08194617709666 18.776682274888838 76.0
62.08194338874888 18.783003799125787 75.0
62.08194059958054 18.78932532336245 75.0
62.08193501878148 18.80196837183493 75.0
62.081926641424566 18.82093294454153 76.0
62.0819238473294 18.827254468776495 75.0
62.08852007681211 18.612325063910095 75.0
62.08851754882374 18.618646588514146 76.0
62.08851502008946 18.62496811311797 77.0
62.08851249060915 18.631289637721554 78.0
62.08850996038266 18.637611162324905 77.0
62.08850742940984 18.64393268692803 75.0
62.088504897690534 18.650254211530914 77.0
62.088502365224606 18.656575736133565 77.0
62.08849983201192 18.662897260735978 77.0
62.088497298052324 18.66921878533816 79.0
62.08849476334567 18.675540309940107 79.0
62.08849222789183 18.681861834541824 81.0
62.08848969169063 18.688183359143302 80.0
62.08848715474194 18.694504883744546 81.0
62.08848461704562 18.700826408345556 82.0
62.088482078601515 18.70714793294633 80.0
62.08847953940949 18.71346945754687 78.0
62.088476999469385 18.719790982147174 78.0
62.08847445878106 18.726112506747246 78.0
62.08847191734438 18.732434031347083 80.0
62.08846937515918 18.73875555594668 78.0
62.088466832225336 18.745077080546046 78.0
62.08846428854268 18.751398605145177 80.0
62.088461744111086 18.757720129744072 78.0
62.088459198930394 18.76404165434273 80.0
62.08845665300046 18.770363178941153 77.0
62.08845410632116 18.776684703539342 76.0
62.08845155889231 18.783006228137292 75.0
62.08844646178545 18.795649277332487 76.0
62.08844136167871 18.808292326526743 75.0
62.08843881050001 18.814613851123514 76.0
62.08843625857091 18.82093537572005 77.0
62.08843370589124 18.82725690031635 76.0
62.09501489840985 18.631291839515278 76.0
62.095012607475475 18.637613364446064 76.0
62.09500802357935 18.65025641430706 76.0
62.09500573061734 18.656577939237266 79.0
62.095003436979184 18.662899464167285 78.0
62.095001142664756 18.669220989097113 80.0
62.094998847673935 18.675542514026745 81.0
62.09499655200656 18.681864038956192 81.0
62.094994255662534 18.688185563885437 81.0
62.09499195864171 18.694507088814493 82.0
62.09498966094396 18.70082861374336 81.0
62.09498736256913 18.70715013867203 81.0
62.09498506351712 18.71347166360051 79.0
62.09498276378779 18.7197931885288 81.0
62.09498046338099 18.72611471345689 81.0
62.09497816229661 18.732436238384796 77.0
62.09497586053451 18.738757763312506 80.0
62.09497355809455 18.74507928824002 80.0
62.09497125497661 18.751400813167344 80.0
62.09496895118057 18.75772233809447 80.0
62.09496664670627 18.764043863021413 78.0
62.09496434155358 18.770365387948157 77.0
62.09496203572238 18.776686912874705 76.0
62.094950496384065 18.808294537504562 75.0
62.094948186479016 18.814616062429952 77.0
62.094945875894524 18.820937587355154 77.0
62.09494356463045 18.827259112280156 75.0
62.094941252686674 18.833580637204967 75.0
62.10151525472676 18.637615347968193 76.0
62.10151320247941 18.64393687319375 75.0
62.10151114962678 18.65025839841916 75.0
62.10150909616875 18.65657992364441 79.0
62.10150704210518 18.662901448869512 79.0
62.10150498743601 18.669222974094456 81.0
62.10150293216107 18.675544499319248 81.0
62.10150087628026 18.681866024543883 82.0
62.10149881979346 18.688187549768365 80.0
62.10149676270056 18.694509074992695 81.0
62.10149470500144 18.700830600216868 81.0
62.10149264669599 18.707152125440892 81.0
62.101490587784056 18.713473650664753 79.0
62.10148852826556 18.719795175888464 82.0
62.101486468140365 18.726116701112023 80.0
62.101484407408364 18.73243822633542 79.0
62.101482346069425 18.73875975155867 80.0
62.10148028412343 18.74508127678176 81.0
62.10147822157028 18.7514028020047 79.0
62.101476158409845 18.757724327227486 79.0
62.10147409464199 18.764045852450113 79.0
62.10147203026663 18.77036737767259 77.0
62.10146996528361 18.776688902894907 76.0
62.10145963124981 18.808296529004174 75.0
62.10145756261846 18.814618054225562 79.0
62.101455493378644 18.820939579446797 79.0
62.10145342353023 18.827261104667876 77.0
62.10145135307311 18.8335826298888 76.0
62.10801971446989 18.631295587403116 75.0
62.10801790211996 18.637617112891256 76.0
62.10801427581624 18.650260163867177 76.0
62.108012461862245 18.656581689354958 77.0
62.108010647373355 18.66290321484262 81.0
62.10800883234947 18.669224740330158 81.0
62.10800701679049 18.675546265817577 81.0
62.1080052006963 18.681867791304878 82.0
62.108003384066805 18.688189316792055 80.0
62.108001566901905 18.69451084227911 80.0
62.10799974920148 18.700832367766054 81.0
62.10799793096544 18.707153893252872 81.0
62.10799611219367 18.71347541873957 79.0
62.10799429288607 18.719796944226143 80.0
62.10799247304254 18.726118469712603 79.0
62.10799065266297 18.73243999519894 78.0
62.10798883174725 18.738761520685152 80.0
62.1079870102953 18.745083046171246 80.0
62.10798518830699 18.75140457165722 79.0
62.10798336578223 18.757726097143074 79.0
62.10798154272091 18.76404762262881 79.0
62.10797971912291 18.77036914811442 76.0
62.107977894988146 18.776690673599912 76.0
62.10796693890159 18.81461982651031 77.0
62.10796511100651 18.820941351994954 77.0
62.10796328257383 18.82726287747948 76.0
62.11453469046404 18.58072492774941 75.0
62.11453312111516 18.587046453468197 75.0
62.11452054963851 18.63761865921523 76.0
62.114518976116884 18.643940184933204 75.0
62.114517402131156 18.650261710651087 75.0
62.11451582768126 18.656583236368874 78.0
62.11451425276711 18.66290476208658 79.0
62.114512677388575 18.669226287804186 80.0
62.11451110154561 18.67554781352171 80.0
62.11450952523809 18.681869339239135 80.0
62.11450794846596 18.68819086495648 79.0
62.1145063712291 18.694512390673726 78.0
62.11450479352743 18.700833916390884 78.0
62.11450321536085 18.70715544210795 78.0
62.1145016367293 18.713476967824924 77.0
62.114500057632654 18.71979849354181 78.0
62.11449847807084 18.726120019258605 79.0
62.11449689804377 18.73244154497531 79.0
62.11449531755133 18.738763070691924 80.0
62.11449373659346 18.745084596408443 81.0
62.114492155170055 18.751406122124877 80.0
62.114490573281024 18.75772764784121 78.0
62.114488990926276 18.76404917355746 78.0
62.114487408105724 18.770370699273624 78.0
62.11448582481927 18.776692224989688 77.0
62.11448424106683 18.78301375070566 75.0
62.114474728761344 18.8209429049996 75.0
62.121036517227516 18.57440472778235 75.0
62.121035186999556 18.58072625369842 75.0
62.121029862159624 18.606012357362037 75.0
62.121028529967234 18.612333883277778 76.0
62.12102319726586 18.637619986940095 75.0
62.12102186310717 18.643941512855513 77.0
62.121020528554986 18.650263038770863 76.0
62.12101919360924 18.656584564686153 76.0
62.12101785826985 18.662906090601375 78.0
62.12101652253673 18.669227616516526 79.0
62.121015186409814 18.675549142431624 79.0
62.12101384988903 18.681870668346647 80.0
62.121012512974296 18.688192194261607 79.0
62.12101117566553 18.69451372017651 79.0
62.12100983796266 18.700835246091337 78.0
62.121008499865624 18.707156772006105 78.0
62.121007161374315 18.7134782979208 78.0
62.12100582248868 18.719799823835437 79.0
62.12100448320862 18.72612134975001 80.0
62.1210031435341 18.73244287566451 80.0
62.121001803465 18.73876440157895 82.0
62.12100046300126 18.745085927493324 80.0
62.1209991221428 18.751407453407637 79.0
62.120997780889546 18.757728979321882 78.0
62.12099643924143 18.764050505236053 77.0
62.12099509719835 18.770372031150167 79.0
62.120993754760256 18.776693557064217 77.0
62.12099241192707 18.783015082978196 77.0
62.120991068698686 18.789336608892114 75.0
62.120989725075056 18.79565813480596 75.0
62.12753568362695 18.58072736134067 75.0
62.127534591734474 18.587048887421425 75.0
62.12753131412281 18.6060134656634 75.0
62.127530220940635 18.612334991743975 75.0
62.12752255962959 18.656585674306758 75.0
62.12752146386501 18.66290720038698 77.0
62.12752036777734 18.66922872646716 78.0
62.12751927136653 18.675550252547296 77.0
62.12751817463251 18.681871778627382 79.0
62.12751707757521 18.688193304707433 79.0
62.12751598019459 18.694514830787433 79.0
62.127514882490566 18.700836356867395 80.0
62.127513784463076 18.707157882947307 78.0
62.12751268611208 18.71347940902718 76.0
62.12751158743749 18.71980093510701 76.0
62.12751048843925 18.726122461186794 78.0
62.12750938911729 18.73244398726653 79.0
62.127508289471564 18.73876551334623 81.0
62.127507189502005 18.74508703942588 78.0
62.127506089208545 18.751408565505486 77.0
62.127504988591106 18.75773009158505 78.0
62.12750388764966 18.76405161766457 76.0
62.127502786384106 18.770373143744045 75.0
62.12750168479441 18.776694669823474 76.0
62.12750058288049 18.783016195902867 76.0
62.12749837807976 18.795659248061504 75.0
62.13403618032975 18.580728250676163 75.0
62.13403362008147 18.59969282931515 75.0
62.13403276616153 18.606014355528096 76.0
62.13403191198959 18.61233588174101 76.0
62.134025925725744 18.65658656523068 76.0
62.13402506953601 18.662908091443384 79.0
62.13402421309383 18.669229617656054 80.0
62.13402335639915 18.675551143868706 80.0
62.134022499451916 18.681872670081326 81.0
62.134021642252115 18.688194196293924 78.0
62.13402078479965 18.694515722506495 78.0
62.134019927094506 18.70083724871904 80.0
62.13401906913663 18.707158774931553 78.0
62.13401821092595 18.713480301144042 77.0
62.134017352462436 18.719801827356502 77.0
62.134016493746046 18.726123353568937 77.0
62.13401563477671 18.732444879781344 75.0
62.13401477555438 18.738766405993726 77.0
62.13401391607903 18.745087932206083 77.0
62.13401305635059 18.751409458418408 78.0
62.134012196369014 18.757730984630708 77.0
62.13401133613426 18.764052510842983 75.0
62.13401047564627 18.770374037055234 76.0
62.134009614905 18.776695563267445 76.0
62.1340087539104 18.78301708947964 76.0
62.134007892662424 18.78933861569181 76.0
62.13400703116101 18.795660141903944 75.0
62.14053483323948 18.599693500643312 76.0
62.14053421825928 18.606015026956104 76.0
62.14052929188114 18.656587237457902 76.0
62.14052867526627 18.662908763770567 78.0
62.14052805846959 18.669230290083213 80.0
62.14052744149108 18.675551816395856 80.0
62.14052682433068 18.681873342708474 80.0
62.14052620698837 18.68819486902108 81.0
62.14052558946411 18.694516395333675 80.0
62.14052497175786 18.700837921646254 80.0
62.14052435386961 18.707159447958816 80.0
62.14052188049565 18.732445553208944 76.0
62.14052126169677 18.738767079521438 75.0
62.14052064271565 18.745088605833917 76.0
62.14052002355226 18.751410132146393 76.0
62.140518164968135 18.77037471108371 75.0
62.14051754507533 18.776696237396123 76.0
62.147036046439965 18.599693953567257 76.0
62.1470322810392 18.662909217368522 76.0
62.14703190388805 18.669230743748617 76.0
62.14703152662572 18.675552270128716 78.0
62.147031149252165 18.681873796508796 78.0
62.14703077176737 18.688195322888884 79.0
62.14703039417133 18.694516849268958 79.0
62.147030016464015 18.700838375649028 79.0
62.14702963864539 18.707159902029094 78.0
62.14702926071545 18.71348142840916 76.0
62.14702850452152 18.726124481169265 75.0
62.147028126257496 18.732446007549314 77.0
62.147027747882056 18.738767533929355 76.0
62.1470262332658 18.76405363944946 75.0
62.147025475288665 18.776696692209487 75.0
62.153535611786474 18.675552505067284 77.0
62.15353547419977 18.6818740314823 79.0
62.15353533657252 18.688195557897323 80.0
62.1535351989047 18.694517084312345 82.0
62.153535061196315 18.700838610727363 81.0
62.15353492344735 18.70716013714238 81.0
62.1535347856578 18.7134816635574 78.0
62.15353464782766 18.719803189972414 79.0
62.15353450995691 18.726124716387428 78.0
62.153534372045556 18.732446242802446 78.0
62.15353423409358 18.73876776921746 77.0
62.15353409610098 18.74508929563247 79.0
62.15353395806774 18.751410822047486 75.0
62.15353381999387 18.7577323484625 75.0
62.15353368187934 18.764053874877508 76.0
62.15353354372416 18.770375401292522 76.0
62.15353340552831 18.77669692770753 75.0
62.153533267291785 18.78301845412254 75.0
62.16003979915691 18.681874047628984 76.0
62.1600399013872 18.688195574046404 79.0
62.160040003647616 18.694517100463827 78.0
62.160040105938165 18.700838626881243 79.0
62.16004020825886 18.707160153298663 80.0
62.16004031060971 18.713481679716086 78.0
62.160040412990696 18.719803206133502 77.0
62.16004051540186 18.726124732550925 78.0
62.16004061784317 18.73244625896834 78.0
62.16004072031466 18.738767785385757 77.0
62.160040822816335 18.745089311803177 78.0
62.16004092534819 18.75141083822059 78.0
62.16004102791023 18.75773236463801 77.0
62.16004113050247 18.764053891055426 77.0
62.1600412331249 18.770375417472838 75.0
62.16004133577754 18.776696943890254 76.0
62.160041438460404 18.78301847030767 76.0
62.16004164391676 18.7956615231425 75.0
62.16654412410697 18.68187384494884 76.0
62.1665444661948 18.688195371336125 77.0
62.16654480838344 18.694516897723403 77.0
62.16654515067293 18.700838424110678 76.0
62.16654549306328 18.70715995049795 78.0
62.166545835554516 18.713481476885214 79.0
62.16654617814664 18.71980300327248 78.0
62.1665465208397 18.72612452965974 76.0
62.16654686363369 18.732446056047 77.0
62.166547206528655 18.738767582434242 77.0
62.16654754952458 18.745089108821492 76.0
62.16654789262152 18.751410635208735 80.0
62.166548235819484 18.757732161595975 80.0
62.16654857911846 18.764053687983207 78.0
62.16654892251853 18.770375214370432 78.0
62.16654926601965 18.77669674075766 78.0
62.16654960962188 18.78301826714488 77.0
62.16655029712972 18.795661319919308 76.0
62.166550985042186 18.80830437269372 75.0
62.17305019538398 18.700838002415665 76.0
62.17305077784397 18.70715952874024 80.0
62.17305136047558 18.713481055064804 80.0
62.17305194327885 18.719802581389352 77.0
62.1730525262538 18.72612410771389 78.0
62.17305310940044 18.732445634038417 77.0
62.17305369271885 18.738767160362926 77.0
62.17305427620905 18.745088686687428 75.0
62.173054859871066 18.751410213011916 78.0
62.17305544370492 18.757731739336393 80.0
62.17305602771066 18.764053265660856 81.0
62.17305661188831 18.770374791985308 82.0
62.17305719623792 18.776696318309746 81.0
62.17305778075952 18.783017844634166 80.0
62.17305836545313 18.789339370958583 75.0
62.17305895031879 18.795660897282986 76.0
62.173060120566404 18.80830394993175 75.0
62.17306070594842 18.814625476256115 75.0
62.17955359572232 18.688194309337486 75.0
62.17955441776738 18.69451583556686 77.0
62.179555240054704 18.700837361796214 79.0
62.17955606258432 18.707158888025546 77.0
62.179556885356284 18.713480414254843 76.0
62.17955770837066 18.71980194048413 77.0
62.17955853162747 18.72612346671338 76.0
62.17955935512678 18.732444992942607 76.0
62.179561002853056 18.745088045400994 77.0
62.17956182708012 18.751409571630145 76.0
62.17956265154986 18.757731097859278 78.0
62.17956347626233 18.764052624088382 81.0
62.17956430121758 18.770374150317462 82.0
62.179565126415646 18.776695676546517 80.0
62.179565951856596 18.78301720277555 80.0
62.179566777540444 18.789338729004555 75.0
62.179568429637094 18.80198178146249 75.0
62.179569256049994 18.80830330769143 76.0
62.17957008270599 18.814624833920334 76.0
62.1795717367475 18.827267886378074 75.0
62.18605922238225 18.694514976150764 75.0
62.18606028466845 18.700836502252336 77.0
62.186061347267675 18.707158028353867 76.0
62.18606241017998 18.713479554455358 77.0
62.18606347340544 18.719801080556806 77.0
62.1860645369441 18.726122606658212 77.0
62.18606666496128 18.738765658860906 76.0
62.18606772943992 18.745087184962188 77.0
62.18606879423202 18.751408711063437 77.0
62.18606985933762 18.757730237164633 80.0
62.18607092475679 18.76405176326579 80.0
62.18607199048961 18.770373289366916 81.0
62.18607305653611 18.776694815467994 81.0
62.186074122896365 18.783016341569027 80.0
62.186075189570445 18.789337867670024 78.0
62.18607625655841 18.795659393770975 76.0
62.186078391476194 18.80830244597276 77.0
62.186079459406145 18.81462397207359 79.0
62.186080527650226 18.82094549817438 78.0
62.18608159620849 18.827267024275123 78.0
62.186082665080995 18.83358855037583 78.0
62.19256402692357 18.694513897842793 76.0
62.19256663187742 18.707156949725224 75.0
62.192567934930025 18.713478475666346 76.0
62.19256923836654 18.719800001607407 77.0
62.192570542187 18.72612152754841 75.0
62.192571846391516 18.732443053489344 78.0
62.19257315098015 18.738764579430224 77.0
62.19257445595297 18.745086105371033 77.0
62.19257576131007 18.751407631311785 79.0
62.192577067051495 18.757729157252477 78.0
62.19257837317735 18.764050683193105 80.0
62.19257967968768 18.770372209133672 79.0
62.19258098658259 18.776693735074176 79.0
62.19258229386214 18.78301526101462 81.0
62.192583601526394 18.78933678695499 78.0
62.19258490957546 18.795658312895313 76.0
62.19258752682825 18.808301364775758 77.0
62.19258883603212 18.814622890715892 79.0
62.1925901456211 18.82094441665596 76.0
62.192591455595235 18.827265942595968 76.0
62.19259276595462 18.833587468535914 76.0
62.19904268199661 18.587046662907337 75.0
62.199044216568076 18.59336818865718 75.0
62.19906728954524 18.688191074894505 75.0
62.19906883137472 18.69451260064297 75.0
62.199073459589776 18.713477177887835 76.0
62.19907500323729 18.71979870363595 76.0
62.19907654733954 18.726120229383977 76.0
62.199078091896595 18.732441755131923 79.0
62.199079636908564 18.738763280879777 80.0
62.19908118237553 18.74508480662755 81.0
62.199082728297576 18.751406332375225 82.0
62.1990842746748 18.757727858122824 81.0
62.19908582150728 18.76404938387033 79.0
62.19908736879511 18.770370909617753 79.0
62.19908891653837 18.776692435365085 82.0
62.19909046473718 18.783013961112335 82.0
62.199092013391585 18.789335486859493 79.0
62.19909356250171 18.795657012606565 77.0
62.19909511206762 18.801978538353552 78.0
62.1990966620894 18.808300064100447 78.0
62.19909821256718 18.81462158984726 77.0
62.19909976350099 18.82094311559398 76.0
62.199101314890974 18.827264641340623 75.0
62.19910286673719 18.83358616708717 75.0
62.2055381001984 18.56808057406785 75.0
62.20553987199871 18.574402099593115 75.0
62.20554164432219 18.580723625118267 76.0
62.20554341716891 18.58704515064331 77.0
62.20554519053899 18.59336667616823 79.0
62.20554696443253 18.599688201693038 78.0
62.20557363571908 18.69451108455131 75.0
62.20558433729461 18.732440237687328 79.0
62.20558612272987 18.738761763209595 81.0
62.20558790869093 18.745083288731742 82.0
62.205589695177885 18.751404814253778 84.0
62.20559148219085 18.757726339775694 82.0
62.2055932697299 18.76404786529749 82.0
62.20559505779518 18.77036939081918 82.0
62.20559684638676 18.776690916340744 83.0
62.20559863550476 18.783012441862198 81.0
62.205600425149264 18.789333967383534 78.0
62.2056022153204 18.795655492904753 78.0
62.205604006018255 18.801977018425855 77.0
62.205605797242924 18.80829854394684 79.0
62.205607588994525 18.81462006946771 79.0
62.205609381273156 18.820941594988465 75.0
62.20561117407892 18.8272631205091 75.0
62.20561296741193 18.83358464602962 76.0
62.20561476127226 18.839906171550027 76.0
62.212032091673244 18.549114268431836 75.0
62.21203410028065 18.555435793700248 75.0
62.212038119275334 18.56807884423663 75.0
62.21204214064393 18.58072189477242 75.0
62.21204415221875 18.5870434200401 78.0
62.21204616438739 18.593364945307624 80.0
62.21204817714997 18.599686470574998 77.0
62.212068337467905 18.66290172324061 75.0
62.212090582568884 18.73243850115559 75.0
62.21209260842739 18.738760026419698 80.0
62.212094634882476 18.74508155168365 83.0
62.21209666193428 18.751403076947454 82.0
62.21209868958293 18.75772460221111 84.0
62.21210071782853 18.764046127474614 84.0
62.21210274667119 18.77036765273797 85.0
62.212104776111026 18.776689178001174 84.0
62.212106806148164 18.78301070326423 81.0
62.212108836782726 18.78933222852714 78.0
62.21211086801482 18.7956537537899 80.0
62.212112899844556 18.801975279052506 78.0
62.21211493227205 18.80829680431496 80.0
62.21211696529743 18.814618329577268 80.0
62.212118998920815 18.82093985483943 78.0
62.21212103314231 18.82726138010144 77.0
62.21212306796205 18.833582905363297 78.0
62.21212510338012 18.839904430625 78.0
62.212127139396664 18.846225955886556 75.0
62.21853364225584 18.555433846206682 75.0
62.21854263682676 18.580719946119896 76.0
62.2185448871296 18.587041471097734 78.0
62.218547138096746 18.59336299607539 79.0
62.21854938972831 18.59968452105285 78.0
62.218551642024444 18.606006046030142 76.0
62.21855840290145 18.624970620960873 75.0
62.21856065785709 18.631292145937415 76.0
62.21857194261594 18.66289977081732 78.0
62.218596827702775 18.73243654553673 76.0
62.218599093984444 18.738758070510105 76.0
62.218601360933505 18.745079595483286 79.0
62.218603628550106 18.751401120456286 80.0
62.218605896834376 18.757722645429098 83.0
62.21860816578644 18.764044170401718 83.0
62.21861043540642 18.770365695374156 82.0
62.21861270569447 18.776687220346403 83.0
62.218614976650684 18.783008745318465 85.0
62.21861724827523 18.789330270290343 81.0
62.21861952056821 18.79565179526203 81.0
62.21862179352977 18.80197332023353 82.0
62.218624067160036 18.808294845204845 79.0
62.21862634145913 18.814616370175965 81.0
62.21862861642721 18.820937895146905 81.0
62.21863089206437 18.82725942011765 78.0
62.218633168370765 18.833580945088215 78.0
62.21863544534653 18.839902470058586 78.0
62.21863772299177 18.846223995028776 78.0
62.21864000130664 18.85254551999877 76.0
62.21864228029126 18.85886704496858 75.0
62.2250431328542 18.58071777916071 76.0
62.225045621885 18.587039303816244 77.0
62.22504811165057 18.593360828471553 77.0
62.22505060215105 18.59968235312663 78.0
62.2250530933866 18.606003877781486 78.0
62.225055585357346 18.612325402436117 77.0
62.22505807806344 18.618646927090513 77.0
62.22506057150501 18.62496845174469 76.0
62.225063065682214 18.63128997639863 75.0
62.22506556059519 18.63761150105235 75.0
62.22507304975018 18.65657607501214 75.0
62.225075547607666 18.662897599664948 75.0
62.22507804620164 18.669219124317525 76.0
62.22508054553224 18.675540648969882 75.0
62.22508304559962 18.681862173622008 75.0
62.22510557938436 18.738755895480853 78.0
62.22510808682734 18.74507742013069 79.0
62.225110595008665 18.751398944780306 82.0
62.22511310392849 18.757720469429685 80.0
62.225115613586944 18.76404199407884 82.0
62.22511812398418 18.77036351872777 81.0
62.22512063512036 18.776685043376464 81.0
62.22512314699559 18.78300656802493 82.0
62.22512565961004 18.789328092673163 82.0
62.22512817296385 18.79564961732118 82.0
62.22513068705717 18.801971141968956 81.0
62.225133201890124 18.808292666616506 79.0
62.225135717462884 18.81461419126383 79.0
62.22513823377556 18.820935715910917 80.0
62.22514075082833 18.827257240557778 78.0
62.22514326862133 18.83357876520441 78.0
62.22514578715469 18.83990028985081 78.0
62.225148306428565 18.846221814496985 77.0
62.225150826443105 18.852543339142922 76.0
62.22515334719845 18.858864863788632 75.0
62.23154090175616 18.57439386959387 77.0
62.23154362870975 18.5807153938949 77.0
62.23154635646843 18.58703691819566 75.0
62.23154908503236 18.593358442496154 76.0
62.23155181440168 18.59967996679637 76.0
62.23155454457658 18.60600149109631 79.0
62.23155727555717 18.61232301539598 79.0
62.23156000734365 18.618644539695378 77.0
62.23156273993615 18.624966063994506 76.0
62.23156547333485 18.631287588293354 75.0
62.2315818906656 18.669216734080727 76.0
62.23158462971195 18.675538258377667 78.0
62.231587369565744 18.68185978267433 77.0
62.231609317482686 18.73243197703778 75.0
62.23161206461049 18.738753501331978 77.0
62.2316148125473 18.7450750256259 82.0
62.23161756129326 18.751396549919544 81.0
62.23162031084856 18.75771807421292 83.0
62.231623061213355 18.764039598506013 82.0
62.23162581238777 18.770361122798835 82.0
62.23162856437198 18.776682647091384 80.0
62.231631317166155 18.783004171383656 80.0
62.23163407077044 18.789325695675654 82.0
62.23163682518501 18.79564721996737 82.0
62.23163958040998 18.801968744258822 81.0
62.23164233644556 18.808290268549992 80.0
62.23164509329189 18.814611792840882 83.0
62.231647850949116 18.820933317131505 82.0
62.231650609417414 18.827254841421844 82.0
62.231653368696925 18.833576365711917 80.0
62.23165612878781 18.839897890001705 80.0
62.23165888969025 18.84621941429122 77.0
62.23166165140438 18.852540938580457 75.0
62.23166717726836 18.865183987158105 75.0
62.23804115876601 18.57439126640867 78.0
62.238044124376934 18.58071279032251 77.0
62.238047090863404 18.58703431423603 76.0
62.23805005822561 18.593355838149222 75.0
62.238053026463696 18.599677362062092 75.0
62.23805599557784 18.605998885974646 78.0
62.23805896556822 18.612320409886873 79.0
62.238061936435 18.618641933798777 77.0
62.238076803920826 18.650249553353454 75.0
62.23808275705591 18.662892601173063 75.0
62.23808871370205 18.675535648991378 75.0
62.23809169334217 18.681857172900052 75.0
62.23811556209541 18.732429364157756 76.0
62.23811854964615 18.738750888063507 77.0
62.23812153807671 18.745072411968938 79.0
62.238124527387235 18.751393935874038 81.0
62.23812751757793 18.75771545977882 82.0
62.23813050864894 18.76403698368327 83.0
62.238133500600455 18.770358507587396 82.0
62.23813649343264 18.7766800314912 81.0
62.238139487145666 18.783001555394677 81.0
62.2381424817397 18.789323079297834 79.0
62.23814547721493 18.79564460320066 80.0
62.2381484735715 18.801966127103157 82.0
62.23815147080962 18.80828765100533 79.0
62.23815446892943 18.81460917490718 78.0
62.23815746793112 18.820930698808702 81.0
62.23816046781485 18.827252222709898 79.0
62.23816346858079 18.833573746610764 78.0
62.23816647022913 18.83989527051131 76.0
62.24454461983927 18.58070996844358 76.0
62.24455423832058 18.599674538923853 78.0
62.24455744637389 18.605996062416526 77.0
62.24456065537395 18.612317585908826 76.0
62.24456386532094 18.618639109400746 76.0
62.244583144898655 18.656568250344353 75.0
62.24458636147928 18.66288977383363 75.0
62.2445895790083 18.669211297322537 75.0
62.2445960169123 18.681854344299204 76.0
62.24459923728762 18.68817586778697 76.0
62.24460245861209 18.694497391274364 75.0
62.24461857947793 18.726105008705638 76.0
62.24462180650109 18.732426532190754 78.0
62.24462503447468 18.738748055675494 80.0
62.24462826339888 18.74506957915985 79.0
62.24463149327389 18.751391102643833 81.0
62.244634724099875 18.75771262612744 83.0
62.24463795587703 18.76403414961066 84.0
62.244641188605556 18.7703556730935 83.0
62.24464442228562 18.77667719657596 81.0
62.2446476569174 18.782998720058043 82.0
62.2446508925011 18.789320243539745 80.0
62.24465412903689 18.795641767021067 80.0
62.244657366524976 18.801963290502005 80.0
62.24466060496552 18.80828481398257 81.0
62.24466384435873 18.81460633746275 77.0
62.24466708470477 18.820927860942547 78.0
62.244670326003856 18.827249384421968 80.0
62.24467356825615 18.833570907901006 79.0
62.24467681146184 18.839892431379667 77.0
62.24468005562111 18.84621395485794 75.0
62.25104167215493 18.574385405216084 75.0
62.25105200398051 18.593349974340942 77.0
62.25105544995583 18.599671497381692 76.0
62.251058896948216 18.605993020422 76.0
62.25106234495786 18.612314543461885 76.0
62.251065793984964 18.61863606650133 76.0
62.251072695092326 18.63127911257892 75.0
62.25107614717297 18.637600635617055 76.0
62.25108996568002 18.66288672776526 75.0
62.251093422853884 18.669208250801226 75.0
62.25109688104697 18.675529773836747 75.0
62.2511003402595 18.681851296871837 76.0
62.25110380049165 18.68817281990649 76.0
62.25110726174364 18.694494342940704 76.0
62.25112805068306 18.732423481136816 78.0
62.2511315190794 18.73874500416797 79.0
62.251134988497164 18.74506652719869 79.0
62.25113845893654 18.751388050228968 83.0
62.25114193039773 18.757709573258808 84.0
62.25114540288093 18.764031096288214 82.0
62.25114887638635 18.770352619317176 80.0
62.25115235091418 18.776674142345698 81.0
62.25115582646463 18.78299566537379 82.0
62.251159303037895 18.789317188401437 80.0
62.251162780634154 18.795638711428644 79.0
62.251166259253644 18.801960234455414 80.0
62.25116973889653 18.808281757481748 79.0
62.25117321956303 18.81460328050764 79.0
62.25117670125334 18.820924803533092 80.0
62.25118018396766 18.827246326558104 82.0
62.2511836677062 18.833567849582675 81.0
62.25118715246914 18.839889372606812 79.0
62.25119063825671 18.8462108956305 75.0
62.25756403430341 18.612311282546102 76.0
62.25756772241052 18.618632805100585 75.0
62.25760096436861 18.675526508068497 76.0
62.25760466336718 18.681848030617992 76.0
62.25761206463545 18.69449107571549 75.0
62.25763429462466 18.73242021099599 76.0
62.257638003443645 18.738741733540994 78.0
62.25764171335486 18.74506325608549 80.0
62.25764542435849 18.75138477862949 83.0
62.25764913645477 18.757706301172988 84.0
62.257652849643925 18.764027823715985 81.0
62.25765656392614 18.770349346258477 81.0
62.257660279301646 18.776670868800473 84.0
62.25766399577065 18.782992391341963 79.0
62.25766771333336 18.789313913882953 80.0
62.25767143199 18.795635436423442 81.0
62.25767515174076 18.80195695896343 81.0
62.25767887258589 18.808278481502914 80.0
62.25768259452558 18.814600004041896 79.0
62.257686317560044 18.820921526580374 80.0
62.25769004168951 18.827243049118355 80.0
62.25769376691418 18.833564571655824 81.0
62.257697493234275 18.839886094192796 79.0
62.264101109810525 18.669201501474408 76.0
62.26410504743425 18.675523023506347 77.0
62.264108986218744 18.68184454553773 78.0
62.26411292616422 18.68816606756853 76.0
62.26411686727093 18.694487589598772 75.0
62.26412080953905 18.700809111628452 79.0
62.264124752968854 18.707130633657563 76.0
62.264128697560544 18.713452155686106 76.0
62.26413659023051 18.72609519974149 75.0
62.26414053830924 18.732416721768328 77.0
62.26414448755076 18.738738243794607 78.0
62.26414843795529 18.745059765820315 81.0
62.26415238952309 18.75138128784545 83.0
62.26415634225435 18.757702809870022 82.0
62.26416029614933 18.76402433189402 81.0
62.26416425120822 18.77034585391746 85.0
62.264168207431275 18.776667375940324 84.0
62.26417216481871 18.782988897962625 80.0
62.264176123370774 18.78931041998435 82.0
62.26418008308765 18.79563194200551 82.0
62.2641840439696 18.801953464026102 83.0
62.26418800601685 18.80827498604612 81.0
62.264191969229614 18.81459650806557 81.0
62.26419593360813 18.82091803008445 80.0
62.26419989915262 18.82723955210276 80.0
62.264203865863315 18.833561074120503 78.0
62.26420783374044 18.839882596137674 78.0
62.27060495288841 18.669197798669007 75.0
62.270609130227285 18.675519320150364 76.0
62.27061748859955 18.688162363111164 75.0
62.27062166963343 18.69448388459061 76.0
62.270625851899446 18.700805406069417 78.0
62.27063003539785 18.707126927547584 77.0
62.27063422012888 18.713448449025115 76.0
62.27063840609277 18.71976997050201 76.0
62.27064678172012 18.732413013453886 77.0
62.27065097138405 18.738734534928863 77.0
62.2706551622818 18.745056056403204 80.0
62.270659354413624 18.751377577876905 81.0
62.270663547779755 18.757699099349963 81.0
62.27066774238042 18.764020620822386 85.0
62.270671938215884 18.770342142294172 86.0
62.270676135286365 18.776663663765312 82.0
62.27068033359213 18.782985185235816 81.0
62.27068453313339 18.789306706705673 82.0
62.27068873391041 18.79562822817489 83.0
62.27069293592343 18.80194974964348 82.0
62.27069713917267 18.80827127111142 80.0
62.270701343658395 18.814592792578715 80.0
62.27070554938082 18.82091431404537 81.0
62.27070975634022 18.82723583551139 80.0
62.27071396453681 18.833557356976765 76.0
62.27071817397084 18.839878878441496 76.0
62.27072238464255 18.846200399905584 78.0
62.27705589250186 18.59333562626801 75.0
62.27712647170635 18.694479960691048 76.0
62.277130893970124 18.700801481586446 77.0
62.277135317537 18.707123002481122 75.0
62.27713974240724 18.713444523375088 75.0
62.27714416858109 18.719766044268344 76.0
62.27714859605881 18.72608756516088 75.0
62.27715302484065 18.732409086052712 76.0
62.27715745492686 18.738730606943825 78.0
62.27716188631769 18.745052127834217 79.0
62.277166319013425 18.7513736487239 80.0
62.27717075301427 18.757695169612873 83.0
62.27717518832052 18.764016690501126 85.0
62.277179624932415 18.770338211388665 86.0
62.27718406285021 18.776659732275487 83.0
62.27718850207416 18.782981253161594 81.0
62.277192942604515 18.78930277404699 83.0
62.277197384441536 18.79562429493166 83.0
62.27720182758547 18.80194581581562 81.0
62.27720627203659 18.80826733669887 79.0
62.27721071779513 18.81458885758139 78.0
62.27721516486135 18.8209103784632 78.0
62.27721961323552 18.827231899344287 78.0
62.277224062917895 18.833553420224664 76.0
62.27722851390871 18.839874941104316 75.0
62.28355686391337 18.59333149332169 75.0
62.28357543339758 18.618617574485256 75.0
62.283635935734466 18.700797338179594 76.0
62.28364059936969 18.707118858458234 76.0
62.283645264379 18.71344037873608 76.0
62.28364993076267 18.71976189901314 76.0
62.28365459852097 18.7260834192894 79.0
62.283659267654166 18.73240493956487 78.0
62.283663938162526 18.738726459839544 78.0
62.28366861004631 18.745047980113426 77.0
62.283673283305795 18.751369500386513 81.0
62.283677957941244 18.757691020658804 82.0
62.28368263395294 18.76401254093031 86.0
62.28368731134112 18.77033406120101 87.0
62.283691990106085 18.776655581470916 85.0
62.283696670248084 18.782977101740034 84.0
62.2837013517674 18.789298622008346 83.0
62.283706034664284 18.79562014227587 83.0
62.28371071893901 18.801941662542596 83.0
62.28371540459186 18.80826318280852 82.0
62.28372009162309 18.814584703073656 81.0
62.28372478003297 18.82090622333799 77.0
62.28372946982177 18.827227743601526 77.0
62.28373416098978 18.833549263864267 76.0
62.28373885353723 18.83987078412621 75.0
62.2900773603829 18.618613220578638 75.0
62.290155692620864 18.719757534736463 75.0
62.2901606006596 18.72607905436388 77.0
62.29016551014401 18.732400573990425 79.0
62.290170421074365 18.738722093616094 77.0
62.290175333450954 18.745043613240888 78.0
62.29018024727406 18.7513651328648 78.0
62.29018516254396 18.757686652487834 81.0
62.29019007926095 18.76400817210999 83.0
62.29019499742529 18.770329691731263 82.0
62.29019991703728 18.776651211351663 84.0
62.29020483809719 18.78297273097118 84.0
62.29020976060531 18.78929425058982 84.0
62.29021468456192 18.79561577020758 84.0
62.290219609967295 18.80193728982446 84.0
62.29022453682173 18.808258809440453 85.0
62.290229465125506 18.81458032905557 82.0
62.290234394878894 18.820901848669806 78.0
62.290239326082194 18.82722336828316 77.0
62.29024425873568 18.833544887895634 75.0
62.290249192839646 18.839866407507223 76.0
62.296661454139006 18.71975295143837 75.0
62.29666660245804 18.72607447038439 77.0
62.296671752293506 18.73239598932945 76.0
62.296676903645725 18.738717508273535 78.0
62.296682056514975 18.745039027216663 79.0
62.296687210901545 18.75136054615882 79.0
62.29669236680576 18.757682065100013 79.0
62.29669752422787 18.76400358404024 83.0
62.29670268316821 18.770325102979502 82.0
62.296707843627075 18.77664662191779 83.0
62.296713005604744 18.782968140855118 84.0
62.296718169101524 18.789289659791475 85.0
62.2967233341177 18.795611178726855 85.0
62.29672850065357 18.801932697661275 85.0
62.29673366870945 18.808254216594726 83.0
62.29673883828561 18.81457573552721 80.0
62.29674400938237 18.820897254458718 80.0
62.29674918200001 18.82721877338926 79.0
62.29675435613884 18.833540292318833 76.0
62.296759531799154 18.83986181124743 75.0
62.30317799408601 18.732391185582003 77.0
62.30318338585992 18.738712703811952 78.0
62.303188779221664 18.745034222040836 78.0
62.30319417417155 18.75135574026866 78.0
62.3031995707099 18.757677258495427 78.0
62.30320496883701 18.763998776721134 81.0
62.3032103685532 18.770320294945783 81.0
62.303215769858774 18.776641813169377 83.0
62.30322117275405 18.782963331391905 82.0
62.303226577239315 18.78928484961337 83.0
62.30323198331491 18.795606367833784 83.0
62.30323739098112 18.80192788605313 82.0
62.30324280023827 18.80824940427141 80.0
62.30324821108667 18.814570922488635 78.0
62.30325362352663 18.820892440704796 78.0
62.30325903755846 18.8272139589199 78.0
62.303264453182464 18.833535477133932 77.0
62.309644856551614 18.688135540333306 75.0
62.30965047714561 18.694457057824604 76.0
62.30965609939598 18.700778575314747 75.0
62.30968423550486 18.732386162748167 76.0
62.309689867700286 18.738707680231396 79.0
62.30969550155437 18.745029197713464 79.0
62.30970113706741 18.75135071519438 78.0
62.30970677423973 18.757672232674143 78.0
62.309712413071665 18.763993750152743 78.0
62.30971805356353 18.770315267630192 81.0
62.30972369571564 18.776636785106483 83.0
62.309729339528346 18.78295830258162 82.0
62.30973498500195 18.789279820055594 81.0
62.30974063213679 18.79560133752842 81.0
62.30974628093318 18.801922855000083 81.0
62.309751931391446 18.808244372470586 79.0
62.30975758351191 18.81456588993993 79.0
62.30976323729491 18.82088740740812 79.0
62.30976889274075 18.827208924875144 78.0
62.30977454984978 18.833530442341015 76.0
62.309780208622286 18.839851959805724 75.0
62.31614941661196 18.68813030386536 75.0
62.316155277132076 18.694451820578074 75.0
62.31619047653338 18.73238092082802 75.0
62.316196349150175 18.73870243753196 77.0
62.316202223496404 18.745023954234643 78.0
62.31621397737854 18.75766698763623 77.0
62.31621985691512 18.76398850433515 80.0
62.316225738182496 18.770310021032802 81.0
62.31623162118099 18.776631537729198 82.0
62.31623750591095 18.78295305442434 80.0
62.316243392372726 18.789274571118227 82.0
62.31624928056663 18.79559608781085 79.0
62.316255170493015 18.801917604502215 80.0
62.316261062152215 18.808239121192322 80.0
62.316266955544585 18.81456063788117 79.0
62.31627285067044 18.820882154568757 76.0
62.31627874753013 18.827203671255084 77.0
62.31628464612399 18.83352518794015 75.0
62.32266007671262 18.694446364440648 75.0
62.32266617895649 18.700767880340877 76.0
62.32268449647832 18.71973242803341 75.0
62.32269060591684 18.726053943928203 76.0
62.32269671715492 18.732375459821643 76.0
62.322702830192874 18.73869697571372 79.0
62.32270894503109 18.745018491604437 79.0
62.3227150616699 18.75134000749379 77.0
62.322721180109646 18.75766152338179 79.0
62.32272730035069 18.76398303926842 80.0
62.322733422393384 18.770304555153693 79.0
62.32273954623809 18.776626071037605 81.0
62.32274567188512 18.78294758692015 81.0
62.32275179933487 18.789269102801335 81.0
62.32275792858767 18.795590618681157 80.0
62.32276405964388 18.801912134559615 79.0
62.32277019250384 18.808233650436705 80.0
62.32277632716792 18.81455516631243 80.0
62.32278246363645 18.820876682186793 76.0
62.32278860190981 18.82719819805979 76.0
62.32914586035925 18.67547614423426 75.0
62.329171218110986 18.70076220446886 75.0
62.32918390819858 18.713405234577365 76.0
62.32919025604658 18.719726749629416 78.0
62.32919660576453 18.726048264679996 78.0
62.3292029573528 18.73236977972911 80.0
62.32920931081176 18.73869129477676 80.0
62.329215666141764 18.74501280982294 78.0
62.32922202334316 18.751334324867642 79.0
62.32922838241636 18.757655839910882 78.0
62.32923474336169 18.763977354952655 77.0
62.329241106179516 18.77029886999295 79.0
62.32924747087022 18.776620385031777 81.0
62.32925383743416 18.78294190006913 79.0
62.329260205871684 18.78926341510501 79.0
62.329266576183194 18.795584930139416 79.0
62.32927294836903 18.801906445172353 78.0
62.32927932242956 18.808227960203816 78.0
62.32928569836517 18.8145494752338 77.0
62.329292076176195 18.82087099026231 76.0
62.33553189499817 18.5616829973468 75.0
62.335682841002324 18.707077823852117 76.0
62.33568942711846 18.713399338029088 75.0
62.33569601517493 18.719720852204482 79.0
62.33570260517211 18.72604236637829 78.0
62.33570919711039 18.732363880550523 78.0
62.335715790990136 18.738685394721166 76.0
62.335722386811725 18.745006908890236 79.0
62.33572898457555 18.751328423057714 78.0
62.335735584281984 18.75764993722361 77.0
62.335742185931394 18.76397145138793 78.0
62.33574878952416 18.770292965550663 80.0
62.33575539506068 18.776614479711803 81.0
62.335762002541315 18.782935993871366 77.0
62.335768611966444 18.789257508029344 77.0
62.335775223336455 18.795579022185727 77.0
62.33578183665173 18.801900536340533 77.0
62.335788451912634 18.808222050493743 77.0
62.33579506911956 18.814543564645366 76.0
62.34203844976209 18.567998416903123 75.0
62.34219494558197 18.71339322249253 78.0
62.34220177384672 18.719714735758707 80.0
62.34220860412292 18.72603624902318 78.0
62.342215436411 18.73235776228596 78.0
62.342222270711346 18.738679275547042 80.0
62.34222910702433 18.745000788806415 80.0
62.34223594535036 18.751322302064093 79.0
62.34224278568983 18.75764381532007 76.0
62.34224962804312 18.763965328574347 79.0
62.342256472410625 18.77028684182692 77.0
62.34226331879275 18.776608355077787 78.0
62.34227016718989 18.782929868326953 77.0
62.34227701760241 18.78925138157442 76.0
62.342283870030734 18.79557289482018 75.0
62.34229072447523 18.80189440806423 75.0
62.342297580936304 18.80821592130658 76.0
62.342304439414356 18.814537434547223 76.0
62.348531443845296 18.56167059163785 75.0
62.348700463572484 18.713386887967783 75.0
62.34870753204529 18.719708400292184 78.0
62.34871460260031 18.726029912614766 78.0
62.34872167523799 18.732351424935523 78.0
62.34872874995871 18.73867293725446 80.0
62.34873582676289 18.744994449571575 79.0
62.348742905650916 18.75131596188687 80.0
62.348749986623204 18.75763747420034 80.0
62.34875706968016 18.76395898651199 79.0
62.3487641548222 18.77028049882181 78.0
62.34877124204973 18.776602011129807 76.0
62.34877833136314 18.782923523435983 75.0
62.348785422762845 18.789245035740336 76.0
62.34879251624926 18.79556654804286 75.0
62.348799611822784 18.80188806034355 75.0
62.348806709483824 18.80820957264242 76.0
62.348813809232794 18.814531084939457 76.0
62.35504573396136 18.574307084262568 75.0
62.355213289754005 18.719701845805012 75.0
62.355220600587636 18.72602335715313 79.0
62.35522791357469 18.732344868499304 78.0
62.35523522871557 18.738666379843536 80.0
62.355242546010714 18.74498789118581 78.0
62.355249865460515 18.751309402526147 81.0
62.35525718706542 18.757630913864528 82.0
62.35526451082583 18.763952425200962 80.0
62.35527183674219 18.770273936535443 80.0
62.35527916481489 18.776595447867976 78.0
62.35528649504437 18.78291695919856 76.0
62.35529382743105 18.789238470527188 77.0
62.35530116197534 18.795559981853867 75.0
62.355308498677665 18.801881493178588 75.0
62.355315837538456 18.80820300450136 75.0
62.355323178558116 18.814524515822175 75.0
62.36156098662673 18.586943354655798 75.0
62.36173415140443 18.73233809297741 77.0
62.36174170696525 18.738659603314357 79.0
62.361749264751126 18.74498111364923 80.0
62.361756824762494 18.75130262398202 81.0
62.36176438699978 18.757624134312728 82.0
62.36177195146344 18.763945644641364 81.0
62.361779518153874 18.770267154967915 81.0
62.361787087071534 18.776588665292387 79.0
62.36179465821686 18.782910175614774 75.0
62.36180223159026 18.789231685935086 76.0
62.361809807192216 18.795553196253305 77.0
62.361817385023116 18.801874706569443 75.0
62.36824818469109 18.738652607667042 77.0
62.36825598296747 18.74497411696192 81.0
62.36826378354017 18.751295626254596 80.0
62.36827158640961 18.75761713554505 81.0
62.36827939157626 18.763938644833296 80.0
62.368287199040545 18.770260154119327 79.0
62.368295008802924 18.77658166340314 78.0
62.36830282086387 18.78290317268474 75.0
62.36831845188315 18.79554619124128 75.0
62.368326270842395 18.801867700516226 75.0
62.36833409210198 18.80818920978895 75.0
62.37446683890405 18.511071095338608 75.0
62.37447479275988 18.51739260364506 76.0
62.37450663169423 18.542678636847633 75.0
62.3747546618764 18.738645392901688 77.0
62.37476270064305 18.74496690112401 78.0
62.37477074177684 18.75128840934398 79.0
62.3747787852782 18.757609917561602 81.0
62.37478683114761 18.763931425776875 79.0
62.37479487938551 18.770252933989788 79.0
62.37480292999238 18.77657444220035 79.0
62.37481098296868 18.782895950408555 77.0
62.37481903831487 18.789217458614406 75.0
62.37482709603141 18.7955389668179 75.0
62.380964704938364 18.511063701145446 76.0
62.38097289674401 18.517385208351875 77.0
62.38098109097063 18.52370671555584 76.0
62.380997486688656 18.53634972995637 75.0
62.381005688180984 18.542671237152934 76.0
62.38101389209617 18.548992744347036 75.0
62.38125286168532 18.732316451898726 76.0
62.38126113850454 18.738637959018405 76.0
62.38126941776122 18.744959466135597 77.0
62.38127769945584 18.751280973250296 78.0
62.38128598358887 18.757602480362493 79.0
62.38129427016078 18.7639239874722 79.0
62.381302559172056 18.770245494579413 77.0
62.38131085062316 18.776567001684125 78.0
62.381319144514585 18.78288850878634 78.0
62.38132744084679 18.789210015886056 77.0
62.38133573962027 18.79553152298327 76.0
62.38747100016314 18.517377595078333 75.0
62.387479432409634 18.52369910114971 75.0
62.38748786714792 18.530020607218468 76.0
62.387496304378445 18.53634211328462 78.0
62.38750474410171 18.542663619348154 76.0
62.3875131863182 18.54898512540908 76.0
62.387759097320625 18.73230880003519 76.0
62.387767614558825 18.738630306017313 78.0
62.38777613430528 18.744951811996803 77.0
62.387784656560484 18.75127331797364 78.0
62.38779318132492 18.757594823947837 80.0
62.38780170859909 18.763916329919397 76.0
62.387810238383466 18.77023783588831 76.0
62.387818770678564 18.776559341854583 76.0
62.387827305484855 18.782880847818205 77.0
62.387835842802836 18.78920235377918 76.0
62.38784438263298 18.795523859737514 76.0
62.39395177015292 18.504726754003585 75.0
62.39396043529631 18.51104825891545 76.0
62.39396910300082 18.51736976382456 76.0
62.39397777326695 18.52369126873091 77.0
62.3939864460952 18.530012773634503 76.0
62.393995121486036 18.53633427853533 77.0
62.39400379943999 18.542655783433396 77.0
62.39401247995753 18.548977288328697 77.0
62.39426533236569 18.73230092908654 77.0
62.39427409002259 18.73862243389853 78.0
62.39428285025855 18.744943938707735 77.0
62.394291613074074 18.751265443514143 78.0
62.394300378469666 18.75758694831776 78.0
62.39430914644583 18.763908453118578 77.0
62.39432669014189 18.776551462711833 76.0
62.39433546586278 18.78287296750427 76.0
62.39436180852298 18.80183748186478 76.0
62.40044939656499 18.504718707164137 75.0
62.40045829958711 18.511040210878864 75.0
62.40046720524066 18.517361714590677 77.0
62.40047611352616 18.523683218299578 77.0
62.400485024444095 18.530004722005565 77.0
62.40049393799499 18.536326225708635 76.0
62.400502854179344 18.54264772940879 77.0
62.40051177299768 18.54896923310603 75.0
62.400762571377825 18.72597133544065 76.0
62.40077156680382 18.73229283905289 75.0
62.40078056487916 18.738614342662178 77.0
62.40078956560436 18.74493584626852 77.0
62.40079856897994 18.751257349871917 77.0
62.400807575006425 18.757578853472367 75.0
62.40083460899639 18.77654336425601 76.0
62.40084362563163 18.782864867844655 75.0
62.40085264492034 18.789186371430347 76.0
62.40695616326393 18.511031944894704 76.0
62.40696530686625 18.5173534473768 78.0
62.40697445317083 18.52367494985582 76.0
62.4069836021782 18.529996452331776 76.0
62.40699275388886 18.53631795480465 76.0
62.407001908303364 18.54263945727446 77.0
62.407268564845005 18.725963027557235 76.0
62.40727780061838 18.732284529934358 79.0
62.40728703911187 18.738606032308375 79.0
62.407296280326044 18.74492753467929 75.0
62.4073055242614 18.7512490370471 75.0
62.40731477091848 18.757570539411798 75.0
62.407351784774676 18.782856548839483 75.0
62.407361045048354 18.789178051188625 75.0
62.4134446475316 18.504701959739926 75.0
62.41345402631037 18.511023460963106 75.0
62.413463407861165 18.51734496218306 77.0
62.41347279218456 18.52366646339978 78.0
62.413482179281075 18.529987964613262 76.0
62.41349156915124 18.536309465823514 75.0
62.41375561380191 18.713311498392937 75.0
62.41376508434215 18.719632999508917 76.0
62.413774557672234 18.725954500621633 79.0
62.41378403379268 18.73227600173108 80.0
62.41379351270406 18.738597502837262 78.0
62.4138029944069 18.74491900394017 77.0
62.41381247890176 18.751240505039803 76.0
62.413821966189175 18.757562006136173 75.0
62.41994227205335 18.504693259155424 75.0
62.419951888709996 18.511014759084205 75.0
62.419961508209006 18.517336259009586 76.0
62.41997113055093 18.52365775893157 77.0
62.41998075573629 18.52997925885016 76.0
62.42025141760575 18.70698125518576 75.0
62.42026112549123 18.713302755005266 75.0
62.420270836236725 18.71962425482134 75.0
62.42028054984283 18.72594575463398 80.0
62.4202902663101 18.732267254443183 80.0
62.42029998563906 18.73858875424895 78.0
62.42030970783029 18.74491025405128 75.0
62.42031943288434 18.75123175385017 75.0
62.426449750446444 18.511005839258118 76.0
62.426479331527425 18.529970335042595 75.0
62.42675668848816 18.706972294143583 75.0
62.426776587458335 18.71961529111441 76.0
62.42678654134018 18.72593678959441 79.0
62.426796498153934 18.732258288070806 81.0
62.426806457900184 18.738579786543593 76.0
62.426816420579506 18.744901285012766 75.0
62.42683635473965 18.757544281940284 75.0
62.42700626953089 18.86500975523962 19.0
62.42701629099188 18.871331253636342 19.0
62.43329253214758 18.725927605503063 78.0
62.43330272930755 18.73224910261408 78.0
62.43331292947079 18.738570599721317 76.0
62.43351756432769 18.865000541069204 19.0
62.439808959754274 18.732239698073155 76.0
62.44003936368509 18.87131260275527 19.0
62.440049872046465 18.877634098376802 19.0
