# successful candidates for region at (243.47500823202074, -17.98650232308094) and radius 1.0
242.7407124011084 -17.86332622073629 80.0
242.74731661274106 -17.863350930232077 80.0
242.7537949776183 -17.894310270833834 80.0
242.75387050884845 -17.875749358305335 80.0
242.75389567120567 -17.869562387414707 80.0
242.7539208262053 -17.8633754165002 80.0
242.7604003453739 -17.894334551590532 81.0
242.76042529918163 -17.888147577227407 80.0
242.76045024569527 -17.88196060284081 80.0
242.760475184916 -17.87577362843075 80.0
242.76050011684535 -17.86958665399724 80.0
242.9123831975745 -17.87627021154433 81.0
242.92559262832333 -17.87630781020405 80.0
242.92561179931795 -17.87012075779176 80.0
243.59934319331492 -17.96984830302951 81.0
243.59932577940666 -17.945099665348177 80.0
243.60603883489165 -18.08739999706161 80.0
243.60603422253638 -18.081212838288238 81.0
243.6059651983216 -17.988405456592385 80.0
243.60595601789208 -17.97603113901946 80.0
243.6126514819424 -18.08739543783903 81.0
243.612646636819 -18.081208279730706 80.0
243.61257412921262 -17.988400908000667 81.0
243.61256930664334 -17.98221374987833 80.0
243.61255966572676 -17.96983943363104 80.0
243.61935067941272 -18.19257233002362 80.0
243.6192641286416 -18.087390654192166 81.0
243.61925905075017 -18.081203496781622 81.0
243.61925397433814 -18.075016339370112 81.0
243.62602610277693 -18.260626032732336 82.0
243.62601004514613 -18.24206456277805 81.0
243.62600469571242 -18.235877406124498 82.0
243.62597797185484 -18.204941622840785 80.0
243.62596729318483 -18.192567309519873 80.0
243.6259619561786 -18.186380152857822 83.0
243.62595662072448 -18.180192996194712 80.0
243.62594595447152 -18.16781868286532 80.0
243.62588740093372 -18.09975995947797 84.0
243.62588208717912 -18.093572802800054 81.0
243.6258767749723 -18.08738564612108 80.0
243.6258714643131 -18.081198489441057 82.0
243.62586615520104 -18.075011332759974 80.0
243.63264529380157 -18.260620778827533 80.0
243.63263970503115 -18.254433622943083 80.0
243.63263411788418 -18.24824646705747 81.0
243.6326285323604 -18.242059311170696 83.0
243.63262294845953 -18.23587215528277 82.0
243.6326173661812 -18.22968499939368 80.0
243.63261178552517 -18.223497843503434 81.0
243.6325950532878 -18.204936375825756 80.0
243.63258947911783 -18.198749219930885 80.0
243.6325839065687 -18.192562064034856 84.0
243.63257833564 -18.18637490813767 83.0
243.63257276633144 -18.180187752239334 82.0
243.6325671986428 -18.174000596339837 82.0
243.6325616325737 -18.16781344043919 82.0
243.63255606812382 -18.161626284537384 81.0
243.6325505052929 -18.15543912863443 82.0
243.63254494408068 -18.14925197273032 82.0
243.632500512618 -18.099754725455963 82.0
243.63248942091778 -18.087380413625862 80.0
243.63248387749084 -18.081193257709092 81.0
243.6324174822551 -18.006947386618307 81.0
243.6323403143951 -17.92032720347082 80.0
243.6323348144694 -17.91414004752315 80.0
243.6392644844191 -18.260615299580415 80.0
243.6392586609772 -18.25442814449472 80.0
243.6392528392269 -18.248240989407773 83.0
243.639247019168 -18.242053834319567 82.0
243.63924120080017 -18.2358666792301 82.0
243.63923538412297 -18.229679524139375 83.0
243.63922956913623 -18.223492369047392 80.0
243.63922375583954 -18.217305213954155 82.0
243.6392121343152 -18.204930903763916 80.0
243.63920632608688 -18.198743748666907 82.0
243.6392005195474 -18.19255659356865 83.0
243.63919471469643 -18.186369438469136 84.0
243.63918891153358 -18.180182283368364 84.0
243.6391831100587 -18.17399512826634 84.0
243.63917731027135 -18.167807973163068 86.0
243.63917151217126 -18.161620818058534 86.0
243.63916571575808 -18.155433662952753 83.0
243.6391599210315 -18.149246507845717 82.0
243.63912518807362 -18.11212357717724 80.0
243.6391194051446 -18.105936422061454 81.0
243.63911362389973 -18.09974926694441 81.0
243.639102066461 -18.087374956706586 80.0
243.63902710710684 -18.006941940039233 81.0
243.6389581657401 -17.932696078313725 80.0
243.63895243152365 -17.926508923161876 82.0
243.63894669898227 -17.920321768008794 80.0
243.64588367461238 -18.260609594991067 80.0
243.6458776164992 -18.25442244073698 80.0
243.6458715601458 -18.248235286481542 82.0
243.64586550555194 -18.242048132224735 80.0
243.64585945271725 -18.235860977966574 82.0
243.64585340164143 -18.22967382370705 84.0
243.64584735232413 -18.223486669446167 83.0
243.645841304765 -18.217299515183914 81.0
243.64583525896373 -18.21111236092031 81.0
243.64582921492004 -18.204925206655343 80.0
243.6458231726335 -18.19873805238902 82.0
243.64581713210384 -18.19255089812134 82.0
243.64581109333076 -18.186363743852297 83.0
243.64580505631386 -18.180176589581905 87.0
243.64579902105288 -18.173989435310148 87.0
243.64579298754748 -18.167802281037034 85.0
243.64578695579732 -18.16161512676257 88.0
243.6457809258021 -18.15542797248675 84.0
243.64577489756144 -18.14924081820957 82.0
243.64575682336366 -18.13067935536991 81.0
243.64575080213808 -18.124492201087318 80.0
243.64574478266542 -18.118305046803364 82.0
243.64573876494543 -18.112117892518068 82.0
243.6457327489777 -18.105930738231418 82.0
243.64572673476198 -18.09974358394341 80.0
243.64565470070883 -18.025497732382096 80.0
243.64564870923923 -18.019310578076556 80.0
243.64563673154188 -18.006936269461445 81.0
243.64557097903204 -17.93887757198229 82.0
243.645565011997 -17.93269041765795 82.0
243.64555904670482 -17.926503263332272 83.0
243.64555308315522 -17.92031610900526 81.0
243.6455471213479 -17.914128954676908 80.0
243.65251545541824 -18.272977971834397 81.0
243.65250915897693 -18.26679081844772 82.0
243.65250286436432 -18.26060366505957 82.0
243.65249657158003 -18.254416511669955 82.0
243.65249028062374 -18.24822935827887 82.0
243.6524839914951 -18.24204220488631 83.0
243.65247770419384 -18.235855051492283 82.0
243.6524714187195 -18.229667898096793 82.0
243.6524651350718 -18.223480744699827 85.0
243.65245885325047 -18.2172935913014 85.0
243.652452573255 -18.2111064379015 84.0
243.6524462950852 -18.204919284500136 86.0
243.6524400187407 -18.198732131097312 83.0
243.65243374422107 -18.192544977693014 83.0
243.6524274715261 -18.186357824287256 87.0
243.65242120065534 -18.18017067088003 87.0
243.65241493160846 -18.173983517471342 87.0
243.6524086643852 -18.167796364061193 87.0
243.65240239898515 -18.161609210649573 88.0
243.65239613540803 -18.155422057236496 85.0
243.65238987365345 -18.149234903821956 84.0
243.65238361372104 -18.143047750405955 81.0
243.65237735561055 -18.136860596988488 81.0
243.65237109932158 -18.130673443569567 81.0
243.6523648448538 -18.124486290149182 80.0
243.6523585922069 -18.118299136727337 83.0
243.6523523413805 -18.112111983304036 82.0
243.65234609237427 -18.10592482987927 83.0
243.6523398451879 -18.09973767645305 82.0
243.65227124615058 -18.031678988668492 80.0
243.65226502077593 -18.025491835224805 81.0
243.65225879721675 -18.01930468177967 81.0
243.6522525754727 -18.013117528333076 80.0
243.65224635554335 -18.00693037488503 81.0
243.65217185782265 -17.932684533395488 82.0
243.65216566145497 -17.92649737992862 82.0
243.65215946689736 -17.920310226460312 80.0
243.65215327414955 -17.914123072990552 80.0
243.65913511425808 -18.272971814765903 80.0
243.65912858300948 -18.26678466227676 83.0
243.6591220536578 -18.260597509786034 84.0
243.6591155262026 -18.254410357293736 82.0
243.6591090006436 -18.248223204799842 82.0
243.65910247698042 -18.24203605230437 83.0
243.65909595521276 -18.235848899807326 84.0
243.65908943534012 -18.229661747308697 83.0
243.6590829173623 -18.22347459480849 84.0
243.65907640127884 -18.2172874423067 87.0
243.6590698870895 -18.211100289803337 86.0
243.65906337479376 -18.204913137298394 88.0
243.65905686439146 -18.19872598479187 87.0
243.65905035588204 -18.192538832283777 86.0
243.65904384926537 -18.1863516797741 86.0
243.65903734454088 -18.180164527262846 87.0
243.6590308417084 -18.17397737475002 87.0
243.65902434076744 -18.167790222235624 85.0
243.65901784171774 -18.161603069719646 87.0
243.6590113445589 -18.1554159172021 88.0
243.65900484929057 -18.149228764682977 89.0
243.65899835591244 -18.14304161216228 87.0
243.65899186442408 -18.136854459640013 84.0
243.65898537482525 -18.130667307116173 84.0
243.65897888711547 -18.124480154590763 83.0
243.65897240129448 -18.118293002063783 84.0
243.65896591736185 -18.112105849535233 85.0
243.65895943531737 -18.105918697005116 85.0
243.65895295516052 -18.099731544473418 83.0
243.65888179792375 -18.031672866521397 81.0
243.6588753403921 -18.025485713970916 80.0
243.65886888474355 -18.019298561418875 81.0
243.65886243097782 -18.013111408865264 81.0
243.65885597909457 -18.006924256310096 82.0
243.65877870320034 -17.932678425526436 82.0
243.6587722757574 -17.926491272951015 80.0
243.66575477262194 -18.272965432289748 83.0
243.66574800656628 -18.266778280730996 82.0
243.66574124247572 -18.260591129170553 83.0
243.66573448034984 -18.25440397760841 83.0
243.66572772018836 -18.24821682604457 84.0
243.66572096199084 -18.242029674479028 85.0
243.6657142057569 -18.235842522911792 84.0
243.66570745148627 -18.229655371342865 84.0
243.66570069917844 -18.22346821977224 85.0
243.66569394883314 -18.21728106819992 85.0
243.66568720045004 -18.211093916625906 86.0
243.66568045402863 -18.2049067650502 89.0
243.6656737095687 -18.198719613472804 89.0
243.6656669670698 -18.19253246189371 89.0
243.66566022653157 -18.186345310312923 89.0
243.66565348795362 -18.18015815873045 90.0
243.66564675133566 -18.173971007146285 90.0
243.66564001667726 -18.16778385556043 88.0
243.6656332839781 -18.161596703972883 88.0
243.66562655323776 -18.15540955238365 89.0
243.66561982445592 -18.149222400792723 89.0
243.66561309763222 -18.143035249200118 86.0
243.66560637276623 -18.136848097605814 87.0
243.66559964985768 -18.13066094600983 85.0
243.66559292890616 -18.12447379441216 84.0
243.66558620991128 -18.118286642812805 85.0
243.6655794928727 -18.112099491211765 86.0
243.66557277779006 -18.10591233960903 85.0
243.665566064663 -18.09972518800462 84.0
243.6655593534911 -18.093538036398527 80.0
243.6654990408688 -18.037853671868 80.0
243.66549234922908 -18.031666520245103 81.0
243.66548565954054 -18.02547936862052 81.0
243.6654789718029 -18.019292216994266 82.0
243.6654722860157 -18.013105065366336 83.0
243.66546560217867 -18.006917913736725 82.0
243.66545892029143 -18.00073076210544 80.0
243.66543221223287 -17.975982155563564 81.0
243.66542554008907 -17.969795003923906 80.0
243.66539220857698 -17.938859245700574 80.0
243.67238143338884 -18.27914597499971 83.0
243.67237443049268 -18.272958824406032 84.0
243.6723674296302 -18.266771673810535 84.0
243.672360430801 -18.260584523213222 84.0
243.67235343400472 -18.254397372614086 85.0
243.67234643924093 -18.24821022201314 84.0
243.67233944650923 -18.242023071410376 84.0
243.67233245580934 -18.23583592080579 84.0
243.6723254671408 -18.229648770199397 82.0
243.67231848050326 -18.223461619591184 83.0
243.67231149589637 -18.217274468981156 85.0
243.67230451331966 -18.21108731836932 88.0
243.67229753277283 -18.204900167755667 88.0
243.67229055425548 -18.198713017140204 91.0
243.67228357776725 -18.192525866522924 90.0
243.67227660330772 -18.186338715903837 90.0
243.6722696308765 -18.180151565282937 90.0
243.6722626604733 -18.17396441466023 90.0
243.67225569209765 -18.167777264035713 91.0
243.67224872574923 -18.161590113409382 88.0
243.67224176142764 -18.15540296278125 89.0
243.67223479913247 -18.149215812151308 90.0
243.67222783886345 -18.14302866151955 88.0
243.67222088062005 -18.136841510886 87.0
243.672213924402 -18.130654360250638 87.0
243.6722069702089 -18.12446720961347 85.0
243.67220001804037 -18.118280058974495 85.0
243.672193067896 -18.11209290833372 86.0
243.67218611977546 -18.10590575769114 85.0
243.6721791736784 -18.099718607046754 83.0
243.67217222960434 -18.09353145640057 82.0
243.6721236777002 -18.050221401826843 80.0
243.6721167497971 -18.044034251166256 81.0
243.6721098239137 -18.037847100503875 83.0
243.67210290004962 -18.031659949839696 83.0
243.6720959782045 -18.025472799173723 82.0
243.67208905837788 -18.01928564850595 83.0
243.67208214056947 -18.013098497836385 82.0
243.6720752247789 -18.006911347165023 82.0
243.67206831100572 -18.00072419649187 81.0
243.67206139924963 -17.994537045816923 81.0
243.67204758178715 -17.982162744461654 81.0
243.67204067608 -17.97597559378133 82.0
243.67203377238843 -17.969788443099215 82.0
243.67202687071205 -17.96360129241531 81.0
243.6720199710505 -17.957414141729615 80.0
243.6720061777704 -17.945039840352862 80.0
243.6719992841511 -17.9388526896618 80.0
243.67199239254512 -17.932665538968955 80.0
243.67900132562428 -18.279139140712303 85.0
243.67899408785334 -18.272951991114866 83.0
243.6789868521842 -18.266764841515474 81.0
243.67897961861658 -18.26057769191415 83.0
243.67897238715005 -18.25439054231088 84.0
243.67896515778418 -18.24820339270567 84.0
243.67895793051858 -18.24201624309852 84.0
243.67895070535292 -18.235829093489425 84.0
243.67894348228677 -18.229641943878395 82.0
243.67893626131968 -18.223454794265425 81.0
243.67892904245136 -18.21726764465052 85.0
243.67892182568136 -18.211080495033677 90.0
243.67891461100928 -18.204893345414895 90.0
243.67890739843475 -18.198706195794177 92.0
243.67890018795737 -18.192519046171526 89.0
243.6788929795768 -18.18633189654694 90.0
243.67888577329254 -18.18014474692042 90.0
243.67887856910434 -18.173957597291963 89.0
243.67887136701162 -18.167770447661574 89.0
243.67886416701418 -18.16158329802925 88.0
243.67885696911156 -18.155396148395006 88.0
243.67884977330334 -18.149208998758823 89.0
243.67884257958912 -18.143021849120707 86.0
243.67883538796855 -18.13683469948067 89.0
243.6788281984412 -18.130647549838695 88.0
243.67882101100676 -18.1244604001948 85.0
243.6788138256648 -18.118273250548967 85.0
243.67880664241486 -18.112086100901212 84.0
243.6787994612567 -18.10589895125153 82.0
243.67879228218976 -18.09971180159992 82.0
243.6787851052138 -18.09352465194639 80.0
243.67874208724524 -18.056401753984787 80.0
243.67873492489477 -18.050214604317794 81.0
243.6787277646321 -18.044027454648877 82.0
243.67872060645686 -18.03784030497804 84.0
243.67871345036866 -18.03165315530529 85.0
243.67870629636707 -18.02546600563062 84.0
243.67869914445177 -18.01927885595403 82.0
243.67869199462234 -18.013091706275524 82.0
243.6786848468784 -18.006904556595092 80.0
243.67867770121958 -18.000717406912756 80.0
243.67867055764546 -17.9945302572285 80.0
243.67865627674982 -17.982155957854246 82.0
243.67864913942756 -17.975968808164243 83.0
243.67864200418845 -17.969781658472332 82.0
243.6786348710321 -17.96359450877851 82.0
243.6786277399582 -17.957407359082776 84.0
243.67862061096622 -17.951220209385127 81.0
243.678613484056 -17.945033059685567 81.0
243.67860635922696 -17.938845909984103 80.0
243.67859923647876 -17.932658760280724 80.0
243.6785921158111 -17.92647161057544 80.0
243.6856212173322 -18.2791320809847 80.0
243.68561374468666 -18.27294493241635 84.0
243.68559880590533 -18.260570635273442 81.0
243.6855913397688 -18.254383486698885 83.0
243.68558387580106 -18.24819633812226 83.0
243.68557641400184 -18.242009189543563 83.0
243.6855689543706 -18.235822040962802 84.0
243.685561496907 -18.229634892379966 81.0
243.68555404161066 -18.223447743795074 82.0
243.68554658848115 -18.217260595208113 87.0
243.68553913751802 -18.211073446619086 89.0
243.68553168872094 -18.204886298027994 89.0
243.68552424208949 -18.198699149434834 89.0
243.68551679762325 -18.19251200083962 90.0
243.68550935532178 -18.186324852242333 90.0
243.68550191518477 -18.180137703642995 93.0
243.6854944772117 -18.173950555041593 89.0
243.6854870414022 -18.16776340643813 88.0
243.68547960775598 -18.161576257832607 89.0
243.68547217627253 -18.155389109225023 88.0
243.68546474695142 -18.149201960615382 87.0
243.68545731979233 -18.143014812003685 86.0
243.6854498947948 -18.13682766338993 86.0
243.68544247195842 -18.130640514774118 87.0
243.68543505128287 -18.12445336615625 85.0
243.68542763276764 -18.118266217536323 86.0
243.68542021641244 -18.112079068914344 85.0
243.68541280221677 -18.10589192029032 81.0
243.6854053901803 -18.099704771664232 82.0
243.68539798030258 -18.093517623036096 81.0
243.68537576361797 -18.074956177139377 80.0
243.68534617157025 -18.050207582581727 82.0
243.68533877894822 -18.044020433937195 82.0
243.6853313884814 -18.037833285290617 82.0
243.68532400016926 -18.031646136641992 84.0
243.68531661401153 -18.025458987991325 83.0
243.68530923000776 -18.01927183933861 84.0
243.68530184815754 -18.01308469068385 80.0
243.68529446846046 -18.00689754202705 82.0
243.6852870909162 -18.00071039336821 81.0
243.6852797155243 -17.994523244707324 80.0
243.68527234228432 -17.988336096044396 82.0
243.68526497119592 -17.98214894737943 81.0
243.68525760225876 -17.975961798712426 85.0
243.6852502354723 -17.969774650043373 83.0
243.68524287083625 -17.96358750137229 83.0
243.68523550835016 -17.957400352699164 83.0
243.68522814801366 -17.951213204024008 82.0
243.6852207898263 -17.945026055346812 82.0
243.6852134337878 -17.93883890666758 81.0
243.69221029184382 -18.25437620577822 80.0
243.69220259327452 -18.248189058263023 82.0
243.6921948969418 -18.24200191074563 82.0
243.69218720284528 -18.23581476322603 81.0
243.69217951098452 -18.22962761570423 84.0
243.69217182135912 -18.223440468180243 87.0
243.69216413396865 -18.21725332065405 89.0
243.69215644881268 -18.21106617312566 91.0
243.69214876589086 -18.20487902559507 90.0
243.69214108520268 -18.19869187806229 89.0
243.69213340674779 -18.192504730527318 91.0
243.6921257305257 -18.18631758299015 94.0
243.6921180565361 -18.180130435450785 93.0
243.69211038477846 -18.173943287909232 91.0
243.69210271525247 -18.16775614036548 89.0
243.69209504795765 -18.161568992819543 90.0
243.6920873828936 -18.155381845271418 90.0
243.69207972005987 -18.149194697721097 89.0
243.69207205945608 -18.143007550168587 87.0
243.69206440108186 -18.136820402613893 86.0
243.69205674493668 -18.130633255057006 86.0
243.69204909102024 -18.124446107497935 86.0
243.69204143933206 -18.11825895993668 85.0
243.69203378987174 -18.112071812373237 85.0
243.69202614263884 -18.10588466480761 84.0
243.69201849763303 -18.099697517239797 82.0
243.69201085485383 -18.0935103696698 81.0
243.6920032143008 -18.087323222097623 81.0
243.69198030599486 -18.068761779368 80.0
243.69197267434248 -18.062574631787097 82.0
243.69196504491433 -18.056387484204013 81.0
243.69195741770986 -18.05020033661875 81.0
243.69194979272868 -18.044013189031315 82.0
243.69194216997047 -18.037826041441704 81.0
243.69193454943468 -18.03163889384991 83.0
243.691926931121 -18.025451746255943 81.0
243.691919315029 -18.019264598659802 82.0
243.69191170115818 -18.01307745106148 83.0
243.69190408950826 -18.00689030346099 85.0
243.69188887286927 -17.994516008253495 81.0
243.6918736651087 -17.98214171303731 81.0
243.69186606455682 -17.975954565425965 83.0
243.6918584662233 -17.96976741781245 84.0
243.69185087010774 -17.96358027019676 84.0
243.69184327620974 -17.957393122578903 83.0
243.69183568452885 -17.95120597495889 82.0
243.69182809506475 -17.9450188273367 82.0
243.69182050781694 -17.938831679712347 80.0
243.69181292278506 -17.932644532085828 80.0
243.6988133793215 -18.241994406704823 80.0
243.69880545075995 -18.23580726027923 83.0
243.69879752450223 -18.229620113851304 83.0
243.69878960054803 -18.223432967421044 84.0
243.69878167889686 -18.217245820988445 89.0
243.69877375954832 -18.211058674553513 90.0
243.6987658425019 -18.20487152811625 90.0
243.69875792775727 -18.19868438167666 88.0
243.69875001531398 -18.19249723523474 92.0
243.69874210517156 -18.18631008879048 90.0
243.6987341973296 -18.1801229423439 88.0
243.69872629178766 -18.173935795894987 90.0
243.69871838854533 -18.16774864944375 91.0
243.69871048760217 -18.161561502990185 91.0
243.6987025889578 -18.1553743565343 89.0
243.69869469261167 -18.14918721007608 88.0
243.6986867985635 -18.14300006361554 84.0
243.69867890681275 -18.136812917152678 82.0
243.69867101735903 -18.13062577068749 86.0
243.69866313020196 -18.124438624219977 86.0
243.69865524534103 -18.118251477750146 88.0
243.6986473627759 -18.112064331277995 84.0
243.69863948250602 -18.10587718480352 85.0
243.6986316045311 -18.09969003832673 85.0
243.6986237288506 -18.093502891847617 83.0
243.69861585546417 -18.087315745366194 81.0
243.6985922490649 -18.068754305908012 82.0
243.6985843848504 -18.062567159417316 85.0
243.6985765229278 -18.05638001292431 83.0
243.69856866329667 -18.05019286642899 82.0
243.69856080595665 -18.044005719931356 81.0
243.69855295090727 -18.037818573431412 81.0
243.6985450981481 -18.031631426929163 82.0
243.6985372476787 -18.025444280424598 80.0
243.69852939949865 -18.019257133917723 82.0
243.69852155360755 -18.01306998740854 83.0
243.698513710005 -18.006882840897045 84.0
243.69850586869052 -18.00069569438325 82.0
243.69849019292414 -17.98832140134873 81.0
243.69848235847138 -17.982134254828015 81.0
243.69847452630503 -17.975947108304993 82.0
243.69846669642467 -17.969759961779666 82.0
243.6984588688299 -17.963572815252043 82.0
243.69845104352018 -17.95738566872211 82.0
243.69844322049522 -17.951198522189877 81.0
243.70543186112386 -18.241986677421277 81.0
243.70542369809746 -18.23579953212252 82.0
243.70541553744312 -18.229612386821298 83.0
243.70540737916036 -18.223425241517596 86.0
243.70539922324875 -18.21723809621142 86.0
243.70539106970782 -18.21105095090277 87.0
243.70538291853714 -18.20486380559165 87.0
243.7053747697363 -18.198676660278057 87.0
243.7053666233048 -18.192489514961995 89.0
243.70535847924228 -18.186302369643464 90.0
243.70535033754823 -18.180115224322464 87.0
243.70534219822224 -18.173928078998994 87.0
243.70533406126387 -18.167740933673056 88.0
243.70532592667263 -18.16155378834466 88.0
243.70531779444815 -18.155366643013792 85.0
243.70530966458995 -18.149179497680457 85.0
243.70530153709754 -18.14299235234466 83.0
243.7052934119706 -18.1368052070064 83.0
243.70528528920858 -18.130618061665675 83.0
243.70527716881105 -18.124430916322492 89.0
243.70526905077767 -18.118243770976846 91.0
243.7052609351079 -18.11205662562874 86.0
243.70525282180134 -18.105869480278177 85.0
243.70524471085756 -18.099682334925152 86.0
243.7052366022761 -18.093495189569673 84.0
243.70522849605646 -18.087308044211735 83.0
243.70522039219836 -18.081120898851342 80.0
243.70521229070124 -18.074933753488494 80.0
243.70520419156463 -18.068746608123185 82.0
243.7051960947882 -18.062559462755427 82.0
243.70518800037144 -18.056372317385218 82.0
243.70517990831397 -18.050185172012554 83.0
243.7051718186153 -18.043998026637446 81.0
243.705163731275 -18.037810881259876 80.0
243.70515564629264 -18.03162373587986 82.0
243.70514756366774 -18.0254365904974 82.0
243.7051394834 -18.01924944511249 84.0
243.70513140548883 -18.013062299725128 83.0
243.70512332993388 -18.006875154335326 87.0
243.70511525673467 -18.00068800894307 83.0
243.70510718589077 -17.994500863548375 82.0
243.7050991174018 -17.988313718151232 81.0
243.7050910512672 -17.98212657275165 82.0
243.70508298748666 -17.975939427349623 82.0
243.70507492605972 -17.96975228194515 81.0
243.7050668669859 -17.96356513653824 80.0
243.70499444114117 -17.90788082776633 80.0
243.71205874226334 -18.24816586703155 81.0
243.71205034233176 -18.2419787228951 81.0
243.71204194484082 -18.23579157875603 81.0
243.71203354979005 -18.229604434614334 83.0
243.712025157179 -18.223417290470024 85.0
243.71201676700719 -18.217230146323093 88.0
243.71200837927418 -18.211043002173547 88.0
243.71199999397948 -18.204855858021386 87.0
243.71199161112267 -18.19866871386661 84.0
243.7119832307033 -18.192481569709216 87.0
243.71197485272094 -18.18629442554921 86.0
243.71196647717505 -18.180107281386594 85.0
243.71195810406522 -18.173920137221366 86.0
243.71194973339104 -18.167732993053523 87.0
243.71194136515203 -18.161545848883073 88.0
243.71193299934765 -18.15535870471001 84.0
243.7119246359776 -18.14917156053434 82.0
243.7119162750413 -18.142984416356068 81.0
243.71190791653834 -18.136797272175183 82.0
243.71189956046828 -18.130610127991694 83.0
243.71189120683067 -18.1244229838056 86.0
243.71188285562505 -18.1182358396169 89.0
243.71187450685093 -18.112048695425603 89.0
243.7118661605079 -18.105861551231694 85.0
243.7118578165955 -18.099674407035188 84.0
243.7118494751133 -18.09348726283608 83.0
243.7118411360608 -18.087300118634374 81.0
243.71182446524318 -18.07492583022316 81.0
243.71181613347716 -18.068738686013653 83.0
243.71180780413903 -18.06255154180156 83.0
243.7117994772284 -18.056364397586865 83.0
243.71179115274478 -18.050177253369572 82.0
243.71178283068772 -18.043990109149686 81.0
243.7117661938515 -18.031615820702136 82.0
243.71175787907143 -18.025428676474473 84.0
243.71174956671615 -18.01924153224422 84.0
243.71174125678522 -18.01305438801138 86.0
243.71173294927812 -18.006867243775947 85.0
243.71172464419445 -18.000680099537927 81.0
243.71171634153373 -17.994492955297314 84.0
243.71170804129554 -17.988305811054122 82.0
243.71169974347941 -17.98211866680834 81.0
243.71169144808493 -17.97593152255997 80.0
243.71168315511164 -17.969744378309024 80.0
243.7116582907143 -17.951182945540676 80.0
243.7188506742359 -18.371900544363168 80.0
243.71866019097297 -18.23578340017987 80.0
243.71865156152606 -18.229596257230547 81.0
243.71864293458694 -18.22340911427845 83.0
243.7186343101552 -18.217221971323596 84.0
243.71862568823033 -18.211034828365975 83.0
243.71861706881188 -18.204847685405586 82.0
243.71860845189943 -18.19866054244244 80.0
243.71859983749246 -18.192473399476526 83.0
243.71859122559044 -18.186286256507852 85.0
243.71858261619303 -18.180099113536414 86.0
243.71857400929966 -18.173911970562223 86.0
243.7185654049099 -18.16772482758527 85.0
243.71855680302335 -18.16153768460556 84.0
243.71854820363944 -18.155350541623086 84.0
243.71853960675773 -18.149163398637867 80.0
243.71853101237778 -18.142976255649888 80.0
243.71852242049917 -18.13678911265916 82.0
243.71851383112127 -18.130601969665666 83.0
243.71850524424383 -18.124414826669422 86.0
243.71849665986622 -18.118227683670433 89.0
243.71848807798804 -18.11204054066869 89.0
243.71847949860881 -18.105853397664195 87.0
243.7184709217281 -18.099666254656956 84.0
243.7184623473454 -18.09347911164697 84.0
243.71845377546026 -18.087291968634226 84.0
243.71844520607226 -18.081104825618745 83.0
243.71843663918085 -18.074917682600518 82.0
243.71842807478558 -18.068730539579544 80.0
243.71841951288604 -18.062543396555824 81.0
243.71841095348182 -18.056356253529362 81.0
243.71840239657232 -18.05016911050016 80.0
243.7183852902358 -18.037794824433533 80.0
243.71837674080788 -18.03160768139611 80.0
243.7183681938729 -18.025420538355952 81.0
243.7183596494304 -18.01923339531305 81.0
243.71835110747986 -18.01304625226741 81.0
243.71834256802086 -18.006859109219043 81.0
243.71832549657574 -17.994484823114092 80.0
243.7183169645886 -17.988297680057517 80.0
243.71830843509122 -17.982110536998213 81.0
243.71829990808308 -17.975923393936174 83.0
243.7182913835637 -17.969736250871406 83.0
243.7182828615326 -17.963549107803907 82.0
243.71827434198943 -17.957361964733675 81.0
243.71826582493364 -17.951174821660725 81.0
243.71825731036475 -17.944987678585044 80.0
243.7182487982824 -17.938800535506637 80.0
243.72526071136713 -18.223400712943015 80.0
243.72525185267574 -18.21721357121306 83.0
243.7252429965593 -18.21102642948018 83.0
243.72521644365514 -18.192465004264054 81.0
243.72520759783387 -18.186277862519518 82.0
243.7251987545851 -18.18009072077207 86.0
243.7251899139085 -18.173903579021705 87.0
243.7251810758035 -18.167716437268435 85.0
243.72517224026964 -18.16152929551225 85.0
243.72516340730644 -18.15534215375316 83.0
243.7251545769134 -18.149155011991162 81.0
243.7251457490901 -18.14296787022625 80.0
243.72513692383598 -18.136780728458444 82.0
243.7251281011507 -18.130593586687723 82.0
243.72511928103359 -18.124406444914104 84.0
243.72511046348427 -18.11821930313758 89.0
243.72510164850232 -18.11203216135815 89.0
243.72509283608716 -18.105845019575824 89.0
243.72508402623836 -18.09965787779059 86.0
243.72507521895548 -18.093470736002466 84.0
243.72506641423797 -18.087283594211435 84.0
243.72505761208535 -18.081096452417512 83.0
243.72504881249725 -18.07490931062069 83.0
243.7250400154731 -18.068722168820972 83.0
243.72503122101244 -18.06253502701836 82.0
243.7250224291148 -18.05634788521285 81.0
243.72498728714496 -18.03159931796191 80.0
243.72496973152582 -18.019225034319103 80.0
243.72491712608593 -17.982102183321395 83.0
243.7249083674643 -17.975915041478356 84.0
243.72489961139917 -17.96972789963243 84.0
243.72489085788985 -17.963540757783623 82.0
243.724882106936 -17.957353615931947 82.0
243.7248733585371 -17.951166474077382 83.0
243.72486461269276 -17.944979332219944 81.0
243.73183304917447 -18.19245638407193 82.0
243.73182396943415 -18.186269243584334 83.0
243.7318148923344 -18.180082103093675 84.0
243.7318058178748 -18.173894962599938 87.0
243.7317967460548 -18.167707822103143 85.0
243.73178767687398 -18.161520681603278 84.0
243.7317786103317 -18.155333541100347 85.0
243.73176954642764 -18.149146400594354 80.0
243.73176048516123 -18.1429592600853 80.0
243.731751426532 -18.136772119573184 82.0
243.73174237053942 -18.130584979058003 81.0
243.731733317183 -18.124397838539764 83.0
243.7317242664623 -18.118210698018466 86.0
243.73171521837682 -18.11202355749411 88.0
243.73170617292604 -18.105836416966696 85.0
243.73169713010944 -18.09964927643623 84.0
243.73168808992662 -18.09346213590271 85.0
243.73167905237702 -18.087274995366126 82.0
243.73167001746017 -18.0810878548265 83.0
243.7316609851756 -18.074900714283814 82.0
243.73165195552278 -18.068713573738084 82.0
243.7316429285013 -18.0625264331893 84.0
243.73163390411057 -18.056339292637468 81.0
243.73161586321953 -18.04396501152466 80.0
243.7316068467183 -18.037777870963687 80.0
243.7315888216019 -18.025403589832603 80.0
243.73157981298567 -18.019216449262505 81.0
243.7315528028995 -18.000655027533938 80.0
243.73153480930586 -17.988280746366364 80.0
243.73152581644666 -17.98209360577802 84.0
243.73151682621196 -17.97590646518664 85.0
243.7315078386012 -17.969719324592226 84.0
243.73149885361397 -17.963532183994776 82.0
243.73148987124978 -17.95734504339429 82.0
243.7314808915081 -17.95115790279078 83.0
243.73147191438844 -17.944970762184234 82.0
243.7384496540334 -18.192447538900304 83.0
243.7384403403743 -18.186260399702455 82.0
243.73843102942382 -18.180073260501374 84.0
243.7384217211815 -18.173886121297063 84.0
243.73841241564682 -18.167698982089533 84.0
243.7384031128193 -18.161511842878774 85.0
243.73839381269832 -18.155324703664792 87.0
243.73838451528349 -18.149137564447585 81.0
243.73837522057428 -18.142950425227156 81.0
243.73836592857015 -18.136763286003504 80.0
243.7383566392706 -18.13057614677663 81.0
243.73834735267516 -18.12438900754654 82.0
243.73833806878338 -18.11820186831323 85.0
243.7383287875946 -18.112014729076705 86.0
243.7383195091085 -18.105827589836956 84.0
243.7383102333244 -18.099640450594 83.0
243.73830096024193 -18.093453311347822 85.0
243.73829168986052 -18.08726617209844 83.0
243.73828242217974 -18.081079032845835 84.0
243.73827315719896 -18.074891893590028 84.0
243.73826389491785 -18.068704754331005 82.0
243.73825463533572 -18.062517615068774 83.0
243.73824537845223 -18.05633047580334 85.0
243.73821762398808 -18.037769057987784 80.0
243.73819913449572 -18.025394779428066 81.0
243.73818989379316 -18.0192076401434 83.0
243.73818065578567 -18.013020500855532 82.0
243.73817142047272 -18.006833361564464 80.0
243.73816218785385 -18.000646222270195 80.0
243.73814373069638 -17.98827194367208 80.0
243.73813450615674 -17.98208480436822 83.0
243.73812528430918 -17.975897665061176 84.0
243.7381160651532 -17.96971052575093 84.0
243.73810684868832 -17.963523386437494 85.0
243.73809763491403 -17.957336247120864 83.0
243.73808842382985 -17.95114910780105 84.0
243.73807921543522 -17.94496196847804 81.0
243.74506625821488 -18.192438468749298 81.0
243.74505671063733 -18.186251330874 84.0
243.74504716583644 -18.180064192995307 83.0
243.7450376238117 -18.173877055113227 83.0
243.74502808456265 -18.167689917227754 83.0
243.74501854808864 -18.161502779338885 87.0
243.74500901438927 -18.155315641446638 85.0
243.74499948346394 -18.149128503550994 83.0
243.74498995531223 -18.142941365651968 81.0
243.74498042993355 -18.136754227749556 81.0
243.74497090732734 -18.130567089843755 81.0
243.7449613874932 -18.124379951934575 82.0
243.74495187043055 -18.118192814022013 84.0
243.74494235613886 -18.11200567610607 83.0
243.74493284461764 -18.105818538186746 84.0
243.7449233358664 -18.099631400264045 85.0
243.74491382988455 -18.093444262337968 83.0
243.74490432667162 -18.087257124408502 82.0
243.74489482622715 -18.081069986475672 85.0
243.74488532855054 -18.074882848539467 84.0
243.74487583364132 -18.068695710599883 83.0
243.74486634149898 -18.06250857265693 83.0
243.74485685212292 -18.05632143471061 83.0
243.74484736551275 -18.050134296760913 81.0
243.7448378816679 -18.04394715880785 80.0
243.7448284005878 -18.03776002085141 80.0
243.7448189222721 -18.031572882891616 82.0
243.74480944672013 -18.02538574492845 83.0
243.74479997393146 -18.019198606961922 83.0
243.7447905039055 -18.013011468992026 82.0
243.74478103664183 -18.006824331018773 81.0
243.7447715721399 -18.000637193042152 80.0
243.7447621103992 -17.994450055062178 80.0
243.7447526514192 -17.98826291707884 81.0
243.7447431951994 -17.982075779092142 84.0
243.74473374173925 -17.97588864110209 85.0
243.74472429103838 -17.96970150310868 84.0
243.74471484309612 -17.963514365111916 84.0
243.744705397912 -17.957327227111804 84.0
243.74469595548555 -17.95114008910833 81.0
243.7446865158163 -17.94495295110151 80.0
243.75201712895162 -18.40279181316983 80.0
243.7516633015552 -18.180054900575623 81.0
243.7516535257484 -18.17386776404856 84.0
243.75164375278518 -18.16768062751794 83.0
243.7516339826651 -18.161493490983755 83.0
243.75162421538758 -18.15530635444602 84.0
243.7516144509521 -18.149119217904722 84.0
243.75160468935815 -18.142932081359874 84.0
243.75159493060517 -18.136744944811475 81.0
243.75158517469265 -18.13055780825952 81.0
243.7515754216201 -18.124370671704018 82.0
243.7515656713869 -18.118183535144958 83.0
243.75155592399258 -18.111996398582356 83.0
243.7515461794366 -18.1058092620162 85.0
243.75153643771844 -18.09962212544651 87.0
243.75152669883755 -18.093434988873266 82.0
243.75151696279343 -18.087247852296475 82.0
243.75150722958554 -18.081060715716145 83.0
243.7514974992134 -18.074873579132273 81.0
243.75147804697403 -18.062499305953903 81.0
243.75146832510583 -18.056312169359416 82.0
243.7514586060712 -18.050125032761386 85.0
243.75144888986966 -18.04393789615982 84.0
243.75143917650064 -18.03775075955472 82.0
243.7514294659637 -18.031563622946084 81.0
243.7514197582582 -18.025376486333915 82.0
243.75141005338372 -18.019189349718218 83.0
243.7514003513397 -18.013002213098993 81.0
243.75139065212556 -18.006815076476233 80.0
243.7513809557408 -18.000627939849945 81.0
243.751371262185 -17.994440803220133 80.0
243.7513615714575 -17.988253666586793 83.0
243.75135188355782 -17.982066529949922 84.0
243.75134219848545 -17.97587939330954 85.0
243.75133251623987 -17.969692256665628 84.0
243.75132283682058 -17.963505120018194 83.0
243.751313160227 -17.957317983367243 83.0
243.75130348645865 -17.951130846712772 81.0
243.75129381551494 -17.94494371005478 80.0
243.75864172550166 -18.40278224576009 80.0
243.75863161073067 -18.39659511075598 80.0
243.7585810808346 -18.36565943567882 80.0
243.75827943656313 -18.180045383242465 80.0
243.7582694269745 -18.173858248103215 81.0
243.75825942029755 -18.167671112960242 80.0
243.7582494165316 -18.161483977813532 80.0
243.75822941773094 -18.149109707508924 83.0
243.7582194226951 -18.142922572351033 82.0
243.7582094305682 -18.136735437189415 80.0
243.75819944134963 -18.13054830202407 81.0
243.7581794716355 -18.11817403168222 81.0
243.75816949113883 -18.11198689650571 81.0
243.7581595135484 -18.105799761325486 82.0
243.75814953886365 -18.09961262614154 85.0
243.75813956708404 -18.093425490953877 80.0
243.75812959820905 -18.087238355762498 81.0
243.7581196322381 -18.081051220567407 83.0
243.75810966917066 -18.074864085368596 83.0
243.7580997090062 -18.068676950166083 81.0
243.7580897517442 -18.062489814959854 80.0
243.75807979738406 -18.05630267974991 80.0
243.75806984592535 -18.050115544536265 85.0
243.75805989736745 -18.04392840931891 86.0
243.75804995170978 -18.037741274097847 83.0
243.7580400089519 -18.03155413887308 81.0
243.75802013213323 -18.01917986841244 82.0
243.7580101980714 -18.012992733176564 80.0
243.7580002669071 -18.00680559793699 81.0
243.75797049079458 -17.988244192196078 80.0
243.75796057121534 -17.982057056941716 83.0
243.75795065453102 -17.97586992168366 84.0
243.75794074074105 -17.969682786421906 84.0
243.757930829845 -17.963495651156467 85.0
243.7579209218422 -17.95730851588733 84.0
243.75791101673227 -17.951121380614513 83.0
243.75790111451448 -17.944934245338 82.0
243.75789121518847 -17.938747110057804 81.0
243.76526632131242 -18.40277245225363 80.0
243.76525597030331 -18.396585318676518 80.0
243.7648955708432 -18.180035640995985 81.0
243.7648853274731 -18.173848507277352 81.0
243.76484438378355 -18.149099972363743 80.0
243.76483415530612 -18.142912838625584 81.0
243.76482392980557 -18.13672570488352 80.0
243.7648137072813 -18.13053857113756 80.0
243.76479327115945 -18.118164303633936 80.0
243.76478305756078 -18.111977169876276 83.0
243.7647728469362 -18.10579003611473 83.0
243.76476263928518 -18.099602902349286 80.0
243.76474223290157 -18.08722863480672 81.0
243.76473203416785 -18.0810415010296 83.0
243.76472183840548 -18.07485436724859 84.0
243.76471164561391 -18.068667233463696 80.0
243.7647014557925 -18.062480099674914 81.0
243.76469126894082 -18.056292965882246 82.0
243.76468108505827 -18.0501058320857 85.0
243.76467090414425 -18.04391869828526 83.0
243.7646607261983 -18.037731564480946 83.0
243.7646505512198 -18.031544430672756 82.0
243.7646302101631 -18.01917016304473 80.0
243.7646200440837 -18.0129830292249 81.0
243.76460988096966 -18.006795895401197 81.0
243.76459972082029 -18.000608761573616 81.0
243.7645895636351 -17.99442162774217 81.0
243.76457940941353 -17.98823449390685 82.0
243.76456925815506 -17.98204736006766 83.0
243.76455910985914 -17.975860226224604 85.0
243.76454896452518 -17.969673092377676 86.0
243.76453882215264 -17.96348595852688 84.0
243.76452868274103 -17.957298824672225 82.0
243.76451854628974 -17.9511116908137 84.0
243.7645084127982 -17.944924556951317 82.0
243.76449828226595 -17.93873742308507 82.0
243.7644881546924 -17.932550289214966 81.0
243.76447803007702 -17.926363155341 80.0
243.77188032911968 -18.396575300533435 81.0
243.7718697449411 -18.390388168412127 80.0
243.7714070699418 -18.11815435100027 80.0
243.77139662324146 -18.111967218694225 80.0
243.77138617958306 -18.1057800863841 81.0
243.77137573896613 -18.0995929540699 80.0
243.77135486685413 -18.087218689429292 81.0
243.77134443535797 -18.081031557102882 83.0
243.771334006901 -18.074844424772408 82.0
243.77132358148256 -18.06865729243786 81.0
243.77131315910216 -18.062470160099252 80.0
243.77130273975922 -18.056283027756578 84.0
243.77129232345317 -18.050095895409836 84.0
243.77128191018346 -18.043908763059033 84.0
243.77127149994948 -18.037721630704176 83.0
243.7712610927507 -18.031534498345255 82.0
243.77125068858658 -18.025347365982277 80.0
243.77122988935997 -18.01297310124415 80.0
243.77121949429642 -18.006785968869007 81.0
243.77120910226523 -18.00059883648981 80.0
243.77119871326585 -17.994411704106565 81.0
243.77118832729772 -17.98822457171926 84.0
243.77117794436032 -17.982037439327915 82.0
243.7711675644531 -17.975850306932525 84.0
243.7711571875754 -17.969663174533085 83.0
243.77114681372674 -17.963476042129603 82.0
243.77113644290657 -17.95728890972207 82.0
243.7711260751143 -17.9511017773105 83.0
243.77111571034936 -17.944914644894887 84.0
243.7711053486112 -17.93872751247524 80.0
243.77107428155185 -17.92016611519206 80.0
243.77805292603568 -18.13670556622086 80.0
243.77804223690094 -18.130518435411965 81.0
243.77803155087778 -18.1243313045988 80.0
243.77802086796564 -18.118144173781378 80.0
243.77796750004978 -18.08720851963038 80.0
243.77795683579157 -18.08102138878742 83.0
243.77794617464025 -18.074834257940203 82.0
243.77793551659536 -18.068647127088735 82.0
243.77792486165626 -18.062459996233017 81.0
243.7779142098224 -18.05627286537305 82.0
243.77790356109318 -18.050085734508844 83.0
243.77789291546807 -18.043898603640386 83.0
243.7778822729464 -18.037711472767683 84.0
243.77787163352772 -18.031524341890744 84.0
243.77786099721135 -18.02533721100956 84.0
243.77783973388335 -18.012962949234474 81.0
243.7778291068706 -18.006775818340575 80.0
243.77780786214467 -17.994401556540076 80.0
243.7777972444304 -17.988214425633476 81.0
243.77778662981436 -17.982027294722645 82.0
243.77777601829615 -17.975840163807582 83.0
243.77776540987506 -17.969653032888292 85.0
243.77775480455065 -17.963465901964774 85.0
243.7777442023222 -17.95727877103703 83.0
243.77773360318926 -17.951091640105062 83.0
243.77772300715125 -17.944904509168865 84.0
243.7777124142075 -17.93871737822845 80.0
243.7851622331965 -18.41511597333885 80.0
243.7846674229945 -18.13669515986442 80.0
243.78456923545176 -18.081010996083357 80.0
243.7845583416065 -18.074823866752137 82.0
243.78454745093546 -18.068636737416476 82.0
243.78452567911353 -18.05626247873184 81.0
243.78451479796152 -18.050075349382873 84.0
243.78450391998132 -18.043888220029473 84.0
243.7844930451723 -18.03770109067164 83.0
243.78448217353397 -18.031513961309383 83.0
243.78447130506572 -18.025326831942692 82.0
243.78446043976697 -18.019139702571575 80.0
243.78444957763708 -18.012952573196035 81.0
243.7844387186755 -18.00676544381607 80.0
243.7844278628816 -18.000578314431678 81.0
243.78439531450036 -17.982016926252 82.0
243.78438447137148 -17.975829796849933 86.0
243.7843736314074 -17.969642667443452 86.0
243.7843627946075 -17.963455538032566 86.0
243.78435196097118 -17.957268408617256 84.0
243.7843411304979 -17.951081279197542 85.0
243.7843303031871 -17.944894149773422 84.0
243.78431947903815 -17.938707020344886 80.0
243.79178729855605 -18.41510527232896 81.0
243.7913042403923 -18.14905878429237 80.0
243.79129307815182 -18.1428716565609 81.0
243.79128191915996 -18.13668452882478 80.0
243.79115938448592 -18.068626123421243 82.0
243.79114826443046 -18.06243899562949 80.0
243.79113714761576 -18.056251867833108 81.0
243.7911260340412 -18.050064740032095 83.0
243.7911149237063 -18.043877612226467 84.0
243.79110381661033 -18.03769048441621 83.0
243.79109271275277 -18.03150335660133 84.0
243.79108161213293 -18.025316228781836 83.0
243.7910705147503 -18.019129100957723 81.0
243.79105942060428 -18.01294197312899 81.0
243.79101507637378 -17.988193461767935 81.0
243.79100399840158 -17.982006333916143 83.0
243.7909929236624 -17.97581920605975 84.0
243.79098185215562 -17.969632078198742 86.0
243.7909707838806 -17.963444950333137 86.0
243.79095971883675 -17.95725782246292 85.0
243.7909486570235 -17.951070694588115 85.0
243.79093759844025 -17.9448835667087 84.0
243.79092654308639 -17.938696438824692 83.0
243.79091549096134 -17.932509310936084 80.0
243.79842390531368 -18.42128147109049 82.0
243.79841236308914 -18.415094345157264 80.0
243.79840082420867 -18.408907219219124 80.0
243.79791920255923 -18.149047925402684 80.0
243.79790780687887 -18.142860799254823 80.0
243.79779403238433 -18.080989537510135 80.0
243.7977599646168 -18.062428158892534 81.0
243.79774861531226 -18.056241032677015 83.0
243.79773726931558 -18.05005390645668 85.0
243.79772592662624 -18.04386678023152 86.0
243.7977145872437 -18.03767965400155 85.0
243.79770325116718 -18.031492527766762 83.0
243.79769191839617 -18.02530540152716 84.0
243.79764662035473 -18.000556896520624 80.0
243.797635304102 -17.994369770256977 81.0
243.79762399115106 -17.988182643988516 81.0
243.79761268150128 -17.981995517715255 82.0
243.79760137515214 -17.975808391437187 85.0
243.79759007210302 -17.96962126515432 85.0
243.7975787723532 -17.96343413886666 86.0
243.79756747590218 -17.957247012574193 83.0
243.79755618274928 -17.951059886276937 84.0
243.79754489289397 -17.94487275997489 85.0
243.79753360633555 -17.938685633668044 83.0
243.80503742677863 -18.415083191823932 80.0
243.8045457964032 -18.15522396629102 80.0
243.80440642962304 -18.08097847164131 80.0
243.80439483769803 -18.074791347054454 81.0
243.80438324915067 -18.06860422246257 80.0
243.8043716639802 -18.062417097865666 81.0
243.8043600821861 -18.05622997326374 82.0
243.8043485037677 -18.050042848656794 85.0
243.80433692872435 -18.043855724044825 86.0
243.80432535705546 -18.037668599427843 84.0
243.8043137887604 -18.031481474805847 82.0
243.80430222383853 -18.02529435017883 81.0
243.80429066228925 -18.019107225546804 80.0
243.80425599787065 -18.00054585162067 80.0
243.80424444980542 -17.99435872696862 81.0
243.80423290510961 -17.988171602311557 81.0
243.80422136378272 -17.98198447764949 81.0
243.804209825824 -17.975797352982426 83.0
243.8041982912328 -17.96961022831036 86.0
243.8041867600086 -17.963423103633303 87.0
243.80417523215073 -17.957235978951243 85.0
243.8041637076586 -17.95104885426419 82.0
243.80415218653152 -17.94486172957214 82.0
243.80414066876895 -17.938674604875104 80.0
243.81100700140325 -18.074780058444635 80.0
243.81098336250375 -18.062405812549073 81.0
243.8109715482205 -18.056218689593457 83.0
243.81095973738067 -18.05003156663261 81.0
243.8109479299837 -18.043844443666547 86.0
243.81093612602888 -18.037657320695264 83.0
243.81092432551566 -18.031470197718757 83.0
243.81091252844334 -18.025283074737036 81.0
243.8108771578654 -18.006721705760583 81.0
243.8108653745504 -18.000534582758007 81.0
243.81085359467303 -17.994347459750227 81.0
243.8108418182328 -17.988160336737234 82.0
243.81083004522904 -17.98197321371904 82.0
243.81081827566103 -17.975786090695635 84.0
243.81080650952825 -17.96959896766704 83.0
243.81079474683 -17.96341184463324 87.0
243.8107829875657 -17.957224721594237 84.0
243.81077123173463 -17.95103759855004 80.0
243.81075947933624 -17.944850475500647 80.0
243.81759506017062 -18.062394302942938 80.0
243.81758301339858 -18.056207181666345 81.0
243.81757097013772 -18.05002006038432 81.0
243.81755893038746 -18.043832939096866 83.0
243.81754689414717 -18.037645817803984 83.0
243.8175348614161 -18.031458696505673 81.0
243.8174987842721 -18.01289733257821 80.0
243.8174867655716 -18.006710211258213 81.0
243.81747475037716 -18.0005230899328 80.0
243.81746273868814 -17.99433596860197 80.0
243.8174507305038 -17.988148847265727 81.0
243.81743872582354 -17.98196172592407 81.0
243.81742672464668 -17.975774604577005 83.0
243.81741472697266 -17.96958748322453 83.0
243.81740273280073 -17.963400361866643 83.0
243.81739074213033 -17.95721324050336 84.0
243.81737875496074 -17.951026119134667 82.0
243.8172471269657 -17.88296778372293 81.0
243.81723518175582 -17.876780662289526 81.0
243.81722324003832 -17.870593540850752 81.0
243.81721130181265 -17.864406419406592 80.0
243.8241944777035 -18.05619544948258 80.0
243.8241699299189 -18.043821210335963 80.0
243.82412087727627 -18.019072731975058 80.0
243.82408412533422 -18.000511373145237 81.0
243.82407188183387 -17.994324253524034 81.0
243.8240596419058 -17.98813713389722 81.0
243.82404740554946 -17.981950014264772 81.0
243.82403517276416 -17.975762894626705 82.0
243.82402294354924 -17.969575774983017 82.0
243.82401071790403 -17.963388655333713 82.0
243.8239984958279 -17.957201535678795 82.0
243.82398627732013 -17.95101441601826 82.0
243.82397406238013 -17.94482729635211 81.0
243.8239618510072 -17.938640176680355 80.0
243.82385210906094 -17.882956099382362 80.0
243.8238399333226 -17.8767689796546 80.0
243.82382776114412 -17.870581859921252 81.0
243.82381559252485 -17.864394740182302 81.0
243.8307934330167 -18.04999637521612 81.0
243.8306810240934 -17.994312314516613 80.0
243.83066855242203 -17.988125196631888 83.0
243.83065608439003 -17.981938078741322 81.0
243.83063115924125 -17.969563842942684 81.0
243.83061870212313 -17.96337672503462 82.0
243.83059379879614 -17.951002489200995 80.0
243.83058135258588 -17.944815371275443 81.0
243.8305689100103 -17.93862825334406 81.0
243.83045709027692 -17.882944191699835 80.0
243.83043228137154 -17.87056995571498 80.0
243.8373919262971 -18.04379708024124 80.0
243.8373664638203 -18.03142284811231 80.0
243.83727746203581 -17.988113035469933 80.0
243.8372647623285 -17.98192591935392 80.0
243.83704943380323 -17.876744944456842 82.0
243.83703680070397 -17.870557828232133 81.0
243.83702417129865 -17.864370712001413 81.0
243.84400292311028 -18.043784678907805 80.0
243.84396403831434 -18.025223336132328 80.0
243.84366705000497 -17.882919706309643 80.0
243.84365418268376 -17.8767325918944 82.0
243.8436413191247 -17.87054547747291 84.0
243.85028513016172 -17.889094241175098 80.0
243.85027202848363 -17.88290712860237 80.0
243.8502589306357 -17.876720016023167 82.0
243.8502458366172 -17.8705329034375 80.0
243.8568903382884 -17.889081438257755 81.0
243.85687700601653 -17.882894327553906 81.0
243.8634955454523 -17.889068411966818 81.0
