# successful candidates for region at (235.92454731548668, -24.109968509725203) and radius 1.0
235.92601061499494 -24.48682179038965 65.0
235.95353534977954 -24.548977136680957 65.0
235.953533921578 -24.542761329077123 65.0
235.9740883042306 -24.318986988141397 65.0
235.9809568214264 -24.3189846177557 65.0
235.9809540636508 -24.312768811138604 65.0
235.9947247591113 -24.374921207926633 65.0
235.99471788530886 -24.36248959616437 65.0
235.99471444974 -24.35627379028274 66.0
235.99471101505904 -24.35005798440078 66.0
236.0015963014164 -24.374917911703385 65.0
236.00159252749796 -24.368702106249295 66.0
236.00158875455494 -24.362486300794806 67.0
236.00158498258702 -24.35627049533991 66.0
236.00158121159402 -24.350054689884622 66.0
236.00157744157568 -24.343838884428937 65.0
236.00156237124432 -24.318975662602224 65.0
236.0084637328565 -24.36869850280179 65.0
236.0084596234276 -24.36248269781394 67.0
236.0084555150608 -24.35626689282562 67.0
236.00845140775584 -24.35005108783683 66.0
236.0084473015125 -24.343835282847564 66.0
236.00844319633046 -24.337619477857835 65.0
236.00843088714984 -24.31897206288581 66.0
236.00842678621063 -24.312756257894186 66.0
236.01540176460196 -24.46193165885727 66.0
236.01533049189362 -24.362478787221846 66.0
236.0153260471281 -24.35626298273994 67.0
236.0153216035113 -24.35004717825747 66.0
236.01531716104304 -24.34383137377445 66.0
236.01531271972306 -24.337615569290886 66.0
236.01530827955102 -24.33139976480676 66.0
236.01529940264976 -24.31896815583687 66.0
236.01529496592 -24.312752351351094 66.0
236.02227802684672 -24.46192743190238 65.0
236.0222732258706 -24.455711627976953 65.0
236.02226842613504 -24.449495824050878 65.0
236.02223007287142 -24.39976939261923 65.0
236.02220135991965 -24.3624745690186 65.0
236.0221965787555 -24.35625876508293 66.0
236.02219179882715 -24.350042961146617 66.0
236.02218702013417 -24.343827157209667 65.0
236.02218224267637 -24.33761135327208 66.0
236.02217746645343 -24.33139554933385 66.0
236.02217269146502 -24.325179745394987 66.0
236.0221679177109 -24.31896394145548 67.0
236.02216314519075 -24.312748137515346 65.0
236.02915428861513 -24.461922896698205 65.0
236.02914914984677 -24.455707093360342 66.0
236.0291440124061 -24.44949129002174 65.0
236.02910296064155 -24.399764863286514 66.0
236.0290978351363 -24.393549059941307 65.0
236.02905176515713 -24.3376068298015 65.0
236.02904665288347 -24.331391026448976 65.0
236.02904154193124 -24.325175223095716 67.0
236.02903643230005 -24.318959419741734 65.0
236.03597584790384 -24.399760026103674 66.0
236.03597038547832 -24.393544223384975 65.0
236.03592128713214 -24.337601998879236 65.0
236.035904946384 -24.3189545906957 65.0
236.0428371374325 -24.387323276965216 66.0
236.04280238180402 -24.35002846462596 65.0
236.04973389806153 -24.412181030876997 65.0
236.04972775862333 -24.405965229533024 65.0
236.0497093498265 -24.387317825494804 65.0
236.0496970852229 -24.374886222797407 65.0
236.0496909552983 -24.36867042144713 65.0
236.0496664514387 -24.343807216035543 65.0
236.0567568807865 -24.55513868207314 65.0
