# successful candidates for region at (123.55424847902727, -71.22745536798448) and radius 1.0
124.90431850650249 -71.09925019155767 58.0
124.92409836964613 -71.10540557917777 58.0
125.35949433226514 -71.20881514302997 58.0
125.35891141907463 -71.20252023426916 58.0
125.35832889658856 -71.19622532356092 58.0
125.3789391645128 -71.20862723536476 58.0
125.3783499805991 -71.20233238959796 58.0
125.37776119158495 -71.1960375418416 58.0
125.39778816565168 -71.20214253313753 58.0
125.39719311048775 -71.19584774900599 58.0
125.39541033555965 -71.17696338443879 58.0
125.45303527397122 -71.17008792595068 58.0
125.45242347485849 -71.16379332594988 58.0
