# successful candidates for region at (295.22762467552644, -28.743862187151212) and radius 1.0
294.4032447355924 -28.386952208608008 115.0
294.41038437858845 -28.38699531797869 115.0
294.4175240273873 -28.387038052396846 115.0
294.42456802246795 -28.39965932128291 114.0
294.42461585826663 -28.393369866599553 115.0
294.42466368193817 -28.387080411861497 116.0
294.4247114934859 -28.380790957068765 114.0
294.42475929291317 -28.37450150222137 115.0
294.4248070802233 -28.36821204731934 114.0
294.43170853315695 -28.399701316418508 115.0
294.4317559436834 -28.393411856421963 117.0
294.4318033421905 -28.387122396371684 118.0
294.4318507286816 -28.380832936267698 117.0
294.43189810315994 -28.37454347611002 116.0
294.43194546562876 -28.368254015898668 116.0
294.4319928160914 -28.361964555633648 115.0
294.438849049501 -28.399742936503813 114.0
294.43889603475304 -28.393453471241525 120.0
294.4389430080936 -28.387164005926458 119.0
294.43898996952584 -28.380874540558644 119.0
294.4390369190531 -28.374585075138096 117.0
294.4390838566786 -28.36829560966483 117.0
294.43941208708014 -28.324269349877348 115.0
294.4394589296083 -28.317979883982964 114.0
294.4459895714493 -28.399784181537886 115.0
294.4460361314249 -28.393494711057286 119.0
294.44608267959666 -28.387205240524874 120.0
294.44612921596797 -28.38091576994066 119.0
294.44617574054206 -28.374626299304662 117.0
294.44622225332205 -28.3683368286169 115.0
294.44626875431123 -28.362047357877387 115.0
294.4463152435128 -28.355757887086142 114.0
294.4465010825071 -28.330600003404168 116.0
294.4465475128188 -28.324310532354502 115.0
294.44659393136214 -28.31802106125321 115.0
294.44664033814036 -28.3117315901003 114.0
294.44736530935603 -29.173430163370387 117.0
294.45308395255523 -28.406114527120334 114.0
294.45313009895125 -28.399825051519773 117.0
294.45317623364815 -28.393535575868327 118.0
294.4532223566492 -28.387246100166 120.0
294.45326846795746 -28.380956624412814 120.0
294.4533145675762 -28.37466714860879 115.0
294.45363693786845 -28.330640816558432 116.0
294.45368294408576 -28.324351340348265 114.0
294.45372893864214 -28.318061864087404 115.0
294.4545118121676 -29.179760770150665 115.0
294.4545589834858 -29.173471295696093 115.0
294.46022491094857 -28.406155027173472 114.0
294.46027063195606 -28.39986554644857 115.0
294.4603163413723 -28.39357606567371 116.0
294.46036203920033 -28.387286584848912 118.0
294.4604077254435 -28.380997103974185 116.0
294.4604534001048 -28.374707623049552 116.0
294.46049906318757 -28.368418142075026 114.0
294.46077279870974 -28.33068125518103 114.0
294.4608639513979 -28.318102292484625 114.0
294.46118262213946 -28.274075921481025 115.0
294.4612281003931 -28.267786439710413 115.0
294.4616591865757 -29.18609100630922 114.0
294.461705930894 -29.179801526712673 119.0
294.4617526633292 -29.173512047065078 115.0
294.46179938388474 -29.167222567366448 114.0
294.467411170413 -28.399905666323356 114.0
294.46745645454644 -28.393616180472527 116.0
294.46750172719953 -28.387326694572693 116.0
294.46754698837543 -28.38103720862385 114.0
294.4675922380773 -28.37474772262603 114.0
294.4680892284064 -28.30556337342157 116.0
294.4682696088477 -28.28040542679138 114.0
294.4683146753901 -28.274115940011967 115.0
294.46835973051145 -28.267826453183837 115.0
294.46866841089434 -29.211289325477093 115.0
294.46876110399046 -29.19871035634407 114.0
294.468900055283 -29.17984190226848 114.0
294.46894634883313 -29.173552417476394 116.0
294.4689926306151 -29.167262932634227 114.0
294.4752234042984 -28.30560304290977 115.0
294.4752680928849 -28.299313551310576 116.0
294.4754020907004 -28.280445076225845 114.0
294.4754467340012 -28.27415558443528 115.0
294.47549136598826 -28.267866092596904 114.0
294.4758188123323 -29.217618835112546 116.0
294.4759106499983 -29.205039855877576 114.0
294.4759565513203 -29.198750366186246 115.0
294.47600244097265 -29.19246087644572 115.0
294.47618588295063 -29.167302916991925 114.0
294.48222472342695 -28.32451082747106 114.0
294.48226902201503 -28.318221331045358 114.0
294.4823575855106 -28.305642338052948 115.0
294.4824018504243 -28.299352841486268 115.0
294.4824461041193 -28.293063344872618 114.0
294.4825345778653 -28.2804843515045 116.0
294.4825787979225 -28.27419485475006 115.0
294.4826230067733 -28.267905357948724 114.0
294.482924578638 -29.23023746810411 114.0
294.4830155835676 -29.21765847895725 117.0
294.4830610686793 -29.21136898431135 115.0
294.4831065422266 -29.205079489617148 114.0
294.48315200421274 -29.198789994874673 114.0
294.48936018157826 -28.32454976303418 115.0
294.4894040561691 -28.31826026168563 116.0
294.48944791963964 -28.311970760290965 114.0
294.4894917719928 -28.3056812588502 114.0
294.48957944335905 -28.293102255830437 115.0
294.48962326237825 -28.28681275425147 114.0
294.4896670702921 -28.280523252626462 115.0
294.4897108671038 -28.274233750955435 118.0
294.48975465281615 -28.267944249238393 117.0
294.49016730331255 -29.22398724110449 117.0
294.49021236031865 -29.21769774150154 116.0
294.49025740586893 -29.21140824185119 114.0
294.4903024399665 -29.205118742153484 118.0
294.49034746261464 -29.19882924240843 115.0
294.49645218334706 -28.33087783028732 115.0
294.49649564495485 -28.324588324108504 115.0
294.4965825351255 -28.31200931161516 115.0
294.49675618337136 -28.286851286086044 116.0
294.4967995679304 -28.280561779590844 117.0
294.4968429414945 -28.27427227305051 116.0
294.4968863040666 -28.267982766465053 117.0
294.4969296556497 -28.26169325983448 115.0
294.4969729962469 -28.255403753158824 115.0
294.49736452520136 -29.224026127304192 114.0
294.49740914253215 -29.21773662274448 114.0
294.5035880760072 -28.330916021701015 115.0
294.5036311135064 -28.32462651069315 115.0
294.50393207072983 -28.280599932396786 117.0
294.5039750210444 -28.274310421034425 119.0
294.50401796047424 -28.268020909627822 118.0
294.50406088902236 -28.261731398176988 114.0
294.5045617525014 -29.224064632153055 115.0
294.5046059301548 -29.217775122685186 117.0
294.5110220407965 -28.286927227137113 115.0
294.51106457864006 -28.280637711043408 114.0
294.5111071057032 -28.274348194906317 116.0
294.51114962198886 -28.26805867872584 114.0
294.51119212749995 -28.261769162502002 114.0
294.517986412407 -28.312122719214326 115.0
294.51802856961143 -28.305833198562585 115.0
294.51807071613115 -28.29954367786826 114.0
294.51811285196897 -28.293254157131354 117.0
294.5181549771279 -28.28696463635189 118.0
294.5181970916107 -28.280675115529874 119.0
294.5182391954205 -28.27438559466533 114.0
294.51828128856005 -28.268096073758258 114.0
294.5183233710323 -28.261806552808686 115.0
294.5183654428401 -28.255517031816627 114.0
294.5184075039864 -28.249227510782077 114.0
294.52507930428135 -28.318449298247817 114.0
294.525121048274 -28.3121597729534 116.0
294.52516278168645 -28.305870247617232 116.0
294.5252045045216 -28.29958072223933 116.0
294.5252462167822 -28.293291196819705 117.0
294.52528791847124 -28.287001671358368 115.0
294.5253296095915 -28.280712145855336 117.0
294.52537129014604 -28.27442262031062 116.0
294.52541296013754 -28.268133094724234 117.0
294.52545461956896 -28.261843569096193 114.0
294.5263248354024 -29.19901976272572 114.0
294.5322556891102 -28.312196452294078 120.0
294.5322969987287 -28.305906922320812 119.0
294.5323382978774 -28.299617392306658 118.0
294.5323795865589 -28.29332786225162 119.0
294.53242086477616 -28.287038332155714 119.0
294.53246213253203 -28.280748802018955 118.0
294.53250338982934 -28.274459271841355 117.0
294.53254463667093 -28.26816974162293 118.0
294.5325858730597 -28.261880211363685 115.0
294.53262709899843 -28.255590681063644 114.0
294.53266831449 -28.249301150722815 115.0
294.53270951953726 -28.243011620341207 114.0
294.53939033486506 -28.312232757235527 118.0
294.53943122068785 -28.305943222672497 116.0
294.5394720961482 -28.2996536880694 116.0
294.5395129612487 -28.29336415342626 118.0
294.53955381599235 -28.287074618743095 117.0
294.5395946603819 -28.2807850840199 117.0
294.53963549442017 -28.274495549256706 116.0
294.53967631811 -28.26820601445351 116.0
294.5397171314542 -28.261916479610342 115.0
294.5397579344556 -28.255626944727197 117.0
294.539798727117 -28.2493374098041 115.0
294.5465249854882 -28.31226868777694 115.0
294.54656544751344 -28.30597914867146 117.0
294.5466058992835 -28.29968960952675 116.0
294.54664634080126 -28.293400070342827 115.0
294.5466867720694 -28.28711053111969 114.0
294.5468887747644 -28.255662834416352 115.0
294.54692914459383 -28.24937329495824 116.0
294.5479943058676 -29.18655042484887 114.0
294.55369967915493 -28.306014700316897 115.0
294.553739707233 -28.299725156677898 116.0
294.5539396955038 -28.26827743790709 114.0
294.55397966275336 -28.261987894037855 114.0
294.55401961987457 -28.255698350130295 115.0
294.55522997028214 -29.18029669012224 115.0
294.56083391556194 -28.306049877608007 114.0
294.5611504697358 -28.25573349186823 115.0
294.5611899938957 -28.249443943481843 114.0
294.5680073373727 -28.299795128058356 114.0
294.56828132429786 -28.255768259629363 114.0
294.56832042562024 -28.249478706849704 114.0
294.5754508619936 -28.24951309628724 115.0
294.5823133097405 -28.293574041026247 114.0
294.58944671741096 -28.29360771237755 114.0
294.58967391568575 -28.255870319044117 115.0
294.59654265320347 -28.299930579109994 114.0
294.5968795989785 -28.243324451096328 114.0
294.6033425953141 -28.35656966887602 114.0
294.61044353501865 -28.362891836217607 114.0
294.6129711321175 -29.149121512937008 114.0
294.613120946058 -29.12396320213083 114.0
294.6203482225278 -29.11770595735398 115.0
294.6253997520586 -28.243453765981137 114.0
294.6324592185945 -28.256064340396666 114.0
294.6324945143028 -28.24977475020403 115.0
294.6566797626628 -29.04867629298497 114.0
294.67023555751007 -29.1996865529829 114.0
294.7283180452726 -29.09298673564483 114.0
294.7638916721732 -29.174879589346517 114.0
294.76408955442366 -29.130852011385308 114.0
294.7711969113919 -29.14974533051883 114.0
294.7712803600869 -29.130876359116975 114.0
294.77847116911573 -29.13090032619836 115.0
294.7856619814571 -29.130923912628926 115.0
294.79293224052566 -29.112078119812335 115.0
294.79295870822176 -29.105788453580914 114.0
295.33213118546826 -29.093864170053486 115.0
295.33931946666064 -29.093858449775556 114.0
295.34650051247746 -29.087562600945866 114.0
295.38246798534584 -29.10639562733859 114.0
