# successful candidates for region at (111.68404110135674, 76.36127600769142) and radius 1.0
109.96947423143872 76.88936642626489 42.0
109.96868687417941 76.89549411247083 42.0
109.9678987800436 76.90162179619882 42.0
109.99713071418391 76.8895475776739 43.0
109.9963560428191 76.89567534861105 43.0
109.99558064643027 76.90180311714951 42.0
110.0247879411882 76.88972578410223 43.0
110.02402595676243 76.89585363839545 43.0
110.02326325916707 76.90198149036792 43.0
110.14249990310337 76.82912730743783 42.0
