# successful candidates for region at (93.56154446238291, -24.82796596646677) and radius 1.0
94.24507332550367 -24.603716210727193 138.0
94.25208626298291 -24.61630786175976 136.0
94.25205131924776 -24.609996189585544 136.0
94.25899472606919 -24.609964171780117 137.0
94.26597377571598 -24.616243497440973 136.0
94.26593812930852 -24.609931833645554 137.0
94.26590249219662 -24.603620169815123 136.0
94.27295353380252 -24.622522494233724 139.0
94.27291752667156 -24.616210834725976 138.0
94.27288152893009 -24.609899175182502 139.0
94.27284554057577 -24.603587515603337 140.0
94.27280956160631 -24.59727585598848 136.0
94.27277359201943 -24.590964196337936 136.0
94.27273763181283 -24.584652536651735 138.0
94.27997037809044 -24.63511281717234 139.0
94.2799340005661 -24.62880116203181 139.0
94.27989763252751 -24.622489506854837 138.0
94.27986127397233 -24.616177851641435 139.0
94.27982492489824 -24.60986619639162 139.0
94.27978858530291 -24.603554541105407 139.0
94.27975225518405 -24.5972428857828 138.0
94.27971593453934 -24.590931230423813 138.0
94.27967962336646 -24.58461957502846 139.0
94.27964332166307 -24.57830791959675 140.0
94.2796070294269 -24.571996264128696 136.0
94.28691517624405 -24.635079500708613 136.0
94.2868784471136 -24.628767849905557 137.0
94.28684172756056 -24.62245619906535 138.0
94.28680501758258 -24.616144548188014 137.0
94.2867683171773 -24.609832897273556 140.0
94.28673162634244 -24.603521246321993 141.0
94.28669494507562 -24.59720959533332 138.0
94.2866582733745 -24.590897944307567 137.0
94.28662161123677 -24.58458629324474 139.0
94.28658495866006 -24.578274642144855 139.0
94.28654831564205 -24.57196299100791 138.0
94.293822889932 -24.628734217327654 140.0
94.29378581886596 -24.622422570865936 140.0
94.29374875746664 -24.616110924366367 141.0
94.29371170573168 -24.609799277828966 141.0
94.2936746636587 -24.603487631253742 141.0
94.29363763124537 -24.5971759846407 142.0
94.29360060848933 -24.590864337989867 138.0
94.29356359538819 -24.584552691301237 139.0
94.2935265919396 -24.578241044574842 137.0
94.2933417194025 -24.546682810376623 136.0
94.30076732898561 -24.628700264298775 139.0
94.30072990640805 -24.622388622257255 142.0
94.30069249358887 -24.616076980177166 141.0
94.30065509052568 -24.609765338058526 141.0
94.30061769721608 -24.60345369590133 139.0
94.30058031365772 -24.59714205370561 141.0
94.30054293984819 -24.59083041147137 138.0
94.30050557578511 -24.58451876919862 136.0
94.3004682214661 -24.578207126887374 136.0
94.30031890158328 -24.552960557257684 136.0
94.30028159594899 -24.54664891475415 137.0
94.3000207288107 -24.502467416154257 136.0
94.29953752337191 -24.420416056631026 136.0
94.30774954817879 -24.634977628359884 137.0
94.30771176423876 -24.628665990819588 140.0
94.30767399015116 -24.622354353239984 139.0
94.3076362259136 -24.61604271562108 140.0
94.30759847152365 -24.609731077962895 141.0
94.30756072697892 -24.603419440265437 143.0
94.30752299227699 -24.597107802528715 139.0
94.30748526741547 -24.59079616475275 140.0
94.30744755239195 -24.584484526937555 138.0
94.30740984720401 -24.578172889083135 136.0
94.30725912476022 -24.552926337273473 137.0
94.30722146871425 -24.546614699223127 136.0
94.30699573859972 -24.50874487009941 137.0
94.30650786714139 -24.426693568842808 136.0
94.30647040706522 -24.42038193001188 137.0
94.31503799894516 -24.691747725446003 137.0
94.31469433119598 -24.634943029926713 141.0
94.31465619565573 -24.62863139689078 139.0
94.3146180700596 -24.6223197638148 138.0
94.31457995440515 -24.61600813069879 139.0
94.31454184868996 -24.609696497542764 140.0
94.31450375291158 -24.60338486434673 140.0
94.3144656670676 -24.597073231110695 141.0
94.31442759115558 -24.590761597834696 137.0
94.3143895251731 -24.58444996451871 136.0
94.31435146911775 -24.578138331162783 138.0
94.31431342298707 -24.571826697766905 138.0
94.31397145402246 -24.51502199540871 136.0
94.31393350700556 -24.508710361614106 136.0
94.3134789141641 -24.432970752977848 139.0
94.31344109563442 -24.426659118666798 136.0
94.31340328697156 -24.4203474843161 137.0
94.32198594660632 -24.691712765573985 136.0
94.32171611473485 -24.647531367860157 137.0
94.32167760751697 -24.641219739451923 138.0
94.32163911033977 -24.634908111002876 137.0
94.32160062320084 -24.628596482513025 139.0
94.32156214609768 -24.62228485398239 137.0
94.32152367902786 -24.61597322541098 138.0
94.32148522198894 -24.609661596798816 142.0
94.32144677497843 -24.6033499681459 142.0
94.3214083379939 -24.597038339452247 143.0
94.3213699110329 -24.590726710717874 139.0
94.32133149409299 -24.584415081942797 139.0
94.3212930871717 -24.578103453127017 141.0
94.3212546902666 -24.57179182427056 143.0
94.32121630337524 -24.565480195373432 138.0
94.32117792649517 -24.55916856643565 138.0
94.32113955962394 -24.552856937457218 137.0
94.32041248750959 -24.432935979161932 137.0
94.32037432030374 -24.426624349373338 137.0
94.32870046257241 -24.653807743045864 137.0
94.32862273444056 -24.641184495449565 136.0
94.32850621822975 -24.62224962374345 138.0
94.32846739974609 -24.615937999758348 140.0
94.32842859138493 -24.609626375731743 141.0
94.32838979314383 -24.603314751663635 142.0
94.32835100502028 -24.59700312755405 141.0
94.32831222701182 -24.590691503402997 138.0
94.32827345911599 -24.584379879210484 139.0
94.3282347013303 -24.57806825497653 138.0
94.32819595365231 -24.571756630701145 139.0
94.3281572160795 -24.56544500638435 138.0
94.32811848860946 -24.559133382026147 136.0
94.32784767898896 -24.51495201036056 136.0
94.32780903225218 -24.508640385671608 136.0
94.32777039559598 -24.50232876094137 136.0
94.32773176901792 -24.496017136169865 137.0
94.32730754111411 -24.42658926096312 136.0
94.33580327553263 -24.67901864540836 137.0
94.33572476189775 -24.66639540741376 136.0
94.33568552043279 -24.6600837883529 137.0
94.33564628919949 -24.653772169249677 139.0
94.33556785741781 -24.641148930916213 136.0
94.3354502864201 -24.62221407309867 139.0
94.33541111652414 -24.615902453741587 142.0
94.33537195684232 -24.60959083434224 143.0
94.33533280737215 -24.603279214900642 139.0
94.33529366811112 -24.596967595416807 140.0
94.33525453905675 -24.590655975890748 138.0
94.335176311558 -24.578032736712018 137.0
94.33509812485593 -24.56540949736455 138.0
94.33505904679744 -24.55909787762758 136.0
94.33459090433797 -24.483358437500616 136.0
94.33455195857793 -24.477046817216834 136.0
94.34275050656929 -24.678982732296635 137.0
94.34271089239712 -24.672671117997123 136.0
94.34267128855343 -24.666359503654455 141.0
94.3426316950357 -24.66004788926865 138.0
94.34259211184141 -24.653736274839726 140.0
94.34255253896804 -24.647424660367697 138.0
94.34251297641303 -24.64111304585257 139.0
94.34247342417389 -24.634801431294363 137.0
94.34243388224809 -24.628489816693094 138.0
94.34239435063309 -24.622178202048772 137.0
94.34235482932638 -24.61586658736141 140.0
94.34231531832543 -24.60955497263102 142.0
94.34227581762777 -24.60324335785762 143.0
94.34223632723081 -24.59693174304122 139.0
94.34219684713207 -24.59062012818184 137.0
94.34215737732903 -24.58430851327949 137.0
94.34211791781917 -24.577996898334177 137.0
94.34199960102356 -24.55906205324064 136.0
94.34965776717173 -24.67263488882367 136.0
94.34961781118504 -24.66632327919859 140.0
94.34957786561611 -24.660011669529602 143.0
94.34953793046242 -24.653700059816725 137.0
94.34949800572139 -24.647388450059967 137.0
94.34945809139047 -24.641076840259352 139.0
94.34941818746714 -24.634765230414878 137.0
94.34937829394883 -24.628453620526574 137.0
94.349338410833 -24.62214201059445 140.0
94.34929853811713 -24.615830400618517 139.0
94.34925867579864 -24.609518790598788 142.0
94.34921882387502 -24.60320718053528 139.0
94.34917898234369 -24.596895570428007 140.0
94.34909933044786 -24.584272350082216 136.0
94.34905952007826 -24.57796073984373 136.0
94.34901972009082 -24.57164912956153 137.0
94.3566449565252 -24.678909943733668 137.0
94.35660463788494 -24.672598338912632 138.0
94.35656432975682 -24.666286734046892 141.0
94.35652403213828 -24.659975129136477 139.0
94.35648374502676 -24.653663524181393 139.0
94.35644346841967 -24.647351919181652 139.0
94.35640320231443 -24.64104031413727 144.0
94.35636294670847 -24.634728709048268 139.0
94.35632270159927 -24.62841710391465 138.0
94.3562824669842 -24.62210549873643 139.0
94.35624224286072 -24.615793893513633 140.0
94.35620202922627 -24.60948228824626 138.0
94.35616182607828 -24.603170682934337 140.0
94.36359217537284 -24.67887306828386 137.0
94.36355150450093 -24.67256146826472 138.0
94.363510844233 -24.666249868200087 138.0
94.36347019456646 -24.659938268089995 138.0
94.3634295554987 -24.653626667934454 138.0
94.36338892702713 -24.647315067733466 138.0
94.36334830914917 -24.64100346748706 140.0
94.36330770186221 -24.634691867195244 142.0
94.36326710516369 -24.62838026685803 144.0
94.36322651905097 -24.62206866647544 141.0
94.3631859435215 -24.61575706604748 141.0
94.36314537857268 -24.60944546557417 140.0
94.36310482420193 -24.603133865055522 138.0
94.36306428040666 -24.596822264491554 137.0
94.37049836698394 -24.67252427688067 137.0
94.37045735457781 -24.66621268165891 140.0
94.37041635286486 -24.659901086390892 136.0
94.37037536184249 -24.653589491076634 136.0
94.37033438150809 -24.64727789571614 138.0
94.37029341185901 -24.640966300309444 138.0
94.37025245289266 -24.634654704856544 143.0
94.37021150460642 -24.62834310935746 142.0
94.37017056699767 -24.6220315138122 143.0
94.37012964006381 -24.61571991822079 143.0
94.37008872380223 -24.60940832258324 140.0
94.37004781821031 -24.603096726899565 138.0
94.37744522529816 -24.672486764761217 138.0
94.37740386075545 -24.666175174424094 139.0
94.37736250699776 -24.659863584039904 139.0
94.37727983182675 -24.64724040313042 137.0
94.37723851040819 -24.640928812605164 140.0
94.37719719976407 -24.634617222032904 138.0
94.37715589989175 -24.62830563141366 139.0
94.3771146107886 -24.62199404074746 140.0
94.37707333245199 -24.615682450034296 140.0
94.37703206487927 -24.609370859274208 140.0
94.37699080806782 -24.603059268467195 139.0
94.38435036273017 -24.666137346496377 138.0
94.38430865692935 -24.659825761037776 136.0
94.38422527794744 -24.647202589977052 136.0
94.38418360476102 -24.640891004374964 137.0
94.38414194244078 -24.634579418725075 137.0
94.38410029098401 -24.628267833027394 138.0
94.38405865038808 -24.62195624728195 137.0
94.38401702065035 -24.615644661488755 138.0
94.38397540176814 -24.609333075647815 137.0
94.39100268576047 -24.621918133416433 138.0
94.39096070462327 -24.615606552584897 137.0
94.39091873443321 -24.609294971704816 137.0
94.39824335392775 -24.666060728565284 136.0
