# successful candidates for region at (75.49376871317239, -5.251967863989942) and radius 1.0
75.60802117039289 -4.645150066859108 70.0
75.60802011875913 -4.638926935130169 69.0
75.61426573389213 -4.651372076004149 70.0
75.61426462382357 -4.64514894474533 70.0
75.62050924481913 -4.651370893707204 69.0
75.62050807723296 -4.645147762943349 70.0
75.62675153061997 -4.645146521453175 70.0
75.6329924220936 -4.632698960876275 69.0
75.63923977746131 -4.651366988537295 69.0
75.63923042100929 -4.607805084629251 69.0
75.63922908904317 -4.601581955498536 70.0
75.64547353026992 -4.607803667643892 70.0
75.64547214113709 -4.6015805391079825 70.0
75.651716639504 -4.60780219112038 70.0
75.65171519320447 -4.6015790632042695 69.0
75.65171374817241 -4.595355935287866 69.0
75.65170510459357 -4.558017167783325 69.0
75.65170366843205 -4.551794039864883 69.0
75.65795824524419 -4.601577527787414 69.0
75.65793288785231 -4.495784364126855 69.0
75.66420129725519 -4.601575932857435 69.0
75.66416883978928 -4.470890274146954 69.0
75.6704492068882 -4.620243656133545 69.0
75.67043467221077 -4.564235522966101 69.0
75.67042985283295 -4.545566145237061 69.0
75.670428249208 -4.539343019326654 69.0
75.67042504620909 -4.526896767504752 69.0
75.67041547121511 -4.489558012030366 69.0
75.67041388034072 -4.4833348861167055 69.0
75.67041229088271 -4.4771117602026855 69.0
75.67041070284097 -4.470888634288305 69.0
75.67670929026718 -4.682473191858463 69.0
75.67669410985845 -4.626465065203819 71.0
75.6766840556583 -4.589126314083016 69.0
75.67667571752135 -4.55801068813825 69.0
75.67667239253845 -4.545564437757614 69.0
75.67667073224781 -4.539341312566712 69.0
75.67666907342428 -4.533118187375421 69.0
75.67665750273191 -4.489556311025527 69.0
75.67665585564242 -4.483333185831136 69.0
75.67665421001932 -4.4771100606363605 70.0
75.67665256586257 -4.4708869354412 70.0
75.68294086867203 -4.638909537636084 70.0
75.68293912894848 -4.632686413195948 72.0
75.68293739074332 -4.62646328875539 71.0
75.68293565405644 -4.620240164314411 69.0
75.6829339188878 -4.614017039873013 69.0
75.6829321852373 -4.607793915431194 69.0
75.6829287224904 -4.595347666546299 71.0
75.68292699339385 -4.589124542103224 71.0
75.6829252658151 -4.582901417659729 69.0
75.68292353975409 -4.576678293215816 69.0
75.68292181521075 -4.570455168771486 69.0
75.68292009218499 -4.564232044326739 72.0
75.6829183706767 -4.5580089198815745 71.0
75.68291665068584 -4.551785795435993 69.0
75.68291493221233 -4.545562670989995 69.0
75.68291321525605 -4.539339546543581 70.0
75.68291149981697 -4.533116422096751 71.0
75.68290978589496 -4.526893297649506 69.0
75.68289953421747 -4.489554550957329 69.0
75.68289783091289 -4.483331426507186 69.0
75.68289103285836 -4.458438928702485 69.0
75.68918426430751 -4.638907700034886 69.0
75.68918246716696 -4.632684576364641 73.0
75.6891806715949 -4.626461452693946 70.0
75.68917887759126 -4.620238329022804 71.0
75.68917708515596 -4.614015205351212 71.0
75.6891752942889 -4.6077920816791735 70.0
75.68917350499 -4.601568958006686 69.0
75.68917171725919 -4.595345834333752 71.0
75.68916993109636 -4.589122710660372 71.0
75.68916814650146 -4.582899586986544 70.0
75.68916636347437 -4.576676463312271 69.0
75.68916458201504 -4.570453339637551 71.0
75.68916280212335 -4.564230215962386 71.0
75.68916102379927 -4.558007092286776 70.0
75.68915747185348 -4.545560844934223 70.0
75.68915569823162 -4.53933772125728 70.0
75.689153926177 -4.533114597579893 70.0
75.68915215568956 -4.526891473902063 70.0
75.68915038676919 -4.52066835022379 69.0
75.68914332675689 -4.495775855506276 69.0
75.68914156567068 -4.4895527318257935 70.0
75.69542580535101 -4.6326826798953435 69.0
75.69542395241213 -4.626459557019509 69.0
75.69542210109175 -4.620236434143196 70.0
75.69542025138983 -4.614013311266409 70.0
75.69541840330626 -4.607790188389141 71.0
75.69541655684095 -4.601567065511397 72.0
75.69541471199382 -4.595343942633178 71.0
75.69541286876478 -4.589120819754483 71.0
75.69541102715374 -4.582897696875311 70.0
75.69540918716064 -4.576674573995666 70.0
75.69540734878534 -4.570451451115546 70.0
75.69540551202782 -4.564228328234951 69.0
75.69540367688793 -4.558005205353881 69.0
75.69540184336563 -4.551782082472338 69.0
75.69540001146083 -4.5455589595903225 69.0
75.69539818117342 -4.539335836707834 70.0
75.69539635250334 -4.533112713824871 71.0
75.69539452545048 -4.526889590941438 70.0
75.69538723340972 -4.501997099402992 69.0
75.69538541444176 -4.495773976517203 69.0
75.70166914349954 -4.6326807237880825 69.0
75.70166532455683 -4.6202344796756165 69.0
75.70166341758832 -4.614011357618623 70.0
75.7016615122883 -4.607788235561122 70.0
75.70165960865661 -4.601565113503114 71.0
75.70165770669321 -4.5953419914446005 72.0
75.70165580639801 -4.589118869385582 70.0
75.70165390777089 -4.582895747326057 70.0
75.70165201081178 -4.576672625266026 69.0
75.7016501155206 -4.570449503205491 71.0
75.70164632994164 -4.55800325908291 69.0
75.70164443965369 -4.551780137020864 69.0
75.70164255103332 -4.545557014958315 69.0
75.70164066408041 -4.539333892895264 70.0
75.70163877879489 -4.533110770831709 71.0
75.70163689517669 -4.526887648767654 73.0
75.70163501322568 -4.520664526703097 70.0
75.701631254325 -4.50821828257248 69.0
75.7079046212339 -4.607786223195139 69.0
75.70790266043589 -4.60156310198186 70.0
75.70790070135628 -4.595339980768043 70.0
75.70789874399493 -4.58911685955369 71.0
75.70789678835179 -4.582893738338799 71.0
75.70789483442674 -4.576670617123375 69.0
75.70789288221971 -4.5704474959074135 70.0
75.7078889829593 -4.558001253473887 69.0
75.70788703590574 -4.551778132256324 70.0
75.70788509056983 -4.545555011038225 70.0
75.70788314695149 -4.539331889819594 71.0
75.7078812050506 -4.53310876860043 72.0
75.70787926486707 -4.526885647380734 71.0
75.70787732640083 -4.520662526160506 73.0
75.70787538965178 -4.514439404939745 70.0
75.70787345461984 -4.508216283718454 69.0
75.71414571217771 -4.601561030947659 69.0
75.7141436959819 -4.595337910603529 71.0
75.7141416815545 -4.589114790258833 72.0
75.71413966889537 -4.582891669913568 71.0
75.71413765800443 -4.576668549567735 70.0
75.7141356488816 -4.570445429221336 70.0
75.71412963212072 -4.55177606817874 71.0
75.71412763006933 -4.545552947830077 71.0
75.71412562978557 -4.53932982748085 72.0
75.71412363126935 -4.533106707131057 71.0
75.71412163452057 -4.526883586780701 71.0
75.71411963953913 -4.520660466429781 71.0
75.71410374330108 -4.4708755036021985 70.0
75.71410176422161 -4.464652383246229 69.0
75.72039083901143 -4.607782019849384 69.0
75.72038876388095 -4.601558900400535 70.0
75.72038669056903 -4.595335780951087 70.0
75.72038461907559 -4.589112661501035 71.0
75.72038254940054 -4.582889542050386 70.0
75.72038048154376 -4.5766664225991365 69.0
75.72037635128466 -4.564220183694835 69.0
75.72037428888216 -4.557997064241788 69.0
75.72037222829752 -4.551773944788141 69.0
75.72037016953071 -4.545550825333897 70.0
75.7203681125816 -4.539327705879056 71.0
75.7203660574501 -4.533104586423618 70.0
75.7203640041361 -4.526881466967583 71.0
75.72036195263952 -4.5206583475109525 70.0
75.72034968182044 -4.483319630758689 69.0
75.72034764304308 -4.477096511297901 70.0
75.7203456060824 -4.470873391836522 70.0
75.72034357093827 -4.46465027237455 70.0
75.72034153761061 -4.45842715291199 70.0
75.7266339478412 -4.607779828869661 69.0
75.72663181554454 -4.6015567103405175 69.0
75.72662968511655 -4.595333591810739 69.0
75.72662755655713 -4.589110473280326 70.0
75.7266254298662 -4.58288735474928 69.0
75.72661906100322 -4.56421799915234 70.0
75.72661694178517 -4.557994880618761 70.0
75.72661482443509 -4.5517717620845515 69.0
75.7266127089529 -4.5455486435497106 71.0
75.72661059533849 -4.539325525014238 71.0
75.72660848359176 -4.533102406478136 69.0
75.7266063737126 -4.526879287941406 69.0
75.72659165684253 -4.483317458166701 70.0
75.72658956190048 -4.477094339624951 71.0
75.72658746882514 -4.470871221082576 71.0
75.7265853776164 -4.464648102539577 70.0
75.73287267962337 -4.595331343182515 70.0
75.73287049399804 -4.589108225596729 69.0
75.73286831029127 -4.582885108010276 69.0
75.73286612850296 -4.576661990423155 70.0
75.73286394863302 -4.570438872835364 69.0
75.73285524833483 -4.545546402477543 69.0
75.73285307805516 -4.539323284886424 70.0
75.732848743249 -4.526877049702194 69.0
75.73283578484842 -4.489538344133601 69.0
75.73283363182489 -4.483315226536523 69.0
75.73283148071819 -4.477092108938785 72.0
75.73282933152825 -4.470868991340389 72.0
75.73282718425494 -4.464645873741333 70.0
75.73912241397501 -4.6139983849107145 69.0
75.73911567408841 -4.595329035066441 69.0
75.73909778767539 -4.545544102117423 69.0
75.7390778160046 -4.489536052496241 69.0
75.73907560676642 -4.483312935868184 70.0
75.73907339949514 -4.47708981923943 71.0
75.73907119419064 -4.470866702609984 70.0
75.73906899085284 -4.464643585979845 69.0
75.74536788772828 -4.620219129941368 69.0
75.74536557989518 -4.613996014322777 70.0
75.74536327408128 -4.607772898703442 69.0
75.74533804336352 -4.539318626841915 69.0
75.74532438407562 -4.501979933061704 69.0
75.74531758166609 -4.483310586161709 70.0
75.74531531823027 -4.477087470526916 70.0
75.74531305681128 -4.470864354891394 70.0
75.74531079740903 -4.464641239255141 69.0
75.7453085400234 -4.458418123618163 69.0
75.75161111087047 -4.620216698770915 69.0
75.75160638274126 -4.607770469572445 69.0
75.75160402178047 -4.601547354972041 69.0
75.75160166288875 -4.595324240370859 69.0
75.75157351753519 -4.520646865096158 69.0
75.751568855595 -4.508200635872891 71.0
75.75156652772608 -4.501977521260103 70.0
75.7515618781901 -4.489531292032221 69.0
75.7515595565228 -4.483308177417129 69.0
75.75155491938908 -4.470861948184645 71.0
75.75155260392243 -4.464638833567252 69.0
75.75155029052246 -4.458415718949097 70.0
75.75154797918903 -4.452192604330177 70.0
75.75154566992207 -4.445969489710492 69.0
75.757820613676 -4.53309061818107 69.0
75.75781583038554 -4.5206443910492675 69.0
75.75781105556591 -4.508198163914229 69.0
75.75780867133237 -4.501975050345498 69.0
75.7578062892162 -4.495751936775962 69.0
75.75780390921729 -4.48952882320562 69.0
75.7577991555708 -4.477082596062521 69.0
75.75779204097775 -4.458413255341847 69.0
75.75778967368007 -4.4521901417666845 69.0
75.75778730849886 -4.4459670281907195 69.0
75.76405814319048 -4.520641857814465 69.0
75.76405325549152 -4.508195632817616 69.0
75.76405081489341 -4.5019725203179215 69.0
75.76404837646271 -4.4957494078173825 69.0
75.7640337913882 -4.458410732796442 69.0
75.76403136812633 -4.452187620290006 69.0
75.76402894703097 -4.445964507782732 70.0
75.76402652810202 -4.439741395274619 69.0
75.7703004559489 -4.520639265391788 70.0
75.77027306252674 -4.4521850399001766 69.0
75.77027058551728 -4.445961928486561 69.0
75.77026811072427 -4.439738817072067 69.0
75.7765633132141 -4.57042149602653 69.0
75.77655045585512 -4.539305944630212 69.0
75.77654276865974 -4.5206366137812655 70.0
75.77651222395679 -4.445959290302238 69.0
75.77650969329976 -4.439736180006332 69.0
75.7890167249755 -4.495738701103733 69.0
75.7890140636549 -4.4895155931279405 69.0
75.78901140470171 -4.483292485151143 69.0
75.79529161160448 -4.5704131580069065 69.0
75.8015036752494 -4.501956098781816 69.0
75.80149812508415 -4.489509887656631 69.0
76.22022791165497 -4.962127708083774 69.0
76.22648140130534 -4.968343551264526 69.0
76.22647435462974 -4.962120587658212 69.0
76.22646731384931 -4.955897624045325 70.0
76.22646027896371 -4.949674660425872 70.0
76.22645324997264 -4.943451696799855 69.0
76.23272079746651 -4.962113406273289 69.0
76.232713696669 -4.9558904456107005 71.0
76.23270660181657 -4.949667484941431 71.0
76.23896724016413 -4.962106163929091 70.0
76.2389600793497 -4.955883206241844 69.0
76.2389529245306 -4.949660248547804 70.0
76.2389457757065 -4.943437290846975 70.0
76.23893863287705 -4.937214333139364 69.0
76.23893149604193 -4.930991375424974 71.0
76.23892436520079 -4.924768417703812 71.0
76.2389172403533 -4.918545459975882 70.0
76.24521368272141 -4.962098860625707 69.0
76.24520646189023 -4.955875905938846 69.0
76.24519203836428 -4.943429996544406 70.0
76.24518483566884 -4.937207041836838 70.0
76.24517763901797 -4.930984087122377 72.0
76.2451704484113 -4.924761132401031 71.0
76.24516326384854 -4.9185381776728025 70.0
76.25146012513717 -4.962091496363223 69.0
76.25144556953751 -4.94964559303334 69.0
76.25143830088109 -4.943422641357868 69.0
76.25143103831982 -4.937199689675384 69.0
76.25142378185336 -4.930976737985893 71.0
76.25141653148137 -4.924753786289401 69.0
76.25140928720347 -4.918530834585912 70.0
76.2577139144208 -4.968307019745544 69.0
76.25769189182805 -4.949638173912682 70.0
76.25768456325574 -4.943415225287451 69.0
76.25766992454695 -4.930969328015611 69.0
76.2576626144098 -4.924746379369012 69.0
76.2576480125682 -4.912300482054482 69.0
76.26393821397508 -4.949630693883192 69.0
76.26393082548705 -4.943407748333246 69.0
76.26391606709758 -4.930961857211621 69.0
76.26390869719543 -4.924738911639955 69.0
76.2764458933615 -4.9620614297241215 69.0
76.27643837244929 -4.95583849041485 69.0
76.2764308578339 -4.949615551098085 70.0
76.276423349515 -4.943392611773833 69.0
76.27641584749223 -4.937169672442096 69.0
76.2826696113093 -4.943384952168809 69.0
