# successful candidates for region at (172.2836884550408, -17.41522511376643) and radius 1.0
172.49923560475597 -17.385936213458894 18.0
172.49922854772126 -17.37994756588189 18.0
172.50545775365092 -17.39191808952395 18.0
172.505450491052 -17.385929442923064 18.0
172.50544323054345 -17.379940796320138 18.0
172.51168031129293 -17.397899771143056 18.0
172.5116728430124 -17.391911125546216 18.0
172.51166537688127 -17.38592247994721 18.0
172.51165791289915 -17.37993383434604 18.0
172.51790327784448 -17.403881258232893 18.0
172.51789560376503 -17.397892613668024 18.0
172.51788793189394 -17.391903969100863 18.0
172.51788026223082 -17.38591532453142 19.0
172.5241424202633 -17.421839837712813 18.0
172.5241345357316 -17.415851194212664 18.0
172.52412665346804 -17.40986255071011 19.0
172.52411877347225 -17.40387390720514 18.0
172.52411089574383 -17.397885263697766 19.0
172.52410302028238 -17.391896620187993 18.0
172.52407940749595 -17.373930689644222 18.0
172.53035852668245 -17.421832290905904 18.0
172.5303504383261 -17.41584364849133 19.0
172.5303423522966 -17.409855006074224 19.0
172.53033426859346 -17.40386636365458 19.0
172.5303261872163 -17.397877721232405 18.0
172.53030195703667 -17.37991179395069 18.0
172.53029388495935 -17.37392315151839 18.0
172.53657463258125 -17.421824551493184 18.0
172.53656634040053 -17.415835910191895 19.0
172.53655805060527 -17.409847268887937 18.0
172.53654976319498 -17.403858627581318 18.0
172.5365249152701 -17.38589270364549 18.0
172.5365166373957 -17.379904062328226 18.0
172.54273979856978 -17.385884778471002 18.0
172.5427313172229 -17.379896138293933 18.0
172.5427228383175 -17.37390749811407 18.0
172.54909397879757 -17.48169488460541 18.0
172.5489546813243 -17.38587666085711 18.0
172.54894599650515 -17.37988802184792 18.0
172.54893731418605 -17.3738993828358 18.0
172.54892863436663 -17.367910743820747 18.0
172.55528534434652 -17.463720642101702 18.0
172.55516956352062 -17.385868350803918 18.0
172.55516067522942 -17.379879712990295 18.0
172.55515178949688 -17.373891075173596 18.0
172.55514290632254 -17.367902437353834 18.0
172.56153026966834 -17.481678033320584 18.0
172.56151200489148 -17.469700760239515 18.0
172.56150287643945 -17.463712123694147 18.0
172.56139353952622 -17.391848484898727 18.0
172.5613844451456 -17.385859848311554 18.0
172.5613753533826 -17.379871211721177 18.0
172.56136626423685 -17.373882575127585 18.0
172.56135717770786 -17.36789393853079 18.0
172.56772974068937 -17.469692047779716 18.0
172.56772040794468 -17.463703412487323 18.0
172.56760862409695 -17.391839788716215 18.0
172.56759932618615 -17.385851153380123 18.0
172.56759003095166 -17.37986251804068 18.0
172.56758073839293 -17.373873882697886 18.0
172.57397610344844 -17.487649044506995 18.0
172.57395701566477 -17.47567177650121 18.0
172.5738237080699 -17.391830900067074 18.0
172.5738142066293 -17.385842266009757 18.0
172.57380470792353 -17.379853631948937 18.0
172.57379521195207 -17.373864997884606 18.0
172.58017495459814 -17.475662677079185 18.0
172.58016521046872 -17.469674044379598 18.0
172.58015546913956 -17.463685411676344 18.0
172.58002908646185 -17.385833186200568 18.0
172.58001938428504 -17.379844553446055 18.0
172.58000968490123 -17.373855920687888 18.0
172.58639289290383 -17.47565338480279 18.0
172.58638294442386 -17.469664753439528 19.0
172.5863729988029 -17.463676122072435 19.0
172.59261083056867 -17.47564389967216 18.0
172.59260067773843 -17.469655269672955 19.0
172.59259052782588 -17.46366663966976 19.0
172.59883912773668 -17.481622850290698 18.0
172.5988287675795 -17.475634221687425 18.0
172.59881841039928 -17.46964559308001 19.0
172.59880805619545 -17.46365696446844 18.0
172.60503614239323 -17.46963572366083 18.0
172.62383485443584 -17.547457053988136 18.0
172.62373405182507 -17.493559449469945 18.0
172.62372286761038 -17.487570826721516 18.0
172.62996399077812 -17.499537423836724 18.0
172.62995259876638 -17.493548802624307 18.0
172.62994121002697 -17.48756018140687 18.0
172.62992982455933 -17.48157156018443 18.0
172.62991844236294 -17.47558293895698 18.0
172.63615955170997 -17.487549343183492 18.0
172.64850033840779 -17.439618156147088 18.0
172.6547048684417 -17.43361813745954 18.0
172.66105773712488 -17.499481287492316 18.0
172.66090899326264 -17.427617929415707 18.0
