# successful candidates for region at (69.31101773006212, -5.737321035774723) and radius 1.0
69.38238337643901 -5.35333274222257 38.0
69.38862827455075 -5.353331952109073 38.0
69.39487577110425 -5.3718155838279 38.0
69.40112179477694 -5.377976155871669 38.0
69.40112086269278 -5.371814660193591 38.0
69.40736794839874 -5.384136660857488 38.0
69.4073669509485 -5.37797516555061 38.0
69.40736396317564 -5.359490679629247 38.0
69.41361849190388 -5.41494307835252 38.0
69.41361423211663 -5.390297098710748 38.0
69.41360998533042 -5.365651119066772 38.0
69.41986630140606 -5.427264941803517 38.0
69.419864036688 -5.414941952825308 38.0
69.41985951759828 -5.390295974867027 38.0
69.41985838998107 -5.38413448037707 38.0
69.41985726322582 -5.377972985886958 38.0
69.4198561373325 -5.37181149139669 39.0
69.41985501230106 -5.365649996906267 38.0
69.42611197611376 -5.427263748895065 39.0
69.42610719042845 -5.402617772721115 38.0
69.42610599628628 -5.396456278677193 39.0
69.42610480305565 -5.3902947846331 39.0
69.42610361073652 -5.3841332905888315 38.0
69.42610241932881 -5.37797179654439 39.0
69.42610122883248 -5.371810302499776 38.0
69.43235134646929 -5.3964550215825025 38.0
69.43235008848731 -5.390293528008977 39.0
69.43234883146629 -5.384132034435258 38.0
69.43234757540614 -5.377970540861348 38.0
69.43234632030685 -5.371809047287245 38.0
69.4385914117542 -5.371807725759113 38.0
69.4385900930622 -5.365646232680167 38.0
