# successful candidates for region at (312.0480241045551, 76.61625552494863) and radius 1.0
308.6583436627433 76.68769691201496 73.0
308.6841181499445 76.69429000728194 73.0
308.7114545883564 76.69464831174133 73.0
309.4540199013216 76.10966522889149 73.0
309.4528760894457 76.11590147544666 74.0
309.4926321856834 76.04134065823001 73.0
309.49151101458443 76.04757708797442 74.0
309.4903888404533 76.05381351236913 74.0
309.4870162864032 76.07252275338296 73.0
309.48024391407057 76.10994108999458 74.0
309.47911163523236 76.11617746049495 73.0
309.5198397724009 76.0353758193221 73.0
309.51873101450786 76.0416123757901 74.0
309.5176212650915 76.04784892702388 75.0
309.5165105228225 76.05408547301656 74.0
309.5153987863693 76.060322013761 73.0
309.51317232557153 76.07279507947699 74.0
309.5120575985518 76.07903160443445 75.0
309.5109418719974 76.08526812411543 74.0
309.5098251445646 76.09150463851276 73.0
309.5087074149076 76.09774114761947 73.0
309.5075886816777 76.10397765142832 73.0
309.5064689435242 76.11021414993226 73.0
309.50534819909393 76.11645064312408 73.0
309.50310368597735 76.12892361354277 73.0
309.5019799145725 76.13516009075528 74.0
309.50085513145325 76.14139656262694 73.0
309.5448308349588 76.0418813057394 73.0
309.543732508555 76.0481179772209 74.0
309.5426331994804 76.05435464356869 74.0
309.541532906417 76.06059130477583 74.0
309.5404316280444 76.06682796083544 74.0
309.53932936303977 76.0730646117406 75.0
309.53822611007797 76.07930125748439 76.0
309.5371218678315 76.08553789805987 75.0
309.53601663497045 76.09177453346008 76.0
309.5349104101626 76.098011163678 74.0
309.53380319207315 76.10424778870673 74.0
309.53269497936515 76.11048440853928 74.0
309.53158577069905 76.11672102316864 73.0
309.5304755647331 76.12295763258771 73.0
309.5293643601229 76.12919423678957 74.0
309.5282521555218 76.13543083576715 73.0
309.52713894958066 76.14166742951339 74.0
309.526024740948 76.14790401802117 73.0
309.5249095282698 76.15414060128353 73.0
309.5226760853488 76.16661375204333 73.0
309.57201756775737 76.03591065240883 74.0
309.5709316368668 76.04214744791679 76.0
309.5698447347919 76.04838423840403 75.0
309.56875686023045 76.0546210238639 75.0
309.56766801187797 76.06085780428963 75.0
309.5665781884277 76.06709457967442 75.0
309.5654873885705 76.07333135001154 76.0
309.5643956109948 76.0795681152942 77.0
309.5633028543868 76.08580487551556 77.0
309.5622091174304 76.09204163066887 76.0
309.56111439880704 76.09827838074729 75.0
309.56001869719574 76.10451512574394 75.0
309.5589220112733 76.11075186565208 74.0
309.5556260343705 76.12946205477634 73.0
309.554525397923 76.13569877426141 73.0
309.5534237705122 76.14193548862353 74.0
309.55232115080054 76.14817219785576 75.0
309.55121753744805 76.15440890195113 74.0
309.3672317272555 77.12103121080935 74.0
309.5991814811987 76.0299369709209 74.0
309.5981079254921 76.03617388899627 74.0
309.59703341006036 76.0424108021627 74.0
309.5959579336171 76.04864771041356 76.0
309.59488149487385 76.05488461374226 78.0
309.59380409253976 76.06112151214215 74.0
309.59272572532154 76.06735840560668 76.0
309.59164639192386 76.07359529412915 75.0
309.59056609104874 76.07983217770298 77.0
309.5894848213961 76.08606905632146 77.0
309.5884025816635 76.092305929978 75.0
309.5873193705462 76.09854279866583 75.0
309.586235186737 76.10477966237832 74.0
309.5851500289264 76.11101652110874 74.0
309.5807996313982 76.1359639060753 73.0
309.579709583856 76.14220073979445 74.0
309.57861855440603 76.14843756849106 75.0
309.3954741642033 77.1213166332298 73.0
309.3942108419852 77.12755258056596 73.0
309.62419924305146 76.03643433873566 74.0
309.6231361443653 76.04267136831935 75.0
309.62207209484296 76.04890839309141 75.0
309.62100709320947 76.05514541304545 76.0
309.61994113818747 76.06138242817498 76.0
309.61887422849753 76.06761943847351 75.0
309.6178063628577 76.07385644393457 75.0
309.61673753998394 76.0800934445517 76.0
309.6156677585898 76.08633044031828 76.0
309.61459701738653 76.09256743122788 75.0
309.613525315083 76.09880441727388 75.0
309.61245265038593 76.10504139844979 74.0
309.61137902199965 76.11127837474902 75.0
309.6070748455671 76.13622623104774 73.0
309.60599637921786 76.14246318286483 75.0
309.42371782450573 77.12159903485401 73.0
309.6502915102726 76.03669200147105 76.0
309.64923982960545 76.04292914623043 75.0
309.64818720827964 76.04916628628118 74.0
309.6471336450337 76.05540342161687 75.0
309.6460791386041 76.06164055223124 76.0
309.6450236877248 76.0678776781179 76.0
309.6439672911277 76.07411479927055 77.0
309.6429099475423 76.08035191568281 76.0
309.641851655696 76.08658902734828 76.0
309.64079241431364 76.09282613426059 75.0
309.63973222211797 76.09906323641333 75.0
309.6386710778294 76.10530033380012 75.0
309.63760898016614 76.1115374264145 75.0
309.6365459278439 76.11777451425007 73.0
309.6344169540743 76.13024867555893 73.0
309.6333510300471 76.13648574901936 73.0
309.63228414620113 76.14272281767508 74.0
309.4519626952257 77.12187841548335 73.0
309.4494885138209 77.13435084861742 73.0
309.4482496228871 77.14058705617141 73.0
309.67742404914577 76.03070961375381 73.0
309.67638471699064 76.03694687704805 75.0
309.67534445560216 76.04318413574153 73.0
309.6732611401408 76.05565863930161 73.0
309.67221808357004 76.06189588415579 75.0
309.67117409277023 76.0681331243845 76.0
309.6701291664869 76.0743703599815 76.0
309.6690833034633 76.08060759094057 77.0
309.66803650244043 76.08684481725545 75.0
309.6669887621569 76.09308203891997 74.0
309.6659400813493 76.09931925592775 75.0
309.66489045875176 76.10555646827261 75.0
309.6638398930962 76.11179367594828 73.0
309.66068252506693 76.13050527089678 74.0
309.65962817445313 76.1367424598324 75.0
309.65857287440684 76.14297964406724 73.0
309.4777614312303 77.13462747604248 73.0
309.47653598436176 77.14086381778499 74.0
309.7045337788005 76.02472420904812 73.0
309.7024788530382 76.037198965314 74.0
309.7014500121747 76.04343633669968 73.0
309.6983579628638 76.06214842379515 73.0
309.69732543339865 76.06838577711954 75.0
309.6962919786864 76.0746231259135 76.0
309.6952575974842 76.08086047017088 75.0
309.6942222885466 76.08709780988553 75.0
309.6931860506261 76.09333514505148 75.0
309.69214888247296 76.09957247566246 75.0
309.6911107828351 76.10580980171241 75.0
309.6890317840861 76.11828444010456 73.0
309.6879908824597 76.12452175243446 73.0
309.6869490443181 76.13075906017868 74.0
309.68590626839796 76.13699636333098 74.0
309.53950076332063 76.96027748837764 74.0
309.51448674575227 77.09124559725325 73.0
309.5096644980186 77.11619162126843 73.0
309.5048235355452 77.14113755363248 73.0
309.7285739082459 76.03744826611792 74.0
309.72449876626126 76.06239817099743 74.0
309.72347769937215 76.06863563617105 74.0
309.7224557174749 76.07487309691433 76.0
309.72143281933995 76.08111055322122 75.0
309.72040900373577 76.08734800508589 76.0
309.7193842694287 76.09358545250227 77.0
309.7183586151826 76.09982289546436 75.0
309.71733203975936 76.10606033396616 75.0
309.7163045419184 76.11229776800174 74.0
309.71527612041723 76.11853519756505 74.0
309.7142467740109 76.12477262264999 73.0
309.71218530149184 76.13724745936076 73.0
309.5462327316077 77.07280529234235 74.0
309.5438575624743 77.08527861004983 73.0
309.54266825616116 77.09151526056583 75.0
309.54147779979934 77.09775190551257 74.0
309.5390934302567 77.11022517866606 74.0
309.53789951373136 77.11646180685658 74.0
309.5367044404684 77.12269842944544 74.0
309.53550820878735 77.1289350464245 74.0
309.5343108170048 77.1351716577856 74.0
309.5331122634338 77.14140826352059 74.0
309.5319125463842 77.14764486362128 73.0
309.7546698724421 76.03769477931043 74.0
309.7526569802569 76.05016996108942 74.0
309.75164918306797 76.05640754551084 73.0
309.7506404835365 76.0626451256125 75.0
309.74963088045126 76.06888270138865 75.0
309.74862037259874 76.07512027283336 74.0
309.74760895876324 76.08135783994092 77.0
309.74659663772695 76.08759540270543 77.0
309.74558340826985 76.09383296112112 76.0
309.74456926916963 76.10007051518204 77.0
309.743554219202 76.10630806488238 77.0
309.7425382571402 76.1125456102162 76.0
309.74152138175555 76.11878315117771 74.0
309.73948488609125 76.13125821996006 73.0
309.5895309336214 76.99199279222196 73.0
309.5743753933586 77.0730715551234 73.0
309.5720268773381 77.08554513006483 75.0
309.57085091683194 77.09178190938403 75.0
309.56967381913523 77.09801868325842 74.0
309.5684955825993 77.10425545168007 73.0
309.567316205572 77.11049221464107 74.0
309.5661356863982 77.11672897213347 73.0
309.5649540234194 77.12296572414935 73.0
309.56377121497394 77.12920247068078 73.0
309.5625872593971 77.13543921171971 76.0
309.5614021550207 77.1416759472582 75.0
309.5602159001734 77.14791267728825 74.0
309.7777803492039 76.05665159813245 73.0
309.77678310446095 76.06288928749193 74.0
309.77478593380226 76.07536465352185 74.0
309.7737860054847 76.08160233018087 75.0
309.77278518023684 76.08784000259503 77.0
309.7717834568526 76.0940776707586 77.0
309.7707808341233 76.10031533466588 77.0
309.7697773108384 76.10655299431104 76.0
309.7687728857852 76.11279064968848 74.0
309.7667613255117 76.12526594761697 74.0
309.765754187855 76.13150359015646 73.0
309.617502703303 76.99225440336416 73.0
309.60135881830763 77.07957172486397 73.0
309.60019732795666 77.08580863684953 75.0
309.59903471490384 77.09204554352097 75.0
309.597870977522 77.0982824448706 76.0
309.5967061141809 77.10451934089069 75.0
309.59554012324713 77.11075623157343 73.0
309.594373003084 77.1169931169112 73.0
309.59320475205186 77.12322999689614 73.0
309.59203536850765 77.12946687152046 73.0
309.59086485080536 77.13570374077645 76.0
309.58969319729573 77.14194060465623 75.0
309.5885204063261 77.14817746315198 73.0
309.5873464762409 77.15441431625585 74.0
309.58499519208465 77.16688800625661 73.0
309.7989746209801 76.08808180460693 73.0
309.79798440487764 76.09431958126687 75.0
309.79699329973045 76.1005573537678 75.0
309.7960013043418 76.1067951221041 75.0
309.7950084175127 76.11303288627018 76.0
309.7940146380421 76.11927064626039 73.0
309.7930199647266 76.12550840206913 74.0
309.792024396361 76.13174615369076 73.0
309.6454755718472 76.99251302269461 73.0
309.6443427885321 76.99875013237457 73.0
309.6420739573632 77.01122433646088 73.0
309.6409379063748 77.01746143085255 74.0
309.6398007630222 77.02369852013345 73.0
309.63066410146575 77.0735950495042 74.0
309.62951705560033 77.07983209245445 73.0
309.6283689014846 77.08606913021951 74.0
309.62721963751306 77.09230616279191 76.0
309.62606926207724 77.09854319016412 77.0
309.6249177735652 77.1047802123285 76.0
309.6226114508505 77.11725424100383 73.0
309.62145661340867 77.12349124749956 74.0
309.6203006564127 77.12972824875719 74.0
309.6191435782352 77.13596524476917 74.0
309.6179853772456 77.14220223552772 74.0
309.6168260518102 77.14843922102536 74.0
309.6156656002922 77.15467620125432 75.0
309.6145040210515 77.16091317620693 75.0
309.613341312445 77.16715014587552 75.0
309.8241862420437 76.09455869249982 73.0
309.823206655676 76.10079657234151 74.0
309.82222618938306 76.10703444811492 74.0
309.8212448419798 76.1132723198145 73.0
309.8202626122789 76.11951018743484 73.0
309.6734495266795 76.99276865003483 73.0
309.67232990324413 76.99900588238164 73.0
309.670087429633 77.01148033215468 76.0
309.6689645763585 77.0177175495666 74.0
309.6588101222023 77.07385228073812 73.0
309.6565415850735 77.08632660999237 77.0
309.6554056717927 77.09256376701418 77.0
309.65426865991526 77.09880091895603 78.0
309.65313054784804 77.10503806581048 78.0
309.6519913339947 77.11127520757017 73.0
309.65085101675606 77.11751234422775 73.0
309.6497095945298 77.12374947577572 73.0
309.64856706571015 77.12998660220676 73.0
309.64627868185363 77.14246083968797 73.0
309.64513282359013 77.14869795072325 74.0
309.6439858522802 77.15493505661169 76.0
309.64283776630265 77.16117215734577 75.0
309.6416885640333 77.16740925291802 74.0
309.83086105913685 76.21955396185864 73.0
309.6992105687346 77.00549598751854 74.0
309.698101980259 77.01173333138439 76.0
309.69699232625317 77.01797067038139 73.0
309.6869572369757 77.074106501094 73.0
309.6858368427167 77.08034379101429 73.0
309.68471536587185 77.08658107598772 77.0
309.6835928048726 77.0928183560072 78.0
309.68246915814757 77.09905563106547 76.0
309.681344424122 77.10529290115541 76.0
309.6802186012185 77.11153016626973 76.0
309.6790916878562 77.11776742640127 74.0
309.6779636824516 77.12400468154273 73.0
309.6768345834178 77.13024193168691 73.0
309.6734407086273 77.14895365206277 74.0
309.6723072191474 77.1551908821449 74.0
309.6711726280581 77.16142810719322 75.0
309.67003693375415 77.16766532720038 73.0
309.85632308982065 76.22602760099596 73.0
309.72721299691267 77.00574587007462 73.0
309.71399836687124 77.08059512162563 73.0
309.712890231025 77.08683252802743 76.0
309.71178102387967 77.09306992959249 76.0
309.7106707438823 77.0993073263138 74.0
309.7095593894769 77.10554471818433 76.0
309.70844695910455 77.11178210519707 76.0
309.70733345120317 77.1180194873449 73.0
309.70174969388 77.1492063248631 74.0
309.70062968783304 77.15544367767274 74.0
309.69950859323814 77.16168102556773 74.0
309.6983864085089 77.16791836854092 73.0
309.88373390885107 76.22002239078805 73.0
309.7691912283847 76.9249037655568 73.0
309.74106616767534 77.08708096593531 73.0
309.7388734042247 77.0995560045243 74.0
309.7377754309992 77.10579351672034 73.0
309.7366763947208 77.11203102417495 74.0
309.7355762938461 77.11826852688124 73.0
309.72895324527343 77.15569344301636 74.0
309.91207004416816 76.20777591260114 73.0
309.9101716457298 76.22025236762858 73.0
309.90922115641126 76.22649058945926 73.0
309.801238522289 76.9001950681684 73.0
309.80018674841284 76.90643284380974 73.0
309.79702540386353 76.92514614419983 73.0
309.79596960991813 76.93138390213073 74.0
309.7821519759133 77.01247434854773 73.0
309.7810819288587 77.01871204368622 73.0
309.7800108527075 77.02494973429097 73.0
309.76707712627694 77.09980166552249 74.0
309.76599253577245 77.10603929658869 73.0
309.76490689513207 77.11227692302842 73.0
309.93661024316566 76.2204795191971 73.0
309.9356714876007 76.22671784393896 73.0
309.7963520676865 77.09380655614875 74.0
309.79528189713824 77.10004430913591 74.0
309.7942106908772 77.10628205761668 73.0
309.83923309907243 77.00671544482142 73.0
309.8381904664169 77.01295337451337 73.0
309.8298131997615 77.06285665649801 73.0
309.82876149393314 77.06909454720844 73.0
309.82770877267535 77.07533243355624 74.0
309.8234877039049 77.10028393519431 73.0
309.99223086364145 76.2022097446904 73.0
309.8662112217502 77.01318839135249 73.0
309.83380061650126 77.20656559783924 73.0
309.8942329669362 77.01342041054473 73.0
309.8840165963685 77.07580172433639 75.0
309.8829895310975 77.08203983298681 75.0
309.88196147315955 77.08827793748075 73.0
309.9202467114183 77.02612594789971 73.0
309.9111582750908 77.08227007125623 73.0
309.9101435686171 77.088508287017 74.0
309.9492885826159 77.02011382398581 73.0
309.9482968359042 77.02635218873712 73.0
309.9473041347354 77.03259054959621 74.0
309.9463104777321 77.03882890655746 74.0
309.9773264352373 77.02033695650114 73.0
309.97634791501946 77.02657542857516 73.0
309.9753684530413 77.03281389686018 73.0
309.9743880479437 77.03905236135067 73.0
309.97340669836467 77.04529082204115 73.0
310.0024665628079 77.03927281210699 73.0
310.03149990680373 77.03325158345028 73.0
310.0305460095866 77.03949025867318 74.0
310.0295911933627 77.04572893029892 73.0
310.0286354568041 77.0519675983223 73.0
310.02095627210673 77.1018768121976 73.0
310.058626375539 77.03970470089794 73.0
310.05674237287457 77.05218224725068 73.0
