# successful candidates for region at (295.9463955361793, -19.65231562859944) and radius 1.0
295.1123167413024 -19.78408609602426 130.0
295.11892964471053 -19.79040271492653 131.0
295.11896223525963 -19.78411665460775 131.0
295.1189948165967 -19.77783059425261 130.0
295.1251542955933 -19.87215187004685 130.0
295.12560773175096 -19.784146968759835 131.0
295.13183565041624 -19.86589593101182 130.0
295.13186782645744 -19.85960986256734 130.0
295.13193215128314 -19.847037725572363 130.0
295.1319643000712 -19.84075165702189 130.0
295.13228528882087 -19.777890969576948 130.0
295.13845263748885 -19.872211883877753 130.0
295.1385483778126 -19.85335366585578 130.0
295.1386121596408 -19.840781520333984 130.0
295.14513347195737 -19.86595544658213 131.0
295.1451651227963 -19.85966936971328 133.0
295.14519676469735 -19.853383292810232 133.0
295.1452283976622 -19.847097215872992 133.0
295.14526002169293 -19.84081113890158 134.0
295.1517509893359 -19.872270918037515 130.0
295.1517823864377 -19.865984837042117 135.0
295.1518137746739 -19.85969875601307 134.0
295.1518451540464 -19.85341267495039 132.0
295.1518765245569 -19.84712659385409 136.0
295.1519078862072 -19.840840512724174 134.0
295.1519392389992 -19.834554431560655 130.0
295.1584313033639 -19.866013982618004 134.0
295.15846242899636 -19.859727897463426 134.0
295.1585246538943 -19.847155727055057 132.0
295.1585557531633 -19.84086964180129 132.0
295.1650802227156 -19.866042883309312 130.0
295.16511108574326 -19.859756794063863 130.0
295.1651419400555 -19.85347070478589 131.0
295.16520362254073 -19.840898526132445 130.0
295.17179033667463 -19.853499352480277 131.0
295.1784387356763 -19.853527755358446 132.0
295.1787415573466 -19.790666780086223 130.0
295.18502699511856 -19.866128116071014 130.0
295.1854173108545 -19.78440879663402 130.0
295.18553711977137 -19.75926438960655 130.0
295.1921519162426 -19.765578349386505 130.0
295.19218159434536 -19.759292243639873 130.0
295.19835440512793 -19.85989760430072 130.0
295.1986494463378 -19.797036510863876 130.0
295.1987966545482 -19.76560596303058 130.0
295.1988260712258 -19.75931985337488 130.0
295.6905625805035 -19.73553980728625 130.0
295.69720612730725 -19.73554908837527 130.0
295.70384967487195 -19.735558125281162 130.0
