# successful candidates for region at (208.80801078740785, -8.228997627378774) and radius 1.0
208.90684927027885 -7.717933957535639 16.0
208.90684782436784 -7.711880364394968 16.0
208.90684637923377 -7.705826771254119 16.0
208.90684493487655 -7.699773178113092 16.0
208.9068434912961 -7.6937195849718885 16.0
208.90684204849236 -7.687665991830505 16.0
208.90684060646527 -7.681612398688945 16.0
208.912700533867 -7.717932513813294 16.0
208.9126990023579 -7.711878921052709 16.0
208.9126974716717 -7.7058253282919225 16.0
208.91269594180832 -7.6997717355309385 16.0
208.91269441276776 -7.693718142769751 16.0
208.91269288454984 -7.687664550008366 16.0
208.91269135715459 -7.681610957246781 16.0
208.91855018030594 -7.71187739472082 16.0
208.91854856406766 -7.705823802361947 16.0
208.91854694869824 -7.6997702100028524 16.0
208.91854533419752 -7.693716617643537 16.0
208.9185437205655 -7.687663025284 16.0
208.9244013582097 -7.711875785399316 16.0
208.92439965641935 -7.705822193464212 16.0
208.92439795554387 -7.699768601528864 16.0
208.93025253606677 -7.711874093088218 16.0
208.93025074872443 -7.705820501598735 16.0
208.936105587776 -7.7179259088092484 16.0
208.94782451477786 -7.766350828394987 16.0
