# successful candidates for region at (286.899465336447, -61.985891429731) and radius 1.0
287.7795517697336 -61.75786790317265 44.0
287.7793743134255 -61.75166586521697 44.0
287.8186496793553 -61.74520516094928 44.0
287.83349526811554 -61.800934060419536 44.0
287.8323646370153 -61.763722301486254 44.0
287.8321764898559 -61.75752034058788 45.0
287.83180044477933 -61.74511641787053 44.0
287.8316125467531 -61.738914456051944 44.0
287.8466698551298 -61.80084387764059 44.0
287.845141765467 -61.751228355915934 44.0
287.8449511338082 -61.74502641427865 45.0
287.84476058630884 -61.73882447232613 44.0
287.8596503973013 -61.79455051296824 44.0
287.8582950276153 -61.751137071670065 45.0
287.885993857525 -61.79436387369842 44.0
287.8849987448203 -61.76335448055023 44.0
287.89896360926974 -61.78806680312762 44.0
