# successful candidates for region at (88.67166854751606, -16.78114690133115) and radius 1.0
88.94325712492063 -16.03290002867614 155.0
88.94980646354483 -16.0391925881495 156.0
88.94979753914329 -16.032891447794515 158.0
88.94978861754835 -16.026590307436226 157.0
88.95633795278769 -16.032882662727793 155.0
88.95632882139842 -16.02658152373489 157.0
88.95631969288127 -16.020280384738523 156.0
88.96287836584023 -16.032873673476104 155.0
88.96286902465691 -16.026572535880323 155.0
88.96285968641169 -16.020271398280915 155.0
88.96942833226902 -16.039165616202702 156.0
88.96940922731022 -16.026563343872656 155.0
88.96939967933722 -16.020262207701943 155.0
88.96939013436779 -16.013961071527433 155.0
88.96937105343754 -16.00135879916705 155.0
88.97598849085276 -16.05175848651356 155.0
88.97595919011535 -16.032855082418358 156.0
88.97594942934477 -16.026553947712028 156.0
88.97593967164427 -16.02025281300174 155.0
88.97592991701332 -16.013951678287487 156.0
88.97592016545137 -16.007650543569277 157.0
88.97591041695793 -16.001349408847105 156.0
88.98257947878353 -16.083254546175603 157.0
88.98256948311189 -16.076953412994722 156.0
88.9825495011892 -16.064351146620538 155.0
88.98250957501105 -16.039146613822453 156.0
88.98247966331927 -16.020243214180454 155.0
88.98246969902709 -16.01394208095818 158.0
88.9824597378699 -16.007640947731783 157.0
88.98244977984714 -16.001339814501254 155.0
88.98912157005252 -16.083244727986592 155.0
88.9891113640597 -16.07694359633119 155.0
88.98910116127334 -16.070642464671458 156.0
88.98909096169287 -16.064341333007405 157.0
88.9890603821814 -16.045437937989355 155.0
88.98901965434862 -16.020233411238223 158.0
88.98900948039554 -16.013932279539663 155.0
88.99575755483937 -16.13994487604006 155.0
88.9957471090475 -16.133643745982475 155.0
88.99565324434548 -16.07693357526115 157.0
88.99564283130432 -16.07063244515848 156.0
88.99563242153515 -16.0643313150513 157.0
88.99555964471874 -16.020223404175205 156.0
89.00230154063028 -16.13993463466543 155.0
89.00229088392265 -16.13363350619849 156.0
89.00219512395557 -16.076923349784767 157.0
89.00218450065996 -16.070622221270906 158.0
89.00217388070239 -16.064321092752362 159.0
89.00216326408227 -16.058019964229135 155.0
89.00883465810557 -16.133623061722314 159.0
89.00882379389249 -16.12732193487294 156.0
89.00874783983082 -16.083214046790605 158.0
89.00873700287639 -16.076912919902192 157.0
89.00872616932662 -16.070611793008904 155.0
89.00871533918097 -16.064310666110746 157.0
89.00870451243883 -16.058009539207724 157.0
89.0086936890996 -16.051708412299828 158.0
89.00868286916273 -16.045407285387068 157.0
89.01541167762788 -16.15251578810957 155.0
89.0154005921356 -16.14621466292949 155.0
89.01537843158255 -16.133612412554093 157.0
89.01531203333192 -16.09580566130605 156.0
89.01530097911426 -16.089504536080295 156.0
89.01528992836855 -16.083203410849467 160.0
89.01527888109422 -16.07690228561358 157.0
89.01526783729065 -16.07060116037263 155.0
89.01525679695725 -16.064300035126614 155.0
89.01523472669854 -16.051697784619407 156.0
89.01522369677204 -16.045396659358218 155.0
89.01521267031332 -16.039095534091974 156.0
89.0218545419901 -16.095794817558115 156.0
89.02184327732068 -16.089493694017037 158.0
89.02183201618935 -16.083192570470697 161.0
89.02182075859547 -16.076891446919095 159.0
89.02180950453841 -16.070590323362236 159.0
89.02177576358221 -16.051686952660134 157.0
89.02176452366643 -16.04538582908226 159.0
89.02175328728445 -16.03908470549914 158.0
89.02174205443566 -16.03278358191077 156.0
89.02851199949052 -16.15879498725476 155.0
89.02850048829391 -16.15249386548483 155.0
89.02848898070769 -16.146192743709427 155.0
89.02847747673124 -16.13989162192854 155.0
89.0284659763639 -16.133590500142187 158.0
89.0284544796051 -16.127289378350355 155.0
89.0284429864542 -16.120988256553055 156.0
89.02843149691056 -16.114687134750284 155.0
89.02840852864257 -16.102084891128342 155.0
89.02839704991699 -16.095783769309172 160.0
89.0283855747962 -16.089482647484544 162.0
89.02837410327956 -16.083181525654453 162.0
89.02836263536646 -16.076880403818905 163.0
89.02835117105629 -16.0705792819779 160.0
89.02833971034839 -16.06427816013144 157.0
89.0283282532422 -16.05797703827953 157.0
89.02831679973703 -16.05167591642217 158.0
89.02830534983231 -16.045374794559358 158.0
89.02829390352741 -16.0390736726911 160.0
89.02828246082171 -16.032772550817395 157.0
89.02827102171457 -16.026471428938247 156.0
89.03506834080743 -16.165084837025635 155.0
89.03505661482093 -16.158783717011637 157.0
89.03504489251165 -16.15248259699196 156.0
89.03503317387897 -16.146181476966593 158.0
89.03502145892227 -16.139880356935553 158.0
89.0350097476409 -16.13357923689883 159.0
89.0349980400342 -16.127278116856434 156.0
89.03498633610157 -16.120976996808366 156.0
89.03497463584237 -16.11467587675462 156.0
89.03496293925596 -16.108374756695213 156.0
89.0349512463417 -16.102073636630134 159.0
89.03493955709897 -16.095772516559386 164.0
89.03492787152713 -16.089471396482978 166.0
89.03491618962555 -16.083170276400903 165.0
89.03490451139359 -16.076869156313172 168.0
89.03489283683064 -16.070568036219782 162.0
89.03488116593603 -16.064266916120737 156.0
89.03486949870914 -16.05796579601603 157.0
89.03485783514937 -16.051664675905684 158.0
89.03484617525605 -16.045363555789674 158.0
89.03483451902858 -16.039062435668022 157.0
89.03482286646631 -16.032761315540725 156.0
89.0416131665542 -16.16507336018168 157.0
89.04160122938916 -16.15877224194994 158.0
89.0415892959676 -16.152471123712314 160.0
89.04157736628882 -16.14617000546879 159.0
89.04156544035222 -16.13986888721939 159.0
89.04155351815713 -16.1335677689641 160.0
89.04154159970292 -16.127266650702932 155.0
89.04152968498893 -16.120965532435882 158.0
89.04151777401454 -16.114664414162956 160.0
89.04150586677906 -16.108363295884153 161.0
89.04149396328188 -16.102062177599475 163.0
89.04148206352237 -16.095761059308927 166.0
89.04147016749982 -16.08945994101251 166.0
89.04145827521364 -16.083158822710224 162.0
89.04144638666318 -16.07685770440207 166.0
89.04143450184779 -16.070556586088053 162.0
89.04142262076682 -16.064255467768177 160.0
89.04141074341965 -16.05795434944244 159.0
89.0413988698056 -16.051653231110837 160.0
89.04138699992406 -16.045352112773386 160.0
89.04137513377435 -16.03905099443008 158.0
89.04136327135588 -16.032749876080924 157.0
89.04817014367828 -16.17136279489907 155.0
89.04815799152473 -16.1650616784875 156.0
89.04814584318152 -16.158760562069833 158.0
89.04813369864799 -16.152459445646066 159.0
89.0481215579235 -16.146158329216192 160.0
89.04810942100737 -16.139857212780232 161.0
89.04809728789894 -16.133556096338175 161.0
89.04808515859756 -16.127254979890022 155.0
89.04807303310258 -16.120953863435783 157.0
89.04806091141334 -16.11465274697546 161.0
89.04804879352919 -16.10835163050905 164.0
89.04803667944945 -16.102050514036552 166.0
89.04802456917348 -16.095749397557974 163.0
89.04801246270061 -16.089448281073317 161.0
89.04800036003022 -16.08314716458258 165.0
89.04798826116162 -16.07684604808577 165.0
89.04797616609416 -16.07054493158289 161.0
89.04796407482719 -16.064243815073937 160.0
89.04795198736005 -16.05794269855891 163.0
89.04793990369211 -16.051641582037824 163.0
89.0479278238227 -16.04534046551067 165.0
89.04791574775115 -16.039039348977447 159.0
89.04790367547683 -16.03273823243817 155.0
89.05469045618425 -16.158748677371495 157.0
89.05467810053915 -16.15244756279339 160.0
89.0546657487693 -16.146146448208977 160.0
89.054653400874 -16.139845333618254 161.0
89.0546410568526 -16.133544219021225 162.0
89.05462871670444 -16.127243104417886 159.0
89.05461638042884 -16.120941989808244 159.0
89.05460404802514 -16.114640875192308 159.0
89.05459171949266 -16.108339760570068 165.0
89.05457939483074 -16.102038645941533 164.0
89.0545670740387 -16.0957375313067 163.0
89.05455475711588 -16.089436416665574 166.0
89.05454244406162 -16.083135302018164 167.0
89.05453013487525 -16.076834187364458 165.0
89.05451782955608 -16.070533072704468 161.0
89.05450552810349 -16.064231958038192 163.0
89.05449323051678 -16.05793084336564 163.0
89.0544809367953 -16.051629728686798 165.0
89.05446864693837 -16.04532861400169 163.0
89.05445636094534 -16.039027499310297 161.0
89.05444407881554 -16.032726384612634 157.0
89.06124763908205 -16.165037700549203 156.0
89.06123506838364 -16.158736587855106 157.0
89.06122250162734 -16.152435475154483 160.0
89.0612099388125 -16.146134362447324 161.0
89.06119737993842 -16.139833249733638 161.0
89.06118482500445 -16.133532137013432 164.0
89.06117227400988 -16.127231024286704 161.0
89.06115972695403 -16.12092991155345 158.0
89.06114718383623 -16.114628798813683 156.0
89.0611346446558 -16.108327686067398 160.0
89.06112210941205 -16.1020265733146 160.0
89.06110957810432 -16.095725460555286 162.0
89.06109705073193 -16.089424347789464 165.0
89.06108452729418 -16.083123235017137 167.0
89.06107200779041 -16.076822122238305 165.0
89.06105949221994 -16.070521009452968 163.0
89.06104698058209 -16.06421989666113 162.0
89.06103447287617 -16.057918783862796 161.0
89.06102196910152 -16.05161767105796 161.0
89.06100946925747 -16.045316558246633 162.0
89.06099697334334 -16.039015445428817 161.0
89.06098448135843 -16.03271433260451 159.0
89.06097199330209 -16.02641321977371 155.0
89.0677924616414 -16.165025404305446 155.0
89.06777967976595 -16.158724293520855 161.0
89.06776690189885 -16.15242318272951 160.0
89.06775412803941 -16.146122071931416 162.0
89.06774135818694 -16.139820961126574 165.0
89.06772859234074 -16.133519850314986 162.0
89.06771583050013 -16.127218739496655 161.0
89.06770307266443 -16.12091762867158 157.0
89.06769031883292 -16.114616517839767 156.0
89.06767756900493 -16.108315407001218 158.0
89.06766482317975 -16.10201429615593 160.0
89.06765208135671 -16.095713185303914 161.0
89.06763934353512 -16.089412074445168 163.0
89.06762660971428 -16.083110963579692 165.0
89.06761387989349 -16.07680985270749 166.0
89.06760115407208 -16.070508741828572 165.0
89.06758843224935 -16.064207630942924 165.0
89.06757571442462 -16.057906520050558 160.0
89.06756300059719 -16.05160540915148 159.0
89.0675502907664 -16.045304298245686 162.0
89.06753758493153 -16.03900318733318 160.0
89.06752488309189 -16.032702076413962 155.0
89.07433728336959 -16.1650129032122 156.0
89.07432429031748 -16.158711794368923 158.0
89.07431130133995 -16.15241068551867 162.0
89.07429831643628 -16.146109576661438 163.0
89.07428533560581 -16.139808467797238 162.0
89.07427235884781 -16.133507358926064 162.0
89.07425938616156 -16.127206250047923 161.0
89.07424641754638 -16.12090514116282 158.0
89.07423345300154 -16.114604032270748 159.0
89.0742204925264 -16.10830292337171 160.0
89.07420753612016 -16.102001814465723 160.0
89.07419458378222 -16.095700705552773 160.0
89.07418163551179 -16.08939959663287 164.0
89.07416869130824 -16.083098487706017 164.0
89.07415575117084 -16.076797378772213 165.0
89.07414281509888 -16.070496269831462 163.0
89.07412988309167 -16.064195160883767 164.0
89.0741169551485 -16.057894051929125 162.0
89.07410403126869 -16.051592942967545 162.0
89.07409111145152 -16.04529183399903 162.0
89.07407819569632 -16.038990725023577 159.0
89.08284092531837 -17.078660615885887 156.0
89.08089531262272 -16.171301304132598 155.0
89.08088210425284 -16.165000197269652 157.0
89.08086890002448 -16.158699090399505 161.0
89.08085569993692 -16.152397983522153 165.0
89.08084250398946 -16.14609687663759 164.0
89.08082931218136 -16.139795769745827 163.0
89.08081612451194 -16.133494662846868 161.0
89.08080294098045 -16.127193555940707 159.0
89.08078976158617 -16.120892449027355 159.0
89.08077658632843 -16.114591342106813 160.0
89.08076341520649 -16.10829023517908 164.0
89.08075024821963 -16.10198912824416 163.0
89.08073708536713 -16.095688021302053 161.0
89.08072392664832 -16.089386914352765 158.0
89.08071077206243 -16.083085807396298 165.0
89.0806976216088 -16.076784700432654 164.0
89.08068447528669 -16.070483593461837 163.0
89.08067133309538 -16.064182486483844 161.0
89.08065819503419 -16.05788137949868 164.0
89.08064506110237 -16.05158027250635 163.0
89.08063193129924 -16.04527916550686 160.0
89.08061880562407 -16.038978058500202 158.0
89.08060568407618 -16.032676951486383 156.0
89.08744034388941 -16.171288391335775 155.0
89.08742692427744 -16.164987286478002 159.0
89.08741350887323 -16.15868618161279 163.0
89.08740009767607 -16.152385076740142 165.0
89.08738669068518 -16.14608397186005 163.0
89.08737328789988 -16.13978286697253 163.0
89.08735988931943 -16.133481762077576 162.0
89.08734649494309 -16.127180657175195 160.0
89.08733310477015 -16.120879552265386 162.0
89.08731971879989 -16.114578447348155 163.0
89.08730633703156 -16.108277342423506 164.0
89.08729295946445 -16.10197623749143 165.0
89.08727958609785 -16.095675132551943 165.0
89.08726621693101 -16.089374027605047 164.0
89.08725285196321 -16.083072922650732 165.0
89.08723949119376 -16.07677181768901 163.0
89.08722613462187 -16.070470712719878 166.0
89.0872127822469 -16.064169607743352 162.0
89.08719943406804 -16.05786850275942 161.0
89.08718609008464 -16.051567397768085 162.0
89.08717275029595 -16.04526629276936 160.0
89.08715941470123 -16.03896518776323 160.0
89.08714608329979 -16.032664082749722 157.0
89.0871327560909 -16.02636297772882 155.0
89.09399900941168 -16.177576376471333 156.0
89.0939853742833 -16.171275273658225 157.0
89.09397174342966 -16.164974170837436 159.0
89.09395811685002 -16.158673068008977 162.0
89.09394449454363 -16.15237196517284 162.0
89.09393087650975 -16.146070862329033 162.0
89.09391726274765 -16.13976975947755 162.0
89.09390365325659 -16.133468656618394 163.0
89.09389004803582 -16.127167553751587 159.0
89.09387644708461 -16.120866450877113 163.0
89.09386285040223 -16.11456534799498 166.0
89.09384925798794 -16.108264245105186 163.0
89.093835669841 -16.101963142207744 165.0
89.09382208596068 -16.095662039302645 164.0
89.09380850634622 -16.0893609363899 163.0
89.09379493099692 -16.08305983346951 164.0
89.09378135991203 -16.07675873054147 164.0
89.09376779309082 -16.070457627605794 165.0
89.09375423053254 -16.06415652466248 163.0
89.09374067223648 -16.057855421711526 161.0
89.09372711820188 -16.05155431875294 162.0
89.09371356842803 -16.045253215786726 161.0
89.09370002291418 -16.038952112812886 158.0
89.0936864816596 -16.03265100983141 158.0
89.10053040379069 -16.171261951100153 158.0
89.10051656169578 -16.16496085034817 159.0
89.10050272394112 -16.15865974958826 159.0
89.10048889052592 -16.152358648820446 159.0
89.10047506144946 -16.146057548044716 160.0
89.10046123671097 -16.13975644726107 163.0
89.10044741630972 -16.133455346469525 160.0
89.10043360024493 -16.127154245670074 160.0
89.10041978851586 -16.12085314486272 160.0
89.10040598112178 -16.11455204404747 163.0
89.10039217806194 -16.108250943224327 163.0
89.10037837933558 -16.101949842393285 161.0
89.10036458494196 -16.095648741554353 163.0
89.10035079488031 -16.089347640707537 163.0
89.10033700914992 -16.083046539852834 163.0
89.10032322775002 -16.076745438990244 167.0
89.10030945067987 -16.070444338119778 166.0
89.10029567793873 -16.06414323724143 163.0
89.10028190952583 -16.05784213635522 163.0
89.10026814544048 -16.051541035461124 163.0
89.10025438568188 -16.045239934559167 159.0
89.1002406302493 -16.03893883364934 158.0
89.100226879142 -16.032637732731647 157.0
89.10710355229166 -16.183850620940017 155.0
89.10707543239778 -16.171248423661762 156.0
89.10706137906206 -16.164947325010388 158.0
89.10704733013279 -16.158646226350854 156.0
89.10703328560922 -16.15234512768316 161.0
89.10701924549059 -16.146044029007314 161.0
89.10700520977613 -16.139742930323315 157.0
89.1069911784651 -16.133441831631163 157.0
89.10697715155672 -16.12714073293086 163.0
89.10696312905023 -16.120839634222428 160.0
89.10694911094487 -16.114538535505844 162.0
89.1069350972399 -16.10823743678112 160.0
89.10692108793452 -16.101936338048258 162.0
89.10690708302802 -16.09563523930727 167.0
89.10689308251962 -16.089334140558147 168.0
89.10687908640855 -16.0830330418009 165.0
89.10686509469407 -16.076731943035522 169.0
89.1068511073754 -16.07043084426203 168.0
89.10683712445181 -16.06412974548041 165.0
89.10682314592253 -16.057828646690677 163.0
89.10680917178681 -16.05152754789283 160.0
89.10679520204387 -16.045226449086872 159.0
89.106781236693 -16.03892535027281 157.0
89.1067672757334 -16.03262425145063 157.0
89.10675331916433 -16.026323152620357 155.0
89.11362046009087 -16.171234691343248 158.0
89.11360619551473 -16.16493359482431 158.0
89.1135919354113 -16.15863249829695 159.0
89.1135776797798 -16.15233140176119 161.0
89.11356342861943 -16.14603030521703 160.0
89.11354918192944 -16.13972920866447 159.0
89.11353493970906 -16.133428112103516 155.0
89.11352070195751 -16.127127015534164 158.0
89.11350646867402 -16.12082591895642 160.0
89.1134922398578 -16.114524822370292 158.0
89.11347801550814 -16.108223725775776 161.0
89.1134637956242 -16.10192262917288 161.0
89.11344958020524 -16.0956215325616 164.0
89.11343536925048 -16.089320435941946 169.0
89.11342116275917 -16.083019339313918 167.0
89.11340696073052 -16.07671824267752 168.0
89.11339276316377 -16.070417146032753 169.0
89.11337857005816 -16.064116049379617 167.0
89.11336438141292 -16.057814952718125 163.0
89.11335019722726 -16.051513856048267 160.0
89.11333601750043 -16.045212759370052 159.0
89.11332184223166 -16.038911662683486 160.0
89.11330767142019 -16.03261056598857 161.0
89.11329350506524 -16.026309469285305 157.0
89.11327934316606 -16.020008372573688 155.0
89.12015101104012 -16.16491965979013 158.0
89.12013653976295 -16.158618565426764 160.0
89.12012207302394 -16.152317471054747 160.0
89.12010761082226 -16.14601637667408 161.0
89.12009315315719 -16.139715282284758 156.0
89.12007870002788 -16.13341418788679 156.0
89.1200642514336 -16.127113093480176 159.0
89.12004980737353 -16.12081199906492 157.0
89.12003536784692 -16.114510904641033 156.0
89.12002093285297 -16.108209810208503 156.0
89.1200065023909 -16.101908715767348 159.0
89.11999207645991 -16.095607621317555 164.0
89.11997765505926 -16.08930652685914 164.0
89.11996323818812 -16.0830054323921 165.0
89.11994882584575 -16.076704337916436 165.0
89.11993441803135 -16.070403243432157 167.0
89.11992001474415 -16.06410214893926 169.0
89.11990561598337 -16.057801054437757 160.0
89.11989122174822 -16.05149995992764 159.0
89.11987683203792 -16.04519886540892 157.0
89.1198624468517 -16.038897770881594 156.0
89.11984806618878 -16.032596676345673 156.0
89.1267105126801 -16.17120661206671 156.0
89.12669582562448 -16.164905519908068 155.0
89.12668114317401 -16.15860442774051 155.0
89.12666646532792 -16.152303335564042 155.0
89.1266517920854 -16.14600224337866 156.0
89.12663712344565 -16.139701151184383 157.0
89.12662245940787 -16.133400058981202 160.0
89.1266077999713 -16.12709896676912 155.0
89.12659314513512 -16.120797874548142 157.0
89.12656384926073 -16.108195690079512 155.0
89.12654920822096 -16.10189459783187 161.0
89.12653457177841 -16.09559350557534 161.0
89.12651993993227 -16.089292413309934 163.0
89.12650531268179 -16.08299132103565 164.0
89.12649069002612 -16.076690228752486 164.0
89.1264760719645 -16.070389136460456 163.0
89.12646145849617 -16.064088044159558 164.0
89.12644684962027 -16.057786951849792 160.0
89.12643224533606 -16.051485859531166 159.0
89.12641764564273 -16.04518476720368 163.0
89.12640305053951 -16.038883674867336 155.0
89.1263884600256 -16.03258258252214 155.0
89.13328534815561 -16.18379444494314 157.0
89.13327044051567 -16.177493355030716 159.0
89.13325553754875 -16.171192265109116 160.0
89.13324063925405 -16.164891175178344 159.0
89.13322574563074 -16.158590085238398 157.0
89.13321085667802 -16.15228899528928 155.0
89.13319597239509 -16.145987905331 158.0
89.13318109278113 -16.13968681536356 158.0
89.13316621783534 -16.133385725386958 157.0
89.13315134755692 -16.1270846354012 158.0
89.13313648194504 -16.12078354540629 157.0
89.13312162099892 -16.11448245540223 159.0
89.13310676471777 -16.108181365389022 161.0
89.13309191310074 -16.101880275366668 162.0
89.13307706614705 -16.095579185335176 166.0
89.1330622238559 -16.08927809529455 169.0
89.13304738622647 -16.082977005244786 164.0
89.13303255325796 -16.076675915185888 158.0
89.1330177249496 -16.070374825117867 160.0
89.13300290130054 -16.064073735040715 159.0
89.13298808230999 -16.057772644954444 159.0
89.13297326797718 -16.051471554859052 157.0
89.13295845830127 -16.045170464754545 155.0
89.13294365328147 -16.038869374640925 155.0
89.13984591848244 -16.19008097622889 156.0
89.1398307947313 -16.183779888586123 159.0
89.13981567572024 -16.17747880093391 162.0
89.13980056144845 -16.171177713272254 160.0
89.13978545191512 -16.164876625601167 158.0
89.13977034711942 -16.158575537920647 158.0
89.13975524706053 -16.152274450230696 159.0
89.13969489417676 -16.127070099376645 157.0
89.13967981778966 -16.120769011639588 158.0
89.13966474613447 -16.114467923893116 161.0
89.13964967921038 -16.108166836137244 162.0
89.13963461701654 -16.101865748371964 160.0
89.13961955955219 -16.09556466059728 161.0
89.13960450681645 -16.0892635728132 165.0
89.13958945880856 -16.08296248501972 163.0
89.13957441552768 -16.076661397216853 161.0
89.13955937697298 -16.07036030940459 160.0
89.13954434314368 -16.064059221582948 155.0
89.14640691550673 -16.19636729797765 156.0
89.14639157551146 -16.19006621263689 158.0
89.14637624032338 -16.18376512728642 159.0
89.14636090994165 -16.17746404192624 157.0
89.14634558436545 -16.171162956556355 160.0
89.14633026359395 -16.164861871176765 158.0
89.14631494762634 -16.15856078578748 160.0
89.14629963646173 -16.152259700388495 158.0
89.14626902853834 -16.13965752956145 155.0
89.14625373177788 -16.1333564441334 155.0
89.14623843981713 -16.127055358695667 158.0
89.14622315265527 -16.120754273248252 161.0
89.14620787029146 -16.114453187791163 162.0
89.1461925927249 -16.108152102324404 161.0
89.14617731995473 -16.10185101684797 159.0
89.14616205198016 -16.09554993136187 157.0
89.14614678880031 -16.089248845866106 159.0
89.1461315304144 -16.08294776036068 157.0
89.14611627682157 -16.076646674845605 155.0
89.14610102802104 -16.070345589320866 156.0
89.14608578401193 -16.064044503786484 155.0
89.15293723154262 -16.19005124407061 155.0
89.15292168491807 -16.183750161044266 157.0
89.15290614316616 -16.177449078007935 157.0
89.15289060628602 -16.17114799496164 157.0
89.15287507427684 -16.16484691190536 157.0
89.15285954713775 -16.15854582883912 157.0
89.15281299493266 -16.139642579580617 157.0
89.15279748726554 -16.13334149647453 157.0
89.15278198446434 -16.127040413358497 161.0
89.15276648652818 -16.120739330232514 158.0
89.15275099345622 -16.114438247096583 159.0
89.15273550524766 -16.108137163950715 160.0
89.15272002190163 -16.101836080794907 159.0
89.15270454341727 -16.09553499762917 156.0
89.1526890697938 -16.08923391445349 159.0
89.1594986495625 -16.196337151190423 155.0
89.15943562719643 -16.17113282848833 155.0
89.15941988395002 -16.164831747787183 157.0
89.15940414563994 -16.158530667075798 155.0
89.15938841226534 -16.15222958635417 155.0
89.15935696031917 -16.139627424880217 157.0
89.15934124174589 -16.1333263441279 159.0
89.1593255281047 -16.127025263365358 161.0
89.15930981939471 -16.120724182592596 160.0
89.1592941156151 -16.11442310180961 158.0
89.15927841676498 -16.108122021016417 158.0
89.15926272284354 -16.10182094021301 156.0
89.15924703384992 -16.0955198593994 155.0
89.15923134978327 -16.089218778575585 156.0
89.16598064708292 -16.171117457136653 155.0
89.16596469259977 -16.164816378822454 157.0
89.16594874311917 -16.158515300497733 157.0
89.1659327986403 -16.152214222162495 156.0
89.16591685916225 -16.145913143816752 157.0
89.16590092468418 -16.139612065460497 156.0
89.16588499520522 -16.13331098709374 160.0
89.1658690707245 -16.12700990871648 158.0
89.16585315124117 -16.12070883032872 159.0
89.16583723675434 -16.11440775193048 157.0
89.1658213272632 -16.10810667352174 155.0
89.17252566593176 -16.17110188090686 155.0
89.17250950021236 -16.164800805011414 159.0
89.17249333956175 -16.15849972910517 155.0
89.17247718397907 -16.152198653188133 156.0
89.17246103346343 -16.1458975772603 155.0
89.17244488801398 -16.139596501321684 160.0
89.17242874762982 -16.133295425372282 159.0
89.17241261231007 -16.1269943494121 157.0
89.17239648205387 -16.120693273441137 158.0
89.17238035686036 -16.114392197459406 155.0
89.17907068372924 -16.171086099799176 156.0
89.17905430677406 -16.164785026354302 155.0
89.17903793495393 -16.158483952898347 159.0
89.17902156826794 -16.15218287943131 157.0
89.17900520671522 -16.1458818059532 158.0
89.17898885029486 -16.139580732464015 157.0
89.17897249900598 -16.133279658963765 158.0
89.17893981181915 -16.120677511930072 156.0
89.18569871946421 -16.20257546845561 155.0
89.18561570046157 -16.171070113813844 155.0
89.18559911227115 -16.164769042851358 157.0
89.18558252928199 -16.158467971877492 160.0
89.18556595149319 -16.15216690089227 159.0
89.18554937890386 -16.145865829895676 158.0
89.18553281151311 -16.139564758887726 160.0
89.18551624932002 -16.133263687868425 157.0
89.19253163799495 -16.30967742585512 155.0
89.19222796650901 -16.19625819662758 155.0
89.19221114600471 -16.189957128225974 155.0
89.19216071611505 -16.171053922951103 155.0
89.19214391668987 -16.164752854502815 158.0
89.1921271225322 -16.158451786042864 159.0
89.19211033364111 -16.152150717571253 158.0
89.1920935500157 -16.145849649087985 161.0
89.19207677165505 -16.139548580593072 161.0
89.19205999855825 -16.133247512086513 156.0
89.19908131648921 -16.30966097402808 155.0
89.19906418825352 -16.303359908389872 158.0
89.19904706537196 -16.297058842739624 155.0
89.19875679466584 -16.189940724846263 155.0
89.19870573067595 -16.17103752721121 156.0
89.19868872001653 -16.164736461308934 157.0
89.19867171469083 -16.158435395394697 157.0
89.19865471469795 -16.152134329468506 161.0
89.19863772003696 -16.14583326353037 161.0
89.19862073070695 -16.139532197580287 157.0
89.20557898733827 -16.29074112742492 155.0
89.20556166266785 -16.28444006433411 156.0
89.2053196857214 -16.196225179769577 156.0
89.20530244221906 -16.18992411649419 157.0
89.20528520412043 -16.183623053206524 156.0
89.20525074413051 -16.1710209265944 156.0
89.20523352223736 -16.16471986326995 157.0
89.20521630574419 -16.15841879993324 158.0
89.20519909465004 -16.15211773658428 160.0
89.20518188895397 -16.145816673223074 159.0
89.2051646886551 -16.139515609849624 158.0
89.21212802570285 -16.29072427229068 157.0
89.21211048853866 -16.28442321181528 156.0
89.21184808865065 -16.189907303169985 155.0
89.21183063912005 -16.18360624249287 155.0
89.21181319505847 -16.177305181803188 156.0
89.21179575646501 -16.17100412110094 156.0
89.21176089567852 -16.158401999658754 157.0
89.21174347348362 -16.15210093891883 159.0
89.21172605675304 -16.145799878166354 158.0
89.21170864548581 -16.139498817401336 158.0
89.211691239681 -16.133197756623773 155.0
89.21873034520966 -16.309610385081484 155.0
89.21867706292349 -16.29070721167488 158.0
89.21839373394683 -16.18989028487392 157.0
89.21835841755806 -16.17728816879156 156.0
89.21834076766568 -16.170987110731073 156.0
89.21832312330667 -16.16468605265771 156.0
89.2183054844801 -16.158384994571488 156.0
89.218287851185 -16.1520839364724 156.0
89.2182702234204 -16.145782878360464 156.0
89.21825260118537 -16.139481820235677 155.0
89.2252260989863 -16.29068994557778 157.0
89.22520813683613 -16.28438889042884 157.0
89.22493937809384 -16.189873061606246 155.0
89.22492150570093 -16.183572006245704 156.0
89.22490363890958 -16.17727095087197 156.0
89.22486792212769 -16.164668840084968 157.0
89.22485007213523 -16.1583677846717 157.0
89.22483222774045 -16.152066729245263 156.0
89.23179331420437 -16.296973526423926 155.0
89.23177513387745 -16.290672473999628 157.0
89.23175695923513 -16.28437142156175 157.0
89.23148502107794 -16.189855633367227 155.0
89.23146693725468 -16.183554580712705 157.0
89.23144885909926 -16.177253528044684 155.0
89.23143078661067 -16.170952475363162 156.0
89.23141271978797 -16.164651422668154 159.0
89.23139465863015 -16.158350369959656 161.0
89.23137660313625 -16.152049317237672 156.0
89.23836095910507 -16.303256896288875 155.0
89.23834256046806 -16.296955846621746 157.0
89.23832416758307 -16.29065479694071 160.0
89.23830578044912 -16.284353747245774 159.0
89.23828739906521 -16.278052697536946 156.0
89.23801236763232 -16.183536950240455 160.0
89.23799407811337 -16.177235900309963 159.0
89.23797579432753 -16.170934850365658 155.0
89.23795751627378 -16.16463380040754 156.0
89.23792097735868 -16.152031700449896 155.0
89.23788446136014 -16.139429600437065 156.0
89.24491041679278 -16.303239008198826 156.0
89.24489180553178 -16.29693796130717 158.0
89.24487320008929 -16.29063691440128 157.0
89.24485460046431 -16.28433586748117 156.0
89.24483600665579 -16.278034820546846 156.0
89.2447988364842 -16.265432726635566 155.0
89.24478026011909 -16.25913167965862 155.0
89.24457630350238 -16.189820161976222 155.0
89.24455779682009 -16.183519114829213 157.0
89.24453929593817 -16.177218067668072 155.0
89.2514598732661 -16.30322091456476 158.0
89.25144104938168 -16.296919870480465 156.0
89.25142223138225 -16.290618826381618 161.0
89.25140341926678 -16.284317782268218 159.0
89.25138461303425 -16.27801673814028 156.0
89.2513470182139 -16.265414649840782 157.0
89.25132822962404 -16.259113605669242 156.0
89.25130944691303 -16.25281256148317 157.0
89.26035699122731 -17.06562849464683 155.0
89.25800932851115 -16.30320261538696 158.0
89.2579902920039 -16.296901574141916 160.0
89.2579712614481 -16.290600532881996 162.0
89.25795223684274 -16.28429949160719 159.0
89.25793321818675 -16.27799845031751 158.0
89.25791420547911 -16.271697409012962 156.0
89.2578951987188 -16.265396367693548 159.0
89.25787619790475 -16.25909532635928 160.0
89.25785720303597 -16.252794285010157 160.0
89.25783821411142 -16.246493243646185 158.0
89.2577812829927 -16.22759011946522 155.0
89.2577623178347 -16.221289078041902 157.0
89.25774335861576 -16.214988036603764 155.0
89.26457803766255 -16.309485149024376 157.0
89.26455878251407 -16.303184110665704 157.0
89.26453953338456 -16.29688307229181 159.0
89.264520290273 -16.290582033902695 160.0
89.2645010531783 -16.284280995498367 158.0
89.26448182209944 -16.27797995707883 157.0
89.26446259703538 -16.27167891864409 155.0
89.26444337798503 -16.265377880194155 159.0
89.2644241649474 -16.259076841729026 161.0
89.26440495792143 -16.25277580324871 159.0
89.26438575690607 -16.24647476475321 156.0
89.26436656190027 -16.240173726242535 157.0
89.264347372903 -16.233872687716687 156.0
89.2643281899132 -16.227571649175665 159.0
89.26430901292984 -16.22127061061949 155.0
89.27350834084824 -17.065590575952843 157.0
89.27348813492827 -17.059289542403462 155.0
89.27118614313082 -16.328369542129042 155.0
89.27114717702074 -16.315767471296297 156.0
89.2711277030976 -16.309466435856567 160.0
89.27110823526097 -16.30316540040127 160.0
89.27108877350982 -16.296864364930407 160.0
89.27106931784304 -16.29056332944399 160.0
89.27104986825962 -16.284262293942025 160.0
89.27103042475846 -16.277961258424515 159.0
89.27101098733856 -16.271660222891462 156.0
89.2709915559988 -16.265359187342867 158.0
89.27097213073816 -16.25905815177875 159.0
89.27095271155558 -16.252757116199106 161.0
89.27093329845 -16.246456080603938 161.0
89.27091389142036 -16.240155044993266 161.0
89.27089449046562 -16.23385400936707 161.0
89.27087509558471 -16.22755297372538 158.0
89.2708557067766 -16.22125193806819 156.0
89.28010444660706 -17.071872333017172 155.0
89.28008401365095 -17.065571302461496 155.0
89.27771674677066 -16.322049582106295 159.0
89.27769705393938 -16.315748549618093 158.0
89.27767736726219 -16.30944751711397 159.0
89.27765768673801 -16.303146484593945 159.0
89.27763801236577 -16.296845452058008 157.0
89.2776183441444 -16.29054441950618 160.0
89.27759868207283 -16.284243386938453 161.0
89.27757902615 -16.277942354354842 160.0
89.27755937637482 -16.271641321755354 158.0
89.27753973274625 -16.26534028913998 158.0
89.2775200952632 -16.25903925650874 160.0
89.27750046392461 -16.252738223861634 158.0
89.2774808387294 -16.246437191198666 162.0
89.27746121967652 -16.24013615851984 159.0
89.27744160676491 -16.233835125825166 160.0
89.27742199999349 -16.227534093114652 156.0
89.2774023993612 -16.221233060388293 156.0
89.28670099899865 -17.078153874615687 155.0
89.28641233500784 -16.989939487672693 155.0
89.2842668352243 -16.322030451853838 158.0
89.28424692957306 -16.31572942233349 161.0
89.28422703014242 -16.309428392796878 161.0
89.28420713693129 -16.303127363244013 159.0
89.28418724993858 -16.296826333674897 161.0
89.28416736916321 -16.290525304089538 161.0
89.28414749460411 -16.28422427448794 160.0
89.28412762626017 -16.277923244870113 160.0
89.28410776413035 -16.271622215236057 161.0
89.28408790821355 -16.26532118558578 162.0
89.28406805850868 -16.259020155919284 158.0
89.28404821501466 -16.252719126236578 158.0
89.28402837773045 -16.246418096537667 160.0
89.28400854665493 -16.24011706682256 158.0
89.28398872178704 -16.23381603709125 161.0
89.2839689031257 -16.227515007343758 157.0
89.28394909066984 -16.22121397758008 157.0
89.29298536056132 -16.989919831801416 157.0
89.29138279657393 -16.49843985177372 157.0
89.29136250161838 -16.49213882572047 156.0
89.29134221298075 -16.48583779965046 155.0
89.29081692237848 -16.322011115963377 157.0
89.29079680390791 -16.315710089442778 160.0
89.29077669172442 -16.309409062905576 159.0
89.29075658582694 -16.30310803635177 161.0
89.29073648621437 -16.296807009781364 161.0
89.29071639288561 -16.290505983194365 160.0
89.29069630583956 -16.284204956590777 158.0
89.29067622507516 -16.27790392997061 158.0
89.29065615059127 -16.271602903333868 162.0
89.29063608238685 -16.265301876680553 161.0
89.29061602046077 -16.259000850010672 160.0
89.29059596481197 -16.25269982332423 158.0
89.29057591543933 -16.246398796621246 159.0
89.29055587234177 -16.240097769901702 159.0
89.29053583551823 -16.23379674316562 156.0
89.29051580496757 -16.227495716413 156.0
89.29049578068874 -16.22119468964385 159.0
89.29047576268064 -16.214893662858174 156.0
89.30000111627334 -17.122221417638844 155.0
89.299937693681 -17.103318353722926 155.0
89.2999165658101 -17.097017332382233 155.0
89.29989544443386 -17.09071631102385 156.0
89.29960042645179 -17.002502010152966 155.0
89.29795938441492 -16.5047212482097 156.0
89.29793886838785 -16.498420225215185 155.0
89.29791835874667 -16.49211920220354 156.0
89.29734667693003 -16.315690550946265 158.0
89.29732635199431 -16.309389527440366 161.0
89.2973060334111 -16.303088503917515 163.0
89.29728572117928 -16.296787480377702 161.0
89.29726541529774 -16.29048645682095 158.0
89.29724511576539 -16.284185433247256 159.0
89.2972248225811 -16.277884409656632 160.0
89.29720453574379 -16.271583386049077 161.0
89.29718425525235 -16.2652823624246 160.0
89.29716398110568 -16.2589813387832 162.0
89.29714371330267 -16.252680315124895 160.0
89.29712345184224 -16.24637929144968 161.0
89.29710319672326 -16.240078267757568 157.0
89.29708294794465 -16.23377724404856 157.0
89.29706270550528 -16.22747622032266 156.0
89.29702223963999 -16.214874172820227 156.0
89.29700201621182 -16.208573149043698 156.0
89.30660014863996 -17.128502296616652 155.0
89.30649333785423 -17.096997205637724 155.0
89.30636538146554 -17.0591910958672 155.0
89.3063440783521 -17.052890077509 155.0
89.30391709273295 -16.321971827269603 156.0
89.30389654862553 -16.315670806844235 161.0
89.30387601093823 -16.309369786401543 160.0
89.30385547966989 -16.30306876594153 164.0
89.30383495481944 -16.296767745464212 164.0
89.30381443638574 -16.290466724969594 162.0
89.3037939243677 -16.28416570445768 163.0
89.30377341876415 -16.277864683928467 165.0
89.30375291957404 -16.271563663381983 162.0
89.3037324267962 -16.26526264281821 163.0
89.30371194042957 -16.258961622237162 161.0
89.30369146047298 -16.252660601638855 163.0
89.30367098692535 -16.24635958102328 162.0
89.30365051978556 -16.240058560390448 158.0
89.30363005905251 -16.23375753974037 158.0
89.30358915680215 -16.221155498388487 155.0
89.30356871528262 -16.214854477686696 155.0
89.30354828016539 -16.208553456967675 156.0
89.30348701321627 -16.18965039470731 155.0
89.31309167866107 -17.10327788439423 156.0
89.31294082658337 -17.059170778371893 155.0
89.31291930278996 -17.052869763152213 157.0
89.31289778561882 -17.046568747914144 157.0
89.31287627506877 -17.04026773265769 155.0
89.3128332738272 -17.027665702089656 155.0
89.31055026849378 -16.347155943609625 158.0
89.31052948561113 -16.3408549263505 155.0
89.31046717590544 -16.321951874466905 158.0
89.31044641898053 -16.31565085713699 161.0
89.31042566854224 -16.309349839789395 159.0
89.31040492458945 -16.30304882242413 160.0
89.31038418712099 -16.296747805041193 165.0
89.31036345613575 -16.290446787640594 168.0
89.31034273163263 -16.284145770222338 166.0
89.31032201361047 -16.277844752786432 166.0
89.31030130206817 -16.271543735332877 164.0
89.31028059700458 -16.26524271786169 160.0
89.31025989841856 -16.258941700372862 159.0
89.31023920630903 -16.252640682866414 157.0
89.31021852067485 -16.24633966534234 159.0
89.31019784151489 -16.240038647800652 159.0
89.31017716882803 -16.233737630241357 158.0
89.31013584286909 -16.22113559506996 156.0
89.31966866900537 -17.103257335297 157.0
89.31951627027041 -17.059150251481295 155.0
89.31949452579771 -17.052849239432472 158.0
89.31947278801518 -17.04654822736488 157.0
89.3194510569216 -17.04024721527853 155.0
89.31938590376271 -17.021344178906958 155.0
89.31712220476842 -16.353436786769247 156.0
89.31710120224395 -16.347135772657015 157.0
89.3170802062783 -16.340834758526704 155.0
89.31705921687035 -16.33453374437833 157.0
89.31701725772294 -16.321931716027386 158.0
89.31699628798117 -16.31563070182484 161.0
89.31697532479254 -16.309329687604247 158.0
89.31695436815588 -16.303028673365613 160.0
89.31693341807005 -16.296727659108946 163.0
89.31691247453394 -16.29042664483425 167.0
89.31689153754637 -16.28412563054154 164.0
89.31687060710622 -16.27782461623081 164.0
89.31684968321234 -16.271523601902075 163.0
89.31682876586362 -16.265222587555336 163.0
89.31680785505891 -16.258921573190605 159.0
89.31678695079705 -16.252620558807873 157.0
89.31676605307695 -16.246319544407164 159.0
89.31674516189743 -16.240018529988475 160.0
89.31672427725739 -16.233717515551817 160.0
89.31670339915566 -16.227416501097185 157.0
89.31668252759114 -16.2211154866246 157.0
89.31666166256268 -16.214814472134062 155.0
89.32637787501737 -17.141042628443035 155.0
89.32606974736069 -17.0528285063501 155.0
89.32604778896741 -17.046527497485332 156.0
89.32602583733097 -17.040226488601416 156.0
89.32369457259594 -16.359717417824054 155.0
89.323673350296 -16.35341640689138 159.0
89.32365213462265 -16.347115395940254 156.0
89.32363092557465 -16.34081438497068 158.0
89.3236097231509 -16.334513373982677 156.0
89.32358852735024 -16.328212362976238 158.0
89.3235673381715 -16.32191135195137 160.0
89.32354615561354 -16.31561034090809 160.0
89.3235249796752 -16.309309329846393 160.0
89.32350381035532 -16.303008318766285 161.0
89.32348264765278 -16.29670730766778 164.0
89.32346149156639 -16.290406296550888 167.0
89.32344034209503 -16.284105285415592 165.0
89.32341919923752 -16.27780427426192 166.0
89.32339806299275 -16.271503263089876 165.0
89.32337693335953 -16.265202251899463 164.0
89.32335581033674 -16.258901240690683 161.0
89.32333469392321 -16.252600229463546 160.0
89.32331358411781 -16.24629921821806 161.0
89.32329248091938 -16.239998206954226 160.0
89.32327138432679 -16.233697195672054 162.0
89.32325029433888 -16.22739618437155 159.0
89.3232292109545 -16.221095173052717 157.0
89.32320813417253 -16.214794161715567 155.0
89.33288938728495 -17.122118624540125 155.0
89.33286713312842 -17.115817619125796 155.0
89.33268934595006 -17.065409575106003 155.0
89.33264496746423 -17.05280756390541 157.0
89.3326227884609 -17.0465065582758 155.0
89.33039616606116 -16.403803882604368 155.0
89.33037468366184 -16.39750287499703 156.0
89.33033173896592 -16.384900859725764 156.0
89.330310276667 -16.37859985206185 156.0
89.33028882106589 -16.37229884437908 156.0
89.33026737216137 -16.36599783667747 160.0
89.33024592995234 -16.359696828957023 161.0
89.33022449443757 -16.353395821217752 159.0
89.33020306561595 -16.347094813459655 159.0
89.33018164348626 -16.34079380568274 155.0
89.33016022804736 -16.334492797887016 158.0
89.33013881929809 -16.328191790072484 164.0
89.33011741723728 -16.32189078223916 165.0
89.33009602186375 -16.315589774387046 164.0
89.33007463317635 -16.309288766516143 163.0
89.33005325117392 -16.302987758626458 164.0
89.3300318758553 -16.296686750718006 165.0
89.3300105072193 -16.29038574279079 166.0
89.32998914526478 -16.284084734844807 164.0
89.32996778999058 -16.277783726880074 167.0
89.32994644139552 -16.271482718896596 164.0
89.32992509947844 -16.265181710894378 162.0
89.32990376423822 -16.25888070287342 163.0
89.32988243567365 -16.252579694833738 161.0
89.32986111378362 -16.24627868677533 160.0
89.32983979856692 -16.23997767869821 161.0
89.32981849002243 -16.233676670602385 159.0
89.32979718814897 -16.227375662487848 156.0
89.33946703710141 -17.12209743676509 157.0
89.33944456158798 -17.115796434622574 156.0
89.3392201860937 -17.052786412098726 157.0
89.33917539376085 -17.040184407354594 155.0
89.33901883760952 -16.996077390123144 155.0
89.33899649998585 -16.989776387581976 158.0
89.33897416924368 -16.983475385020945 155.0
89.3369273203014 -16.39748206094279 155.0
89.3369056309895 -16.391181056544173 158.0
89.3368839484444 -16.38488005212632 158.0
89.33686227266489 -16.378579047689225 161.0
89.33684060364979 -16.372278043232914 162.0
89.33681894139794 -16.365977038757382 160.0
89.3367972859081 -16.359676034262638 161.0
89.33677563717919 -16.353375029748687 160.0
89.33675399520993 -16.347074025215534 162.0
89.33673235999922 -16.340773020663192 162.0
89.33671073154584 -16.334472016091667 161.0
89.3366891098486 -16.328171011500956 167.0
89.33666749490637 -16.321870006891075 169.0
89.33664588671793 -16.315569002262023 171.0
89.33662428528213 -16.30926799761382 171.0
89.33660269059779 -16.302966992946452 167.0
89.33658110266373 -16.29666598825994 165.0
89.33655952147876 -16.290364983554284 163.0
89.33653794704176 -16.284063978829497 162.0
89.3365163793515 -16.27776297408558 163.0
89.33649481840682 -16.271461969322544 162.0
89.33647326420656 -16.26516096454039 159.0
89.33645171674955 -16.258859959739123 159.0
89.33643017603461 -16.252558954918758 156.0
89.33640864206056 -16.2462579500793 156.0
89.33638711482627 -16.239956945220747 156.0
89.33636559433052 -16.233655940343112 159.0
89.34599929865655 -17.10947404157534 156.0
89.34572756345037 -17.033862053682647 155.0
89.34561463628708 -17.0023570578638 156.0
89.3455920717147 -16.9960560586392 158.0
89.34556951409284 -16.989755059394334 156.0
89.34554696342025 -16.983454060129212 157.0
89.34369936087447 -16.460471051180246 156.0
89.34350186528215 -16.403762041989335 155.0
89.34347995552244 -16.397461040869878 159.0
89.34343615650569 -16.38485903857208 159.0
89.34341426724623 -16.378558037393763 160.0
89.34339238481782 -16.37225703619584 163.0
89.34337050921927 -16.365956034978318 159.0
89.34334864044935 -16.359655033741202 158.0
89.3433267785069 -16.353354032484496 159.0
89.3433049233907 -16.347053031208212 162.0
89.3432830750996 -16.340752029912363 165.0
89.3432612336324 -16.33445102859694 166.0
89.34323939898788 -16.32815002726196 170.0
89.34321757116487 -16.321849025907422 170.0
89.3431957501622 -16.315548024533346 174.0
89.34317393597865 -16.309247023139722 173.0
89.34315212861306 -16.30294602172657 169.0
89.34313032806423 -16.296645020293887 167.0
89.34310853433098 -16.29034401884169 164.0
89.34308674741212 -16.284043017369974 158.0
89.34306496730645 -16.27774201587875 159.0
89.34304319401282 -16.271441014368033 160.0
89.34302142753002 -16.265140012837815 159.0
89.34299966785689 -16.258839011288114 156.0
89.34293442968358 -16.239936006522147 155.0
89.34291269723724 -16.233635004894563 155.0
89.35237061887169 -17.05274348040068 155.0
89.3522108806176 -17.008636509855382 156.0
89.35218808896038 -17.002335513980448 156.0
89.35214252670335 -16.989733522168585 155.0
89.35040962733086 -16.50455677512091 155.0
89.35036516620426 -16.49195478008776 155.0
89.35034294602067 -16.485653782541014 155.0
89.35029852640695 -16.47305178738721 155.0
89.35027632697435 -16.46675078978017 156.0
89.35009898033633 -16.41634280820136 155.0
89.35007684309127 -16.410041810413798 155.0
89.35005471274988 -16.40374081260622 156.0
89.350032589311 -16.397439814778615 155.0
89.35001047277336 -16.391138816931008 157.0
89.34998836313581 -16.384837819063392 159.0
89.3499662603971 -16.378536821175782 159.0
89.34994416455605 -16.37223582326818 160.0
89.34992207561145 -16.36593482534059 160.0
89.34989999356212 -16.359633827393033 163.0
89.3498779184068 -16.353332829425504 162.0
89.34985585014435 -16.34703183143801 165.0
89.34983378877354 -16.340730833430555 164.0
89.34981173429316 -16.334429835403153 166.0
89.34978968670201 -16.32812883735581 171.0
89.34976764599891 -16.321827839288527 176.0
89.34974561218266 -16.31552684120132 176.0
89.34972358525204 -16.309225843094186 175.0
89.34970156520585 -16.302924844967137 171.0
89.34967955204291 -16.29662384682018 165.0
89.34965754576203 -16.290322848653314 165.0
89.349635546362 -16.28402185046656 161.0
89.3496135538416 -16.27772085225991 161.0
89.34959156819968 -16.271419854033383 160.0
89.34956958943502 -16.26511885578698 157.0
89.3495476175464 -16.258817857520704 158.0
89.35894583299091 -17.052721700509974 156.0
89.35880757078904 -17.014915746000067 155.0
89.35873853541895 -16.996012768460414 155.0
89.35698835704117 -16.51083628060987 155.0
89.35696590128228 -16.50453528645391 157.0
89.35694345251207 -16.498234292277438 157.0
89.35692101072934 -16.491933298080458 157.0
89.35662990285705 -16.410020371656508 157.0
89.3566075587705 -16.403719377173125 157.0
89.35658522165308 -16.397418382669336 158.0
89.3565628915036 -16.391117388145144 159.0
89.35654056832082 -16.384816393600566 163.0
89.35651825210354 -16.378515399035603 160.0
89.35649594285053 -16.372214404450258 162.0
89.35647364056057 -16.36591340984454 162.0
89.35645134523247 -16.35961241521846 165.0
89.35642905686498 -16.353311420572027 166.0
89.35640677545693 -16.34701042590524 164.0
89.35638450100707 -16.340709431218105 168.0
89.3563622335142 -16.334408436510635 168.0
89.35633997297711 -16.328107441782837 175.0
89.3563177193946 -16.321806447034714 178.0
89.35629547276541 -16.31550545226628 179.0
89.3562732330884 -16.30920445747753 175.0
89.3562510003623 -16.302903462668482 169.0
89.35622877458593 -16.296602467839133 164.0
89.35620655575809 -16.290301472989494 165.0
89.35618434387756 -16.284000478119573 166.0
89.3561621389431 -16.277699483229387 163.0
89.35613994095355 -16.271398488318923 161.0
89.35611774990768 -16.265097493388197 159.0
89.3560955658043 -16.258796498437217 157.0
89.35607338864219 -16.252495503465994 157.0
89.36538146075394 -17.014893777123806 155.0
89.36361289839392 -16.529717554274075 156.0
89.36359020664817 -16.52341656354334 156.0
89.36356752196168 -16.51711557279167 155.0
89.36354484433326 -16.510814582019073 156.0
89.3635221737616 -16.504513591225567 157.0
89.3634995102455 -16.498212600411147 159.0
89.36345420437503 -16.4856106187196 155.0
89.3633636772463 -16.460406655085897 155.0
89.36334106308445 -16.4541056641253 157.0
89.36331845596827 -16.447804673143853 156.0
89.36325067688136 -16.42890170007445 156.0
89.36322809793549 -16.422600709009657 158.0
89.36320552602913 -16.416299717924037 156.0
89.36318296116104 -16.409998726817612 160.0
89.36316040333 -16.403697735690383 159.0
89.36313785253475 -16.397396744542355 159.0
89.36311530877408 -16.391095753373534 160.0
89.36309277204677 -16.38479476218393 161.0
89.3630702423516 -16.378493770973545 164.0
89.36304771968729 -16.372192779742395 164.0
89.36302520405268 -16.365891788490483 163.0
89.36300269544648 -16.359590797217813 165.0
89.36298019386751 -16.353289805924394 168.0
89.36295769931453 -16.34698881461023 167.0
89.36293521178632 -16.34068782327534 166.0
89.36291273128164 -16.334386831919712 172.0
89.36289025779928 -16.328085840543366 173.0
89.362867791338 -16.321784849146308 176.0
89.36284533189662 -16.315483857728545 180.0
89.36282287947387 -16.309182866290072 177.0
89.36280043406855 -16.302881874830916 173.0
89.36277799567942 -16.296580883351073 167.0
89.3627555643053 -16.29027989185055 165.0
89.36273313994494 -16.28397890032935 164.0
89.3627107225971 -16.277677908787485 165.0
89.3626883122606 -16.27137691722497 161.0
89.36266590893422 -16.265075925641796 161.0
89.36264351261673 -16.25877493403798 161.0
89.3626211233069 -16.252473942413527 157.0
89.37014712227811 -16.523394651569404 155.0
89.37012422264584 -16.51709366421299 156.0
89.3701013301385 -16.51079267683525 155.0
89.37007844475478 -16.504491689436204 155.0
89.37005556649349 -16.498190702015847 155.0
89.37003269535336 -16.491889714574185 156.0
89.37000983133314 -16.485588727111228 156.0
89.36996412464741 -16.472986752121468 155.0
89.36994128197942 -16.466685764594676 157.0
89.36991844642635 -16.460384777046617 158.0
89.36989561798694 -16.454083789477302 161.0
89.36987279665998 -16.44778280188673 159.0
89.36984998244415 -16.44148181427492 159.0
89.3698271753383 -16.435180826641872 162.0
89.36980437534112 -16.428879838987594 161.0
89.36978158245138 -16.42257885131209 165.0
89.36975879666784 -16.416277863615377 162.0
89.36973601798927 -16.409976875897456 162.0
89.3697132464144 -16.403675888158325 163.0
89.36969048194202 -16.397374900398002 165.0
89.36966772457087 -16.391073912616495 165.0
89.36964497429972 -16.384772924813813 164.0
89.36962223112731 -16.378471936989953 165.0
89.36959949505243 -16.37217094914493 169.0
89.3695767660738 -16.365869961278747 167.0
89.36955404419024 -16.359568973391415 164.0
89.36953132940046 -16.353267985482937 166.0
89.36950862170326 -16.34696699755332 165.0
89.36948592109736 -16.34066600960257 168.0
89.36946322758156 -16.334365021630706 170.0
89.36944054115462 -16.328064033637727 171.0
89.3694178618153 -16.321763045623637 175.0
89.36939518956235 -16.31546205758844 175.0
89.36937252439458 -16.309161069532152 173.0
89.3693498663107 -16.302860081454785 171.0
89.36932721530951 -16.296559093356326 171.0
89.36930457138979 -16.290258105236802 167.0
89.36928193455027 -16.283957117096207 164.0
89.36925930478976 -16.277656128934556 167.0
89.369236682107 -16.271355140751854 164.0
89.36921406650077 -16.265054152548103 162.0
89.36919145796985 -16.25875316432332 159.0
89.36916885651299 -16.252452176077504 156.0
89.37670403640573 -16.523372532938733 155.0
89.37668092182837 -16.517071549009597 156.0
89.37665781444281 -16.51077056505874 158.0
89.37663471424774 -16.50446958108616 155.0
89.37651932108618 -16.472964660897766 156.0
89.37649626400778 -16.466663676795037 160.0
89.37647321411107 -16.46036269267064 159.0
89.37645017139481 -16.454061708524584 158.0
89.37642713585772 -16.447760724356883 162.0
89.37640410749859 -16.441459740167527 160.0
89.3763810863161 -16.435158755956532 161.0
89.37635807230902 -16.428857771723916 162.0
89.37633506547611 -16.422556787469674 162.0
89.3763120658161 -16.416255803193817 164.0
89.37628907332773 -16.409954818896356 164.0
89.37626608800976 -16.403653834577284 166.0
89.37624310986094 -16.397352850236626 168.0
89.37622013887997 -16.391051865874374 169.0
89.37619717506568 -16.38475088149055 169.0
89.37617421841675 -16.37844989708515 168.0
89.37615126893198 -16.372148912658187 169.0
89.37612832661006 -16.365847928209664 168.0
89.3761053914498 -16.3595469437396 167.0
89.3760824634499 -16.35324595924798 169.0
89.37605954260916 -16.346944974734836 170.0
89.37603662892629 -16.340643990200157 172.0
89.37601372240007 -16.33434300564396 171.0
89.37599082302923 -16.328042021066246 171.0
89.37596793081254 -16.321741036467028 174.0
89.37594504574875 -16.31544005184631 174.0
89.37592216783662 -16.3091390672041 172.0
89.3758992970749 -16.302838082540404 169.0
89.37587643346234 -16.296537097855232 168.0
89.37585357699771 -16.290236113148584 172.0
89.37583072767974 -16.283935128420477 166.0
89.37580788550723 -16.277634143670916 167.0
89.3757850504789 -16.271333158899903 166.0
89.37576222259352 -16.265032174107453 161.0
89.37573940184986 -16.25873118929357 159.0
89.37571658824666 -16.252430204458257 156.0
89.3756937817827 -16.24612921960152 155.0
89.38323761949519 -16.517049227181833 157.0
89.3832142972321 -16.510748246689865 160.0
89.3831909822264 -16.504447266175774 158.0
89.38316767447681 -16.498146285639564 157.0
89.38314437398208 -16.49184530508125 155.0
89.3831210807409 -16.485544324500832 156.0
89.383097794752 -16.47924334389832 156.0
89.38307451601416 -16.472942363273724 157.0
89.38305124452604 -16.466641382627053 158.0
89.38302798028643 -16.460340401958305 156.0
89.38300472329401 -16.454039421267495 159.0
89.38298147354755 -16.447738440554627 161.0
89.38295823104573 -16.441437459819706 165.0
89.38293499578735 -16.435136479062752 167.0
89.38291176777108 -16.428835498283757 167.0
89.3828885469957 -16.422534517482738 162.0
89.3828653334599 -16.4162335366597 167.0
89.38284212716245 -16.40993255581465 164.0
89.38281892810207 -16.403631574947596 167.0
89.3827957362775 -16.39733059405854 166.0
89.38277255168747 -16.3910296131475 170.0
89.38274937433071 -16.384728632214475 173.0
89.38272620420598 -16.378427651259475 173.0
89.382703041312 -16.37212667028251 170.0
89.38267988564749 -16.365825689283582 166.0
89.38265673721124 -16.359524708262697 169.0
89.38263359600194 -16.353223727219877 170.0
89.38261046201835 -16.34692274615511 171.0
89.3825873352592 -16.340621765068416 173.0
89.38256421572325 -16.334320783959797 172.0
89.38254110340922 -16.32801980282926 169.0
89.38251799831586 -16.321718821676825 167.0
89.38249490044193 -16.315417840502477 170.0
89.38247180978615 -16.309116859306243 167.0
89.38244872634728 -16.30281587808812 168.0
89.38242565012403 -16.29651489684812 169.0
89.3824025811152 -16.290213915586243 171.0
89.38237951931949 -16.283912934302506 167.0
89.38235646473565 -16.277611952996907 165.0
89.38233341736245 -16.271310971669465 164.0
89.38231037719864 -16.265009990320184 160.0
89.38228734424293 -16.25870900894906 158.0
89.38984141188983 -16.52962865266452 156.0
89.3898178600976 -16.523327675708554 156.0
89.38979431563217 -16.51702669873003 160.0
89.38977077849229 -16.510725721728978 160.0
89.38974724867666 -16.504424744705382 160.0
89.389723726184 -16.498123767659266 155.0
89.38970021101302 -16.491822790590632 155.0
89.38965320263097 -16.47922083638584 156.0
89.3896297094173 -16.472919859249693 160.0
89.38960622352022 -16.46661888209106 159.0
89.38958274493838 -16.46031790490995 159.0
89.38955927367051 -16.454016927706366 157.0
89.38953580971535 -16.44771595048032 160.0
89.38951235307162 -16.441414973231815 163.0
89.38948890373803 -16.435113995960855 168.0
89.3894654617133 -16.42881301866746 167.0
89.38944202699614 -16.422512041351627 164.0
89.38941859958528 -16.416211064013368 169.0
89.38939517947945 -16.409910086652687 169.0
89.38937176667739 -16.4036091092696 169.0
89.38934836117777 -16.3973081318641 167.0
89.38932496297934 -16.39100715443621 170.0
89.38930157208085 -16.384706176985926 174.0
89.38927818848101 -16.378405199513264 175.0
89.38925481217855 -16.372104222018226 175.0
89.38923144317216 -16.36580324450082 170.0
89.38920808146061 -16.359502266961062 171.0
89.3891847270426 -16.353201289398946 172.0
89.38916137991689 -16.346900311814487 172.0
89.38913804008217 -16.340599334207685 173.0
89.38911470753719 -16.334298356578568 170.0
89.3890913822807 -16.32799737892712 170.0
89.38906806431137 -16.321696401253355 169.0
89.389044753628 -16.31539542355729 171.0
89.38902145022928 -16.309094445838923 168.0
89.38899815411395 -16.302793468098265 170.0
89.38897486528074 -16.296492490335325 169.0
89.3889515837284 -16.290191512550113 173.0
89.38892830945564 -16.283890534742618 168.0
89.3889050424612 -16.277589556912872 167.0
89.38888178274384 -16.27128857906087 163.0
89.38885853030227 -16.26498760118662 160.0
89.38883528513523 -16.25868662329013 157.0
89.38881204724144 -16.25238564537141 155.0
89.39637476963362 -16.523304937109728 155.0
89.39635101022525 -16.517003963654545 161.0
89.3963272582093 -16.510702990176416 159.0
89.39630351358447 -16.504402016675332 156.0
89.39623232404367 -16.48549909603449 157.0
89.39620860897031 -16.4791981224417 156.0
89.39618490128159 -16.472897148826007 157.0
89.39616120097622 -16.46659617518741 157.0
89.39613750805289 -16.46029520152592 155.0
89.3961138225103 -16.453994227841545 158.0
89.39609014434718 -16.447693254134297 160.0
89.39606647356223 -16.44139228040418 163.0
89.39604281015416 -16.435091306651195 164.0
89.39601915412165 -16.428790332875362 164.0
89.39599550546345 -16.42248935907668 164.0
89.39597186417824 -16.416188385255158 166.0
89.39594823026476 -16.40988741141081 166.0
89.3959246037217 -16.403586437543634 170.0
89.39590098454777 -16.39728546365365 172.0
89.3958773727417 -16.390984489740852 175.0
89.39585376830217 -16.384683515805254 176.0
89.39583017122793 -16.37838254184686 178.0
89.39580658151769 -16.372081567865692 177.0
89.39578299917014 -16.365780593861743 176.0
89.395759424184 -16.35947961983502 172.0
89.39573585655802 -16.35317864578554 171.0
89.39571229629087 -16.3468776717133 168.0
89.39568874338131 -16.34057669761832 166.0
89.39566519782801 -16.334275723500603 166.0
89.39564165962975 -16.327974749360152 166.0
89.39561812878519 -16.321673775196974 167.0
89.39559460529307 -16.315372801011087 170.0
89.39557108915213 -16.309071826802487 169.0
89.39554758036105 -16.30277085257119 168.0
89.39552407891858 -16.296469878317197 168.0
89.39550058482344 -16.29016890404052 167.0
89.39547709807435 -16.283867929741167 167.0
89.39545361867003 -16.27756695541914 165.0
89.3954301466092 -16.271265981074453 166.0
89.39540668189059 -16.26496500670711 159.0
89.39538322451293 -16.258664032317125 157.0
89.40293167761094 -16.52328199185554 155.0
89.40290770326034 -16.516981021955715 156.0
89.40288373636905 -16.510680052032523 159.0
89.40285977693571 -16.50437908208597 156.0
89.40283582495906 -16.49807811211606 155.0
89.40281188043775 -16.4917771421228 155.0
89.40278794337053 -16.4854761721062 156.0
89.40276401375601 -16.479175202066273 155.0
89.40274009159296 -16.47287423200301 159.0
89.40271617688003 -16.466573261916444 158.0
89.40269226961593 -16.46027229180656 156.0
89.40266836979936 -16.453971321673382 155.0
89.40264447742899 -16.44767035151691 159.0
89.40262059250354 -16.44136938133715 161.0
89.40259671502169 -16.43506841113411 162.0
89.40257284498216 -16.428767440907805 164.0
89.40254898238364 -16.422466470658243 165.0
89.4025251272248 -16.41616550038542 169.0
89.40250127950438 -16.409864530089358 169.0
89.40247743922104 -16.403563559770053 173.0
89.40245360637353 -16.397262589427523 178.0
89.4024297809605 -16.390961619061763 177.0
89.40240596298068 -16.384660648672796 181.0
89.40238215243276 -16.37835967826062 179.0
89.40235834931548 -16.372058707825243 177.0
89.40233455362748 -16.36575773736668 175.0
89.40231076536749 -16.359456766884925 173.0
89.40228698453423 -16.35315579638 172.0
89.4022632111264 -16.34685482585191 169.0
89.40223944514268 -16.34055385530066 165.0
89.40221568658181 -16.33425288472625 163.0
89.40219193544247 -16.327951914128704 165.0
89.4021681917234 -16.321650943508022 166.0
89.40214445542327 -16.315349972864205 166.0
89.4021207265408 -16.309049002197273 167.0
89.40209700507471 -16.302748031507228 162.0
89.40207329102371 -16.29644706079407 164.0
89.40204958438649 -16.29014609005782 165.0
89.40202588516178 -16.283845119298483 165.0
89.40200219334828 -16.27754414851606 164.0
89.40197850894472 -16.271243177710566 164.0
89.4019548319498 -16.264942206882004 160.0
89.40193116236222 -16.258641236030382 157.0
89.41162201419168 -17.071442817137235 155.0
89.40946439472334 -16.516957873633903 155.0
89.4094402129574 -16.510656907297662 157.0
89.40941603871633 -16.504355940937646 155.0
89.40939187199878 -16.498054974553853 155.0
89.40936771280343 -16.491754008146284 156.0
89.40934356112895 -16.485453041714962 156.0
89.40931941697403 -16.479152075259886 157.0
89.40929528033736 -16.472851108781068 160.0
89.40927115121761 -16.46655014227851 161.0
89.40924702961347 -16.460249175752224 157.0
89.40922291552361 -16.45394820920222 156.0
89.40919880894675 -16.447647242628502 161.0
89.40917470988153 -16.441346276031076 162.0
89.40915061832666 -16.43504530940996 165.0
89.40912653428082 -16.428744342765153 166.0
89.40910245774269 -16.422443376096666 169.0
89.40907838871097 -16.416142409404507 173.0
89.40905432718434 -16.40984144268868 175.0
89.40903027316148 -16.403540475949203 175.0
89.40900622664108 -16.397239509186072 177.0
89.40898218762185 -16.390938542399304 180.0
89.40895815610246 -16.384637575588904 181.0
89.40893413208158 -16.378336608754875 180.0
89.40891011555796 -16.37203564189723 177.0
89.40888610653025 -16.36573467501598 174.0
89.40886210499714 -16.35943370811113 171.0
89.40883811095733 -16.35313274118268 173.0
89.40881412440953 -16.346831774230647 169.0
89.4087901453524 -16.340530807255046 164.0
89.40876617378466 -16.33422984025587 163.0
89.408742209705 -16.327928873233127 164.0
89.40871825311213 -16.321627906186837 161.0
89.40869430400471 -16.315326939117003 163.0
89.40867036238146 -16.30902597202363 162.0
89.40864642824107 -16.302725004906726 161.0
89.40862250158224 -16.296424037766304 161.0
89.40859858240368 -16.290123070602366 162.0
89.40857467070407 -16.28382210341492 164.0
89.40855076648214 -16.277521136203983 161.0
89.40852686973655 -16.271220168969556 160.0
89.40850298046603 -16.264919201711642 159.0
89.41599668796034 -16.510633555972184 158.0
89.41597229891225 -16.504332593230714 160.0
89.41594791745453 -16.498031630465043 162.0
89.41592354358585 -16.49173066767518 158.0
89.41589917730488 -16.48542970486113 158.0
89.41587481861029 -16.47912874202291 159.0
89.41585046750073 -16.47282777916051 162.0
89.41582612397491 -16.466526816273966 161.0
89.41580178803147 -16.46022585336326 158.0
89.41577745966909 -16.45392489042841 156.0
89.41575313888644 -16.447623927469426 159.0
89.4157288256822 -16.441322964486318 164.0
89.41570452005503 -16.435022001479087 169.0
89.41568022200362 -16.428721038447748 168.0
89.41565593152663 -16.422420075392303 169.0
89.41563164862274 -16.416119112312764 173.0
89.41560737329064 -16.409818149209137 174.0
89.41558310552898 -16.403517186081434 173.0
89.41555884533645 -16.397216222929654 175.0
89.41553459271174 -16.390915259753818 174.0
89.4155103476535 -16.384614296553924 178.0
89.41548611016043 -16.378313333329984 178.0
89.4154618802312 -16.372012370082007 175.0
89.4154376578645 -16.365711406809996 173.0
89.41541344305901 -16.35941044351397 173.0
89.4153892358134 -16.353109480193925 171.0
89.41536503612635 -16.34680851684988 170.0
89.41534084399655 -16.34050755348183 164.0
89.41531665942267 -16.334206590089792 160.0
89.41529248240343 -16.327905626673775 162.0
89.41526831293746 -16.32160466323378 160.0
89.4152441510235 -16.315303699769824 159.0
89.41521999666018 -16.309002736281908 159.0
89.41519584984624 -16.302701772770046 162.0
89.41517171058032 -16.29640080923424 161.0
89.41514757886115 -16.290099845674497 161.0
89.41512345468738 -16.28379888209084 165.0
89.41509933805771 -16.277497918483256 163.0
89.41507522897085 -16.271196954851767 158.0
89.41505112742544 -16.264895991196376 157.0
89.4226270188836 -16.5295128751813 155.0
89.42260239204951 -16.523211916164335 155.0
89.42257777287666 -16.516910957122708 155.0
89.42255316136374 -16.510609998056434 159.0
89.42252855750938 -16.504309038965527 160.0
89.42250396131224 -16.498008079849992 162.0
89.42247937277098 -16.491707120709837 163.0
89.42245479188426 -16.48540616154506 160.0
89.42243021865075 -16.479105202355687 162.0
89.42240565306906 -16.47280424314172 160.0
89.4223810951379 -16.46650328390316 157.0
89.4223565448559 -16.460202324640026 157.0
89.42233200222172 -16.45390136535232 158.0
89.42230746723405 -16.447600406040046 160.0
89.42228293989153 -16.441299446703223 164.0
89.4222584201928 -16.43499848734185 165.0
89.42223390813656 -16.42869752795594 166.0
89.42220940372147 -16.422396568545505 167.0
89.42218490694616 -16.416095609110545 173.0
89.42216041780932 -16.409794649651076 173.0
89.4221359363096 -16.403493690167096 171.0
89.42211146244568 -16.39719273065862 171.0
89.42208699621622 -16.390891771125663 172.0
89.4220625376199 -16.384590811568216 171.0
89.42203808665536 -16.378289851986306 176.0
89.42201364332128 -16.371988892379925 173.0
89.42198920761633 -16.365687932749093 172.0
89.42196477953918 -16.359386973093812 172.0
89.4219403590885 -16.353086013414092 171.0
89.42191594626294 -16.346785053709947 169.0
89.42189154106121 -16.340484093981374 165.0
89.42186714348195 -16.334183134228393 165.0
89.42184275352383 -16.327882174450995 165.0
89.42181837118555 -16.321581214649207 161.0
89.42179399646577 -16.31528025482303 158.0
89.42174526987637 -16.302678335097532 159.0
89.4217209180041 -16.296377375198233 162.0
89.42169657374504 -16.29007641527458 161.0
89.42167223709784 -16.283775455326577 163.0
89.42164790806119 -16.27747449535423 163.0
89.42162358663377 -16.271173535357555 160.0
89.42159927281423 -16.264872575336554 155.0
89.43129857982976 -17.05876925717925 155.0
89.43122211562181 -17.039866397515382 155.0
89.43119664323746 -17.03356544424251 156.0
89.42923384236148 -16.54209101021625 156.0
89.4292089850609 -16.535790054933344 156.0
89.42918413549114 -16.529489099625337 158.0
89.42915929365093 -16.523188144292234 158.0
89.42913445953883 -16.51688718893405 160.0
89.42910963315353 -16.510586233550782 164.0
89.42908481449365 -16.50428527814245 160.0
89.42906000355784 -16.49798432270905 164.0
89.42903520034477 -16.49168336725061 164.0
89.42901040485305 -16.485382411767112 165.0
89.42898561708134 -16.479081456258584 167.0
89.42896083702827 -16.472780500725033 162.0
89.42893606469254 -16.46647954516646 161.0
89.42891130007273 -16.460178589582878 159.0
89.42888654316751 -16.453877633974294 164.0
89.42886179397557 -16.447576678340713 164.0
89.42883705249551 -16.44127572268215 161.0
89.42881231872599 -16.434974766998607 165.0
89.42878759266566 -16.428673811290103 166.0
89.42876287431318 -16.42237285555663 170.0
89.42873816366722 -16.416071899798215 173.0
89.42871346072639 -16.409770944014852 171.0
89.42868876548937 -16.403469988206556 169.0
89.4286640779548 -16.397169032373334 169.0
89.42863939812136 -16.390868076515194 170.0
89.42861472598767 -16.38456712063214 172.0
89.42859006155241 -16.37826616472419 175.0
89.42856540481422 -16.371965208791348 174.0
89.42854075577178 -16.365664252833618 173.0
89.42851611442372 -16.35936329685101 175.0
89.42849148076871 -16.35306234084354 174.0
89.42846685480542 -16.34676138481121 170.0
89.42844223653248 -16.340460428754028 166.0
89.42841762594858 -16.33415947267201 166.0
89.42839302305235 -16.32785851656515 166.0
89.42836842784247 -16.32155756043347 161.0
89.42834384031761 -16.315256604276968 159.0
89.42831926047641 -16.308955648095655 157.0
89.42829468831756 -16.302654691889547 157.0
89.4282701238397 -16.296353735658645 158.0
89.42824556704149 -16.290052779402956 160.0
89.42822101792162 -16.283751823122493 159.0
89.42819647647872 -16.27745086681727 161.0
89.42817194271149 -16.27114991048728 158.0
89.43779686925178 -17.039842112824388 156.0
89.43777117640482 -17.033541163303227 156.0
89.43579138755052 -16.54206702054158 156.0
89.43576631511073 -16.535766068975438 155.0
89.43571619362311 -16.52316416576656 159.0
89.43569114457253 -16.51686321412383 163.0
89.4356661033156 -16.510562262455586 162.0
89.43564106985097 -16.50426131076184 165.0
89.43561604417725 -16.497960359042594 165.0
89.43559102629311 -16.491659407297867 171.0
89.43556601619714 -16.48535845552765 170.0
89.43554101388801 -16.479057503731966 167.0
89.43551601936436 -16.47275655191082 165.0
89.43549103262475 -16.466455600064226 166.0
89.43546605366791 -16.46015464819218 163.0
89.43544108249243 -16.4538536962947 169.0
89.43541611909696 -16.44755274437179 169.0
89.4353911634801 -16.441251792423465 169.0
89.43536621564054 -16.434950840449726 168.0
89.43534127557689 -16.428649888450586 169.0
89.43531634328781 -16.42234893642605 170.0
89.43529141877193 -16.41604798437613 173.0
89.43526650202787 -16.40974703230084 168.0
89.4352415930543 -16.403446080200172 170.0
89.43521669184985 -16.39714512807415 169.0
89.43519179841316 -16.39084417592277 169.0
89.43516691274287 -16.384543223746057 171.0
89.43514203483764 -16.378242271544003 172.0
89.43511716469611 -16.371941319316626 172.0
89.43509230231692 -16.365640367063936 174.0
89.4350674476987 -16.359339414785932 175.0
89.43504260084012 -16.353038462482633 172.0
89.43501776173983 -16.346737510154036 170.0
89.43499293039646 -16.340436557800164 165.0
89.43496810680864 -16.33413560542101 167.0
89.43494329097507 -16.327834653016595 163.0
89.43491848289436 -16.321533700586922 159.0
89.43489368256517 -16.315232748131997 156.0
89.43484410515596 -16.302630843146446 156.0
89.43476979714484 -16.283727985478958 157.0
89.43474504329646 -16.277427032872723 157.0
89.44431980253297 -17.027215727340757 155.0
89.44237422653818 -16.54834377190897 155.0
89.4422983638022 -16.52944092845696 155.0
89.44227309195196 -16.523139980587676 156.0
89.44224782796366 -16.51683903269242 158.0
89.44222257183588 -16.51053808477122 162.0
89.44219732356726 -16.504237136824067 163.0
89.44217208315641 -16.497936188850982 166.0
89.44214685060197 -16.49163524085197 169.0
89.44212162590254 -16.485334292827037 168.0
89.44209640905673 -16.479033344776195 167.0
89.44207120006321 -16.472732396699453 170.0
89.44204599892056 -16.46643144859682 166.0
89.44202080562744 -16.460130500468303 165.0
89.44199562018242 -16.453829552313906 165.0
89.44197044258418 -16.447528604133648 168.0
89.44194527283133 -16.44122765592753 168.0
89.44192011092248 -16.434926707695563 166.0
89.44189495685627 -16.42862575943776 167.0
89.44186981063133 -16.422324811154123 169.0
89.44184467224629 -16.416023862844664 168.0
89.44181954169979 -16.409722914509388 168.0
89.44179441899041 -16.40342196614831 167.0
89.44176930411683 -16.39712101776143 167.0
89.44174419707767 -16.39082006934877 169.0
89.44171909787156 -16.384519120910326 170.0
89.44169400649712 -16.378218172446115 172.0
89.44166892295299 -16.371917223956135 174.0
89.4416438472378 -16.36561627544041 176.0
89.44161877935021 -16.359315326898937 172.0
89.44159371928882 -16.35301437833172 173.0
89.44156866705228 -16.346713429738784 170.0
89.44154362263922 -16.340412481120133 167.0
89.44151858604828 -16.33411153247577 165.0
89.4414935572781 -16.3278105838057 164.0
89.4414685363273 -16.321509635109937 161.0
89.44144352319455 -16.315208686388495 157.0
89.44141851787847 -16.308907737641384 155.0
89.44129360850056 -16.277402993520962 155.0
89.45092023760607 -17.03349197364685 155.0
89.4489319836264 -16.548319364954814 156.0
89.44885547547747 -16.529416532845293 155.0
89.44882998862342 -16.523115588755946 158.0
89.44880450969815 -16.516814644640192 160.0
89.4487790387003 -16.51051370049804 161.0
89.44875357562846 -16.504212756329498 165.0
89.44872812048125 -16.49791181213458 168.0
89.44870267325726 -16.49161086791329 168.0
89.44867723395514 -16.485309923665643 165.0
89.44865180257345 -16.479008979391644 166.0
89.44862637911083 -16.472708035091294 169.0
89.4486009635659 -16.466407090764612 166.0
89.44857555593724 -16.460106146411604 168.0
89.44855015622349 -16.45380520203228 166.0
89.44852476442327 -16.447504257626647 166.0
89.44849938053515 -16.441203313194716 168.0
89.44847400455781 -16.434902368736495 167.0
89.44844863648981 -16.42860142425199 170.0
89.44842327632978 -16.42230047974121 168.0
89.44839792407635 -16.415999535204172 168.0
89.44837257972814 -16.409698590640875 168.0
89.44834724328376 -16.40339764605133 167.0
89.44832191474181 -16.39709670143555 167.0
89.44829659410094 -16.390795756793544 167.0
89.44827128135975 -16.384494812125315 170.0
89.44824597651687 -16.378193867430877 173.0
89.44822067957092 -16.371892922710238 170.0
89.44819539052052 -16.3655919779634 173.0
89.44817010936428 -16.35929103319038 171.0
89.44814483610085 -16.352990088391184 173.0
89.44811957072884 -16.346689143565822 172.0
89.44809431324686 -16.340388198714304 166.0
89.44806906365355 -16.33408725383664 164.0
89.44804382194754 -16.327786308932822 164.0
89.44801858812743 -16.321485364002882 160.0
89.44799336219188 -16.315184419046822 157.0
89.45744208148378 -17.020865188703677 155.0
89.45741575158404 -17.014564250548897 155.0
89.45736311610469 -17.00196237415664 159.0
89.45733681052215 -16.995661435919192 155.0
89.4572054041229 -16.964156744319038 155.0
89.45551547289391 -16.554595691389952 157.0
89.45548973903999 -16.54829475122007 157.0
89.45546401318738 -16.5419938110233 156.0
89.45543829533467 -16.53569287079965 158.0
89.45541258548046 -16.529391930549128 158.0
89.45538688362333 -16.523090990271747 160.0
89.4553611897619 -16.516790049967508 163.0
89.45533550389474 -16.510489109636424 163.0
89.45530982602047 -16.504188169278507 165.0
89.45528415613767 -16.497887228893767 168.0
89.45525849424494 -16.491586288482207 167.0
89.45523284034087 -16.48528534804384 169.0
89.45520719442408 -16.47898440757867 166.0
89.45518155649316 -16.472683467086718 168.0
89.4551559265467 -16.466382526567973 167.0
89.4551303045833 -16.460081586022465 168.0
89.4551046906016 -16.45378064545019 170.0
89.45507908460014 -16.447479704851165 164.0
89.45505348657758 -16.44117876422539 165.0
89.45502789653247 -16.434877823572887 169.0
89.45500231446347 -16.428576882893648 171.0
89.45497674036913 -16.422275942187696 170.0
89.45495117424811 -16.415975001455035 171.0
89.45492561609896 -16.409674060695668 167.0
89.45490006592034 -16.40337311990962 165.0
89.4548745237108 -16.39707217909688 168.0
89.454848989469 -16.390771238257475 168.0
89.4548234631935 -16.3844702973914 168.0
89.45479794488297 -16.37816935649867 168.0
89.45477243453597 -16.371868415579296 168.0
89.45474693215111 -16.365567474633288 172.0
89.45472143772702 -16.35926653366065 170.0
89.45469595126231 -16.352965592661388 170.0
89.4546704727556 -16.346664651635525 169.0
89.45464500220547 -16.340363710583055 165.0
89.45461953961056 -16.33406276950399 165.0
89.45459408496947 -16.327761828398344 166.0
89.45456863828085 -16.321460887266124 159.0
89.45454319954327 -16.31515994610734 158.0
89.46404272535499 -17.027141012736866 156.0
89.46398961686724 -17.01453914421464 156.0
89.4639630748866 -17.008238209911475 157.0
89.46393654107953 -17.001937275580296 157.0
89.46377750979934 -16.96413166900532 155.0
89.46375103316605 -16.95783073447826 155.0
89.46207344188866 -16.55457086702921 156.0
89.46204749276481 -16.548269930705118 157.0
89.4620215517092 -16.54196899435369 156.0
89.46199561872042 -16.53566805797493 157.0
89.46196969379703 -16.529367121568846 159.0
89.46194377693764 -16.523066185135452 161.0
89.46191786814082 -16.51676524867475 164.0
89.46189196740515 -16.510464312186752 162.0
89.46186607472923 -16.504163375671475 165.0
89.4618401901116 -16.49786243912891 168.0
89.46181431355092 -16.491561502559087 166.0
89.46178844504571 -16.485260565961998 167.0
89.4617625845946 -16.478959629337666 167.0
89.46173673219614 -16.47265869268609 164.0
89.46171088784895 -16.466357756007284 169.0
89.46168505155161 -16.460056819301258 168.0
89.46165922330272 -16.45375588256802 169.0
89.46163340310083 -16.44745494580757 168.0
89.46160759094457 -16.441154009019936 164.0
89.46158178683253 -16.43485307220511 167.0
89.46155599076327 -16.428552135363113 167.0
89.46153020273543 -16.422251198493946 167.0
89.46150442274757 -16.41595026159762 169.0
89.46147865079828 -16.409649324674152 167.0
89.46145288688618 -16.403348387723536 163.0
89.46142713100984 -16.397047450745788 166.0
89.46140138316788 -16.39074651374093 167.0
89.46137564335889 -16.38444557670895 167.0
89.46134991158145 -16.378144639649875 166.0
89.46132418783417 -16.371843702563698 166.0
89.46129847211564 -16.365542765450442 168.0
89.46127276442448 -16.35924182831011 166.0
89.46124706475929 -16.35294089114271 165.0
89.46122137311863 -16.346639953948255 169.0
89.46119568950115 -16.34033901672675 166.0
89.46117001390542 -16.334038079478205 164.0
89.46114434633006 -16.327737142202633 166.0
89.46111868677364 -16.321436204900035 160.0
89.46109303523481 -16.31513526757043 156.0
89.47056348038805 -17.01451382871948 155.0
89.47050996429361 -17.00191196790768 156.0
89.47048321860693 -16.995611037459057 155.0
89.47040303097135 -16.976708245942422 155.0
89.47034961371989 -16.964106384789126 156.0
89.47032291744142 -16.95780545416984 155.0
89.4702962293925 -16.951504523522146 157.0
89.46860524478674 -16.54824490341034 156.0
89.46857908852893 -16.541943970936288 161.0
89.46855294040486 -16.535643038434443 163.0
89.4685268004131 -16.529342105904828 164.0
89.46850066855222 -16.52304117334744 162.0
89.46847454482082 -16.516740240762296 165.0
89.46844842921742 -16.5104393081494 166.0
89.46842232174063 -16.504138375508767 165.0
89.46839622238902 -16.497837442840396 166.0
89.46837013116114 -16.491536510144304 168.0
89.46834404805558 -16.485235577420504 166.0
89.46831797307092 -16.478934644669 166.0
89.46829190620575 -16.4726337118898 168.0
89.46826584745862 -16.466332779082915 169.0
89.4682397968281 -16.460031846248356 171.0
89.4682137543128 -16.45373091338613 169.0
89.46818771991128 -16.44742998049625 169.0
89.46816169362214 -16.44112904757872 169.0
89.46813567544393 -16.43482811463355 167.0
89.46810966537524 -16.42852718166075 166.0
89.46808366341465 -16.422226248660337 168.0
89.46805766956074 -16.41592531563231 167.0
89.4680316838121 -16.40962438257668 168.0
89.46800570616732 -16.403323449493463 167.0
89.46797973662497 -16.397022516382663 162.0
89.46795377518363 -16.390721583244286 165.0
89.46792782184191 -16.384420650078347 164.0
89.46790187659838 -16.378119716884854 165.0
89.4678759394516 -16.371818783663816 164.0
89.4678500104002 -16.36551785041524 164.0
89.46782408944276 -16.359216917139143 161.0
89.46779817657784 -16.352915983835526 162.0
89.46777227180405 -16.346615050504393 166.0
89.46774637511997 -16.34031411714577 165.0
89.4677204865242 -16.334013183759655 163.0
89.46769460601534 -16.32771225034606 163.0
89.46766873359196 -16.321411316904992 162.0
89.47694864009154 -16.970381818321176 155.0
89.47516299509165 -16.548219669336106 160.0
89.47513662363245 -16.541918740771465 160.0
89.4751102603739 -16.535617812178575 162.0
89.47508390531456 -16.529316883557453 165.0
89.47505755845302 -16.523015954908097 165.0
89.4750312197878 -16.51671502623053 168.0
89.47500488931747 -16.510414097524745 167.0
89.47497856704062 -16.50411316879077 164.0
89.47495225295579 -16.497812240028605 165.0
89.47492594706154 -16.491511311238252 166.0
89.47489964935643 -16.485210382419734 165.0
89.47487335983904 -16.47890945357306 162.0
89.47484707850792 -16.47260852469822 164.0
89.47482080536165 -16.466307595795254 169.0
89.47479454039878 -16.460006666864146 168.0
89.47476828361786 -16.453705737904915 171.0
89.4747420350175 -16.447404808917575 170.0
89.47471579459625 -16.441103879902126 170.0
89.47468956235267 -16.434802950858586 170.0
89.47466333828532 -16.428502021786958 168.0
89.47463712239279 -16.422201092687253 166.0
89.47461091467365 -16.415900163559485 165.0
89.47458471512645 -16.409599234403654 164.0
89.47455852374978 -16.403298305219778 164.0
89.47453234054221 -16.396997376007867 165.0
89.4745061655023 -16.39069644676793 163.0
89.47447999862864 -16.384395517499964 163.0
89.47445383991979 -16.378094588203993 163.0
89.47442768937432 -16.371793658880023 161.0
89.47440154699085 -16.36549272952806 162.0
89.47437541276788 -16.359191800148118 159.0
89.47434928670405 -16.352890870740207 162.0
89.47432316879792 -16.346589941304323 165.0
89.47429705904806 -16.340289011840493 163.0
89.47427095745304 -16.333988082348714 160.0
89.47424486401147 -16.32768715282901 161.0
89.47421877872189 -16.321386223281372 157.0
89.48373841300238 -17.020763492690293 155.0
89.48174733859429 -16.55449515307729 155.0
89.48172074366543 -16.548194228482814 157.0
89.48169415700562 -16.541893303859617 159.0
89.4816675786134 -16.53559237920771 163.0
89.4816410084873 -16.529291454527105 163.0
89.48161444662587 -16.522990529817807 168.0
89.48158789302767 -16.516689605079833 169.0
89.48156134769124 -16.51038868031318 166.0
89.48153481061512 -16.504087755517876 168.0
89.48150828179787 -16.49778683069391 163.0
89.48148176123806 -16.49148590584131 165.0
89.4814552489342 -16.485184980960074 161.0
89.48142874488487 -16.47888405605022 162.0
89.48140224908863 -16.47258313111175 163.0
89.481375761544 -16.466282206144673 168.0
89.48134928224957 -16.45998128114901 169.0
89.48132281120387 -16.45368035612476 168.0
89.48129634840545 -16.44737943107193 169.0
89.4812698938529 -16.44107850599054 167.0
89.48124344754476 -16.434777580880592 168.0
89.48121700947956 -16.428476655742102 169.0
89.48119057965589 -16.422175730575077 166.0
89.4811641580723 -16.41587480537952 164.0
89.48113774472735 -16.409573880155452 164.0
89.48111133961959 -16.40327295490287 162.0
89.4810849427476 -16.396972029621796 162.0
89.48105855410992 -16.390671104312233 164.0
89.4810321737051 -16.38437017897419 162.0
89.48100580153175 -16.37806925360768 160.0
89.4809794375884 -16.37176832821271 160.0
89.48095308187362 -16.36546740278929 160.0
89.48092673438597 -16.359166477337432 158.0
89.48090039512402 -16.35286555185714 159.0
89.48087406408634 -16.346564626348428 162.0
89.48084774127148 -16.340263700811306 158.0
89.480821426678 -16.33396277524578 157.0
89.48079512030452 -16.327661849651864 157.0
89.48076882214954 -16.321360924029563 156.0
89.48833211922249 -16.560770422062713 155.0
89.4883053006895 -16.554469501471377 155.0
89.48827849049395 -16.54816858085084 157.0
89.48825168863436 -16.541867660201127 162.0
89.48822489510927 -16.53556673952223 164.0
89.48819810991722 -16.529265818814174 163.0
89.48817133305673 -16.522964898076957 166.0
89.48814456452634 -16.51666397731059 165.0
89.4881178043246 -16.510363056515093 166.0
89.48809105245003 -16.504062135690464 165.0
89.48806430890119 -16.49776121483672 165.0
89.48803757367662 -16.491460293953864 161.0
89.48801084677483 -16.485159373041913 160.0
89.48798412819437 -16.478858452100877 160.0
89.4879574179338 -16.47255753113076 164.0
89.48793071599165 -16.466256610131577 166.0
89.48790402236645 -16.45995568910333 166.0
89.48787733705677 -16.45365476804604 167.0
89.48785066006113 -16.44735384695971 168.0
89.48782399137808 -16.441052925844353 166.0
89.48779733100616 -16.43475200469997 168.0
89.48777067894395 -16.428451083526586 167.0
89.48774403518993 -16.42215016232419 168.0
89.4877173997427 -16.415849241092815 163.0
89.48769077260081 -16.409548319832457 161.0
89.48766415376276 -16.403247398543126 161.0
89.48763754322715 -16.396946477224837 160.0
89.48761094099251 -16.39064555587759 161.0
89.48758434705738 -16.38434463450141 160.0
89.48755776142032 -16.378043713096293 159.0
89.48753118407988 -16.371742791662257 155.0
89.48750461503461 -16.365441870199305 155.0
89.49489029489035 -16.560744559640032 155.0
89.49483623556308 -16.548142726440595 155.0
89.49480921850453 -16.54184180979639 161.0
89.4947822098474 -16.53554089312254 163.0
89.4947552095902 -16.52923997641905 164.0
89.49472821773146 -16.522939059685932 165.0
89.49470123426971 -16.516638142923203 166.0
89.49467425920349 -16.510337226130865 167.0
89.49464729253131 -16.504036309308933 166.0
89.49462033425168 -16.497735392457407 162.0
89.49459338436316 -16.491434475576305 156.0
89.49456644286424 -16.485133558665645 155.0
89.4945395097535 -16.47883264172542 159.0
89.49451258502941 -16.472531724755648 162.0
89.49448566869054 -16.466230807756343 167.0
89.49445876073541 -16.459929890727512 163.0
89.49443186116255 -16.45362897366916 165.0
89.49440496997049 -16.447328056581302 166.0
89.49437808715777 -16.441027139463944 165.0
89.4943512127229 -16.434726222317106 165.0
89.49432434666446 -16.42842530514078 165.0
89.49429748898095 -16.422124387934993 165.0
89.49427063967089 -16.41582347069975 164.0
89.49424379873285 -16.40952255343506 159.0
89.49421696616535 -16.403221636140923 158.0
89.49419014196693 -16.39692071881737 157.0
89.49416332613613 -16.390619801464393 156.0
89.49413651867148 -16.38431888408201 158.0
89.49410971957154 -16.378017966670228 158.0
89.50144846878304 -16.560718490375372 156.0
89.5013939788587 -16.54811666525246 158.0
89.501366746602 -16.5418157526458 160.0
89.50133952281365 -16.53551484000902 163.0
89.50131230749214 -16.52921392734213 162.0
89.501285100636 -16.522913014645138 162.0
89.50125790224372 -16.516612101918057 166.0
89.50123071231383 -16.5103111891609 166.0
89.50120353084483 -16.504010276373663 164.0
89.50117635783526 -16.497709363556375 162.0
89.50114919328361 -16.49140845070903 158.0
89.50112203718841 -16.485107537831656 156.0
89.50109488954817 -16.478806624924243 156.0
89.50106775036141 -16.472505711986816 161.0
89.50104061962665 -16.466204799019373 159.0
89.5010134973424 -16.459903886021934 162.0
89.5009863835072 -16.453602972994506 165.0
89.50095927811954 -16.447302059937094 160.0
89.50093218117796 -16.44100114684972 163.0
89.50090509268098 -16.434700233732382 164.0
89.50087801262713 -16.4283993205851 164.0
89.5008509410149 -16.422098407407876 164.0
89.50082387784285 -16.415797494200728 160.0
89.5007968231095 -16.409496580963655 155.0
89.50076977681336 -16.40319566769667 156.0
89.50803411395519 -16.566993122714372 155.0
89.50800664088644 -16.560692214269153 156.0
89.50797917635742 -16.554391305793303 156.0
89.50795172036668 -16.548090397286835 161.0
89.50792427291269 -16.541789488749753 158.0
89.50789683399395 -16.535488580182076 161.0
89.50786940360895 -16.52918767158381 161.0
89.50784198175621 -16.52288676295497 161.0
89.50781456843424 -16.516585854295556 163.0
89.50778716364152 -16.510284945605587 162.0
89.50775976737656 -16.503984036885072 159.0
89.50773237963786 -16.497683128134017 158.0
89.50770500042391 -16.491382219352435 157.0
89.50767762973325 -16.485081310540345 155.0
89.50765026756437 -16.47878040169774 157.0
89.50762291391575 -16.472479492824636 157.0
89.50759556878592 -16.466178583921057 158.0
89.5075682321734 -16.459877674987 159.0
89.50754090407666 -16.453576766022472 160.0
89.50751358449425 -16.447275857027492 160.0
89.50748627342465 -16.44097494800207 160.0
89.50745897086637 -16.43467403894621 161.0
89.50743167681793 -16.428373129859928 162.0
89.50740439127784 -16.422072220743228 162.0
89.50737711424462 -16.415771311596128 160.0
89.50734984571677 -16.409470402418634 157.0
89.51456481118637 -16.560665731321766 156.0
89.51453713132705 -16.554364826948497 156.0
89.51450946007289 -16.548063922544117 160.0
89.51448179742243 -16.541763018108654 160.0
89.51445414337415 -16.535462113642108 161.0
89.51442649792654 -16.529161209144497 160.0
89.51439886107805 -16.522860304615822 159.0
89.51437123282722 -16.5165594000561 159.0
89.5143436131725 -16.510258495465333 160.0
89.5143160021124 -16.503957590843548 160.0
89.51428839964541 -16.497656686190737 158.0
89.51426080577002 -16.491355781506922 158.0
89.51423322048473 -16.48505487679211 155.0
89.51417807567839 -16.472453067269537 158.0
89.51415051615433 -16.4661521624618 159.0
89.51412296521436 -16.4598512576231 159.0
89.51409542285694 -16.45355035275346 159.0
89.51406788908058 -16.44724944785289 159.0
89.5140403638838 -16.44094854292139 162.0
89.51401284726506 -16.434647637958978 160.0
89.51398533922288 -16.428346732965665 159.0
89.51395783975576 -16.422045827941457 159.0
89.5139303488622 -16.415744922886365 157.0
89.52112297966875 -16.560639041533616 156.0
89.52109508447991 -16.554338141294966 156.0
89.52106719796323 -16.54803724102472 160.0
89.52103932011715 -16.541736340722906 160.0
89.52101145094016 -16.535435440389527 162.0
89.52098359043075 -16.529134540024582 158.0
89.52095573858738 -16.5228336396281 156.0
89.5209278954085 -16.516532739200084 156.0
89.52090006089264 -16.510231838740545 158.0
89.52087223503827 -16.503930938249493 159.0
89.52084441784385 -16.49763003772694 157.0
89.52081660930784 -16.49132913717289 155.0
89.52076101820508 -16.478727335970365 155.0
89.52073323563528 -16.47242643532191 155.0
89.52070546171785 -16.466125534642 157.0
89.52067769645124 -16.459824633930655 158.0
89.52064993983399 -16.45352373318788 157.0
89.52062219186455 -16.44722283241369 158.0
89.5205944525414 -16.440921931608088 160.0
89.52056672186306 -16.43462103077109 159.0
89.52053899982798 -16.428320129902716 158.0
89.52051128643467 -16.422019229002963 160.0
89.52765303580193 -16.55431124883312 155.0
89.52762493402355 -16.54801035272905 158.0
89.52759684098271 -16.541709456592912 161.0
89.5275687566779 -16.535408560424724 159.0
89.52754068110752 -16.529107664224483 156.0
89.52751261427011 -16.52280676799222 155.0
89.5274284661401 -16.50390407910332 155.0
89.5273163908015 -16.478700493470306 156.0
89.5272604054624 -16.46609870046207 156.0
89.52723242587005 -16.459797803910057 157.0
89.5272044549938 -16.453496907326134 158.0
89.52717649283213 -16.4471960107103 156.0
89.52714853938348 -16.440895114062574 158.0
89.52712059464635 -16.434594217382966 157.0
89.52709265861922 -16.428293320671486 156.0
89.53421098527897 -16.554284149563372 155.0
89.53418266823975 -16.547983257657506 158.0
89.53415436000502 -16.54168236571909 158.0
89.53412606057319 -16.535381473748117 155.0
89.53406948811212 -16.522779689708585 155.0
89.53395644875704 -16.497576121239412 155.0
89.53384355007563 -16.47237255225069 155.0
89.53381534737399 -16.466071659922413 155.0
89.53378715345673 -16.45977076756172 156.0
89.53375896832233 -16.45346987516862 155.0
89.53373079196926 -16.44716898274313 157.0
89.53370262439599 -16.44086809028525 156.0
89.53367446560094 -16.434567197794994 156.0
89.53364631558262 -16.42826630527238 155.0
89.54034187919724 -16.45974352488606 155.0
