# successful candidates for region at (68.80368178899421, 12.515595930413646) and radius 1.0
68.69066098545387 13.120549361674994 91.0
68.6906581524126 13.126804394481956 93.0
68.690655318329 13.133059427288504 91.0
68.69711074475428 13.120552011569233 93.0
68.69710807338579 13.126807044870272 92.0
68.69710540103448 13.13306207817094 92.0
68.69710272770018 13.13931711147124 92.0
68.70356050418762 13.120554505800488 91.0
68.70355799449199 13.126809539566576 91.0
68.70355548387302 13.133064573332339 92.0
68.70355297233057 13.139319607097779 92.0
68.7100055668366 13.133066912772673 91.0
68.72291989541785 13.08928587957733 91.0
68.72291585276618 13.101795949553441 91.0
68.72290168002841 13.145581194463142 91.0
68.72288747077471 13.18936643936243 91.0
68.72288543789831 13.19562147434719 92.0
68.72936698825097 13.095542784748986 91.0
68.72935581639692 13.133072996766943 91.0
68.72935395202246 13.139328032102641 92.0
68.72935208696242 13.145583067438158 93.0
68.72935022121663 13.151838102773498 94.0
68.72934835478505 13.158093138108656 93.0
68.72934648766754 13.164348173443631 91.0
68.7293390123365 13.189368314781742 91.0
68.73581780033216 13.089289463728669 91.0
68.73580589978005 13.133074713322697 91.0
68.73580419719774 13.13932974897839 95.0
68.73580249398931 13.14558478463393 98.0
68.73580079015468 13.151839820289322 98.0
68.73579908569377 13.158094855944562 93.0
68.73579738060646 13.16434989159965 91.0
68.73579567489266 13.170604927254594 92.0
68.73579396855231 13.176859962909383 91.0
68.7422606022193 13.114311166316543 91.0
68.74225906312859 13.120566202263566 93.0
68.74225752347148 13.126821238210468 93.0
68.74225598324792 13.133076274157247 94.0
68.7422544424578 13.1393313101039 95.0
68.74225290110107 13.145586346050434 99.0
68.74225135917764 13.151841381996842 97.0
68.74224981668742 13.158096417943128 96.0
68.74224827363035 13.16435145388929 94.0
68.74224673000633 13.170606489835333 92.0
68.7487225752374 13.058017244759816 91.0
68.74872120231943 13.064272280969583 93.0
68.74871982889519 13.070527317179252 91.0
68.7487102007441 13.1143125706442 93.0
68.74870882326717 13.120567606853086 94.0
68.74870744528332 13.126822643061873 95.0
68.7487060667925 13.13307767927056 98.0
68.74870468779461 13.139332715479151 96.0
68.7487033082896 13.145587751687643 97.0
68.74870192827741 13.151842787896037 98.0
68.74870054775796 13.158097824104331 98.0
68.74869916673116 13.164352860312528 95.0
68.74869778519694 13.170607896520623 94.0
68.74869502060602 13.183117968936525 91.0
68.7551695101422 13.06427352780111 92.0
68.7551682978563 13.070528564243448 92.0
68.75516222972158 13.101803746453992 91.0
68.75516101475316 13.108058782895872 91.0
68.7551597993374 13.114313819337678 94.0
68.75515858347431 13.120568855779403 95.0
68.75515736716376 13.126823892221054 96.0
68.75515615040571 13.133078928662629 97.0
68.7551549332001 13.139333965104123 98.0
68.75515371554687 13.145589001545543 94.0
68.75515249744595 13.151844037986885 94.0
68.75515127889729 13.158099074428153 95.0
68.7551500599008 13.164354110869343 94.0
68.75514884045644 13.170609147310456 94.0
68.75514762056413 13.176864183751492 91.0
68.76161571534261 13.076784692522466 92.0
68.76161255841177 13.095549802459969 91.0
68.76161150532606 13.10180483910569 91.0
68.76161045185258 13.108059875751353 91.0
68.76160939799122 13.114314912396955 93.0
68.76160834374198 13.120569949042503 96.0
68.76160728910476 13.126824985687993 93.0
68.76160623407952 13.133080022333424 93.0
68.76160517866623 13.139335058978798 94.0
68.7616041228648 13.145590095624113 98.0
68.76160306667519 13.151845132269372 96.0
68.76160201009733 13.158100168914576 92.0
68.76806434561404 13.076785628899076 92.0
68.76805899669749 13.114315849822024 92.0
68.76805810406212 13.120570886642371 93.0
68.76805721109827 13.126825923462677 92.0
68.76805631780587 13.13308096028294 94.0
68.76805542418491 13.139335997103162 92.0
68.7680545302353 13.145591033923344 93.0
68.76805363595705 13.151846070743483 91.0
68.76805274135005 13.158101107563583 91.0
68.7680518464143 13.164356144383639 91.0
68.77450713313623 13.126826705545088 91.0
68.77450640157672 13.133081742511159 93.0
68.7745056697481 13.139336779477203 91.0
68.77450493765035 13.145591816443217 92.0
68.77450420528345 13.151846853409204 91.0
68.78095705521062 13.126827331935223 91.0
68.78095648538398 13.133082369018073 92.0
68.78095477464635 13.151847480266522 91.0
68.7874106434055 13.070532468097246 92.0
68.7874090155311 13.09555261677992 93.0
68.7874086081876 13.101807653950567 92.0
68.78740738525698 13.120572765462457 91.0
68.78740697731334 13.12682780263307 93.0
68.79385935806332 13.064277745345134 91.0
68.79385911260799 13.070532782574498 92.0
68.79385837569902 13.089297894262565 91.0
68.79385812988166 13.095552931491914 91.0
68.79385788397373 13.101807968721262 92.0
68.79385763797525 13.108063005950605 95.0
68.79385739188622 13.114318043179948 92.0
68.79385714570661 13.120573080409283 92.0
68.79385665307557 13.133083154867952 92.0
68.79385640662413 13.139338192097277 91.0
68.79385616008206 13.145593229326602 91.0
68.80030766613956 13.064277904361525 91.0
68.80030758182271 13.07053294162056 93.0
68.80030732868562 13.089298053397666 91.0
68.80030724424441 13.095553090656699 92.0
68.80030715977209 13.101808127915735 92.0
68.80030707526866 13.108063165174768 93.0
68.80030699073413 13.1143182024338 93.0
68.80030690616847 13.120573239692835 94.0
68.8003068215717 13.126828276951867 94.0
68.80030673694381 13.133083314210902 94.0
68.80030665228477 13.139338351469934 93.0
68.80030656759462 13.145593388728967 92.0
68.80030648287332 13.151848425987996 92.0
68.80030605879962 13.183123612283147 91.0
68.80030597389141 13.189378649542176 91.0
68.80675574392497 13.045512796196592 91.0
68.80675589742665 13.058022870716014 91.0
68.8067560510416 13.070532945235435 93.0
68.80675612789156 13.076787982495144 93.0
68.80675620476983 13.083043019754856 92.0
68.80675628167644 13.089298057014565 93.0
68.80675635861138 13.095553094274276 92.0
68.80675643557466 13.101808131533984 94.0
68.80675651256628 13.108063168793693 95.0
68.80675658958624 13.114318206053401 94.0
68.80675666663456 13.12057324331311 93.0
68.80675674371122 13.126828280572816 94.0
68.80675682081625 13.133083317832524 95.0
68.80675689794964 13.139338355092232 92.0
68.8067569751114 13.14559339235194 92.0
68.8067570523015 13.151848429611647 92.0
68.80675712952001 13.158103466871351 91.0
68.81320380663949 13.051767681724957 92.0
68.81320404442418 13.058022718956348 91.0
68.81320452025668 13.070532793419122 92.0
68.81320475830452 13.076787830650504 93.0
68.81320499644009 13.083042867881886 95.0
68.81320523466341 13.089297905113263 95.0
68.81320547297452 13.095552942344636 94.0
68.81320571137339 13.101807979576007 95.0
68.81320594986006 13.108063016807376 96.0
68.81320618843452 13.11431805403874 94.0
68.8132064270968 13.120573091270105 96.0
68.8132066658469 13.126828128501463 92.0
68.81320690468485 13.13308316573282 93.0
68.81320714361065 13.139338202964174 93.0
68.81320738262431 13.145593240195524 92.0
68.81320762172585 13.151848277426872 93.0
68.8132078609153 13.158103314658215 92.0
68.81320810019263 13.164358351889557 92.0
68.81320833955787 13.170613389120897 91.0
68.81965219140989 13.058022411823494 91.0
68.81965298945993 13.070532486171626 92.0
68.81965338870565 13.07678752334568 94.0
68.8196537880985 13.083042560519724 95.0
68.81965418763855 13.089297597693761 95.0
68.8196545873258 13.095552634867788 94.0
68.81965498716026 13.101807672041812 96.0
68.81965538714196 13.108062709215822 95.0
68.81965578727092 13.114317746389826 95.0
68.81965618754717 13.120572783563821 94.0
68.8196565879707 13.12682782073781 94.0
68.81965698854157 13.13308285791179 94.0
68.81965738925976 13.139337895085761 92.0
68.81965779012533 13.145592932259722 91.0
68.81965819113829 13.151847969433677 93.0
68.81965859229865 13.158103006607622 93.0
68.81965899360642 13.16435804378156 93.0
68.82610145864335 13.070532023492945 91.0
68.82610201908693 13.076787060580669 91.0
68.82610257973708 13.083042097668375 93.0
68.82610314059383 13.089297134756064 94.0
68.82610370165722 13.095552171843739 94.0
68.82610426292725 13.101807208931394 96.0
68.82610482440397 13.108062246019035 95.0
68.82610538608742 13.11431728310666 94.0
68.82610594797761 13.120572320194267 95.0
68.82610651007457 13.126827357281861 95.0
68.82610707237832 13.133082394369437 94.0
68.82610763488893 13.139337431456996 93.0
68.82610819760639 13.145592468544539 92.0
68.82610876053073 13.151847505632064 93.0
68.82610932366201 13.158102542719575 93.0
68.82610988700023 13.164357579807067 93.0
68.82611045054544 13.170612616894548 93.0
68.8325520935212 13.089296516300179 92.0
68.8325528159607 13.095551553272486 94.0
68.8325535386663 13.101806590244768 96.0
68.83255426163804 13.10806162721702 94.0
68.83255498487596 13.11431666418925 95.0
68.83255570838007 13.120571701161449 95.0
68.83255643215044 13.126826738133621 96.0
68.8325571561871 13.133081775105769 94.0
68.83255788049007 13.139336812077886 94.0
68.8325586050594 13.145591849049978 94.0
68.83255932989515 13.151846886022042 95.0
68.83256005499732 13.158101922994081 94.0
68.83256078036597 13.16435695996609 93.0
68.83256150600111 13.17061199693807 91.0
68.83256223190283 13.176867033910026 92.0
68.83900193022826 13.095550779154047 91.0
68.83900281436941 13.101805815981939 94.0
68.83900369883614 13.108060852809789 97.0
68.8390045836285 13.1143158896376 95.0
68.83900546874652 13.120570926465371 96.0
68.83900635419027 13.126825963293106 94.0
68.8390072399598 13.133081000120795 92.0
68.83900812605513 13.139336036948443 93.0
68.83900901247632 13.145591073776053 94.0
68.83900989922343 13.15184611060362 93.0
68.83901078629648 13.158101147431148 94.0
68.83901167369552 13.164356184258633 94.0
68.83901256142063 13.17061122108608 93.0
68.84545104445186 13.095549849488425 91.0
68.84545209002853 13.101804886142917 94.0
68.84545313599021 13.108059922797352 96.0
68.845454182337 13.11431495945173 95.0
68.84545522906892 13.12056999610605 93.0
68.84545627618603 13.126825032760316 94.0
68.8454573236884 13.133080069414522 94.0
68.84545837157606 13.139335106068673 94.0
68.84545941984909 13.145590142722767 94.0
68.84546046850753 13.151845179376803 96.0
68.84546151755144 13.158100216030787 94.0
68.84546256698087 13.164355252684707 94.0
68.84546361679588 13.170610289338576 92.0
68.85190015862347 13.09554876427564 92.0
68.85190136563561 13.101803800727717 94.0
68.85190257309225 13.108058837179717 96.0
68.85190378099342 13.114313873631644 93.0
68.8519049893392 13.120568910083493 93.0
68.85190619812965 13.12682394653527 94.0
68.85190740736483 13.13307898298697 96.0
68.8519086170448 13.139334019438593 94.0
68.85190982716964 13.14558905589014 94.0
68.85191103773938 13.151844092341612 93.0
68.85191224875412 13.158099128793008 93.0
68.8519134602139 13.16435416524433 93.0
68.85191467211878 13.170609201695573 92.0
68.85834790479132 13.089292487294953 92.0
68.85834927273505 13.0955475235157 92.0
68.85835064118267 13.10180255973635 94.0
68.8583520101342 13.108057595956904 93.0
68.85835337958973 13.114312632177363 92.0
68.85835474954933 13.12056766839772 92.0
68.85835612001308 13.12682270461798 93.0
68.85835749098105 13.133077740838146 92.0
68.85835886245329 13.139332777058216 92.0
68.85836023442991 13.145587813278185 93.0
68.85836160691092 13.151842849498058 92.0
68.85836297989646 13.158097885717833 92.0
68.85836435338656 13.16435292193751 94.0
68.8583657273813 13.170607958157092 92.0
68.85836710188073 13.176862994376576 91.0
68.86479685745888 13.089291091248295 92.0
68.86479838677862 13.095546127208628 92.0
68.86479991666164 13.101801163168838 92.0
68.86480144710804 13.108056199128928 93.0
68.8648029781179 13.114311235088897 92.0
68.86480450969128 13.120566271048745 91.0
68.86480604182829 13.12682130700847 92.0
68.864807574529 13.133076342968074 91.0
68.86480910779348 13.139331378927556 93.0
68.86481064162182 13.145586414886917 95.0
68.86481217601408 13.151841450846156 95.0
68.86481371097037 13.158096486805276 96.0
68.86481524649075 13.16435152276427 95.0
68.86481678257529 13.170606558723144 92.0
68.86481831922409 13.176861594681895 93.0
68.86481985643724 13.183116630640523 94.0
68.87124581005043 13.089289539683532 91.0
68.87124750074608 13.095544575354438 91.0
68.87124919206448 13.1017996110252 92.0
68.8712508840057 13.10805464669581 92.0
68.87125257656984 13.114309682366274 94.0
68.87125426975697 13.120564718036588 93.0
68.87125596356721 13.126819753706751 94.0
68.87125765800062 13.133074789376769 94.0
68.87125935305728 13.139329825046639 94.0
68.87126104873732 13.145584860716358 95.0
68.87126274504078 13.151839896385932 94.0
68.87126444196778 13.15809493205535 98.0
68.8712661395184 13.164349967724624 97.0
68.87126783769271 13.170605003393751 94.0
68.87126953649083 13.176860039062726 94.0
68.87127123591283 13.183115074731552 94.0
68.87127293595879 13.18937011040023 91.0
68.87769291116845 13.083032797248036 91.0
68.87769476255791 13.089287832600684 91.0
68.87769661462946 13.09554286795316 92.0
68.87769846738318 13.101797903305453 94.0
68.87770032081919 13.10805293865757 93.0
68.87770217493755 13.114307974009506 94.0
68.8777040297384 13.120563009361268 96.0
68.8777058852218 13.126818044712852 96.0
68.87770774138787 13.133073080064255 95.0
68.87770959823668 13.13932811541548 93.0
68.87771145576836 13.145583150766528 92.0
68.87771331398297 13.151838186117399 93.0
68.87771517288063 13.158093221468087 94.0
68.87771703246143 13.1643482568186 95.0
68.87771889272548 13.17060329216893 93.0
68.87772075367286 13.176858327519085 94.0
68.88413969030299 13.076775899989094 91.0
68.88414170226746 13.083030934994541 91.0
68.88414371497332 13.089285969999779 93.0
68.88414572842072 13.095541005004806 92.0
68.88414774260971 13.101796040009624 94.0
68.88414975754044 13.108051075014233 94.0
68.884151773213 13.114306110018628 94.0
68.88415378962748 13.120561145022815 95.0
68.88415580678401 13.126816180026788 96.0
68.88415782468267 13.133071215030553 95.0
68.88415984332359 13.139326250034108 95.0
68.88416186270685 13.14558128503745 92.0
68.88416388283257 13.151836320040584 93.0
68.88416590370085 13.158091355043506 91.0
68.88416792531179 13.164346390046214 92.0
68.8841699476655 13.17060142504871 91.0
68.89058832004503 13.076773882622957 91.0
68.89059049326642 13.08302891725202 92.0
68.89059266728864 13.089283951880839 92.0
68.89059484211181 13.095538986509412 95.0
68.89059701773604 13.101794021137739 94.0
68.89059919416142 13.108049055765822 93.0
68.89060137138812 13.114304090393658 95.0
68.8906035494162 13.120559125021249 97.0
68.89060572824579 13.126814159648594 96.0
68.890607907877 13.133069194275693 97.0
68.89061008830996 13.139324228902545 94.0
68.89061226954475 13.145579263529154 92.0
68.89061445158151 13.151834298155515 91.0
68.89061663442035 13.15808933278163 91.0
68.89702995140462 13.058006607124108 92.0
68.89703228330283 13.06426164134863 91.0
68.89703928415732 13.083026744020502 94.0
68.89704161949584 13.089281778243892 97.0
68.89704395569473 13.095536812467 97.0
68.89704629275411 13.101791846689824 96.0
68.89704863067413 13.108046880912367 97.0
68.89705096945488 13.114301915134623 98.0
68.89705330909649 13.120556949356597 99.0
68.8970556495991 13.126811983578293 97.0
68.8970579909628 13.1330670177997 96.0
68.89706033318772 13.139322052020821 96.0
68.897062676274 13.145577086241664 91.0
68.90347560545106 13.051749246350381 92.0
68.9034780975087 13.05800428014095 92.0
68.9034805904855 13.064259313931203 93.0
68.9034855791971 13.076769381510733 91.0
68.90348807493216 13.083024415300013 93.0
68.9034905715869 13.089279449088968 95.0
68.90349306916144 13.095534482877602 96.0
68.90349556765592 13.10178951666591 96.0
68.90349806707049 13.108044550453899 97.0
68.90350056740525 13.114299584241559 97.0
68.90350306866033 13.120554618028898 99.0
68.90350557083586 13.126809651815913 97.0
68.90350807393199 13.133064685602603 94.0
68.90351057794884 13.139319719388967 93.0
68.90992889754426 13.064256831111843 93.0
68.90993155257826 13.070511864438457 91.0
68.90993420859108 13.076766897764703 91.0
68.90993686558288 13.083021931090586 92.0
68.90993952355377 13.0892769644161 93.0
68.90994218250391 13.09553199774125 94.0
68.90994484243343 13.101787031066033 95.0
68.90994750334247 13.108042064390448 97.0
68.90995016523115 13.114297097714497 96.0
68.90995282809963 13.120552131038174 96.0
68.90995549194805 13.12680716436149 95.0
68.90995815677653 13.133062197684437 94.0
68.90996082258522 13.139317231007015 92.0
68.90996348937425 13.145572264329225 91.0
68.91637438933736 13.057999160055871 91.0
68.91637720447112 13.064254192890585 91.0
68.9163856561015 13.08301929139226 91.0
68.91639129571412 13.09552935705798 92.0
68.9163941170786 13.101784389890222 95.0
68.91639693948206 13.108039422722051 97.0
68.9163997629246 13.114294455553466 96.0
68.9164025874064 13.120549488384468 96.0
68.9164054129276 13.126804521215059 93.0
68.91640823948838 13.133059554045232 92.0
68.9228076704423 13.026721205379848 92.0
68.92281064116928 13.032976237695602 91.0
68.92282253504597 13.057996366954018 93.0
68.92282551125808 13.06425139926747 92.0
68.92283742708295 13.089271528516676 92.0
68.92284040878405 13.095526560827826 91.0
68.92284339158341 13.101781593138513 92.0
68.92284637548119 13.108036625448742 92.0
68.92284936047751 13.114291657758507 93.0
68.92285234657257 13.120546690067812 94.0
68.92285533376649 13.126801722376651 94.0
68.9292424970262 13.001698132587594 91.0
68.92925188114984 13.020463227889433 91.0
68.92925501150235 13.026718259655695 93.0
68.92925814301074 13.032973291421445 95.0
68.92926127567523 13.039228323186682 94.0
68.92926440949594 13.045483354951413 91.0
68.92926754447306 13.05173838671563 93.0
68.92927068060675 13.057993418479336 93.0
68.92927381789714 13.06424845024253 93.0
68.92927695634444 13.070503482005213 93.0
68.92928637862923 13.089268577290191 92.0
68.92928952170567 13.095523609050828 92.0
68.92929895788187 13.114288704329656 91.0
68.9293021055901 13.120543736088242 91.0
68.93568919539892 13.001695033951 91.0
68.93569248282864 13.00795006514002 91.0
68.93570235240699 13.026715158703695 93.0
68.93570564469672 13.032970189890461 93.0
68.9357089382019 13.03922522107666 93.0
68.93571223292267 13.045480252262294 94.0
68.9357155288592 13.051735283447366 95.0
68.93571882601171 13.05799031463187 96.0
68.9357221243803 13.06424534581581 93.0
68.93572542396517 13.070500376999183 94.0
68.9357287247665 13.076755408181993 92.0
68.93573202678446 13.083010439364239 91.0
68.93573533001921 13.089265470545916 93.0
68.93573863447095 13.095520501727025 94.0
68.94213589360864 13.00169178020251 91.0
68.94213934158226 13.007946810783787 91.0
68.94214969314828 13.026711902523896 92.0
68.94215314621925 13.032966933102692 93.0
68.94215660056501 13.039221963680868 95.0
68.94216005618576 13.045476994258419 96.0
68.94216351308164 13.051732024835355 97.0
68.94216697125283 13.057987055411665 98.0
68.94217043069953 13.064242085987354 97.0
68.94217389142192 13.070497116562422 94.0
68.94217735342015 13.076752147136864 92.0
68.94218428124493 13.089262208283888 92.0
68.94218774707183 13.095517238856464 92.0
68.94219121417532 13.101772269428418 92.0
68.94219468255555 13.108027299999748 91.0
68.9485970337182 13.026708491116343 91.0
68.94860064757033 13.032963521058187 91.0
68.9486042627566 13.039218550999351 93.0
68.9486078792772 13.045473580939838 97.0
68.94861149713232 13.05172861087964 97.0
68.94861511632215 13.05798364081876 96.0
68.94861873684684 13.064238670757202 97.0
68.94862235870664 13.070493700694962 94.0
68.9486259819017 13.076748730632044 93.0
68.9486296064322 13.083003760568438 92.0
68.94863323229836 13.089258790504154 92.0
68.94863685950034 13.095513820439189 95.0
68.94864048803835 13.101768850373539 95.0
68.94864411791255 13.108023880307206 95.0
68.94864774912315 13.11427891024019 92.0
68.94865138167033 13.12053394017249 91.0
68.95504814874198 13.032959953756992 91.0
68.95505192476867 13.03921498303216 91.0
68.95505570218901 13.045470012306586 97.0
68.95505948100327 13.05172504158027 95.0
68.95506326121162 13.05798007085321 96.0
68.95506704281425 13.064235100125407 95.0
68.95507082581133 13.07049012939686 97.0
68.95507461020311 13.076745158667574 95.0
68.95507839598974 13.083000187937541 96.0
68.95508218317146 13.089255217206764 93.0
68.95508597174843 13.095510246475241 96.0
68.95508976172084 13.101765275742977 95.0
68.95509355308893 13.108020305009966 96.0
68.95509734585285 13.11427533427621 92.0
68.95510114001283 13.12053036354171 91.0
68.96147205902724 12.995426059701114 91.0
68.96149171431212 13.026701202618163 94.0
68.96149564972623 13.032956231199154 92.0
68.96149958659319 13.039211259779341 97.0
68.96150352491323 13.04546628835872 98.0
68.96150746468652 13.051721316937293 98.0
68.96151140591327 13.057976345515057 96.0
68.9615153485937 13.064231374092016 97.0
68.96151929272801 13.070486402668166 97.0
68.96152323831639 13.076741431243507 97.0
68.96152718535906 13.082996459818041 97.0
68.96153113385621 13.089251488391765 99.0
68.96153508380804 13.095506516964681 98.0
68.96153903521478 13.101761545536785 97.0
68.96154298807664 13.108016574108081 93.0
68.9615469423938 13.114271602678569 93.0
68.96793905432014 13.026697325527634 91.0
68.96794315051508 13.032952353384726 93.0
68.96794724822225 13.039207381240947 96.0
68.96795134744183 13.04546240909629 100.0
68.96795544817404 13.051717436950762 98.0
68.9679595504191 13.057972464804358 99.0
68.96796365417724 13.064227492657078 101.0
68.96796775944863 13.070482520508923 100.0
68.96797186623351 13.076737548359896 100.0
68.96797597453208 13.082992576209989 103.0
68.96798008434459 13.089247604059208 101.0
68.9679841956712 13.09550263190755 97.0
68.96798830851216 13.101757659755014 96.0
68.96799242286765 13.108012687601603 92.0
68.96799653873792 13.114267715447312 91.0
68.96800065612317 13.120522743292142 91.0
68.9743693819335 13.001673184783288 92.0
68.9743736326251 13.007928211891269 93.0
68.97437788488739 13.014183238998307 92.0
68.97438213872057 13.020438266104403 91.0
68.97439065110056 13.032948320313762 94.0
68.97439490964778 13.03920334741703 96.0
68.97439916976681 13.045458374519352 100.0
68.97440343145786 13.05171340162073 99.0
68.97440769472111 13.057968428721164 100.0
68.97441195955682 13.064223455820652 103.0
68.9744162259652 13.070478482919192 103.0
68.97442049394647 13.076733510016792 104.0
68.97442476350085 13.082988537113444 106.0
68.97442903462857 13.089243564209148 101.0
68.97443330732985 13.095498591303906 94.0
68.97443758160489 13.101753618397717 93.0
68.97444185745394 13.108008645490582 94.0
68.9744461348772 13.114263672582496 93.0
68.98079845035409 12.97664889504869 93.0
68.98080285507119 12.98290392137915 93.0
68.98081166939292 12.995413974037028 91.0
68.980816078998 13.00166900036445 94.0
68.98082049023286 13.007924026690851 93.0
68.98082490309773 13.014179053016242 92.0
68.98082931759284 13.020434079340617 92.0
68.98083815147469 13.03294413198632 93.0
68.98084257086188 13.039199158307648 97.0
68.98084699188023 13.045454184627957 99.0
68.98085141452995 13.051709210947251 97.0
68.9808558388113 13.05796423726553 98.0
68.98086026472446 13.06421926358279 102.0
68.9808646922697 13.07047428989903 103.0
68.98086912144726 13.076729316214253 104.0
68.98087355225732 13.082984342528459 103.0
68.98087798470014 13.08923936884164 102.0
68.98088241877596 13.095494395153807 96.0
68.98088685448498 13.101749421464953 95.0
68.98089129182746 13.108004447775075 94.0
68.98089573080361 13.11425947408418 92.0
68.98090017141367 13.120514500392265 91.0
68.98724450562037 12.976644558759755 93.0
68.9872490706434 12.982899584279966 94.0
68.98725363735481 12.989154609799087 94.0
68.98725820575486 12.995409635317126 94.0
68.98726277584377 13.00166466083407 94.0
68.98726734762177 13.00791968634993 93.0
68.9872719210891 13.014174711864694 93.0
68.98727649624601 13.020429737378372 91.0
68.9872902318565 13.039194813912859 95.0
68.98729481377404 13.04544983942217 100.0
68.98729939738234 13.05170486493039 100.0
68.98730398268164 13.057959890437516 101.0
68.98730856967217 13.064214915943548 98.0
68.98731315835416 13.07046994144849 101.0
68.98731774872783 13.076724966952337 100.0
68.98732234079347 13.082979992455089 102.0
68.98732693455128 13.089235017956746 99.0
68.98733153000151 13.095490043457309 99.0
68.9873361271444 13.101745068956774 97.0
68.98734072598018 13.108000094455145 97.0
68.98734532650909 13.11425511995242 94.0
68.98734992873136 13.120510145448597 92.0
68.99368583707903 12.970385042793035 91.0
68.99369056066044 12.976640067475206 92.0
68.99369528598928 12.982895092156209 95.0
68.9937000130658 12.989150116836043 94.0
68.99370474189024 12.995405141514714 95.0
68.99370947246284 13.00166016619222 95.0
68.99371420478386 13.007915190868557 94.0
68.99371893885352 13.014170215543729 93.0
68.99373315155692 13.032935289562225 92.0
68.99373789262367 13.03919031423272 92.0
68.9937426354403 13.045445338902043 96.0
68.99374738000704 13.0517003635702 100.0
68.99375212632417 13.05795538823718 100.0
68.99375687439189 13.064210412902995 97.0
68.9937616242105 13.070465437567634 97.0
68.99376637578023 13.076720462231103 100.0
68.99377112910129 13.082975486893398 103.0
68.99377588417396 13.08923051155452 100.0
68.99378064099848 13.09548553621447 98.0
68.99378539957509 13.101740560873248 96.0
68.99379015990405 13.107995585530848 96.0
68.9937949219856 13.114250610187272 94.0
68.99379968581998 13.120505634842525 94.0
68.99380445140744 13.126760659496599 92.0
68.99382353129306 13.151780758101138 91.0
69.00013661546639 12.976635421195104 92.0
69.00014150110091 12.982890445007936 91.0
69.00014638854239 12.989145468819522 91.0
69.00015127779109 12.995400492629866 91.0
69.00015616884727 13.001655516438957 91.0
69.00016106171117 13.007910540246803 91.0
69.00017085286315 13.020420587858752 91.0
69.0001855531554 13.039185659267297 94.0
69.00019045687097 13.045440683067644 96.0
69.00019536239604 13.051695706866743 92.0
69.00020026973085 13.057950730664588 98.0
69.00020517887569 13.064205754461183 96.0
69.00021008983077 13.070460778256525 96.0
69.00021500259638 13.076715802050614 97.0
69.00021991717276 13.08297082584345 101.0
69.00022483356015 13.08922584963503 101.0
69.00022975175884 13.095480873425355 99.0
69.00023467176904 13.101735897214429 95.0
69.00023959359105 13.107990921002244 95.0
69.0002445172251 13.114245944788804 93.0
69.00024944267145 13.12050096857411 92.0
69.00025436993035 13.126755992358158 92.0
69.00025929900207 13.13301101614095 91.0
69.00663827805809 13.045435871919038 92.0
69.00664334454133 13.051690894820087 93.0
69.00664841289372 13.057945917719803 93.0
69.00665348311551 13.064200940618182 95.0
69.00665855520695 13.070455963515228 94.0
69.0066636291683 13.076710986410932 99.0
69.00666870499985 13.082966009305304 98.0
69.00667378270184 13.089221032198337 99.0
69.00667886227454 13.09547605509003 99.0
69.00668394371823 13.101731077980387 96.0
69.00668902703315 13.107986100869402 95.0
69.00669411221956 13.11424112375708 96.0
69.00669919927773 13.120496146643418 94.0
69.00670937901045 13.13300619241207 91.0
69.01308609899367 13.045430905456286 93.0
69.01309132643496 13.051685927430299 91.0
69.01309655580476 13.05794094940289 93.0
69.01310178710337 13.064195971374058 91.0
69.013107020331 13.070450993343805 93.0
69.01311225548798 13.076706015312128 95.0
69.01311749257457 13.08296103727903 96.0
69.01312273159101 13.089216059244507 96.0
69.0131279725376 13.09547108120856 98.0
69.0131332154146 13.101726103171188 96.0
69.0131384602223 13.107981125132389 93.0
69.01314370696093 13.114236147092164 93.0
69.01314895563081 13.120491169050515 92.0
69.01315420623217 13.126746191007438 91.0
69.0195339196697 13.045425783679462 92.0
69.01953930806889 13.051680804697446 95.0
69.01954469845597 13.057935825713916 94.0
69.01955009083125 13.06419084672888 93.0
69.01955548519496 13.07044586774233 92.0
69.0195608815474 13.07670088875427 92.0
69.01956627988888 13.082955909764697 94.0
69.01957168021963 13.089210930773614 97.0
69.01957708253995 13.095465951781014 95.0
69.01958248685014 13.101720972786898 96.0
69.01958789315044 13.107975993791271 91.0
69.01959330144116 13.114231014794127 92.0
69.0195987117226 13.120486035795471 92.0
69.0259817400782 13.045420506588632 92.0
69.02598728943514 13.051675526621596 92.0
69.02599284083936 13.057930546652958 92.0
69.02599839429115 13.064185566682717 92.0
69.02600394979078 13.070440586710875 93.0
69.02600950733854 13.07669560673743 92.0
69.02601506693475 13.082950626762377 93.0
69.02602062857967 13.089205646785722 95.0
69.02602619227358 13.09546066680746 94.0
69.0260317580168 13.101715686827594 92.0
69.0260373258096 13.107970706846121 91.0
69.03242956021117 13.045415074183873 92.0
69.03244098294691 13.057925112220087 95.0
69.03244669747507 13.064180131235647 94.0
69.03245241411047 13.070435150249509 93.0
69.0324581328534 13.076690169261672 93.0
69.0324638537042 13.08294518827214 92.0
69.0324695766631 13.089200207280909 92.0
69.03247530173049 13.095455226287974 91.0
69.03248102890656 13.101710245293345 93.0
69.03888325133262 13.051664504441213 92.0
69.03888912477065 13.057919522415373 93.0
69.038895000375 13.064174540387736 95.0
69.03890087814601 13.070429558358308 93.0
69.03890675808397 13.076684576327082 94.0
69.03891264018918 13.082939594294064 94.0
69.03891852446195 13.089194612259247 92.0
69.04533123184785 13.05165876033683 93.0
69.04533726630252 13.057913777238896 91.0
69.04534330298294 13.06416879413907 91.0
69.0453493418894 13.07042381103735 95.0
69.0453553830222 13.076678827933735 94.0
69.04536142638169 13.082933844828224 93.0
69.04536747196813 13.08918886172082 91.0
69.04538562209254 13.107953912387215 91.0
69.05177921206342 13.051652860889757 91.0
69.0517854075346 13.05790787669074 91.0
69.05179160529089 13.064162892489726 91.0
69.05179780533261 13.070417908286714 92.0
69.05180400766011 13.076672924081707 94.0
69.0518102122737 13.082927939874702 92.0
69.05182262836038 13.095437971454695 93.0
69.05182883983413 13.101692987241691 91.0
69.05821448602856 13.039136776751974 91.0
69.05823990729083 13.064156835439784 92.0
69.05824626846767 13.070411850106483 92.0
69.05825263198967 13.076666864771083 92.0
69.05826536607051 13.089176894093969 91.0
69.05827173663 13.095431908752255 91.0
69.06467517156361 13.051640595967875 92.0
69.06468168906724 13.057895609479706 93.0
69.06468820897477 13.06415062298933 91.0
69.06469473128655 13.070405636496742 91.0
69.06470125600289 13.076660650001944 93.0
69.06472737892076 13.101680704000637 93.0
69.06473391566504 13.107935717494778 91.0
69.0711298293518 13.057889242817 91.0
69.07116325890607 13.089164304401026 92.0
69.07116995221058 13.095419316710865 91.0
69.07117664798047 13.10167432901838 91.0
69.07758481136263 13.064137731887227 91.0
69.07761905950548 13.095412787372085 91.0
69.07762591670704 13.101667798461747 92.0
69.07763277643377 13.107922809548969 91.0
69.08399113197594 13.02660099404892 91.0
69.08402610891748 13.057876043377652 91.0
69.08403311205052 13.064131053235757 93.0
69.08404011776601 13.070386063091316 92.0
69.08406816645942 13.095406102488036 91.0
69.09043131839304 13.020339159047575 91.0
69.09043846675773 13.0265941676465 92.0
69.090445617762 13.032849176242767 92.0
69.0904814123904 13.064124219184135 92.0
69.09048857924006 13.070379227764407 91.0
69.09049574873191 13.076634236342013 91.0
69.09052445312872 13.101654270625732 91.0
69.09687118571709 13.01407717142419 93.0
69.0968784921016 13.020332178722466 91.0
69.09688580118467 13.026587186017958 91.0
69.09690774462908 13.045352207887738 92.0
69.09691506451021 13.051607215172092 92.0
69.09692971237425 13.064117229732444 91.0
69.10335556120388 13.04534506703518 93.0
69.10336304204064 13.05160007298663 93.0
69.10337052563723 13.057855078935168 91.0
69.10981866381083 13.057847780045801 91.0
69.12186378275163 12.37603750347162 91.0
69.12266718322986 13.020302705452526 92.0
69.12267513518444 13.026557707244486 91.0
69.12268309007534 13.032812709033154 91.0
69.12269104790299 13.039067710818527 91.0
69.12828691362769 12.369774894936521 91.0
69.1291224677175 13.026549949486805 91.0
69.12913870204876 13.039059950163777 91.0
69.13557807629188 13.032797035366361 92.0
69.13558635579136 13.039052034225547 91.0
69.17333792236631 12.394737347933932 91.0
69.1797331366107 12.369708564590026 92.0
69.17974217669637 12.375963552772813 92.0
69.17975122020319 12.382218540951174 91.0
69.17976026713164 12.388473529125115 93.0
69.17976931748217 12.394728517294629 93.0
69.17977837125524 12.400983505459713 92.0
69.17979648907087 12.413493481776596 91.0
69.18616391258327 12.369699588412448 92.0
69.18617310725678 12.375954574902266 93.0
69.18618230540996 12.38220956138751 94.0
69.18619150704325 12.388464547868177 95.0
69.18620071215717 12.394719534344262 94.0
69.18620992075215 12.400974520815769 93.0
69.18621913282867 12.407229507282695 95.0
69.1862283483872 12.413484493745036 93.0
69.18623756742822 12.419739480202791 93.0
69.19258534238504 12.363435475265899 92.0
69.19259468810846 12.36969046003877 92.0
69.19260403736958 12.375945444806913 92.0
69.19261339016884 12.382200429570327 92.0
69.19262274650676 12.38845541432901 95.0
69.19263210638378 12.394710399082959 95.0
69.19264146980042 12.400965383832169 95.0
69.19265083675714 12.407220368576647 95.0
69.1926602072544 12.413475353316382 95.0
69.19266958129269 12.419730338051377 94.0
69.1926789588725 12.425985322781626 91.0
69.19268833999432 12.432240307507133 91.0
69.19902546317878 12.369681179469113 91.0
69.1990539855146 12.388446128507743 92.0
69.1990635001545 12.39470111151084 93.0
69.19907301839253 12.400956094509041 92.0
69.19908254022916 12.407211077502351 96.0
69.1990920656649 12.41346606049076 96.0
69.19910159470022 12.41972104347427 93.0
69.19911112733561 12.42597602645288 92.0
69.19912066357155 12.432231009426589 91.0
69.2054658962222 12.375926727942291 91.0
69.20548522405925 12.388436690404507 91.0
69.20549489346175 12.394691671628038 92.0
69.2055045665209 12.400946652846514 94.0
69.20551424323722 12.407201634059936 95.0
69.20552392361115 12.413456615268299 95.0
69.20553360764323 12.419711596471604 94.0
69.20554329533394 12.425966577669845 92.0
69.20555298668376 12.432221558863022 91.0
69.2056403735746 12.488516389373434 91.0
69.21191646213316 12.388427100019427 91.0
69.211926286298 12.39468207943468 91.0
69.21193611417803 12.400937058844715 91.0
69.2119557810856 12.413447017649132 92.0
69.21196562011419 12.419701997043504 94.0
69.21197546285994 12.425956976432651 91.0
69.21199515950502 12.438466935195263 91.0
69.21835767865572 12.3946723349309 91.0
69.21837764783118 12.407182290071276 91.0
69.21841763148284 12.432202200287366 91.0
69.2184276368364 12.438457177827907 91.0
69.21848774829844 12.475987042957732 92.0
69.2184977801037 12.482242020460447 91.0
69.21853794513848 12.507261930417174 91.0
69.22466771904227 12.319602729200351 91.0
69.22493134478927 12.482232097508836 92.0
69.23115878954708 12.357122545997994 92.0
69.23125135060272 12.4134173104127 91.0
69.23126165461912 12.419672284207945 92.0
69.23127196252837 12.425927257997456 91.0
69.2313132331045 12.450947153098154 91.0
69.23757883320728 12.350857384169593 92.0
69.23759967620727 12.363367328024394 91.0
69.23773554069287 12.444681962506074 92.0
69.23774601946707 12.450936934347949 94.0
69.24414691516776 12.43216165334573 91.0
69.24415754120616 12.438416623246356 92.0
69.24416817125619 12.444671593140894 91.0
69.24417880531836 12.450926563029341 91.0
69.2441894433932 12.457181532911695 91.0
69.27628571719815 12.419597619393898 91.0
69.27629711047874 12.425852579112197 91.0
69.55366252019172 12.694188159679047 91.0
69.55368088138572 12.700443001299822 92.0
69.55369924944229 12.7066978429027 91.0
69.56010137296154 12.694170181390577 91.0
69.56011989177391 12.700425019637656 91.0
69.56013841750776 12.706679857866533 92.0
69.56015695016406 12.712934696077198 91.0
69.56657758466238 12.706661719091358 91.0
69.5729979098115 12.700388595183073 91.0
69.58579936995574 12.675332257917399 91.0
69.59225703085932 12.681568342781883 91.0
69.59227632332673 12.687823163767478 91.0
69.5922956230082 12.6940779847333 91.0
69.59235356534677 12.712842447512054 91.0
69.59871501296503 12.68780426694122 91.0
69.59873447020283 12.694059084360644 93.0
69.59875393471457 12.70031390175996 94.0
69.59877340650125 12.70656871913917 92.0
69.6051340941858 12.681530402599387 92.0
69.60515370164757 12.687785216464 95.0
69.60517331644118 12.694040030308193 95.0
69.60519293856763 12.700294844131948 92.0
69.60521256802791 12.706549657935268 92.0
69.60523220482308 12.712804471718139 91.0
69.61157262440845 12.681511202075214 93.0
69.6115923893666 12.687766012336086 93.0
69.61161216171547 12.694020822576205 93.0
69.61163194145608 12.700275632795565 94.0
69.61165172858946 12.706530442994152 92.0
69.61167152311661 12.712785253171965 91.0
69.61803107611439 12.687746654557737 91.0
69.61807094337223 12.700256267751072 91.0
