# successful candidates for region at (79.54137328095477, 4.217990492430458) and radius 1.0
79.82245183696321 4.83331995025621 223.0
79.82245434746831 4.839636579198231 220.0
79.82878633309649 4.833317535238391 222.0
79.82878890017841 4.839634163011155 221.0
79.82879146963718 4.845950790782978 220.0
79.84145800546634 4.83962916910219 221.0
79.84146068818332 4.845945794457246 220.0
79.8604616630531 4.839621274402178 222.0
79.86046451565689 4.845937895936647 220.0
79.86679912471872 4.845935155354708 223.0
79.86682542893766 4.902784737179646 221.0
79.87312484437734 4.826982504326825 220.0
79.87313670233596 4.852248979757819 220.0
79.87316054996626 4.902781930559428 220.0
79.87941734050395 4.73854701525286 221.0
79.87942628220547 4.7574968677492135 221.0
79.87945626950737 4.820663042653158 221.0
79.8794592836101 4.826979660136425 221.0
79.87946230050844 4.83329627761839 221.0
79.87946532020254 4.839612895099055 222.0
79.87947439606091 4.858562747533228 220.0
79.88576314518383 4.763810601296946 221.0
79.885799872484 4.839609994308591 220.0
79.88580295160261 4.845926610384136 223.0
79.88582768710859 4.8964595389396735 222.0
79.89207847712959 4.725907975812853 220.0
79.89208156068834 4.732224590483576 220.0
79.89209702195572 4.763807663816439 221.0
79.89213442471302 4.839607039673474 221.0
79.89843089867509 4.763804672803937 221.0
79.89844354418089 4.789071125623658 220.0
79.89846897688864 4.83960403119374 221.0
79.89849781459826 4.896453549848876 221.0
79.89850425547361 4.909086776200606 227.0
79.89850748034344 4.915403389374272 223.0
79.89851070816827 4.921720002546469 224.0
79.89851717268354 4.9343532288864544 221.0
79.90478087012563 4.795384686873154 220.0
79.90483943338864 4.909083697571511 221.0
79.90484271546326 4.91540030926261 224.0
79.90484600054529 4.921716920952188 224.0
79.90484928863488 4.928033532640245 222.0
79.90485257973222 4.9343501443267765 222.0
79.91117461124749 4.909080564811187 223.0
79.9111779505268 4.915397174993649 225.0
79.91118129286595 4.921713785174541 224.0
79.9111846382651 4.928030395353854 225.0
79.91118798672439 4.934347005531591 222.0
79.91750300541733 4.896444160619265 220.0
79.9175063956773 4.90276076927028 223.0
79.91750978904916 4.909077377919668 221.0
79.9175131855331 4.915393986567429 225.0
79.91751658512928 4.921710595213563 226.0
79.91751998783786 4.928027203858065 228.0
79.91752339365905 4.934343812500938 225.0
79.91752680259299 4.940660421142175 221.0
79.92382087956929 4.8648578872410315 221.0
79.92383806890898 4.89644092271797 222.0
79.92384151626867 4.902757529808323 221.0
79.92384496679266 4.909074136896998 221.0
79.92384842048114 4.915390743983989 226.0
79.92385187733429 4.921707351069296 225.0
79.92385533735225 4.9280239581529175 228.0
79.92385880053524 4.934340565234852 223.0
79.92386226688342 4.940657172315098 224.0
79.93013826463005 4.833271575606186 220.0
79.9301556582899 4.864854603193544 221.0
79.93016263826236 4.877487814216399 221.0
79.93017313234168 4.896437630737692 222.0
79.930176636801 4.9027542362413215 224.0
79.93018014447703 4.909070841743213 225.0
79.93018365536997 4.915387447243365 226.0
79.93018716947998 4.921704052741776 222.0
79.93019068680726 4.928020658238447 225.0
79.93019420735197 4.934337263733375 226.0
79.93019773111428 4.940653869226557 220.0
79.93646571193622 4.820635037849039 222.0
79.93646923427927 4.826951641761287 224.0
79.93647275988933 4.83326824567176 222.0
79.93647982091119 4.845901453487373 221.0
79.93649398216681 4.871167869097217 222.0
79.9364975306509 4.877484472995215 222.0
79.93650463742452 4.8901176807858455 222.0
79.93650819571442 4.896434284678475 223.0
79.93651175727328 4.902750888569311 227.0
79.93651532210129 4.9090674924583535 228.0
79.9365188901986 4.9153840963455995 225.0
79.9365224615654 4.921700700231047 227.0
79.9365260362019 4.9280173041146975 230.0
79.93652961410825 4.934333907996546 225.0
79.93653319528461 4.940650511876594 223.0
79.94278937761473 4.801681850539477 220.0
79.94279294647141 4.80799845281905 224.0
79.94279651864697 4.814315055096796 223.0
79.94280009414156 4.820631657372712 223.0
79.94280367295535 4.8269482596467945 225.0
79.94280725508854 4.833264861919044 223.0
79.94281084054128 4.839581464189459 222.0
79.94281442931378 4.8458980664580364 221.0
79.94282521555157 4.864847873252735 220.0
79.94282881760483 4.871164475513952 220.0
79.94283603167352 4.883797680030849 220.0
79.94283964368928 4.890114282286527 223.0
79.94284325902623 4.896430884540355 221.0
79.94284687768457 4.902747486792334 226.0
79.94285049966444 4.90906408904246 224.0
79.94285412496605 4.915380691290732 224.0
79.94285775358958 4.9216972935371475 230.0
79.9428613855352 4.9280138957817075 228.0
79.94286502080307 4.934330498024409 229.0
79.94286865939343 4.940647100265249 224.0
79.94287230130644 4.9469637025042275 220.0
79.94911996886225 4.795361820671912 224.0
79.94912359066146 4.801678421289325 223.0
79.9491272158317 4.807995021904852 225.0
79.94913084437316 4.814311622518493 226.0
79.94913447628603 4.820628223130245 224.0
79.94913811157048 4.826944823740107 227.0
79.9491417502267 4.833261424348079 227.0
79.94914539225486 4.839578024954154 221.0
79.94915268642778 4.852211226160622 221.0
79.94915999409066 4.864844427359496 221.0
79.94916731524499 4.877477628550764 221.0
79.9491709808819 4.883794229143542 221.0
79.94917464989223 4.890110829734414 220.0
79.94917832227617 4.896427430323377 224.0
79.94918199803385 4.902744030910432 223.0
79.94918567716552 4.909060631495574 225.0
79.94918935967134 4.9153772320788045 224.0
79.94919304555148 4.921693832660119 229.0
79.94919673480614 4.928010433239518 227.0
79.9492004274355 4.934327033817 225.0
79.95545045094926 4.789041740494547 224.0
79.95545412558633 4.795358339423862 223.0
79.95545780364662 4.801674938351235 230.0
79.95546148513031 4.807991537276663 227.0
79.9554651700376 4.814308136200147 223.0
79.95547255012369 4.826941334041268 224.0
79.95547624530285 4.833257932958904 223.0
79.95547994390634 4.839574531874586 220.0
79.95548735138706 4.852207729700086 222.0
79.95549848829523 4.871157526423649 221.0
79.9555022074486 4.877474125327581 221.0
79.95550593002758 4.883790724229548 223.0
79.95550965603239 4.890107323129548 225.0
79.95551338546319 4.896423922027581 220.0
79.95551711832017 4.902740520923645 223.0
79.95552085460355 4.909057119817738 220.0
79.95552459431347 4.9153737187098585 222.0
79.95552833745015 4.921690317600003 226.0
79.95553208401377 4.928006916488174 225.0
79.95553583400451 4.9343235153743645 220.0
79.96178082403195 4.782721610085397 223.0
79.96178455140225 4.789038207300683 224.0
79.96178828224795 4.795354804513968 224.0
79.96179201656923 4.80167140172525 227.0
79.9617957543663 4.807987998934528 226.0
79.96179949563934 4.8143045961418 224.0
79.961806988614 4.8269377905503195 221.0
79.96181074031603 4.8332543877515635 221.0
79.96181449549476 4.839570984950795 220.0
79.96182955098057 4.864837373727555 221.0
79.96183709958862 4.8774705681038135 223.0
79.96184087910959 4.883787165288907 220.0
79.96184844858638 4.896420359653011 223.0
79.9618598288915 4.915370151183937 220.0
79.96186362928462 4.921686748356844 222.0
79.9618674331571 4.9280033455277135 220.0
79.96811108826653 4.77640142952248 224.0
79.96811486826545 4.782718024997804 228.0
79.96811865179194 4.789034620471069 229.0
79.96812243884618 4.795351215942272 225.0
79.96812622942839 4.801667811411412 226.0
79.96813002353872 4.807984406878487 227.0
79.9681338211774 4.814301002343495 221.0
79.96813762234459 4.820617597806434 220.0
79.96814142704048 4.826934193267303 221.0
79.96814523526528 4.8332507887261 222.0
79.96814904701918 4.839567384182823 220.0
79.96816050345728 4.858517170540531 221.0
79.96816432932943 4.864833765988939 221.0
79.96816815873163 4.871150361435267 220.0
79.96817199166406 4.877466956879508 221.0
79.96817582812693 4.883783552321663 221.0
79.96817966812043 4.890100147761731 220.0
79.96818351164471 4.896416743199708 220.0
79.96818735870002 4.902733338635594 220.0
79.97444507633212 4.776397792593237 229.0
79.97444891243477 4.782714386300552 227.0
79.97445275211736 4.789030980005747 224.0
79.97445659538006 4.795347573708819 226.0
79.97446044222309 4.801664167409766 228.0
79.97446429264662 4.807980761108585 225.0
79.97446814665085 4.814297354805275 225.0
79.97447200423596 4.820613948499836 220.0
79.97447973014964 4.833247135882559 223.0
79.97448359847859 4.839563729570716 223.0
79.97449134588167 4.852196916940618 220.0
79.974506883674 4.877463291654706 221.0
79.98077517575847 4.770077510164988 223.0
79.98077906433268 4.776394102080429 225.0
79.98078295653899 4.782710693993688 229.0
79.98078685237756 4.789027285904763 226.0
79.98079075184864 4.795343877813651 225.0
79.98079465495239 4.801660469720354 221.0
79.98079856168901 4.807977061624865 223.0
79.9808024720587 4.814293653527186 223.0
79.98080638606166 4.820610245427314 224.0
79.98081422496814 4.833243429220982 222.0
79.98081814987205 4.839560021114518 222.0
79.98710910764184 4.770073767888704 223.0
79.98711305226725 4.776390357984102 226.0
79.9871170005771 4.782706948077254 227.0
79.98712095257162 4.789023538168161 225.0
79.98712490825095 4.795340128256817 222.0
79.98712886761534 4.8016567183432235 224.0
79.98713283066496 4.807973308427377 224.0
79.98713679740003 4.814289898509273 223.0
79.98714474192724 4.826923078666295 220.0
79.98714871971981 4.833239668741416 220.0
79.98716866398004 4.864822619083041 220.0
79.99343504931498 4.757436795549453 223.0
79.99343904251847 4.763753383803375 222.0
79.9934470401349 4.776386560304299 223.0
79.99345104454821 4.782703148551299 226.0
79.99345505269854 4.789019736795986 224.0
79.99345906458605 4.79533632503836 224.0
79.99346308021099 4.801652913278419 223.0
79.99346709957351 4.80796950151616 220.0
79.99347918008873 4.826919266215456 221.0
79.9934832144037 4.833235854443907 220.0
79.99349533978103 4.852185619115285 221.0
79.99976886911877 4.757432949902442 222.0
79.99977291826856 4.763749536284356 225.0
79.99977697120713 4.770066122663899 225.0
79.99978102793466 4.77638270904107 224.0
79.99978508845133 4.782699295415867 225.0
79.99978915275737 4.789015881788285 223.0
79.99979322085298 4.7953324681583265 222.0
79.99983000427737 4.852181745381305 221.0
80.00609858759888 4.7511124662638915 226.0
80.006102688854 4.757429050750187 226.0
80.00610679395002 4.763745635234049 226.0
80.00611090288714 4.770062219715474 223.0
80.00611913228552 4.782695388671003 222.0
80.00612325274719 4.789011973145106 223.0
80.00612737705077 4.795328557616763 224.0
80.00613150519649 4.801645142085973 221.0
80.01242819811502 4.744791932965713 222.0
80.01243235137088 4.7511085155304755 225.0
80.01243650851976 4.75742509809274 224.0
80.01244066956188 4.763741680652503 224.0
80.01245317604983 4.782691428316759 222.0
80.01245735266701 4.789008010866495 220.0
80.0124615331785 4.795324593413717 222.0
80.01246571758446 4.801641175958426 222.0
80.01249933305905 4.852173836225323 220.0
80.01876190597535 4.744787930703206 225.0
80.01876611507252 4.751104511317959 228.0
80.01877032811507 4.757421091930147 227.0
80.01877454510321 4.763737672539763 227.0
80.01877876603717 4.77005425314681 222.0
80.01878299091712 4.776370833751283 223.0
80.0187872197433 4.78268741435318 222.0
80.01879145251591 4.7890039949525 223.0
80.01879568923518 4.795320575549238 223.0
80.01879992990129 4.801637156143395 226.0
80.01880417451447 4.807953736734968 226.0
80.01880842307492 4.8142703173239525 223.0
80.01883399734247 4.852169800803417 220.0
80.02509135282361 4.738467296346357 224.0
80.02509561376449 4.74478387498769 225.0
80.02509987870289 4.751100453626392 230.0
80.02510414763901 4.757417032262455 230.0
80.02510842057306 4.763733610895883 226.0
80.02511269750526 4.77005018952667 224.0
80.02511697843585 4.776366768154815 226.0
80.02512126336498 4.782683346780317 223.0
80.02512555229292 4.78899992540317 224.0
80.02512984521987 4.795316504023375 223.0
80.02513414214602 4.801633082640927 226.0
80.02513844307161 4.807949661255828 226.0
80.02514274799685 4.814266239868071 223.0
80.02514705692197 4.820582818477656 222.0
80.02515136984715 4.826899397084582 222.0
80.02516866155298 4.8521657114856325 220.0
80.03141638344123 4.7258300358932015 220.0
80.03142069207182 4.732146612537905 221.0
80.03142500475184 4.73846318917991 226.0
80.03142932148151 4.744779765819216 226.0
80.03143364226102 4.75109634245582 230.0
80.03143796709061 4.757412919089718 229.0
80.03144229597046 4.763729495720908 227.0
80.03144662890084 4.77004607234939 226.0
80.0314509658819 4.77636264897516 226.0
80.03145530691393 4.7826792255982165 227.0
80.03145965199707 4.7889958022185555 228.0
80.0314640011316 4.795312378836176 225.0
80.0314683543177 4.801628955451074 226.0
80.03147271155561 4.807945532063249 225.0
80.03147707284552 4.814262108672699 223.0
80.03148143818768 4.82057868527942 223.0
80.03148580758229 4.8268952618834104 223.0
80.03149018102957 4.833211838484667 220.0
80.03150332568963 4.85216156827202 221.0
80.03774992387615 4.72582587935582 220.0
80.03775428819075 4.7321424539725925 222.0
80.03775865660711 4.738459028586599 224.0
80.03776302912546 4.744775603197834 229.0
80.037767405746 4.751092177806296 230.0
80.03777178646894 4.7574087524119815 232.0
80.03777617129451 4.763725327014891 233.0
80.03778056022291 4.770041901615022 230.0
80.0377849532544 4.776358476212367 227.0
80.03778935038916 4.782675050806931 231.0
80.03779375162743 4.788991625398705 227.0
80.03779815696943 4.795308199987691 228.0
80.03780256641538 4.801624774573884 227.0
80.03780697996548 4.807941349157282 226.0
80.03781139761998 4.814257923737884 225.0
80.03781581937909 4.820574498315687 225.0
80.03782024524301 4.826891072890688 223.0
80.03782467521198 4.833207647462885 223.0
80.04406142654851 4.6942388065871965 221.0
80.04407904839275 4.719505096878067 224.0
80.04408346423739 4.725821669443706 224.0
80.04408788423589 4.732138242006508 227.0
80.04409230838849 4.73845481456647 228.0
80.0440967366954 4.744771387123592 227.0
80.04410116915683 4.75108795967787 231.0
80.04410560577303 4.7574045322293 233.0
80.0441100465442 4.763721104777882 235.0
80.04411449147057 4.770037677323613 232.0
80.04411894055234 4.776354249866489 232.0
80.04412339378977 4.7826708224065095 228.0
80.04412785118305 4.78898739494367 228.0
80.04413231273242 4.795303967477971 228.0
80.04413677843809 4.8016205400094085 228.0
80.0441412483003 4.807937112537978 228.0
80.04414572231926 4.81425368506368 227.0
80.0441502004952 4.82057025758651 225.0
80.04415468282835 4.826886830106467 224.0
80.0441591693189 4.833203402623547 223.0
80.05039023875264 4.687917983199184 222.0
80.0504036027134 4.706867694691102 220.0
80.05040806577776 4.713184265182609 220.0
80.05041253304788 4.719500835671213 226.0
80.05041700452398 4.725817406156912 224.0
80.05042148020627 4.732133976639701 229.0
80.050425960095 4.738450547119579 231.0
80.05043044419037 4.744767117596544 230.0
80.0504349324926 4.751083688070593 229.0
80.05043942500195 4.757400258541723 232.0
80.05044392171862 4.763716829009931 236.0
80.05044842264282 4.770033399475216 230.0
80.0504529277748 4.776349969937576 227.0
80.05045743711477 4.782666540397006 225.0
80.05046195066296 4.788983110853504 225.0
80.05046646841959 4.795299681307069 229.0
80.0504709903849 4.801616251757698 231.0
80.05047551655909 4.807932822205388 226.0
80.05048004694241 4.814249392650136 223.0
80.05048458153509 4.82056596309194 227.0
80.05048912033732 4.8268825335307985 226.0
80.05049366334937 4.833199103966707 222.0
80.05671894439945 4.681597110775005 220.0
80.05672344596042 4.687913679172556 220.0
80.05672795177857 4.694230247567142 223.0
80.05673246185414 4.7005468159587585 226.0
80.05673697618734 4.706863384347403 228.0
80.0567414947784 4.713179952733076 225.0
80.05674601762753 4.719496521115771 224.0
80.05675054473498 4.725813089495489 227.0
80.05675507610097 4.732129657872225 230.0
80.05675961172571 4.7384462262459754 231.0
80.05676415160943 4.744762794616741 232.0
80.05676869575238 4.751079362984517 229.0
80.05677324415475 4.7573959313493015 235.0
80.0567777968168 4.763712499711092 233.0
80.05678235373874 4.770029068069884 230.0
80.05678691492079 4.776345636425678 226.0
80.05679148036322 4.782662204778469 222.0
80.0567960500662 4.788978773128257 223.0
80.05680062402999 4.795295341475036 222.0
80.05680520225481 4.801611909818806 225.0
80.05680978474089 4.807928478159563 227.0
80.05681437148847 4.814245046497306 228.0
80.05681896249776 4.82056161483203 228.0
80.05682355776901 4.826878183163735 224.0
80.05682815730242 4.8331947514924165 222.0
80.05683276109825 4.839511319818072 221.0
80.06304754364504 4.675276189392601 221.0
80.06305209621405 4.681592755661608 223.0
80.06306121428011 4.694225888190511 227.0
80.06306577977762 4.700542454450402 225.0
80.06307034958508 4.706859020707246 226.0
80.06307492370271 4.713175586961045 226.0
80.06307950213078 4.719492153211793 226.0
80.06308408486946 4.725808719459489 235.0
80.06308867191902 4.7321252857041305 234.0
80.06309326327967 4.738441851945714 229.0
80.06309785895165 4.744758418184236 229.0
80.06310245893518 4.751074984419696 231.0
80.0631070632305 4.75739155065209 231.0
80.06311167183782 4.763708116881416 228.0
80.06311628475737 4.770024683107669 224.0
80.06312090198942 4.7763412493308515 223.0
80.06312552353415 4.782657815550955 221.0
80.06313014939182 4.788974381767981 226.0
80.06313477956266 4.7952909479819255 224.0
80.0631394140469 4.801607514192786 227.0
80.06314405284476 4.807924080400557 228.0
80.06314869595647 4.814240646605241 228.0
80.06315334338228 4.820557212806832 225.0
80.06315799512241 4.826873779005329 221.0
80.0631626511771 4.833190345200727 223.0
80.06316731154658 4.839506911393025 222.0
80.06937603664552 4.668955219129911 220.0
80.06938064011806 4.675271783244484 223.0
80.06938524795196 4.6815883473559525 225.0
80.06938986014744 4.687904911464308 222.0
80.06939447670473 4.694221475569551 220.0
80.06939909762407 4.7005380396716765 223.0
80.06940372290569 4.706854603770685 221.0
80.06940835254981 4.71317116786657 224.0
80.06941298655666 4.719487731959333 230.0
80.0694176249265 4.725804296048968 235.0
80.06942226765952 4.732120860135472 232.0
80.06942691475597 4.738437424218845 233.0
80.06943156621608 4.744753988299082 228.0
80.06943622204008 4.7510705523761825 231.0
80.06944088222822 4.757387116450141 227.0
80.06944554678071 4.7637036805209565 225.0
80.06945021569778 4.770020244588626 226.0
80.06945488897969 4.776336808653146 221.0
80.0694642486389 4.788969936772732 221.0
80.06946893501667 4.795286500827791 222.0
80.0694736257602 4.801603064879688 228.0
80.06947832086972 4.807919628928424 222.0
80.06948302034547 4.814236192973996 223.0
80.06948772418768 4.8205527570164 222.0
80.07570907782855 4.668950761999121 221.0
80.07571839961223 4.681583885858088 225.0
80.07572306712481 4.687900447782794 220.0
80.0757277390515 4.694217009704312 221.0
80.07573241539257 4.700533571622639 220.0
80.07574178131871 4.713166695449707 224.0
80.07574647090426 4.719483257358442 228.0
80.07575116490511 4.725799819263975 228.0
80.07575586332149 4.732116381166303 233.0
80.07576056615363 4.738432943065424 232.0
80.07576527340177 4.744749504961333 232.0
80.07576998506615 4.751066066854029 228.0
80.07577470114698 4.757382628743509 228.0
80.07577942164453 4.763699190629768 224.0
80.075784146559 4.770015752512807 222.0
80.07578887589067 4.77633231439262 222.0
80.07579834780644 4.788965438142561 220.0
80.07580309039103 4.7952820000126835 222.0
80.07581258881483 4.807915123743219 220.0
80.07581734465451 4.814231685603625 220.0
80.075822104913 4.820548247460788 220.0
80.08204683283061 4.675262811449789 222.0
80.0820562740235 4.687895930883094 220.0
80.08207046931177 4.706845610008561 222.0
80.08207521000851 4.7131621697105075 222.0
80.08207995517263 4.719478729409178 228.0
80.08208470480439 4.72579528910457 230.0
80.08208945890401 4.732111848796681 230.0
80.08209421747173 4.738428408485506 231.0
80.08209898050778 4.744744968171044 228.0
80.0821037480124 4.751061527853293 229.0
80.08210851998584 4.757378087532246 223.0
80.08211329642832 4.763694647207906 224.0
80.08213244689352 4.788960885877525 220.0
80.0883751599587 4.668941688317341 221.0
80.08839905069196 4.7005244757138405 220.0
80.08840863861825 4.713157590649028 223.0
80.08841343936085 4.719474148111595 227.0
80.0884182446234 4.725790705570805 232.0
80.08842305440614 4.732107263026657 231.0
80.08842786870932 4.738423820479145 230.0
80.08843268753317 4.744740377928269 230.0
80.08843751087792 4.751056935374026 229.0
80.08844233874385 4.757373492816412 226.0
80.08844717113115 4.763690050255424 222.0
80.08845684947092 4.776323165123317 220.0
80.09471302522569 4.67525362699084 220.0
80.09473721539808 4.706836403061472 222.0
80.094742067147 4.713152958265326 222.0
80.09474692346794 4.719469513465748 227.0
80.09475178436116 4.725786068662737 232.0
80.09475664982693 4.732102623856289 231.0
80.09476151986546 4.7384191790463985 231.0
80.09476639447698 4.744735734233067 231.0
80.09477127366178 4.751052289416286 231.0
80.09477615742006 4.75736884459606 226.0
80.09478104575207 4.76368539977238 220.0
80.09478593865806 4.770001954945244 221.0
80.10107058831899 4.706831719643706 222.0
80.1010754955938 4.713148272559455 222.0
80.10108040749299 4.719464825471695 226.0
80.10108532401678 4.725781378380421 232.0
80.10109024516544 4.73209793128563 229.0
80.10109517093919 4.738414484187321 235.0
80.10110010133828 4.744731037085489 230.0
80.10110503636298 4.751047589980132 231.0
80.10110997601349 4.757364142871245 224.0
80.1011149202901 4.763680695758828 220.0
80.10111986919306 4.769997248642876 223.0
80.10112482272258 4.776313801523386 220.0
80.10123497139973 4.915277963993374 13.0
80.10740892395775 4.713143533531474 221.0
80.10741389143506 4.719460084129492 226.0
80.10741886358929 4.725776634723916 227.0
80.10742384042072 4.732093185314743 230.0
80.10742882192957 4.738409735901972 231.0
80.10743380811613 4.744726286485598 233.0
80.10743879898061 4.751042837065618 229.0
80.10744379452325 4.757359387642029 224.0
80.10744879474434 4.763675938214828 224.0
80.10745379964412 4.769992488784013 222.0
80.1074638234807 4.782625589911523 220.0
80.11374737529319 4.719455289439196 224.0
80.11375240307775 4.725771837693278 227.0
80.11375743559184 4.732088385943683 229.0
80.11376247283569 4.738404934190408 230.0
80.11376751480957 4.744721482433447 230.0
80.11377256151371 4.7510380306728015 232.0
80.11377761294837 4.7573545789084655 224.0
80.11378266911382 4.763671127140436 225.0
80.11378773001029 4.769987675368711 220.0
80.11379279563805 4.776304223593284 220.0
80.12008085906646 4.719450441400867 222.0
80.12008594248124 4.725766987288567 226.0
80.12009103067786 4.732083533172507 226.0
80.12009612365658 4.738400079052687 226.0
80.12010122141766 4.7447166249291 227.0
80.12010632396135 4.751033170801743 231.0
80.12011143128791 4.757349716670614 225.0
80.12641948179879 4.725762083509841 224.0
80.12642462567783 4.732078627001277 225.0
80.1264297743913 4.738395170488868 224.0
80.12643492793946 4.7447117139726105 224.0
80.12644008632257 4.751028257452501 224.0
80.1264452495409 4.757344800928536 222.0
80.13275822059082 4.7320736674300505 221.0
80.1327634250389 4.738390208499013 222.0
80.13276863437403 4.744706749564042 223.0
80.13277384859644 4.751023290625135 223.0
80.1327790677064 4.757339831682289 220.0
80.13278429170418 4.7636563727355 221.0
80.13908656017237 4.725752115830585 222.0
80.13909181541587 4.73206865445889 223.0
80.13909707559846 4.738385193083179 224.0
80.13910234072041 4.744701731703452 225.0
80.139107610782 4.7510182703197055 225.0
80.13911288578349 4.757334808931934 224.0
80.14542009922651 4.725747051930177 224.0
80.14542541015204 4.732063588087853 222.0
80.14543604697768 4.744696660390905 223.0
80.14544137287831 4.751013196536274 223.0
80.14544670377119 4.757329732677532 222.0
80.14545203965655 4.763646268814678 224.0
80.15175363819097 4.725741934655996 220.0
80.15175900479841 4.732058468317004 221.0
80.15176975314488 4.744691535626461 220.0
80.15177513488443 4.751008069274902 224.0
80.15178052166857 4.757324602919146 222.0
80.15178591349753 4.76364113655919 222.0
80.15809259935402 4.732053295146405 220.0
80.17069920399477 4.662561002199967 220.0
80.17702665708698 4.656239173971103 221.0
80.17703218865492 4.66255569743471 220.0
80.17703772547293 4.668872220893822 220.0
80.1833707651981 4.668866860389501 221.0
80.27190093023025 4.536140124455893 220.0
80.27822024408793 4.523501073299276 220.0
80.27823911880441 4.5424505086362545 220.0
80.28454569347554 4.5171784571114575 220.0
80.28455202684087 4.523494932528885 223.0
80.28457106373136 4.54244435874496 221.0
80.2908774221697 4.517172266867741 220.0
80.29089020299156 4.529805211564245 220.0
