# successful candidates for region at (87.6831933789998, -18.32148711109359) and radius 1.0
88.1689249448244 -18.22280579311865 120.0
88.16890738446885 -18.216524211291738 121.0
88.16888982927243 -18.21024262945341 123.0
88.16887227923417 -18.20396104760367 123.0
88.16885473435306 -18.19767946574252 122.0
88.16883719462815 -18.191397883869964 122.0
88.16881966005846 -18.185116301986003 120.0
88.17557789034585 -18.222788866716282 121.0
88.17556008948337 -18.21650728737251 121.0
88.17554229385067 -18.210225708017017 123.0
88.1755245034468 -18.20394412864979 122.0
88.1755067182707 -18.197662549270838 123.0
88.17548893832141 -18.19138096988017 122.0
88.17547116359795 -18.185099390477784 122.0
88.18230305306204 -18.247898017246577 120.0
88.18228499048135 -18.241616440467975 121.0
88.18226693320513 -18.235334863677313 120.0
88.18221279319327 -18.216490133232952 121.0
88.18219475712488 -18.210208556394054 121.0
88.18217672635595 -18.203926979543112 122.0
88.18215870088544 -18.197645402680127 122.0
88.18214068071235 -18.19136382580511 122.0
88.18212266583569 -18.185082248918047 122.0
88.18210465625444 -18.17880067201895 121.0
88.18888377745553 -18.222754323149463 120.0
88.18886549558094 -18.21647274887332 120.0
88.18884721907745 -18.210191174584804 121.0
88.18882894794403 -18.203909600283914 120.0
88.18881068217968 -18.19762802597066 121.0
88.18879242178339 -18.191346451645046 121.0
88.18877416675411 -18.185064877307067 123.0
88.18871943385825 -18.16622015421903 120.0
88.18870120028689 -18.15993857983166 120.0
88.19553671900852 -18.222736705985568 120.0
88.19551819662873 -18.216455134293902 120.0
88.19548116819344 -18.20389199087247 120.0
88.19546266213584 -18.197610419142713 122.0
88.1954441615169 -18.19132884740026 124.0
88.19542566633561 -18.18504727564513 121.0
88.19540717659092 -18.178765703877314 120.0
88.19538869228178 -18.17248413209682 121.0
88.19537021340716 -18.16620256030365 121.0
88.19535173996607 -18.159920988497817 122.0
88.20232115382984 -18.266689841716925 121.0
88.20230235232916 -18.260408272734875 122.0
88.20228355634823 -18.254126703739765 121.0
88.20226476588604 -18.24784513473159 121.0
88.2022459809415 -18.241563565710365 123.0
88.2022272015136 -18.23528199667609 122.0
88.20220842760124 -18.229000427628762 121.0
88.20218965920341 -18.222718858568392 121.0
88.20217089631905 -18.216437289494984 121.0
88.20215213894711 -18.21015572040854 120.0
88.20213338708655 -18.20387415130907 124.0
88.2021146407363 -18.19759258219657 124.0
88.20209589989534 -18.19131101307105 122.0
88.20207716456261 -18.18502944393251 120.0
88.20205843473707 -18.17874787478096 120.0
88.20203971041768 -18.172466305616403 121.0
88.20202099160338 -18.16618473643884 120.0
88.20200227829312 -18.159903167248277 120.0
88.20895673565676 -18.260390179145435 120.0
88.20893769874763 -18.254108612804377 121.0
88.20891866742797 -18.24782704644992 124.0
88.2088996416967 -18.241545480082074 124.0
88.20888062155274 -18.23526391370084 125.0
88.20886160699507 -18.228982347306218 123.0
88.20884259802258 -18.222700780898226 124.0
88.20882359463425 -18.21641921447685 123.0
88.20880459682898 -18.210137648042103 123.0
88.20878560460575 -18.203856081593994 124.0
88.20876661796346 -18.19757451513252 122.0
88.20874763690108 -18.19129294865769 122.0
88.20872866141752 -18.18501138216951 124.0
88.20870969151176 -18.178729815667975 124.0
88.2086907271827 -18.172448249153103 123.0
88.20867176842931 -18.166166682624883 122.0
88.20865281525052 -18.15988511608333 120.0
88.2155918397506 -18.254090291447337 121.0
88.21557256757407 -18.247808727780395 123.0
88.21555330105669 -18.241527164099725 123.0
88.21553404019733 -18.235245600405324 126.0
88.21551478499492 -18.2289640366972 122.0
88.21549553544841 -18.222682472975357 124.0
88.2154762915567 -18.216400909239795 124.0
88.21545705331874 -18.210119345490522 125.0
88.21543782073344 -18.203837781727543 124.0
88.21541859379973 -18.19755621795086 126.0
88.21539937251652 -18.191274654160484 125.0
88.21538015688276 -18.18499309035641 124.0
88.21536094689736 -18.17871152653865 123.0
88.21534174255927 -18.1724299627072 121.0
88.2153225438674 -18.166148398862077 122.0
88.2153033508207 -18.159866835003275 123.0
88.21528416341808 -18.153585271130805 122.0
88.22224597933946 -18.254071739668934 120.0
88.22222646630671 -18.247790178723314 121.0
88.22220695900381 -18.241508617763614 124.0
88.22218745742965 -18.235227056789842 124.0
88.22216796158317 -18.228945495801995 127.0
88.22214847146324 -18.22266393480009 128.0
88.2221289870688 -18.21638237378411 127.0
88.22210950839874 -18.21010081275409 128.0
88.222090035452 -18.203819251710005 127.0
88.22207056822748 -18.19753769065188 126.0
88.22205110672408 -18.191256129579713 127.0
88.22203165094074 -18.184974568493512 127.0
88.22201220087635 -18.178693007393264 123.0
88.22199275652984 -18.172411446279003 123.0
88.22197331790012 -18.16612988515071 125.0
88.22195388498609 -18.1598483240084 122.0
88.22193445778669 -18.153566762852073 122.0
88.22191503630081 -18.147285201681736 121.0
88.2218956205274 -18.1410036404974 120.0
88.22888036360821 -18.24777139927897 122.0
88.22886061552043 -18.24148984107404 125.0
88.22884087323212 -18.23520828285468 127.0
88.22882113674216 -18.2289267246209 129.0
88.22880140604946 -18.22264516637271 128.0
88.22878168115291 -18.216363608110104 127.0
88.22876196205141 -18.210082049833094 127.0
88.22874224874384 -18.203800491541685 127.0
88.22872254122915 -18.19751893323588 127.0
88.22870283950618 -18.191237374915683 126.0
88.22868314357387 -18.184955816581102 125.0
88.22866345343111 -18.17867425823214 124.0
88.2286437690768 -18.172392699868798 125.0
88.22862409050984 -18.16611114149108 124.0
88.22860441772914 -18.159829583099 122.0
88.22858475073359 -18.15354802469256 122.0
88.23553425946092 -18.247752389447676 122.0
88.2355142705889 -18.241470834031304 127.0
88.23549428758706 -18.23518927860015 129.0
88.23547431045428 -18.228907723154222 129.0
88.23545433918942 -18.222626167693527 132.0
88.23543437379139 -18.21634461221807 129.0
88.23541441425907 -18.210063056727858 126.0
88.23539446059134 -18.203781501222885 126.0
88.23537451278709 -18.197499945703164 126.0
88.2353545708452 -18.191218390168697 127.0
88.23533463476457 -18.1849368346195 126.0
88.23531470454407 -18.178655279055562 124.0
88.23529478018261 -18.17237372347689 127.0
88.23527486167904 -18.166092167883498 124.0
88.23525494903231 -18.159810612275386 123.0
88.23523504224124 -18.153529056652555 120.0
88.24220838944476 -18.254014701808607 122.0
88.24218815384714 -18.24773314922973 126.0
88.24216792419153 -18.241451596635713 128.0
88.2421477004768 -18.235170044026557 128.0
88.24212748270183 -18.228888491402266 128.0
88.24210727086549 -18.222606938762855 128.0
88.24208706496664 -18.216325386108323 129.0
88.24206686500415 -18.210043833438668 130.0
88.24204667097688 -18.203762280753907 129.0
88.24202648288373 -18.19748072805404 129.0
88.24200630072357 -18.19119917533907 129.0
88.24198612449526 -18.184917622609003 128.0
88.24196595419767 -18.178636069863842 126.0
88.24194578982967 -18.172354517103596 126.0
88.24192563139017 -18.166072964328265 124.0
88.24190547887802 -18.15979141153786 122.0
88.2418853322921 -18.153509858732384 121.0
88.24894448915587 -18.27912142708214 120.0
88.24890349414585 -18.26655832774601 120.0
88.24886252320051 -18.253995228347815 123.0
88.24884204674925 -18.247713678625445 124.0
88.2488215763107 -18.241432128887578 127.0
88.24880111188375 -18.23515057913421 129.0
88.24878065346725 -18.228869029365345 127.0
88.24876020106005 -18.222587479580994 127.0
88.24873975466102 -18.216305929781164 128.0
88.24871931426901 -18.21002437996585 130.0
88.24869887988287 -18.203742830135063 129.0
88.24867845150148 -18.197461280288806 131.0
88.24865802912367 -18.19117973042709 130.0
88.24863761274833 -18.184898180549915 130.0
88.2486172023743 -18.178616630657285 128.0
88.24859679800046 -18.17233508074921 125.0
88.24857639962563 -18.166053530825693 122.0
88.24855600724874 -18.15977198088673 121.0
88.25562033326763 -18.285383258389228 121.0
88.25553737884272 -18.260257071283373 121.0
88.25551665545383 -18.253975524467194 121.0
88.25549593814955 -18.24769397763514 125.0
88.25547522692874 -18.241412430787214 126.0
88.25545452179021 -18.235130883923425 126.0
88.25543382273284 -18.228849337043773 127.0
88.25541312975547 -18.222567790148265 126.0
88.25539244285692 -18.216286243236905 127.0
88.25537176203603 -18.21000469630971 127.0
88.25535108729169 -18.20372314936667 131.0
88.2553304186227 -18.197441602407793 130.0
88.25530975602793 -18.19116005543309 130.0
88.25528909950621 -18.184878508442562 131.0
88.2552684490564 -18.178596961436213 130.0
88.25524780467735 -18.172315414414054 128.0
88.2552271663679 -18.16603386737609 123.0
88.2552065341269 -18.159752320322315 122.0
88.26229666443008 -18.29164485327337 120.0
88.26223369759363 -18.272800221793407 122.0
88.26221272096745 -18.266518677934215 121.0
88.26219175049897 -18.26023713405877 124.0
88.26217078618701 -18.253955590167077 124.0
88.2621498280304 -18.247674046259128 125.0
88.26212887602799 -18.241392502334943 127.0
88.26210793017857 -18.235110958394518 123.0
88.262086990481 -18.228829414437865 124.0
88.2620660569341 -18.222547870464982 125.0
88.2620451295367 -18.216266326475886 127.0
88.26202420828764 -18.209984782470567 128.0
88.26200329318573 -18.20370323844904 132.0
88.26198238422982 -18.197421694411307 132.0
88.26196148141874 -18.19114015035738 131.0
88.26194058475131 -18.184858606287257 131.0
88.26191969422639 -18.178577062200944 131.0
88.2618988098428 -18.17229551809844 128.0
88.26187793159937 -18.16601397397977 126.0
88.26185705949494 -18.159732429844922 120.0
88.26893100383873 -18.285343129948505 120.0
88.26890977368818 -18.279061589081635 122.0
88.26888854976845 -18.272780048198122 122.0
88.26886733207836 -18.266498507297968 124.0
88.26884612061674 -18.260216966381186 124.0
88.2688249153824 -18.253935425447768 126.0
88.26880371637414 -18.247653884497737 128.0
88.26878252359079 -18.24137234353108 124.0
88.26876133703115 -18.235090802547813 125.0
88.26874015669405 -18.228809261547944 125.0
88.2687189825783 -18.222527720531467 125.0
88.26869781468274 -18.2162461794984 127.0
88.26867665300615 -18.20996463844874 127.0
88.26865549754739 -18.2036830973825 129.0
88.26863434830523 -18.197401556299678 131.0
88.26861320527853 -18.191120015200283 129.0
88.26859206846606 -18.184838474084316 130.0
88.26857093786671 -18.17855693295179 126.0
88.26854981347925 -18.172275391802703 126.0
88.26852869530252 -18.16599385063706 122.0
88.26850758333534 -18.15971230945488 120.0
88.27558633679479 -18.28532271984611 121.0
88.27556486543945 -18.279041181972843 123.0
88.27554340038573 -18.272759644082562 124.0
88.27552194163243 -18.266478106175256 123.0
88.27550048917836 -18.260196568250937 125.0
88.27547904302232 -18.25391503030961 125.0
88.27545760316309 -18.247633492351277 124.0
88.27543616959949 -18.241351954375954 126.0
88.27541474233031 -18.235070416383635 128.0
88.27539332135439 -18.22878887837433 126.0
88.27537190667049 -18.22250734034805 125.0
88.27535049827743 -18.21622580230479 128.0
88.27532909617402 -18.209944264244566 126.0
88.27530770035904 -18.20366272616737 127.0
88.27528631083132 -18.19738118807322 126.0
88.27526492758967 -18.19109964996212 128.0
88.27524355063288 -18.184818111834065 126.0
88.27522217995975 -18.178536573689076 125.0
88.27520081556911 -18.172255035527147 124.0
88.27517945745976 -18.16597349734829 121.0
88.2751581056305 -18.159691959152507 122.0
88.28224166817425 -18.285302079156125 121.0
88.28221995561482 -18.279020544310292 123.0
88.2821982494278 -18.272739009447047 126.0
88.28217654961198 -18.266457474566405 124.0
88.28215485616614 -18.260175939668358 125.0
88.2821331690891 -18.25389440475292 123.0
88.28211148837958 -18.247612869820095 126.0
88.28208981403644 -18.241331334869894 125.0
88.28206814605844 -18.235049799902313 127.0
88.28204648444435 -18.228768264917363 126.0
88.28202482919299 -18.222486729915047 130.0
88.28200318030312 -18.216205194895377 127.0
88.28198153777356 -18.209923659858354 127.0
88.2819599016031 -18.203642124803977 126.0
88.28193827179051 -18.19736058973227 125.0
88.2819166483346 -18.191079054643218 129.0
88.28189503123414 -18.184797519536843 125.0
88.28187342048795 -18.178515984413142 123.0
88.28185181609481 -18.17223444927212 122.0
88.28183021805354 -18.16595291411378 121.0
88.2818086263629 -18.159671378938143 120.0
88.28889699795938 -18.28528120787889 120.0
88.28887504419657 -18.27899967609431 122.0
88.28885309687696 -18.272718144291925 123.0
88.28883115599932 -18.26643661247175 126.0
88.28880922156243 -18.26015508063378 124.0
88.28878729356506 -18.253873548778042 123.0
88.28876537200598 -18.247592016904516 122.0
88.28874345688398 -18.241310485013233 125.0
88.28872154819783 -18.23502895310418 126.0
88.28869964594631 -18.228747421177367 129.0
88.28867775012817 -18.222465889232808 130.0
88.28865586074222 -18.2161843572705 129.0
88.28863397778721 -18.209902825290452 128.0
88.28861210126193 -18.203621293292667 128.0
88.28859023116517 -18.197339761277156 127.0
88.2885683674957 -18.19105822924392 122.0
88.2885465102523 -18.18477669719297 124.0
88.28852465943373 -18.178495165124307 123.0
88.28850281503881 -18.17221363303794 120.0
88.29553013116701 -18.278978577325226 122.0
88.2955079427155 -18.272697048617523 122.0
88.29548576077676 -18.266415519891627 125.0
88.29546358534951 -18.26013399114755 125.0
88.29544141643255 -18.253852462385304 124.0
88.29541925402461 -18.247570933604884 121.0
88.29539709812445 -18.241289404806306 126.0
88.29537494873088 -18.23500787598957 128.0
88.29535280584261 -18.22872634715469 130.0
88.29533066945841 -18.222444818301657 128.0
88.29530853957706 -18.216163289430487 126.0
88.29528641619733 -18.209881760541187 128.0
88.29526429931796 -18.20360023163376 128.0
88.29524218893773 -18.197318702708216 125.0
88.2952200850554 -18.19103717376456 124.0
88.29519798766975 -18.18475564480279 124.0
88.29517589677953 -18.178474115822915 121.0
88.30218521650843 -18.2789572480034 121.0
88.30216278692576 -18.272675722424182 122.0
88.30214036392661 -18.26639419682638 125.0
88.30211794750973 -18.260112671209995 124.0
88.30209553767388 -18.253831145575045 125.0
88.3020731344178 -18.24754961992153 121.0
88.30205073774022 -18.24126809424946 125.0
88.30202834763992 -18.234986568558828 126.0
88.30200596411562 -18.228705042849654 130.0
88.30198358716609 -18.22242351712194 127.0
88.30196121679006 -18.21614199137569 126.0
88.3019388529863 -18.209860465610912 126.0
88.30191649575355 -18.203578939827608 124.0
88.30189414509057 -18.197297414025794 125.0
88.30187180099611 -18.191015888205467 122.0
88.3018494634689 -18.184734362366637 122.0
88.30182713250774 -18.178452836509305 120.0
88.30881762949002 -18.272654165712247 121.0
88.30879496543119 -18.266372643276345 123.0
88.30877230802542 -18.260091120821468 125.0
88.3087496572714 -18.25380959834762 125.0
88.30872701316788 -18.247528075854802 122.0
88.30870437571362 -18.24124655334302 123.0
88.3086817449073 -18.234965030812294 124.0
88.3086591207477 -18.22868350826262 125.0
88.30863650323354 -18.222401985693995 127.0
88.30861389236357 -18.21612046310644 124.0
88.30859128813651 -18.209838940499957 123.0
88.30856869055111 -18.203557417874546 123.0
88.30854609960609 -18.19727589523022 124.0
88.30852351530021 -18.19099437256699 123.0
88.30850093763219 -18.184712849884853 121.0
88.31549538223342 -18.278913897702864 120.0
88.31547247039059 -18.27263237848207 122.0
88.31544956527283 -18.266350859241882 124.0
88.31542666687886 -18.260069339982312 127.0
88.31540377520743 -18.253787820703362 122.0
88.31538089025722 -18.247506301405043 123.0
88.31535801202696 -18.24122478208736 122.0
88.3153351405154 -18.234943262750317 123.0
88.31531227572123 -18.228661743393918 123.0
88.31528941764319 -18.22238022401817 124.0
88.31526656627999 -18.216098704623093 125.0
88.31524372163035 -18.209817185208674 123.0
88.31522088369302 -18.203535665774925 123.0
88.3151980524667 -18.197254146321864 122.0
88.31517522795014 -18.19097262684948 124.0
88.32215046258159 -18.278891876724856 121.0
88.32212730960977 -18.272610360734 122.0
88.32210416343382 -18.26632884472334 125.0
88.32208102405242 -18.26004732869288 121.0
88.3220578914643 -18.253765812642637 121.0
88.32203476566812 -18.247484296572615 120.0
88.32201164666265 -18.241202780482816 121.0
88.32198853444656 -18.23492126437325 123.0
88.32196542901855 -18.228639748243918 123.0
88.32194233037735 -18.22235823209483 122.0
88.32191923852166 -18.216076715925993 123.0
88.32189615345021 -18.209795199737414 124.0
88.32187307516168 -18.203513683529096 121.0
88.32185000365479 -18.19723216730105 123.0
88.32182693892827 -18.19095065105328 120.0
88.32180388098081 -18.184669134785796 120.0
88.32178082981113 -18.178387618498604 121.0
88.32878214712989 -18.272588112468387 122.0
88.32871200602432 -18.2537435741658 121.0
88.32868863938296 -18.24746206135787 120.0
88.32866527960299 -18.241180548529744 120.0
88.32864192668312 -18.234899035681448 121.0
88.32861858062202 -18.228617522812964 121.0
88.32859524141841 -18.222336009924316 122.0
88.32857190907099 -18.216054497015502 123.0
88.32854858357844 -18.209772984086534 120.0
88.32852526493946 -18.203491471137415 122.0
88.32850195315277 -18.197209958168155 120.0
88.32847864821703 -18.190928445178756 120.0
88.32845535013097 -18.18464693216923 123.0
88.32843205889327 -18.17836541913958 122.0
88.32840877450265 -18.17208390608981 122.0
88.33534251138404 -18.247439595761158 120.0
88.33531891083032 -18.24115808622851 120.0
88.33529531720743 -18.234876576675262 120.0
88.33527173051401 -18.228595067101416 121.0
88.33524815074875 -18.22231355750699 121.0
88.33522457791034 -18.216032047891975 122.0
88.33520101199746 -18.20975053825639 121.0
88.33513035579884 -18.19090600922626 120.0
88.33510681757491 -18.18462449950845 122.0
88.33508328626996 -18.17834298977009 121.0
88.33505976188265 -18.1720614800112 122.0
88.34192487867688 -18.22857238110964 120.0
88.34175828329508 -18.184601836803804 122.0
88.34173451192359 -18.17832033039049 122.0
88.34168699014397 -18.165757317501022 120.0
88.34840974727385 -18.184578944055676 120.0
88.34838573583663 -18.178297441001167 120.0
88.34833773413722 -18.16573443482801 120.0
88.41492428741716 -18.18433736426552 121.0
88.42144254887847 -18.15290462139977 120.0
88.4214159359314 -18.14662315738793 120.0
88.42809279101505 -18.152878986973853 120.0
88.42803909361264 -18.140316066446232 120.0
88.42801225675714 -18.134034606142265 122.0
88.42798542779678 -18.127753145811543 121.0
88.42795860673007 -18.121471685454065 120.0
88.43474303118602 -18.152853122678245 120.0
88.43471593883338 -18.146571666222968 120.0
88.43468885444939 -18.140290209740428 122.0
88.43466177803255 -18.134008753230646 122.0
88.43463470958129 -18.127727296693628 120.0
88.43460764909416 -18.12144584012938 120.0
88.4413932693738 -18.15282702851336 120.0
88.4413659373197 -18.14654557588695 122.0
88.44133861330474 -18.140264123232804 122.0
88.44131129732739 -18.13398267055092 121.0
88.4412293976058 -18.115138312338996 120.0
88.44117483795156 -18.10257540672589 121.0
88.44114757016794 -18.09629395387782 120.0
88.44798837016111 -18.14023780692377 121.0
88.44796081462417 -18.133956358103514 120.0
88.44793326719378 -18.12767490925505 120.0
88.44787819664654 -18.11511201147352 120.0
88.44782315850715 -18.102549113579272 120.0
88.44776815276335 -18.089986215572367 121.0
88.45458254298671 -18.127648370935226 120.0
88.45449923127755 -18.10880403590225 123.0
88.45447147705158 -18.102522590833917 123.0
88.45444373099492 -18.09624114573693 120.0
88.46123181674744 -18.12762160288228 120.0
88.46120379858742 -18.12134016182804 120.0
88.46117578867177 -18.115058720744614 120.0
88.46114778699895 -18.108777279632022 122.0
88.4611197935674 -18.102495838490263 121.0
88.46109180837556 -18.09621439731936 120.0
88.46106383142188 -18.089932956119313 121.0
88.46103586270478 -18.083651514890136 121.0
88.4610079022227 -18.07737007363183 124.0
88.4608124092985 -18.03339998400905 121.0
88.46078451464071 -18.02711854251811 120.0
88.46075662820395 -18.020837100998122 122.0
88.46072874998671 -18.014555659449112 121.0
88.46070087998741 -18.00827421787108 122.0
88.46067301820452 -18.001992776264043 122.0
88.46064516463645 -17.995711334628005 120.0
88.46785283088244 -18.121313168004185 120.0
88.46782458162126 -18.115031730882038 120.0
88.4677681080371 -18.10246885654874 120.0
88.46773988371098 -18.09618741933761 123.0
88.46771166769341 -18.089905982096838 124.0
88.46768345998281 -18.08362454482643 124.0
88.46765526057762 -18.077343107526403 121.0
88.46762706947622 -18.071061670196766 121.0
88.4674862384719 -18.03965448310469 120.0
88.4674299641421 -18.02709160806091 124.0
88.46740183941493 -18.02081017049471 125.0
88.46737372297748 -18.014528732898984 127.0
88.46734561482819 -18.00824729527374 122.0
88.46731751496552 -18.00196585761899 121.0
88.46728942338788 -17.99568441993474 121.0
88.47447337250532 -18.115004511354623 121.0
88.47444489228322 -18.108723078197283 121.0
88.4744164204432 -18.10244164500978 122.0
88.47438795698372 -18.096160211792114 122.0
88.47435950190317 -18.08987877854431 122.0
88.47433105519998 -18.083597345266362 125.0
88.47410378296907 -18.033345877959043 122.0
88.47407541159082 -18.02706444441031 124.0
88.4740470485741 -18.020783010831536 126.0
88.47401869391737 -18.014501577222735 123.0
88.47399034761901 -18.008220143583912 122.0
88.47396200967746 -18.00193870991508 120.0
88.48117962566123 -18.127539920329063 120.0
88.48112216130647 -18.114977062162808 120.0
88.4810934418111 -18.10869563303365 121.0
88.48106473076824 -18.10241420387382 124.0
88.4810360281763 -18.096132774683316 123.0
88.4810073340337 -18.08985134546216 124.0
88.48097864833883 -18.083569916210358 122.0
88.48094997109008 -18.077288486927927 122.0
88.48089264192461 -18.064725628271184 121.0
88.48086399000469 -18.0584441988969 121.0
88.48083534652453 -18.05216276949202 121.0
88.48080671148251 -18.04588134005656 120.0
88.48077808487704 -18.03959991059052 121.0
88.48074946670657 -18.033318481093918 120.0
88.48072085696946 -18.027037051566758 122.0
88.48069225566414 -18.02075562200905 121.0
88.480663662789 -18.01447419242081 122.0
88.48063507834249 -18.00819276280204 120.0
88.48049228248338 -17.97678561425067 120.0
88.4877419892395 -18.108667958239764 120.0
88.48771303899471 -18.1023865331413 122.0
88.48768409727126 -18.096105108011653 125.0
88.48765516406753 -18.089823682850838 124.0
88.4876262393819 -18.083542257658866 122.0
88.48759732321278 -18.077260832435748 123.0
88.48756841555853 -18.070979407181493 125.0
88.48753951641757 -18.064697981896103 124.0
88.48751062578829 -18.058416556579605 124.0
88.48748174366905 -18.05213513123199 121.0
88.48745287005828 -18.045853705853283 122.0
88.48742400495436 -18.039572280443487 121.0
88.48739514835567 -18.033290855002615 122.0
88.48736630026063 -18.02700942953068 123.0
88.4873374606676 -18.02072800402768 120.0
88.48730862957503 -18.014446578493644 121.0
88.48727980698126 -18.008165152928566 122.0
88.48725099288473 -18.001883727332455 120.0
88.49439053455093 -18.10864005381607 120.0
88.49436134510515 -18.10235863281267 121.0
88.4943321642511 -18.09607721177757 122.0
88.49430299198717 -18.08979579071079 123.0
88.49427382831173 -18.08351436961233 121.0
88.49424467322315 -18.077232948482205 124.0
88.49421552671983 -18.07095152732043 126.0
88.49418638880009 -18.06467010612701 124.0
88.49415725946237 -18.058388684901953 122.0
88.49412813870501 -18.052107263645276 122.0
88.49409902652641 -18.04582584235698 122.0
88.49406992292495 -18.039544421037085 123.0
88.494040827899 -18.033262999685597 122.0
88.49401174144694 -18.026981578302525 122.0
88.49398266356717 -18.02070015688788 121.0
88.49395359425804 -18.01441873544168 120.0
88.49392453351797 -18.00813731396392 122.0
88.49389548134533 -18.001855892454625 120.0
88.5010685150375 -18.11489333660543 120.0
88.50100964908206 -18.102330502888382 121.0
88.50098022909837 -18.096049085981527 121.0
88.50095081777519 -18.089767669042462 121.0
88.50092141511088 -18.0834862520712 120.0
88.5008920211038 -18.077204835067754 124.0
88.50086263575228 -18.07092341803213 127.0
88.50083325905474 -18.064642000964344 125.0
88.50080389100951 -18.058360583864403 121.0
88.50077453161498 -18.05207916673232 120.0
88.50074518086949 -18.0457977495681 123.0
88.50071583877143 -18.039516332371758 122.0
88.50068650531914 -18.0332349151433 124.0
88.50065718051101 -18.026953497882747 122.0
88.5006278643454 -18.0206720805901 121.0
88.50056925793525 -18.008109245908567 121.0
88.50053996768744 -18.001827828519705 120.0
88.50771729533204 -18.114864968760486 122.0
88.50768761875291 -18.10858355608106 120.0
88.50759864141412 -18.08973931784631 122.0
88.50756899976186 -18.083457905035925 120.0
88.50753936683721 -18.077176492192837 124.0
88.5075097426385 -18.070895079317047 125.0
88.50748012716409 -18.06461366640857 123.0
88.5074505204123 -18.05833225346741 123.0
88.50742092238153 -18.052050840493578 121.0
88.50739133307009 -18.04576942748709 122.0
88.50736175247637 -18.039488014447958 123.0
88.50733218059871 -18.033206601376186 125.0
88.50730261743546 -18.02692518827179 122.0
88.50727306298496 -18.02064377513478 120.0
88.50724351724561 -18.014362361965162 121.0
88.51424646288646 -18.089710737122775 120.0
88.51421658224724 -18.083429328506966 120.0
88.51418671040598 -18.07714791985791 123.0
88.51415684736101 -18.07086651117563 123.0
88.51412699311068 -18.06458510246013 124.0
88.5140971476533 -18.05830369371142 123.0
88.51406731098723 -18.05202228492951 124.0
88.51403748311083 -18.04574087611441 120.0
88.5140076640224 -18.03945946726614 123.0
88.5139778537203 -18.03317805838471 122.0
88.51394805220288 -18.026896649470117 122.0
88.51391825946847 -18.020615240522385 120.0
88.52086416254954 -18.083400522484784 123.0
88.52083405179265 -18.077119118063447 124.0
88.52080394990239 -18.070837713608345 122.0
88.52077385687708 -18.0645563091195 122.0
88.5207437727151 -18.058274904596896 124.0
88.5207136974147 -18.051993500040574 123.0
88.52068363097426 -18.04571209545053 123.0
88.5206535733921 -18.039430690826773 121.0
88.52059348479588 -18.026867881478186 121.0
88.52751174065133 -18.08337148696983 122.0
88.52748139097974 -18.077090086809893 122.0
88.52745105024516 -18.070808686615656 123.0
88.52742071844588 -18.064527286387122 122.0
88.52739039558023 -18.05824588612431 122.0
88.52736008164649 -18.051964485827234 122.0
88.527329776643 -18.04568308549589 122.0
88.52729948056806 -18.03940168513031 121.0
88.52720864589773 -18.0205574838282 120.0
88.53409814837194 -18.070779430198023 120.0
88.53406757779965 -18.064498034263483 121.0
