# successful candidates for region at (126.57729515877597, 52.393835401030415) and radius 1.0
125.18379255788639 52.15135282748829 27.0
125.18360081388876 52.1574701738473 27.0
125.19390377680269 52.14535221953057 27.0
125.19371345986663 52.15146958558714 28.0
125.19352308010495 52.15758695121411 28.0
125.19333263748737 52.16370431641127 27.0
125.19314213198366 52.16982168117839 27.0
125.20382336687629 52.1454681244474 27.0
125.20363441375207 52.15158550962828 28.0
125.20344539825201 52.157702894385686 28.0
125.20325632034613 52.16382027871943 27.0
125.20306718000437 52.16993766262928 27.0
125.21411800137305 52.13334838584944 27.0
125.21393053584868 52.13946579085129 27.0
125.21374300845793 52.14558319543617 27.0
125.21355541917102 52.15170059960388 27.0
125.21336776795813 52.157818003354194 28.0
125.21318005478949 52.16393540668694 28.0
125.21299227963526 52.1700528096019 27.0
125.2245929071907 52.115110311241004 27.0
125.22403496771472 52.13346258522187 27.0
125.22384886515393 52.139580009060964 28.0
125.22366270117615 52.14569743248912 28.0
125.22347647575185 52.15181485550617 28.0
125.2232901888515 52.157932278111886 28.0
125.22310384044542 52.16404970030605 29.0
125.22291743050405 52.17016712208851 28.0
125.22273095899777 52.17628454345903 27.0
125.22254442589688 52.18240196441742 27.0
125.22235783117176 52.188519384963485 27.0
125.22217117479268 52.19463680509701 27.0
125.22198445672994 52.20075422481783 27.0
125.23469033397103 52.10910617672447 28.0
125.23450583797587 52.11522362088117 27.0
125.2339519847713 52.13357595092562 27.0
125.23376724519915 52.139693393464555 27.0
125.23358244465948 52.14581083559856 28.0
125.23339758312294 52.15192827732744 28.0
125.23321266056021 52.15804571865099 28.0
125.23302767694192 52.16416315956903 28.0
125.23284263223862 52.17028060008135 30.0
125.23265752642092 52.17639804018774 29.0
125.2324723594594 52.18251547988804 29.0
125.23228713132457 52.18863291918201 28.0
125.23210184198697 52.19475035806948 28.0
125.23191649141717 52.20086779655024 27.0
125.23173107958554 52.206985234624106 27.0
125.24478502821206 52.103101171468275 27.0
125.24460195380748 52.109218634561635 28.0
125.24441881903017 52.11533609725698 28.0
125.24423562385114 52.121453559554126 27.0
125.24405236824133 52.12757102145287 27.0
125.24368567561305 52.13980594405441 27.0
125.24350223853641 52.1459234047568 27.0
125.24331874091261 52.152040865060044 28.0
125.24313518271248 52.1581583249639 29.0
125.24295156390691 52.16427578446821 30.0
125.24276788446669 52.17039324357277 29.0
125.24258414436258 52.176510702277376 30.0
125.24240034356545 52.18262816058183 29.0
125.24221648204596 52.18874561848596 28.0
125.24203255977494 52.194863075989566 28.0
125.24184857672309 52.20098053309244 28.0
125.24166453286108 52.20709798979439 28.0
125.25469533712825 52.103212777775205 27.0
125.25451362351775 52.10933025926407 27.0
125.25433184998298 52.11544774036084 28.0
125.25415001649509 52.1215652210653 28.0
125.25396812302526 52.12768270137725 27.0
125.25378616954464 52.13380018129654 27.0
125.25360415602432 52.13991766082294 27.0
125.25342208243546 52.14603513995628 27.0
125.25323994874914 52.15215261869636 29.0
125.25305775493644 52.158270097042994 29.0
125.25287550096837 52.16438757499598 30.0
125.25269318681602 52.17050505255515 29.0
125.25251081245038 52.17662252972029 28.0
125.25232837784246 52.1827400064912 28.0
125.2521458829632 52.188857482867725 28.0
125.25196332778361 52.19497495884966 28.0
125.25178071227462 52.20109243443678 28.0
125.25159803640715 52.207209909628936 28.0
125.2644253427315 52.10944105082431 27.0
125.26424493046372 52.11555855018524 29.0
125.2640644586915 52.12167604915973 29.0
125.26388392738613 52.127793547747586 28.0
125.26370333651907 52.133911045948615 27.0
125.26352268606162 52.14002854376263 27.0
125.26334197598514 52.14614604118945 29.0
125.26316120626088 52.15226353822886 29.0
125.26298037686016 52.15838103488071 29.0
125.26279948775424 52.1644985311448 29.0
125.26261853891437 52.17061602702094 29.0
125.26243753031183 52.176733522508925 28.0
125.26225646191777 52.18285101760859 27.0
125.26207533370345 52.18896851231973 28.0
125.26189414564 52.19508600664217 28.0
125.26171289769857 52.20120350057571 28.0
125.26153158985032 52.20732099412015 27.0
125.27433711107822 52.10955100923485 27.0
125.27415806010177 52.11566852672271 29.0
125.27397895006952 52.12178604382995 28.0
125.27379978095301 52.12790356055636 28.0
125.27362055272387 52.13402107690176 29.0
125.27344126535364 52.14013859286597 29.0
125.27326191881386 52.1462561084488 28.0
125.27308251307606 52.15237362365007 29.0
125.27290304811174 52.15849113846959 29.0
125.27272352389241 52.16460865290718 29.0
125.27254394038951 52.170726166962645 28.0
125.27236429757451 52.176843680635805 27.0
125.27218459541882 52.18296119392649 27.0
125.27200483389386 52.189078706834486 27.0
125.27182501297105 52.1951962193596 27.0
125.27164513262174 52.20131373150169 28.0
125.2714651928173 52.207431243260544 27.0
125.26912055187596 52.28695886116617 27.0
125.26893977668173 52.293076367540095 27.0
125.28424892818752 52.1096601344883 27.0
125.28407123852652 52.115777669965844 27.0
125.28389349025835 52.121895205068526 27.0
125.28371568335484 52.12801273979617 29.0
125.28353781778779 52.134130274148575 30.0
125.28335989352897 52.14024780812555 30.0
125.28318191055011 52.14636534172694 28.0
125.283003868823 52.15248287495255 29.0
125.28282576831934 52.15860040780218 29.0
125.28264760901081 52.16471794027567 29.0
125.28246939086911 52.17083547237283 29.0
125.28157741667096 52.20142312720728 27.0
125.27943065346034 52.274833460268425 27.0
125.2792513714589 52.28095098556025 27.0
125.27907203008279 52.28706851047227 27.0
125.29433706388006 52.10365087287833 27.0
125.29416079368895 52.10976842657729 27.0
125.29398446536733 52.1158859799073 27.0
125.29380807888721 52.12200353286814 28.0
125.29363163422067 52.128121085459654 29.0
125.29345513133967 52.13423863768168 30.0
125.29327857021626 52.14035618953402 30.0
125.29310195082236 52.14647374101648 28.0
125.29292527312994 52.1525912921289 28.0
125.29274853711095 52.1587088428711 29.0
125.29257174273731 52.16482639324289 29.0
125.29239488998093 52.17094394324409 28.0
125.2895572828254 52.26882469271662 27.0
125.2893794332455 52.27494223639024 27.0
125.30424761648848 52.10375831408608 27.0
125.30407270721201 52.10987588549456 27.0
125.30389774025352 52.11599345653974 28.0
125.30372271558524 52.122111027221464 28.0
125.30354763317943 52.12822859753954 29.0
125.30337249300834 52.134346167493774 29.0
125.30319729504411 52.14046373708404 29.0
125.30302203925899 52.146581306310104 30.0
125.30284672562513 52.15269887517183 28.0
125.30267135411471 52.15881644366903 28.0
125.30249592469983 52.16493401180152 29.0
125.3023204373526 52.17105157956913 28.0
125.29968115625046 52.26281505217639 28.0
125.31398466838625 52.10998251123285 28.0
125.31381106281445 52.11610009985596 29.0
125.31363739998159 52.122217688121246 28.0
125.31346367986015 52.12833527602852 28.0
125.31328990242251 52.13445286357763 29.0
125.31311606764116 52.14057045076836 29.0
125.31294217548844 52.146688037600576 29.0
125.31276822593684 52.15280562407408 28.0
125.31259421895861 52.1589232101887 27.0
125.3124201545262 52.165040795944286 28.0
125.31224603261187 52.17115838134063 27.0
125.30980227467847 52.256804539072874 27.0
125.30962728720385 52.262922119059816 27.0
125.30945224180229 52.26903969868474 27.0
125.32389667684117 52.11008830378499 27.0
125.32372443267946 52.11620590984878 28.0
125.32355213170541 52.12232351556032 27.0
125.32337977389172 52.12844112091945 28.0
125.32320735921103 52.134558725926 29.0
125.32303488763597 52.140676330579794 29.0
125.32286235913917 52.146793934880655 29.0
125.32268977369323 52.15291153882842 28.0
125.32251713127074 52.159029142422916 27.0
125.32234443184426 52.165146745663975 27.0
125.3331248630026 52.134663754531786 27.0
125.33295375465711 52.14078137651118 28.0
125.33278258983948 52.14689899814323 29.0
125.33261136852254 52.15301661942772 29.0
125.33244009067909 52.159134240364516 28.0
125.34270286721781 52.147003227381184 27.0
125.34253301005297 52.15312086586488 27.0
125.35245469791272 52.153224278132875 27.0
