# successful candidates for region at (100.33420877882855, -40.81543648259493) and radius 1.0
100.44952036480827 -41.398759268762475 81.0
100.44950939802159 -41.392553419071845 82.0
100.80966083796882 -40.33663505645911 81.0
100.84266071880892 -40.34890616693386 81.0
101.36008909126025 -40.823334585018294 81.0
101.35999311995322 -40.81712934239813 81.0
101.36837532914662 -40.82326089753049 81.0
101.37881371158684 -40.95970147494554 81.0
101.38711701389865 -40.9596263784458 81.0
101.39551998769241 -40.965755885995094 81.0
101.39542029726069 -40.95955068745369 81.0
101.4037235615236 -40.95947440197218 83.0
