# successful candidates for region at (350.3884577874475, 40.032639519640576) and radius 1.0
349.3994250643889 40.21234365819022 59.0
349.4078337401512 40.19989038706114 60.0
349.4077432649127 40.20615180395414 60.0
349.4076527651487 40.21241322071088 61.0
349.4075622408502 40.2186746373313 62.0
349.4074716920083 40.224936053815355 59.0
349.4161496321331 40.19369792345663 59.0
349.41605993997183 40.19995934983309 60.0
349.41597022349947 40.206220776075604 62.0
349.4158804827072 40.212482202184134 63.0
349.4157907175862 40.218743628158634 63.0
349.4157009281275 40.22500505399905 60.0
349.4243750900307 40.19376629606753 59.0
349.4242861564367 40.20002773171252 59.0
349.42419719873726 40.20628916722584 62.0
349.42410821692357 40.212550602607415 62.0
349.4240192109868 40.21881203785723 62.0
349.42393018091803 40.225073472975204 60.0
349.4238411267087 40.231334907961305 60.0
349.4326887155538 40.18757264289785 59.0
349.4326005644251 40.19383408786206 59.0
349.4325123894052 40.200095532696864 60.0
349.4324241904854 40.206356977402244 60.0
349.4323359676569 40.212618421978135 61.0
349.4322477209111 40.21887986642448 61.0
349.4409134479292 40.18763984476454 59.0
349.4408260551757 40.193901298837645 60.0
349.44073863873655 40.20016275278358 61.0
349.44065119860306 40.20642420660228 59.0
349.44056373476644 40.212685660293715 60.0
349.4404762472182 40.21894711385783 59.0
349.43775232478276 40.413052110928426 59.0
349.44913819651356 40.18770646588846 60.0
349.4490515621419 40.193967928991775 59.0
349.44896490429005 40.200229391970105 60.0
349.44887822294936 40.206490854823414 59.0
349.4656728362743 40.18157648484973 59.0
349.47398118793063 40.17537986497977 59.0
349.47364379687616 40.20042582410356 59.0
349.4818701259109 40.20049013966444 59.0
349.4786755633554 40.43842698917817 59.0
349.49840493658786 40.1943555125265 59.0
349.51493675183684 40.18821852784313 59.0
349.5137259490972 40.282141504153124 59.0
349.5136450536276 40.288403035039366 59.0
349.5135641362017 40.2946645658169 59.0
349.52204234762445 40.275941484178176 59.0
349.5218821014853 40.28846456276205 59.0
349.5218019457951 40.29472610189401 60.0
349.5217217683474 40.30098764091926 61.0
349.5207579389773 40.376126100884186 59.0
349.5302778875177 40.276002413327646 59.0
349.53011916424236 40.288525508456274 61.0
349.5300397702941 40.294787055863644 61.0
349.5299603547949 40.30104860316632 60.0
349.53867055727324 40.26353964867859 59.0
349.5385920103715 40.269801204692726 60.0
349.5385134421568 40.27606276060431 60.0
349.53843485262126 40.28232431641334 61.0
349.53835624175724 40.28858587211975 61.0
349.5382776095568 40.2948474277235 60.0
349.5381989560123 40.30110898322457 59.0
349.54682681848084 40.26986096198286 60.0
349.5467490114002 40.276122526005906 61.0
349.5466711832053 40.282384089928335 61.0
349.54659333388844 40.28864565375016 60.0
349.54651546344184 40.29490721747129 59.0
349.5464375718578 40.30116878109174 59.0
349.5458136773079 40.35126128642503 59.0
349.5457355951381 40.35752284913735 60.0
349.54565749175333 40.363784411748554 59.0
349.54557936714576 40.370045974258645 59.0
349.5455012213077 40.376307536667554 59.0
349.54542305423126 40.382569098975246 59.0
349.54534486590865 40.38883066118169 60.0
349.55506164104725 40.26992013747461 60.0
349.5549845951066 40.276181709530135 62.0
349.5549075282581 40.282443281487026 59.0
349.5548304404943 40.28870485334526 59.0
349.5547533318074 40.29496642510477 59.0
349.5540584108226 40.351320566492156 59.0
349.5539810924833 40.3575821372625 60.0
349.5539037531364 40.36384370793368 61.0
349.55382639277434 40.37010527850572 60.0
349.5537490113893 40.37636684897855 60.0
349.55367160897373 40.38262841935214 59.0
349.5535941855197 40.38888998962644 60.0
349.56329647792927 40.269978731165715 59.0
349.5631438876383 40.282501891087165 59.0
349.562991214512 40.29502505062167 59.0
349.5623796924398 40.34511768488446 59.0
349.5623031587291 40.351379263730735 59.0
349.562226604226 40.35764084247987 62.0
349.5621500289229 40.363902421131826 61.0
349.56207343281216 40.37016399968656 61.0
349.56199681588606 40.37642557814405 61.0
349.5619201781371 40.38268715650425 60.0
349.5618435195576 40.38894873476712 60.0
349.5716068321417 40.26377515507559 59.0
349.57153132898566 40.27003674305398 59.0
349.57145580534234 40.276298330937635 59.0
349.5713802612043 40.282559918726506 60.0
349.57130469656397 40.28882150642057 59.0
349.57122911141397 40.29508309401978 59.0
349.5711535057467 40.30134468152412 59.0
349.57077516938836 40.33265261762121 59.0
349.5706994404597 40.33891420455546 59.0
349.5706236909611 40.34517579139458 59.0
349.5705479208851 40.35143737813853 61.0
349.57047213022406 40.357698964787254 61.0
349.5703963189705 40.36396055134074 62.0
349.5703204871168 40.370222137798926 62.0
349.5702446346556 40.376483724161815 63.0
349.5701687615791 40.38274531042933 61.0
349.5700928678799 40.38900689660145 59.0
349.5797661940748 40.27009417313722 59.0
349.5796914315888 40.27635576881649 60.0
349.5796166488146 40.28261736440289 60.0
349.5790176553524 40.33271012574628 59.0
349.5789426896495 40.3389717204952 60.0
349.578867703584 40.3452333151509 61.0
349.57879269714834 40.351494909713324 62.0
349.5787176703352 40.35775650418244 59.0
349.578642623137 40.36401809855822 60.0
349.5785675555462 40.37027969284064 63.0
349.5784924675555 40.37654128702964 63.0
349.5784173591573 40.38280288112519 60.0
349.5782670811086 40.39532606903582 59.0
349.5880010730556 40.270151021413234 59.0
349.5871859527932 40.33902865375814 61.0
349.5871117301665 40.34529025615123 62.0
349.58703748737696 40.35155185845294 60.0
349.5869632244173 40.35781346066325 60.0
349.58688894128005 40.364075062782106 62.0
349.5868146379579 40.37033666480948 63.0
349.5867403144434 40.37659826674534 63.0
349.5866659707292 40.38285986858964 60.0
349.5865916068078 40.38912147034235 59.0
349.5963823864988 40.257684065545355 60.0
349.596309186073 40.26394567675715 59.0
349.5962359657863 40.2702072878799 59.0
349.59616272563176 40.276468898913535 59.0
349.59550266898304 40.332823394201306 59.0
349.5954292297488 40.33908500434209 61.0
349.59535577056636 40.34534661439342 61.0
349.5952822914286 40.35160822435523 62.0
349.59520879232804 40.357869834227515 60.0
349.5951352732575 40.36413144401021 62.0
349.59506173420954 40.3703930537033 64.0
349.594988175177 40.376654663306745 62.0
349.59491459615236 40.38291627282051 60.0
349.5948409971284 40.38917788224456 59.0
349.5947673780978 40.39543949157887 59.0
349.5946937390531 40.401701100823395 59.0
349.6045433314448 40.26400135385543 59.0
349.60447087212583 40.270262972535065 59.0
349.6036725203741 40.339140772244946 60.0
349.60359982464166 40.34540238987533 61.0
349.6035271091611 40.351664007418044 65.0
349.60345437392533 40.35792562487308 62.0
349.60338161892696 40.36418724224039 63.0
349.6033088441589 40.370448859519946 61.0
349.60323604961377 40.37671047671172 60.0
349.60316323528434 40.38297209381567 59.0
349.6030904011634 40.38923371083174 60.0
349.60301754724367 40.39549532775994 60.0
349.60243400225704 40.44558826001736 59.0
349.61191582452716 40.339195957464575 59.0
349.6118438922502 40.34545758259483 63.0
349.61177194043245 40.35171920763928 62.0
349.61169996906693 40.35798083259786 60.0
349.6116279781463 40.36424245747055 60.0
349.61155596766355 40.37050408225732 60.0
349.6114839376114 40.376765706958146 59.0
349.61126772996704 40.395550580544516 60.0
349.6111956215657 40.40181220490119 60.0
349.611123493559 40.40807382917173 60.0
349.61105134593987 40.414335453356124 60.0
349.61090699183535 40.4268587014663 59.0
349.61083478533556 40.43312032539203 60.0
349.6201591420659 40.339250559998874 59.0
349.62008797324984 40.34551219254985 60.0
349.6200167851004 40.351773825016814 62.0
349.6198743507732 40.364297089698574 59.0
349.61980310458125 40.37055872191332 59.0
349.6196605541051 40.38308198609034 60.0
349.6195892498067 40.38934361805256 61.0
349.61951792612535 40.39560524993054 60.0
349.61944658305384 40.401866881724246 61.0
349.6193752205851 40.40812851343365 61.0
349.61930383871197 40.41439014505873 61.0
349.6284024728484 40.339304579845795 59.0
349.6283320674986 40.3455662197383 61.0
349.6282616430229 40.35182785954861 60.0
349.6281911994141 40.35808949927664 61.0
349.6281207366654 40.3643511389224 60.0
349.6280502547696 40.37061277848586 59.0
349.62797975371984 40.37687441796697 59.0
349.627909233509 40.38313605736569 60.0
349.62783869413005 40.389397696682 60.0
349.627768135576 40.39565933591589 61.0
349.6276975578397 40.4019209750673 60.0
349.6276269609143 40.4081826141362 59.0
349.62755634479265 40.414444253122575 60.0
349.62748570946775 40.42070589202638 59.0
349.6365065140576 40.35188131123258 60.0
349.6364368343353 40.35814295822653 61.0
349.6363671356806 40.36440460513999 60.0
349.6362974180863 40.370666251972885 59.0
349.6362276815458 40.37692789872523 59.0
349.6361579260519 40.38318954539697 59.0
349.63608815159773 40.38945119198808 60.0
349.6360183581764 40.395712838498525 60.0
349.63594854578076 40.40197448492828 60.0
349.6358787144041 40.40823613127732 60.0
349.6448202951749 40.34567252580735 60.0
349.6447513980625 40.35193418006672 61.0
349.64468248223193 40.35819583424737 62.0
349.64461354767644 40.36445748834927 60.0
349.6445445943891 40.370719142372394 60.0
349.644475622363 40.37698079631669 60.0
349.64440663159144 40.38324245018215 60.0
349.6443376220674 40.38950410396874 60.0
349.644268593784 40.39576575767643 61.0
349.6441995467344 40.40202741130519 61.0
349.6530644283183 40.345724804683904 61.0
349.6529962948954 40.35198646604903 61.0
349.6529281429618 40.35824812733715 61.0
349.6528599725108 40.36450978854826 59.0
349.65272357602925 40.37703311073933 61.0
349.65265534998514 40.38329477171922 59.0
349.6525188422563 40.39581809344758 59.0
349.66130857414237 40.345776500785824 59.0
349.6612412044141 40.35203816917749 60.0
349.66117381638264 40.35829983749389 61.0
349.6611064100413 40.364561505734976 59.0
349.6858457973871 40.364713159201955 59.0
349.7023387831566 40.36481134641648 59.0
349.71883181629596 40.36490720153612 59.0
349.7352643500876 40.37126245243079 59.0
