# successful candidates for region at (81.19876686806136, -6.919057865144303) and radius 1.0
81.94257893259257 -7.032618861100892 120.0
81.94890583173682 -7.032608945437378 120.0
81.94889569016524 -7.026294154553611 119.0
81.9615596292136 -7.032588862167236 120.0
81.9615493165881 -7.026274077602096 120.0
81.96788652754155 -7.032578694560861 119.0
81.9678761293895 -7.026263913194668 121.0
81.96786573774828 -7.019949131818158 119.0
81.97421342559282 -7.032568442973786 119.0
81.97420294191448 -7.026253664832963 122.0
81.98055089918806 -7.038872882284503 119.0
81.9805297541608 -7.026243332517108 121.0
81.98051919157434 -7.019928557617416 119.0
81.98686722085634 -7.03254768785805 120.0
81.98685656612616 -7.026232916247233 121.0
81.99319411806401 -7.032537184329649 119.0
81.99318337780832 -7.026222416023469 120.0
82.00582609584016 -7.019886402085801 119.0
82.005804307387 -7.007256878793742 120.0
