# successful candidates for region at (255.5275579846848, -3.6074329612932585) and radius 1.0
255.08744729337943 -4.1738747187091265 77.0
255.08745392657156 -4.161469106412569 77.0
255.08745723793115 -4.155266300261553 77.0
255.09373553883498 -4.186283504605686 77.0
255.0937388165997 -4.180080696713532 77.0
255.093742090923 -4.173877888819602 77.0
255.09374536180496 -4.167675080923897 77.0
255.09374862924568 -4.1614722730264155 77.0
255.10002719789915 -4.1924894421092365 77.0
255.100030431496 -4.1862866324955545 79.0
255.10003366170113 -4.180083822880145 78.0
255.10003688851472 -4.17388101326301 79.0
255.10004011193692 -4.167678203644151 78.0
255.1063316861539 -4.173884092039311 77.0
255.11262335204592 -4.180089938136456 77.0
255.11890892498454 -4.198701371123507 78.0
255.1189120189943 -4.192498556492612 77.0
255.19445130728818 -4.1925308971671 77.0
255.20075612001926 -4.167721959843394 78.0
255.20705087086202 -4.16772430664638 78.0
255.20705328491528 -4.161521471586386 78.0
255.232178066378 -4.310398556927768 77.0
255.2321803446959 -4.304195716958926 77.0
255.23218262066874 -4.297992876989242 79.0
255.2321848942966 -4.29179003701872 78.0
255.2384694552346 -4.3228063846903195 77.0
255.23847168958275 -4.316603543553255 81.0
255.23847392163557 -4.310400702415384 80.0
255.2384761513932 -4.304197861276708 80.0
255.2384783788558 -4.297995020137228 79.0
255.23848060402335 -4.2917921789969435 78.0
255.23848504747406 -4.279386496713969 77.0
255.2447632198627 -4.329011328526216 78.0
255.244765407796 -4.322808486245224 79.0
255.24476759348386 -4.31660564396346 79.0
255.2447697769264 -4.310402801680924 81.0
255.24477195812375 -4.304199959397618 82.0
255.244774137076 -4.297997117113543 80.0
255.24477631378326 -4.291794274828698 80.0
255.2447784882456 -4.285591432543086 78.0
255.24478066046316 -4.279388590256706 77.0
255.24478499816436 -4.266982905681646 77.0
255.251059221167 -4.3290133849281425 77.0
255.25106136038997 -4.322810541527621 77.0
255.25106349741753 -4.3166076981263615 79.0
255.2510656322497 -4.310404854724365 80.0
255.25106776488673 -4.304202011321632 81.0
255.25106989532856 -4.297999167918163 81.0
255.2510720235754 -4.291796324513959 79.0
255.25107414962736 -4.285593481109021 79.0
255.25107627348447 -4.27939063770335 80.0
255.25107839514692 -4.273187794296945 81.0
255.25108051461476 -4.266984950889808 78.0
255.25108263188807 -4.26078210748194 77.0
255.25108474696697 -4.254579264073341 77.0
255.25108685985163 -4.248376420664011 77.0
255.251088970542 -4.2421735772539515 77.0
255.2510910790384 -4.235970733843165 77.0
255.25109739136383 -4.217362203606436 77.0
255.2510994910848 -4.211159360192741 77.0
255.257359401383 -4.316609706041936 77.0
255.2573614876048 -4.310406861545681 79.0
255.25736357168142 -4.304204017048724 81.0
255.25736565361282 -4.298001172551064 81.0
255.25736773339926 -4.291798328052702 82.0
255.25736981104075 -4.28559548355364 80.0
255.25737188653738 -4.279392639053875 82.0
255.2573739598893 -4.273189794553412 82.0
255.25737603109656 -4.266986950052249 80.0
255.25737810015934 -4.260784105550386 80.0
255.2573801670776 -4.254581261047828 78.0
255.25738223185164 -4.248378416544571 77.0
255.2573842944814 -4.242175572040617 78.0
255.257386354967 -4.235972727535969 78.0
255.25739046950622 -4.223567038524584 77.0
255.2573945754701 -4.211161349510425 77.0
255.25739662523654 -4.204958505002306 78.0
255.263657342991 -4.310408822144851 79.0
255.26365937850713 -4.304205976578872 79.0
255.2636614119281 -4.298003131012222 81.0
255.26366344325402 -4.2918002854449036 82.0
255.26366547248494 -4.285597439876916 83.0
255.26366749962108 -4.27939459430826 86.0
255.26366952466245 -4.273191748738936 83.0
255.2636715476091 -4.266988903168945 81.0
255.26367356846126 -4.260786057598288 81.0
255.2636755872189 -4.254583212026965 81.0
255.2636776038822 -4.248380366454977 77.0
255.26367961845125 -4.242177520882325 77.0
255.26368163092604 -4.2359746753090075 77.0
255.2636836413068 -4.229771829735028 78.0
255.26368965988567 -4.211163293009116 77.0
255.2636916618911 -4.204960447432488 77.0
255.2699392324453 -4.353830662772498 77.0
255.26994323294846 -4.341424969561234 77.0
255.26995319840748 -4.310410736521847 77.0
255.26995518536307 -4.304207889912051 81.0
255.26995717027353 -4.298005043301615 83.0
255.26995915313893 -4.29180219669054 84.0
255.26996113395933 -4.285599350078828 83.0
255.26996311273487 -4.279396503466479 85.0
255.2699650894656 -4.273193656853494 83.0
255.26996706415167 -4.266990810239874 81.0
255.26996903679313 -4.260787963625619 81.0
255.2699710073901 -4.254585117010729 81.0
255.26997297594266 -4.248382270395205 78.0
255.27623933194712 -4.3414268428095815 77.0
255.2762412803195 -4.335223995184214 78.0
255.27624322669627 -4.3290211475582385 77.0
255.27624905385355 -4.310412604676651 79.0
255.2762509922486 -4.304209757048238 81.0
255.27625292864852 -4.298006909419216 85.0
255.27625486305334 -4.291804061789588 85.0
255.27625679546315 -4.285601214159353 83.0
255.276258725878 -4.279398366528512 85.0
255.27626065429814 -4.273195518897064 85.0
255.27626258072345 -4.266992671265013 83.0
255.27626450515424 -4.260789823632358 82.0
255.27626642759046 -4.254586975999096 81.0
255.27626834803223 -4.248384128365234 80.0
255.27627026647966 -4.242181280730768 77.0
255.27627409739188 -4.229775585460032 77.0
255.28253352946732 -4.3476315183280345 77.0
255.2825354309749 -4.3414286697096856 77.0
255.28253733053677 -4.335225821090756 78.0
255.28253922815298 -4.329022972471247 78.0
255.28254112382356 -4.322820123851156 79.0
255.28254301754873 -4.316617275230486 80.0
255.2825449093285 -4.310414426609238 79.0
255.28254679916301 -4.304211577987411 81.0
255.28254868705227 -4.298008729365008 83.0
255.28255057299648 -4.291805880742027 85.0
255.2825524569956 -4.285603032118468 86.0
255.28255433904985 -4.279400183494334 88.0
255.28255621915923 -4.273197334869624 86.0
255.28255809732389 -4.26699448624434 84.0
255.2825599735439 -4.26079163761848 85.0
255.28256184781932 -4.254588788992047 82.0
255.28256372015022 -4.248385940365041 80.0
255.28256559053682 -4.242183091737461 80.0
255.2825674589791 -4.235980243109309 79.0
255.28256932547717 -4.229777394480585 78.0
255.28257119003112 -4.223574545851292 77.0
255.2888333807823 -4.335227600674241 77.0
255.28883522963793 -4.329024751086403 79.0
255.28883707659793 -4.322821901498014 79.0
255.2888389216625 -4.316619051909076 80.0
255.28884076483163 -4.310416202319588 80.0
255.28884260610548 -4.304213352729551 83.0
255.28884444548413 -4.298010503138965 83.0
255.28884628296765 -4.291807653547832 83.0
255.28884811855607 -4.2856048039561525 85.0
255.28884995224962 -4.279401954363925 88.0
255.28885178404826 -4.273199104771151 88.0
255.2888536139521 -4.266996255177831 85.0
255.28885544196132 -4.260793405583967 83.0
255.2888572680759 -4.254590555989557 82.0
255.28885909229598 -4.2483877063946025 82.0
255.28886091462164 -4.242184856799105 80.0
255.288862735053 -4.235982007203064 80.0
255.2888645535901 -4.2297791576064805 79.0
255.288866370233 -4.2235763080093545 78.0
255.28886818498182 -4.217373458411687 78.0
255.29512582532848 -4.3476350349949975 77.0
255.2951276291149 -4.341432184465084 77.0
255.2951294310555 -4.335229333934645 79.0
255.29513123115046 -4.329026483403687 80.0
255.29513302939984 -4.322823632872205 79.0
255.29513482580373 -4.316620782340201 79.0
255.2951366203622 -4.310417931807678 80.0
255.2951384130754 -4.304215081274633 84.0
255.29514020394333 -4.29801223074107 84.0
255.2951419929661 -4.2918093802069865 84.0
255.29514378014386 -4.285606529672385 84.0
255.2951455654766 -4.279403679137262 84.0
255.29514734896443 -4.273200828601624 85.0
255.29514913060748 -4.2669979780654685 87.0
255.29515091040585 -4.260795127528795 82.0
255.29515268835956 -4.254592276991605 82.0
255.29515446446874 -4.2483894264539 83.0
255.29515623873343 -4.24218657591568 80.0
255.2951580111538 -4.235983725376943 80.0
255.29515978172984 -4.229780874837694 80.0
255.29516155046167 -4.223578024297929 79.0
255.29516331734942 -4.2173751737576515 77.0
255.29516508239308 -4.211172323216861 77.0
255.30142372822561 -4.341433872320335 77.0
255.30142548135552 -4.335231020871953 78.0
255.30142723268986 -4.329028169423077 82.0
255.30142898222857 -4.322825317973708 81.0
255.30143072997174 -4.316622466523844 81.0
255.30143247591954 -4.310419615073488 83.0
255.30143422007197 -4.30421676362264 83.0
255.30143596242914 -4.2980139121712995 85.0
255.3014377029912 -4.291811060719467 84.0
255.30143944175813 -4.285608209267143 85.0
255.3014411787301 -4.279405357814329 85.0
255.3014429139071 -4.273202506361024 86.0
255.3014446472893 -4.266999654907229 84.0
255.30144637887673 -4.260796803452946 84.0
255.30144810866955 -4.254593951998173 85.0
255.30144983666776 -4.2483911005429125 85.0
255.30145156287153 -4.242188249087164 83.0
255.3014532872808 -4.235985397630928 81.0
255.30145500989576 -4.229782546174203 80.0
255.30145673071652 -4.223579694716995 79.0
255.30145844974305 -4.217376843259299 78.0
255.30146188241406 -4.204971140342452 77.0
255.3014670179664 -4.186362585963546 77.0
255.30771812129748 -4.347638366167911 77.0
255.3077198273625 -4.3414355138272605 79.0
255.30772153168175 -4.335232661486142 80.0
255.30772323425532 -4.329029809144557 82.0
255.3077249350833 -4.322826956802504 82.0
255.30772663416576 -4.316624104459985 84.0
255.30772833150277 -4.310421252117 85.0
255.3077300270945 -4.304218399773549 86.0
255.30773172094086 -4.2980155474296335 87.0
255.30773341304211 -4.2918126950852535 85.0
255.30773510339822 -4.285609842740409 84.0
255.30773679200936 -4.279406990395101 85.0
255.3077384788755 -4.273204138049329 82.0
255.30774016399684 -4.267001285703095 85.0
255.30774184737334 -4.260798433356398 82.0
255.30774352900517 -4.25459558100924 83.0
255.30774520889244 -4.248392728661618 84.0
255.3077468870351 -4.242189876313537 81.0
255.30774856343334 -4.235987023964996 81.0
255.3077502380872 -4.229784171615993 82.0
255.30775191099679 -4.223581319266531 81.0
255.30775358216215 -4.2173784669166094 79.0
255.30775525158336 -4.211175614566229 77.0
255.31401261042055 -4.353842815401814 80.0
255.3140142693206 -4.347639962194049 78.0
255.31401592652486 -4.341437108985841 79.0
255.3140175820334 -4.335234255777193 80.0
255.31401923584622 -4.329031402568102 81.0
255.3140208879634 -4.322828549358572 83.0
255.31402253838507 -4.316625696148601 84.0
255.3140241871113 -4.310422842938191 86.0
255.3140258341422 -4.304219989727342 86.0
255.3140274794778 -4.298017136516054 86.0
255.3140291231182 -4.291814283304328 85.0
255.31403076506345 -4.285611430092162 85.0
255.31403240531372 -4.27940857687956 84.0
255.31403404386893 -4.27320572366652 82.0
255.31403568072932 -4.2670028704530445 82.0
255.3140373158949 -4.2608000172391325 81.0
255.31403894936574 -4.254597164024784 82.0
255.31404058114194 -4.24839431081 82.0
255.31404221122352 -4.242191457594782 81.0
255.31404383961063 -4.235988604379128 80.0
255.3140454663034 -4.229785751163041 78.0
255.31404709130177 -4.223582897946519 79.0
255.3140487146059 -4.217380044729564 77.0
255.3203088073792 -4.353844365896756 78.0
255.32031041736852 -4.347641511846615 79.0
255.320312025712 -4.341438657796058 78.0
255.32031363240972 -4.3352358037450855 80.0
255.32031523746173 -4.329032949693698 81.0
255.3203168408681 -4.322830095641894 80.0
255.32031844262897 -4.316627241589677 83.0
255.3203200427444 -4.310424387537045 86.0
255.32032164121443 -4.304221533484 86.0
255.3203232380392 -4.298018679430541 84.0
255.3203248332187 -4.29181582537667 85.0
255.3203264267531 -4.285612971322386 84.0
255.32032801864239 -4.27941011726769 83.0
255.3203296088867 -4.273207263212582 83.0
255.3203311974861 -4.267004409157062 83.0
255.32033278444064 -4.260801555101131 81.0
255.32033436975047 -4.254598701044791 82.0
255.32033595341557 -4.248395846988039 83.0
255.32033753543607 -4.242192992930878 81.0
255.32033911581206 -4.235990138873307 79.0
255.3203406945436 -4.229787284815328 78.0
255.32034227163075 -4.22358443075694 77.0
255.3266065654405 -4.347643015125592 78.0
255.32660812492315 -4.341440160257894 80.0
255.32660968281 -4.335237305389803 80.0
255.32661123910117 -4.3290344505213225 80.0
255.32661279379673 -4.322831595652452 80.0
255.32661434689672 -4.316628740783193 81.0
255.32661589840131 -4.310425885913543 86.0
255.32661744831046 -4.304223031043504 85.0
255.32661899662432 -4.298020176173077 83.0
255.32662054334293 -4.291817321302262 84.0
255.32662208846637 -4.285614466431059 83.0
255.3266236319947 -4.2794116115594685 83.0
255.32662517392805 -4.27320875668749 83.0
255.3266267142664 -4.267005901815126 84.0
255.32662825300997 -4.2608030469423746 83.0
255.32662979015865 -4.254600192069239 80.0
255.3266313257127 -4.2483973371957156 81.0
255.32663285967203 -4.242194482321809 78.0
255.32663439203688 -4.235991627447516 79.0
255.32663592280716 -4.229788772572838 77.0
255.33290422415755 -4.341441616371327 79.0
255.33290573323353 -4.335238760711327 79.0
255.33290724076383 -4.329035905050961 79.0
255.33290874674853 -4.322833049390227 80.0
255.33291025118763 -4.316630193729129 81.0
255.3329117540813 -4.310427338067664 82.0
255.33291325542956 -4.304224482405837 82.0
255.33291475523245 -4.298021626743644 82.0
255.33291625349014 -4.291818771081086 82.0
255.33291775020257 -4.285615915418164 82.0
255.33291924536994 -4.279413059754879 81.0
255.33292073899224 -4.273210204091231 82.0
255.33292223106963 -4.26700734842722 82.0
255.33292372160204 -4.260804492762846 83.0
255.3329252105897 -4.25460163709811 82.0
255.33292669803254 -4.248398781433012 78.0
255.33292818393073 -4.242195925767553 77.0
255.33920178367958 -4.33524016970964 77.0
255.33920469972276 -4.322834456855204 79.0
255.33920615550093 -4.316631600427471 78.0
255.33920760978367 -4.310428743999398 79.0
255.33920906257097 -4.304225887570982 80.0
255.3392105138629 -4.298023031142224 79.0
255.33921196365958 -4.291820174713125 80.0
255.33921341196108 -4.285617318283686 81.0
255.3392148587674 -4.279414461853907 82.0
255.33921630407863 -4.2732116054237865 81.0
255.33921774789488 -4.267008748993327 83.0
255.33921919021623 -4.260805892562527 81.0
255.33922063104274 -4.25460303613139 82.0
255.3392220703744 -4.248400179699912 82.0
255.33922350821138 -4.242197323268097 77.0
255.33922494455368 -4.235994466835944 77.0
255.33922637940142 -4.229791610403451 77.0
255.33922781275464 -4.223588753970622 77.0
255.34550205983592 -4.316632960878201 78.0
255.34550346550765 -4.31043010370872 79.0
255.34550486973401 -4.30422724653892 78.0
255.34550627251494 -4.298024389368801 79.0
255.3455076738506 -4.291821532198362 80.0
255.34550907374106 -4.285618675027606 83.0
255.3455104721863 -4.27941581785653 82.0
255.34551186918648 -4.27321296068514 83.0
255.3455132647416 -4.26701010351343 83.0
255.3455146588518 -4.260807246341402 83.0
255.3455160515171 -4.254604389169059 82.0
255.3455174427376 -4.248401531996399 82.0
255.34551883251333 -4.242198674823423 79.0
255.34552022084432 -4.235995817650129 77.0
255.34552160773075 -4.229792960476521 78.0
255.34552299317258 -4.223590103302598 78.0
255.3518006769179 -4.304228559309637 79.0
255.35180203118784 -4.298025701423358 77.0
255.35180338406244 -4.291822843536781 80.0
255.3518047355418 -4.285619985649908 80.0
255.35180608562598 -4.27941712776274 82.0
255.35180743431505 -4.2732142698752735 81.0
255.351808781609 -4.267011411987513 83.0
255.35181012750806 -4.260808554099456 82.0
255.35181147201214 -4.254605696211102 82.0
255.3518128151214 -4.248402838322455 83.0
255.3518141568358 -4.242199980433513 81.0
255.3518154971555 -4.235997122544277 79.0
255.35181683608056 -4.229794264654746 77.0
255.35181817361098 -4.22359140676492 77.0
255.35809778988084 -4.298026967305881 77.0
255.35809909429443 -4.291824108728367 79.0
255.35810039736265 -4.2856212501505775 80.0
255.3581016990857 -4.279418391572513 80.0
255.35810299946363 -4.273215532994175 82.0
255.35810429849641 -4.26701267441556 83.0
255.35810559618423 -4.260809815836669 81.0
255.35810689252708 -4.254606957257505 82.0
255.35810818752503 -4.248404098678067 82.0
255.35810948117816 -4.242201240098355 81.0
255.35811077348652 -4.2359983815183675 80.0
255.35811206445015 -4.229795522938109 79.0
255.35811335406916 -4.223592664357575 77.0
255.35811464234357 -4.21738980577677 77.0
255.3643935485933 -4.298028187016352 77.0
255.36439731256476 -4.279419609285841 78.0
255.36439856463147 -4.273216750041825 80.0
255.3643998154031 -4.267013890797556 80.0
255.36440106487967 -4.260811031553031 79.0
255.36440231306122 -4.254608172308251 81.0
255.36440355994787 -4.248405313063219 82.0
255.36440480553964 -4.242202453817931 80.0
255.36440604983662 -4.23599959457239 81.0
255.36440729283885 -4.229796735326595 79.0
255.36440853454638 -4.223593876080546 79.0
255.36440977495926 -4.217391016834245 77.0
255.3706929260624 -4.279420780902704 77.0
255.3706941298179 -4.2732179210182135 77.0
255.3706953323283 -4.2670150611334865 78.0
255.37069773361384 -4.254609341363327 78.0
255.3706989323892 -4.248406481477895 77.0
255.37070012991956 -4.242203621592227 78.0
255.3707013262051 -4.236000761706326 79.0
255.3707025212459 -4.229797901820189 80.0
255.3707037150419 -4.223595041933819 77.0
255.37699430484824 -4.248407603922082 78.0
255.37699545431724 -4.242204743421231 77.0
255.37699889555512 -4.22359616191738 77.0
255.39587335606797 -4.291830730793571 77.0
255.39587436866904 -4.285627868599499 77.0
255.3958753802247 -4.279425006405262 77.0
255.40217003061025 -4.285628810248346 77.0
