# successful candidates for region at (88.5819473231941, -18.57357798619805) and radius 1.0
88.23097894265861 -18.22289760906934 131.0
88.2375911325486 -18.23547995388487 130.0
88.23761616507755 -18.222909719442566 130.0
88.24427792405739 -18.210351360681553 131.0
88.24431470056425 -18.191496003745687 131.0
88.25093870539615 -18.19779276390096 131.0
88.25096273062944 -18.185222522532165 130.0
88.25756318939126 -18.204089296342207 131.0
88.2575749663543 -18.197804174001735 130.0
88.25758673986589 -18.191519051656144 130.0
88.25759850992667 -18.18523392930543 132.0
88.25761027653732 -18.178948806949595 131.0
88.26419969215199 -18.204100477002843 131.0
88.26421122817827 -18.197815353032 131.0
88.26422276082371 -18.19153022905624 130.0
88.26423429008896 -18.185245105075566 131.0
88.28407674679258 -18.222988018311074 130.0
88.29071397607927 -18.22299827904097 130.0
88.30397833473825 -18.229303239912337 130.0
88.48996425184535 -17.9717922150904 130.0
88.49657654452396 -18.003221089447496 131.0
88.50320539137505 -18.0032239369423 130.0
88.50983683509419 -17.996941393793332 131.0
88.50984202612474 -17.984371072569246 130.0
88.50984462049509 -17.978085911956825 130.0
88.52971513561253 -18.022088511267373 132.0
88.52971701785505 -18.015803349711746 130.0
88.53634634316514 -18.01580504754106 130.0
88.53634962839449 -18.003234723934 131.0
88.54297145404907 -18.034662001323422 131.0
88.54297707261858 -18.009521353253337 132.0
88.54297847622888 -18.003236191235636 133.0
88.54297987942647 -17.996951029217858 131.0
88.54299248964709 -17.94038457105456 130.0
88.54960149650317 -18.034663239495753 130.0
88.54960615931863 -18.009522590703227 130.0
88.54960732416598 -18.00323742850497 132.0
88.54961895381354 -17.940385806519622 131.0
88.54962707422374 -17.89638967112688 130.0
88.55623339311823 -18.02209392277762 130.0
88.55623524610398 -18.00952359808723 132.0
88.5562426471578 -17.95924229932441 130.0
88.55624634115692 -17.934101649942225 132.0
88.5562472639773 -17.9278164875966 132.0
88.55624818652598 -17.921531325250946 130.0
88.55624910880306 -17.91524616290526 130.0
88.55625095254258 -17.902675838213785 130.0
88.56286226978024 -18.028379862781208 130.0
88.56286295770806 -18.0220947003226 131.0
88.56286364543368 -18.01580953786398 131.0
88.5628711970814 -17.94667275081796 130.0
88.56287188238365 -17.94038758835913 132.0
88.56287256748418 -17.934102425900274 132.0
88.56287325238304 -17.92781726344141 132.0
88.56287393708028 -17.921532100982525 131.0
88.56287462157594 -17.915246938523616 133.0
88.56287530587005 -17.908961776064697 131.0
88.56287598996265 -17.90267661360576 130.0
88.5694947651399 -17.99066943504198 131.0
88.56949521330263 -17.984384272503455 131.0
88.56949610923269 -17.971813947426377 130.0
88.56949789951192 -17.946673297272124 131.0
88.56949834675252 -17.940388134733542 132.0
88.56949879386148 -17.934102972194953 133.0
88.56949924083882 -17.92781780965636 132.0
88.5694996876846 -17.92153264711775 132.0
88.56950013439882 -17.915247484579144 134.0
88.5695005809815 -17.908962322040527 132.0
88.57612166699886 -18.034665890182914 130.0
88.57612292632575 -17.996954914674216 133.0
88.57612313599765 -17.990669752089424 133.0
88.57612334560788 -17.984384589504632 131.0
88.57612376464344 -17.971814264335045 130.0
88.57612481115407 -17.940388451411053 131.0
88.57612502027145 -17.934103288826243 132.0
88.57612522932729 -17.927818126241444 131.0
88.57612564725432 -17.91524780107182 132.0
88.57612585612554 -17.908962638487015 133.0
88.58275159374861 -18.00952532696412 130.0
88.5827515647808 -18.003240164366623 132.0
88.5827515358215 -17.99695500176913 132.0
88.58275150687074 -17.99066983917163 130.0
88.58275127557091 -17.940388538391645 130.0
88.5827512466967 -17.93410337579415 131.0
88.58275113128487 -17.90896272540416 130.0
88.58275110245313 -17.902677562806655 130.0
88.58938068069817 -18.00952518401853 132.0
88.5893804129673 -18.003240021441886 130.0
88.59600976762812 -18.009524811007005 130.0
88.5960092611342 -18.003239648484787 131.0
88.59600875478921 -17.996954485962565 130.0
88.5960016815798 -17.908962210650408 130.0
88.60263959999709 -18.01580937036376 130.0
88.60263885452099 -18.00952420792956 130.0
88.60263810926405 -18.003239045495334 131.0
88.60927089515557 -18.028378861723965 132.0
88.60926794135929 -18.009523374786202 131.0
88.60926695733934 -18.003238212473537 131.0
88.6159006986321 -18.028377798049206 131.0
88.61589825126805 -18.01580747373442 130.0
88.61589702812554 -18.009522311576944 133.0
88.61589580534262 -18.003237149419416 132.0
88.61589458291921 -17.996951987261827 130.0
88.6225319652845 -18.034661666176337 130.0
88.62253050201896 -18.028376504207827 130.0
88.62252903918346 -18.022091342239232 131.0
88.62252611480227 -18.009521018301808 132.0
88.6225246532564 -18.003235856332978 133.0
88.62252319214026 -17.996950694364063 132.0
88.62251589300242 -17.96552488451831 131.0
88.62916030529867 -18.028374980199857 130.0
88.62915520137199 -18.009519494960806 137.0
88.62915350106323 -18.003234333214245 134.0
88.6291518012544 -17.99694917146757 132.0
88.62915010194538 -17.99066400972079 132.0
88.6291484031361 -17.984378847973897 130.0
88.62914670482643 -17.978093686226902 130.0
88.6291416128943 -17.959238200985265 133.0
88.63578622745901 -18.015802903044563 132.0
88.6357842878172 -18.00951774155397 136.0
88.63578234874562 -18.00323258006324 137.0
88.63578041024414 -17.99694741857237 133.0
88.63577847231268 -17.990662257081357 132.0
88.63577653495112 -17.984377095590208 130.0
88.63577266193725 -17.971806772607486 133.0
88.63577072628473 -17.965521611115918 131.0
88.6357687912017 -17.959236449624203 132.0
88.64241555259524 -18.015800919282476 133.0
88.64241337412044 -18.00951575808133 134.0
88.64241119628609 -18.00323059688 135.0
88.64240901909204 -17.996945435678498 132.0
88.64240031671659 -17.971804790870717 131.0
88.6423981427223 -17.965519629668325 132.0
88.64239596936761 -17.959234468465763 134.0
88.64239379665237 -17.952949307263022 130.0
88.64904729559042 -18.02208386629897 130.0
88.64904487757194 -18.015798705421044 132.0
88.64904246026423 -18.00951354454291 131.0
88.64904004366716 -18.003228383664553 136.0
88.64903762778061 -17.996943222785976 132.0
88.64903521260446 -17.990658061907183 130.0
88.64903038438273 -17.97808774014895 130.0
88.64902797133689 -17.97180257926951 133.0
88.6490255590009 -17.965517418389844 130.0
88.64902314737462 -17.95923225750997 131.0
88.64902073645791 -17.952947096629874 131.0
88.64901832625065 -17.946661935749564 131.0
88.6490159167527 -17.940376774869037 131.0
88.65567685929317 -18.02208142198159 130.0
88.65567420237161 -18.015796261460302 132.0
88.65567154623108 -18.009511100938745 130.0
88.65566889087138 -18.00322594041693 132.0
88.65566623629242 -17.99694077989485 131.0
88.65566092947603 -17.984370458849902 131.0
88.65565297510311 -17.965514977280517 132.0
88.65564767608723 -17.95294465623295 132.0
88.65564502774866 -17.946659495708772 133.0
88.65564238018948 -17.940374335184334 131.0
88.65563973340954 -17.934089174659633 132.0
88.66231801461501 -18.04721938805258 130.0
88.66230352697679 -18.015793587400278 131.0
88.6623006320035 -18.00950842726888 130.0
88.66229773788127 -18.003223267137177 131.0
88.66229484460996 -17.996938107005153 131.0
88.6622919521894 -17.99065294687282 132.0
88.66228906061944 -17.984367786740176 132.0
88.66228616989991 -17.97808262660722 131.0
88.66228328003064 -17.971797466473948 131.0
88.66228039101149 -17.965512306340376 134.0
88.66227750284229 -17.95922714620648 132.0
88.66227461552288 -17.95294198607228 130.0
88.66227172905309 -17.94665682593777 131.0
88.66226884343277 -17.94037166580295 134.0
88.66226595866175 -17.93408650566781 130.0
88.66894539581013 -18.04093132206804 130.0
88.66893598609738 -18.02207584294833 130.0
88.66892971756403 -18.009505523533363 130.0
88.66892658467935 -18.003220363825328 130.0
88.6689234527158 -17.99693520411693 134.0
88.66892032167318 -17.990650044408163 132.0
88.66891719155132 -17.984364884699037 132.0
88.66891406235007 -17.97807972498954 133.0
88.66891093406923 -17.971794565279684 135.0
88.66890780670862 -17.96550940556946 136.0
88.66890468026808 -17.959224245858866 133.0
88.66890155474746 -17.952939086147918 131.0
88.66889843014654 -17.9466539264366 132.0
88.66889530646519 -17.940368766724916 135.0
88.66889218370319 -17.93408360701287 132.0
88.6688890618604 -17.927798447300457 131.0
88.67556892378592 -18.02835786748205 131.0
88.67556217553366 -18.01578754898259 131.0
88.67555880289515 -18.009502389732226 132.0
88.67555543124814 -18.00321723048144 131.0
88.67555206059244 -17.996932071230226 134.0
88.67554869092787 -17.99064691197859 131.0
88.67554532225424 -17.984361752726535 133.0
88.67554195457134 -17.978076593474054 134.0
88.67553858787902 -17.97179143422115 137.0
88.67553522217707 -17.965506274967822 135.0
88.67553185746532 -17.95922111571407 134.0
88.67552849374357 -17.9529359564599 134.0
88.67552513101163 -17.946650797205304 135.0
88.67552176926931 -17.940365637950293 135.0
88.67551840851645 -17.934080478694856 132.0
88.67551504875284 -17.927795319438992 131.0
88.67551168997831 -17.921510160182713 130.0
88.67550833219265 -17.915225000926014 130.0
88.68219149945038 -18.015784184625023 130.0
88.68218788797942 -18.009499025865534 133.0
88.68218427757017 -18.003213867105558 134.0
88.68218066822244 -17.99692870834509 134.0
88.68217705993601 -17.990643549584153 131.0
88.6821734527107 -17.984358390822717 132.0
88.6821698465463 -17.9780732320608 133.0
88.6821662414426 -17.971788073298395 136.0
88.68216263739941 -17.965502914535517 132.0
88.68215903441654 -17.959217755772137 134.0
88.68215543249379 -17.95293259700828 133.0
88.68215183163093 -17.946647438243946 135.0
88.68214823182778 -17.94036227947912 134.0
88.68214463308414 -17.934077120713816 134.0
88.68214103539982 -17.927791961948028 133.0
88.68213743877462 -17.92150680318175 132.0
88.68883623563931 -18.040921223103023 131.0
88.68882082310263 -18.015780590168372 130.0
88.68881697279933 -18.00949543193333 131.0
88.68881312362798 -18.003210273697736 132.0
88.68880927558833 -17.996925115461586 134.0
88.68880542868015 -17.990639957224893 131.0
88.6888015829033 -17.98435479898764 133.0
88.68879773825748 -17.978069640749837 131.0
88.68879389474255 -17.971784482511485 134.0
88.68879005235823 -17.96549932427258 134.0
88.68878621110436 -17.959214166033128 135.0
88.6887823709807 -17.952929007793124 134.0
88.68877853198704 -17.946643849552572 136.0
88.68877469412318 -17.94035869131146 134.0
88.68877085738889 -17.93407353306981 133.0
88.68876702178396 -17.927788374827603 134.0
88.68876318730818 -17.921503216584853 134.0
88.68875935396134 -17.915218058341548 132.0
88.68875169065365 -17.902647741853293 130.0
88.69547061019043 -18.047202553988477 130.0
88.69545014647294 -18.0157767656127 130.0
88.69544605733742 -18.00949160793568 130.0
88.69544196940407 -18.00320645025803 130.0
88.6954378826726 -17.99692129257976 130.0
88.69543379714285 -17.99063613490087 132.0
88.69542971281454 -17.984350977221354 132.0
88.69542562968745 -17.978065819541225 134.0
88.69542154776137 -17.971780661860468 135.0
88.69541746703608 -17.96549550417909 134.0
88.69541338751132 -17.95921034649709 132.0
88.69540930918689 -17.95292518881447 134.0
88.69540523206256 -17.94664003113123 135.0
88.6954011561381 -17.940354873447372 134.0
88.69539708141328 -17.93406971576289 132.0
88.69539300788787 -17.92778455807779 135.0
88.69538893556167 -17.921499400392072 134.0
88.69538486443443 -17.91521424270573 132.0
88.69538079450592 -17.90892908501877 130.0
88.70208379878395 -18.0220578680428 131.0
88.70205784242701 -17.984346925523937 130.0
88.70205352081878 -17.97806176843502 131.0
88.70204920048171 -17.97177661134541 134.0
88.70204488141553 -17.965491454255098 133.0
88.70204056362005 -17.95920629716409 133.0
88.70203624709497 -17.95292114007239 135.0
88.70203193184008 -17.94663598298 134.0
88.70202761785515 -17.940350825886906 136.0
88.70202330513993 -17.93406566879312 136.0
88.7020189936942 -17.927780511698643 133.0
88.70201468351767 -17.92149535460347 131.0
88.70201037461015 -17.915210197507598 130.0
88.708681411634 -17.97805748743129 131.0
88.70867685288607 -17.971772330966367 133.0
88.70867229547918 -17.96548717450067 132.0
88.70866773941307 -17.959202018034198 136.0
88.70866318468751 -17.952916861566955 135.0
88.70865863130221 -17.94663170509893 135.0
88.70865407925696 -17.940346548630135 136.0
88.70864952855148 -17.93406139216057 134.0
88.70864497918552 -17.927776235690224 133.0
88.70864043115884 -17.921491079219113 133.0
88.71530450495705 -17.97176782072342 131.0
88.71529970920956 -17.96548266491588 133.0
88.715294914873 -17.959197509107476 135.0
88.71529012194708 -17.952912353298217 135.0
88.71528533043153 -17.946627197488105 135.0
88.71528054032609 -17.940342041677127 135.0
88.7152757516305 -17.9340568858653 131.0
88.71527096434448 -17.927771730052612 135.0
88.71526617846779 -17.921486574239065 130.0
88.71526139400014 -17.91520141842467 130.0
88.72193215667718 -17.971763080616633 133.0
88.72192712258929 -17.965477925500792 135.0
88.72192208998241 -17.959192770384 133.0
88.72191705885629 -17.952907615266263 135.0
88.72191202921064 -17.94662246014758 136.0
88.72190700104518 -17.940337305027953 132.0
88.72190197435962 -17.934052149907387 133.0
88.7218969491537 -17.927766994785866 133.0
88.72189192542714 -17.92148183966341 132.0
88.72188690317965 -17.915196684540014 131.0
88.72187184530885 -17.896341219164157 130.0
88.72855980802906 -17.971758110646093 131.0
88.7285545356009 -17.965472956255486 131.0
88.7285492647239 -17.95918780186384 132.0
88.72854399539773 -17.95290264747116 135.0
88.72853872762214 -17.946617493077444 132.0
88.7285334613968 -17.940332338682687 133.0
88.72852819672146 -17.934047184286904 132.0
88.7285229335958 -17.927762029890076 132.0
88.72851767201954 -17.921476875492214 132.0
88.72851241199236 -17.915191721093322 131.0
88.72850189658418 -17.902621412292437 132.0
88.72849664120255 -17.89633625789044 130.0
88.72848613508286 -17.883765949083354 131.0
88.73517093155397 -17.952897449912992 130.0
88.7351654256486 -17.946612296277767 131.0
88.73515992136359 -17.940327142641415 132.0
88.73515441869861 -17.934041989003926 133.0
88.73514891765338 -17.92775683536531 134.0
88.73514341822757 -17.921471681725563 132.0
88.7351379204209 -17.915186528084686 132.0
88.73513242423304 -17.908901374442678 133.0
88.73512692966372 -17.902616220799544 133.0
88.7351214367126 -17.896331067155277 131.0
88.7351159453794 -17.890045913509883 131.0
88.73511045566381 -17.88376075986336 130.0
88.73510496756552 -17.877475606215707 130.0
88.74179212327265 -17.946606869748646 130.0
88.74178638092812 -17.940321716904215 130.0
88.74178064027369 -17.93403656405855 131.0
88.74177490130906 -17.92775141121166 135.0
88.74176916403388 -17.92146625836354 134.0
88.7417634284479 -17.915181105514186 134.0
88.74175769455073 -17.9088959526636 133.0
88.7417519623421 -17.90261079981179 130.0
88.74174623182165 -17.89632564695875 130.0
88.74174050298909 -17.89004049410448 132.0
88.74173477584411 -17.883755341248985 131.0
88.7484068614293 -17.93403090945086 131.0
88.74840088454546 -17.927745757429207 130.0
88.74839490942112 -17.92146060540622 133.0
88.74838893605599 -17.9151754533819 134.0
88.74838296444969 -17.90889030135625 131.0
88.74834121242569 -17.86489423713937 131.0
88.75503929878084 -17.940310176342383 130.0
88.75503308214809 -17.934025025180937 133.0
88.75502686734521 -17.92773987401804 132.0
88.75500202642586 -17.902599269352052 130.0
88.75499582076732 -17.896314118181948 130.0
88.75498961693661 -17.890028967010405 132.0
88.7549834149334 -17.883743815837423 132.0
88.75497721475735 -17.877458664663003 131.0
88.75497101640808 -17.87117351348714 131.0
88.76174336082073 -18.015725864625114 130.0
88.76170452468315 -17.978014963099596 130.0
88.76165930241261 -17.93401891124888 130.0
88.76161417323979 -17.89002285932192 130.0
88.76160773380778 -17.883737709040425 130.0
88.76160129627284 -17.877452558757376 130.0
88.76159486063464 -17.871167408472775 130.0
88.76824540790085 -17.896301671560778 130.0
89.24681304741532 -18.31005192528383 130.0
89.2534780796085 -18.316313603648634 130.0
89.2534535874306 -18.310028613746105 130.0
89.25342910241733 -18.303743623821518 131.0
89.25340462456734 -18.297458633874882 132.0
89.26014360159084 -18.322575043463004 130.0
89.26009412564058 -18.310005070545277 132.0
89.26006939851939 -18.303720084052664 130.0
89.25994587139729 -18.27229515125244 130.0
89.26685961779204 -18.341406210471835 131.0
89.26680961355603 -18.328836244624664 131.0
89.26678462240451 -18.322551261666632 131.0
89.26660988892115 -18.27855638031816 130.0
89.27352661955133 -18.347667165828597 130.0
89.27347611569783 -18.335097207031314 130.0
89.2734256413756 -18.322527248140368 130.0
89.27340041528518 -18.31624226865979 130.0
89.28016860635962 -18.347642906431567 130.0
89.29996350340247 -18.316143911602996 130.0
89.29993731599019 -18.309858946436602 130.0
89.30671006633328 -18.341258588835725 130.0
89.30665715301939 -18.3286886660205 130.0
89.30663070796692 -18.32240370457432 130.0
89.30660427064876 -18.316118743102443 132.0
89.30657784106349 -18.309833781604873 130.0
89.313405230421 -18.353803089128224 131.0
89.3133785118189 -18.347518131490375 132.0
89.31335180102798 -18.341233173826314 134.0
89.31332509804673 -18.334948216136052 133.0
89.31329840287367 -18.328663258419603 131.0
89.31327171550731 -18.322378300676966 131.0
89.31324503594615 -18.316093342908157 131.0
89.31321836418871 -18.309808385113183 130.0
89.3200474482678 -18.353777434812365 131.0
89.32002048706907 -18.347492480913747 131.0
89.31999353375244 -18.341207526988445 134.0
89.31996658831639 -18.334922573036465 134.0
89.31993965075944 -18.328637619057815 135.0
89.31991272108006 -18.322352665052506 133.0
89.31988579927676 -18.316067711020544 130.0
89.31985888534803 -18.30978275696194 132.0
89.31983197929233 -18.303497802876702 131.0
89.32671687587374 -18.36003649869927 130.0
89.32668966412471 -18.353751548600865 130.0
89.32666246033024 -18.347466598475282 132.0
89.32663526448879 -18.341181648322532 134.0
89.32660807659883 -18.334896698142625 136.0
89.32658089665885 -18.32861174793556 133.0
89.32655372466733 -18.322326797701358 133.0
89.32649940452357 -18.309756897151562 133.0
89.32647225636829 -18.303471946835987 133.0
89.33338679483056 -18.366295323048643 130.0
89.33327699321914 -18.341155537829 132.0
89.33319472625122 -18.32230069862395 130.0
89.33316731996624 -18.31601575216701 131.0
89.33313992169752 -18.309730805682463 131.0
89.33978043685201 -18.309704482555063 131.0
89.34639307552045 -18.303392988965808 130.0
