# successful candidates for region at (34.08008570317181, 39.58876451051931) and radius 1.0
34.82827396919581 40.114779125423766 140.0
34.828342537750984 40.12103317232808 140.0
34.828411124866015 40.12728721915387 140.0
34.82847973054767 40.13354126590111 138.0
34.83648850234653 40.11472636390408 138.0
34.83655782360925 40.12098040366004 142.0
34.83662716363552 40.12723444333576 143.0
34.8366965224322 40.13348848293116 140.0
34.8367659000061 40.139742522446255 139.0
34.83683529636407 40.145996561881 138.0
34.844773096693174 40.12092705882969 138.0
34.84484318962551 40.127181091277265 138.0
34.84491330153201 40.1334351236428 142.0
34.84498343241959 40.13968915592625 140.0
34.85305920269723 40.127127162980436 138.0
