# successful candidates for region at (37.26264599054465, 38.2973709567455) and radius 1.0
36.64633258248019 38.42888932999149 128.0
36.65515228933912 38.33435456397023 128.0
36.65509943408249 38.340659660666255 131.0
36.66311505645516 38.340700716833425 130.0
36.66306288454905 38.34700581895977 128.0
36.66301069871741 38.35331092103835 128.0
36.66295849895532 38.35961602306916 128.0
36.6629062852579 38.365921125052175 129.0
36.66269729101666 38.391141532505934 129.0
36.662645007568905 38.3974466342497 128.0
36.67113068785002 38.34074122775144 128.0
36.67107921340475 38.34704633528437 128.0
36.671027725220085 38.35335144277081 129.0
36.6709762232912 38.35965655021073 133.0
36.67092470761325 38.36596165760413 131.0
36.670873178181395 38.37226676495099 131.0
36.670821634990794 38.3785718722513 128.0
36.670770078036604 38.38487697950502 130.0
36.67071850731396 38.39118208671214 128.0
36.670666922818036 38.39748719387266 129.0
36.679095551165595 38.347086306285654 128.0
36.679044760631484 38.353391419107155 132.0
36.67899395653936 38.35969653188342 134.0
36.67894313888445 38.36600164461439 136.0
36.67889230766198 38.37230675730008 133.0
36.67884146286717 38.378611869940464 129.0
36.67879060449524 38.384916982535515 128.0
36.6787397325414 38.39122209508525 131.0
36.678688847000885 38.397527207589604 129.0
36.67843421533034 38.429052769430434 128.0
36.67838324816908 38.4353578816623 128.0
36.68711189771094 38.347125731962244 131.0
36.687061804830904 38.35343085004604 130.0
36.68701169857906 38.35973596808582 132.0
36.686961578950715 38.366041086081566 135.0
36.68691144594114 38.37234620403325 133.0
36.686861299545654 38.37865132194088 130.0
36.686811139759506 38.3849564398044 128.0
36.68676096657801 38.39126155762383 131.0
36.68671077999642 38.39756667539913 131.0
36.686610366614126 38.41017691081732 128.0
36.686560139803966 38.416482028460166 128.0
36.69507885769764 38.35346973558608 131.0
36.69502944928955 38.3597748588166 132.0
36.69498002769124 38.36607998200429 131.0
36.69493059289805 38.37238510514915 134.0
36.694881144905345 38.378690228251145 132.0
36.69483168370847 38.38499535131029 128.0
36.69478220930278 38.39130047432654 129.0
36.694732721683614 38.39760559729989 130.0
36.69468322084632 38.403910720230336 128.0
36.69463370678625 38.41021584311784 128.0
36.694485085222695 38.4291312115226 128.0
36.69443551822485 38.435436334238226 128.0
36.70304720855009 38.359813204074385 129.0
36.70299848498524 38.366118332381205 130.0
36.702949748411854 38.3724234606464 130.0
36.70290099882536 38.378728588869954 130.0
36.70285223622119 38.385033717051826 129.0
36.70275467194143 38.39764397329053 129.0
36.70265705553586 38.41025422936238 128.0
36.702559386967735 38.42286448526726 129.0
36.70241278623028 38.441779868811246 128.0
36.711064976239925 38.35985100385785 128.0
36.71101695071191 38.366156137211 130.0
36.71096891236171 38.3724612705237 130.0
36.71092086118482 38.37876640379594 129.0
36.71087279717672 38.38507153702769 128.0
36.71082472033289 38.391376670218946 128.0
36.71072852811997 38.40398693647994 130.0
36.71068041274182 38.410292069549605 128.0
36.71063228450984 38.416597202578735 129.0
36.7105841434195 38.422902335567294 129.0
36.71053598946627 38.42920746851527 130.0
36.71048782264561 38.435512601422644 128.0
36.718988084626766 38.37249853477973 130.0
36.71894073186281 38.378803673027804 129.0
36.71889336645412 38.38510881123658 129.0
36.718845988396254 38.39141394940601 130.0
36.718798597684746 38.3977190875361 130.0
36.71870377828299 38.41032936367823 129.0
36.71860890821317 38.42293963966279 128.0
36.71856145416656 38.429244777595976 130.0
36.718513987439536 38.435549915489716 128.0
36.726913943932445 38.38514553967718 128.0
36.726820572928176 38.39775582578846 132.0
36.72677386872112 38.404060968786794 129.0
36.72672715203825 38.41036611174691 128.0
36.72658692709082 38.42928154039783 128.0
36.73498049769081 38.378876574404046 130.0
36.73493452949075 38.38518172234823 131.0
36.734888549014606 38.39148687025537 133.0
36.734842556258066 38.39779201812546 130.0
36.73479655121679 38.40409716595848 129.0
36.73456634158783 38.43562290456708 128.0
36.734520262747175 38.44192805217741 128.0
36.742955123008095 38.38521735924847 130.0
36.742909841327624 38.39152251191514 130.0
36.74286454755337 38.39782766454588 128.0
36.74259253069953 38.43565857957485 128.0
36.7425017614712 38.44826888429642 128.0
36.73878444264377 38.958986103113894 129.0
36.7387380427187 38.9652912524548 128.0
36.750931141481864 38.39155760772998 128.0
36.75061872767448 38.43569370822702 129.0
36.74686940697425 38.95902162528373 128.0
36.74682372310364 38.96532677941315 130.0
37.24001849051222 39.098860426885196 128.0
37.24811951400978 39.098861697664105 129.0
