# successful candidates for region at (147.7976428664806, 23.412037786214928) and radius 1.0
148.1183522012969 23.00655730451481 9.0
148.12480305346904 23.006544038154612 9.0
148.12481614913878 23.011914876338366 9.0
148.13125390435303 23.006530507610425 9.0
148.13126725823275 23.011901344270754 9.0
148.13128061513027 23.01727218092584 9.0
148.13769114490978 23.001145877769858 9.0
148.13770475392346 23.00651671288247 9.0
148.1377183660127 23.011887547989634 9.0
148.13773198117806 23.01725838309135 9.0
148.1377455994202 23.022629218187614 9.0
148.14414173499054 23.001131820441067 9.0
148.14415560215494 23.00650265397097 9.0
148.14416947245326 23.011873487495222 9.0
148.14418334588606 23.01724432101382 9.0
148.14419722245398 23.022615154526754 9.0
148.14421110215767 23.027985988034036 9.0
148.1505923237074 23.001117498958706 9.0
148.15060644902206 23.00648833087617 9.0
148.15062057752897 23.011859162787765 9.0
148.1506347092287 23.017229994693494 9.0
148.15064884412197 23.022600826593354 9.0
148.15066298220935 23.027971658487335 9.0
148.15697104244882 22.974248761855456 9.0
148.15698540967003 22.97961959216112 9.0
148.1569997801386 22.98499042246071 9.0
148.15704291103495 23.001102913323024 9.0
148.15705729449942 23.0064737435983 9.0
148.15707168121446 23.0118445738675 9.0
148.15708607118071 23.017215404130607 9.0
148.15710046439884 23.02258623438763 9.0
148.15711486086943 23.02795706463857 9.0
148.15712926059317 23.033327894883417 9.0
148.16343496356882 22.97960474905785 9.0
148.16344959195348 22.984975577686395 9.0
148.16346422364444 22.990346406308646 9.0
148.16349349694786 23.001088063534255 9.0
148.16350813856164 23.006458892137605 9.0
148.16352278348432 23.011829720734656 9.0
148.1635374317166 23.017200549325402 9.0
148.16355208325905 23.02257137790984 9.0
148.1635667381124 23.027942206487975 9.0
148.16358139627727 23.0333130350598 9.0
148.16359605775432 23.03868386362531 9.0
148.1698845160295 22.979589641920654 9.0
148.16989940232975 22.98496046884843 9.0
148.1699142919946 22.99033129576969 9.0
148.1699291850247 22.99570212268443 9.0
148.1699440814207 23.001072949592647 9.0
148.16995898118333 23.006443776494333 9.0
148.16997388431318 23.011814603389492 9.0
148.16998879081095 23.017185430278136 9.0
148.17000370067728 23.022556257160236 9.0
148.1700186139129 23.027927084035802 9.0
148.1700335305184 23.033297910904842 9.0
148.17004845049448 23.038668737767342 9.0
148.17633406702674 22.979574270749797 9.0
148.17634921124204 22.984945095947083 9.0
148.17636435888028 22.990315921137622 9.0
148.17637950994208 22.99568674632141 9.0
148.17639466442807 23.00105757149845 10.0
148.17640982233902 23.006428396668735 9.0
148.17642498367556 23.011799221832266 9.0
148.17644014843836 23.017170046989044 9.0
148.17645531662808 23.022540872139057 9.0
148.17647048824543 23.027911697282306 9.0
148.1764856632911 23.033282522418798 9.0
148.1765008417657 23.03865334754853 9.0
148.18278361653512 22.979558635545533 9.0
148.18279901866504 22.984929458982602 9.0
148.18281442427616 22.990300282412694 9.0
148.1828298333691 22.9956711058358 10.0
148.18284524594463 23.00104192925193 10.0
148.1828606620034 23.00641275266107 10.0
148.1828760815461 23.011783576063227 9.0
148.1828915045734 23.01715439945839 9.0
148.18290693108602 23.02252522284656 9.0
148.18292236108462 23.027896046227742 9.0
148.1829377945699 23.03326686960193 9.0
148.18295323154257 23.038637692969118 9.0
148.18923316452936 22.979542736308115 9.0
148.18924882457333 22.98491355795525 9.0
148.1892644881568 22.990284379595163 9.0
148.18928015528044 22.99565520122786 9.0
148.18929582594495 23.001026022853342 10.0
148.189311500151 23.006396844471592 10.0
148.18932717789937 23.011767666082623 10.0
148.18934285919067 23.017138487686438 9.0
148.18935854402565 23.022509309283016 9.0
148.189374232405 23.027880130872372 9.0
148.18938992432942 23.03325095245449 9.0
148.18940561979957 23.038621774029377 9.0
148.19568271098404 22.97952657303782 9.0
148.19569862894156 22.98489739286528 9.0
148.1957145504969 22.990268212685294 9.0
148.1957304756507 22.995639032497845 9.0
148.19574640440365 23.00100985230294 10.0
148.19576233675653 23.006380672100573 10.0
148.19577827271 23.01175149189074 10.0
148.1957942122648 23.017122311673443 10.0
148.1958101554216 23.02249313144868 9.0
148.19582610218114 23.027863951216453 9.0
148.2021322558738 22.979510145734906 9.0
148.2021484317444 22.984880963712982 9.0
148.20216461127103 22.99025178168336 9.0
148.20218079445442 22.99562259964603 9.0
148.20219698129534 23.000993417601002 10.0
148.20221317179448 23.00636423554827 10.0
148.20222936595255 23.011735053487833 10.0
148.20224556377028 23.017105871419684 10.0
148.2022617652484 23.022476689343826 10.0
148.20859823295643 22.984864270498612 9.0
148.20861467045387 22.990235086589625 9.0
148.20863111166634 22.99560590267269 9.0
148.20864755659463 23.000976718747808 10.0
148.20866400523948 23.006347534814974 10.0
148.20868045760164 23.01171835087418 10.0
148.20869691368176 23.017089166925434 9.0
148.20871337348066 23.022459982968726 9.0
148.21504803255237 22.98484731322245 9.0
148.21506472802 22.990218127404376 9.0
148.21508142726103 22.995588941578102 9.0
148.21509813027615 23.000959755743622 9.0
148.21511483706618 23.006330569900943 9.0
148.2151315476318 23.01170138405006 9.0
148.21514826197384 23.017072198190967 9.0
148.2215487023145 23.00094252858874 9.0
148.22156566724914 23.006313340806475 9.0
148.22158263601776 23.011684153015754 9.0
148.2279992726843 23.000925037283437 9.0
