# successful candidates for region at (69.1081417798209, 5.8486182129109) and radius 1.0
69.65575728973926 6.209645776832114 69.0
69.66205337781221 6.209639520036778 69.0
69.6620662482939 6.2221070789696755 69.0
69.66743684234936 5.287034116863852 69.0
69.66744267463541 5.293267894714457 69.0
69.6746587165638 6.222094341683112 69.0
69.67466530502921 6.2283281165785676 69.0
69.68096827852028 6.234555410823919 69.0
69.68726465876536 6.234548858553473 69.0
69.68728490605018 6.253250169194884 69.0
69.69985053261571 6.228301773683572 69.0
69.69985741878908 6.234535539137671 69.0
69.70614683912125 6.228295008961657 69.0
69.71149445671533 5.343094117003843 69.0
69.71778087912233 5.343087559363137 70.0
69.71778728021543 5.34932131821543 70.0
69.7680861167774 5.35550012789915 69.0
69.76809305657267 5.3617338661477625 69.0
69.76810000171785 5.367967604390513 69.0
69.77437266992732 5.355492953168925 69.0
69.77437967582414 5.361726688728611 71.0
69.77438668712186 5.367960424282324 69.0
69.78065215637771 5.349251977568799 69.0
69.78065922292443 5.355485710420151 70.0
69.78066629492264 5.361719443265419 71.0
69.78067337237269 5.367953176104599 69.0
69.78693864317033 5.349244669541363 69.0
69.7869457757673 5.355478399652919 69.0
69.78695291386671 5.361712129758277 70.0
69.79321793671349 5.343003566168477 69.0
69.79322512980744 5.349237293521052 69.0
69.79323232845448 5.35547102086732 72.0
69.79323953265491 5.361704748207274 69.0
69.79950435719472 5.342996124946041 69.0
69.79951161628762 5.349229849507954 69.0
69.79951888098452 5.355463574063444 71.0
69.80580543335601 5.355456059241385 69.0
69.8121513653924 5.405318227340601 69.0
69.81218119231198 5.430253102649576 69.0
