# successful candidates for region at (281.3305272784854, -48.96442946887258) and radius 1.0
280.0987499111064 -48.96542712362715 130.0
280.09890552065804 -48.959127169812405 130.0
280.0995274667796 -48.9339273514056 130.0
280.1089196168282 -48.94032855496755 130.0
280.13287038170415 -49.135927993837505 130.0
280.15248972335905 -49.11722423828966 130.0
280.23015183889265 -48.63907441025562 130.0
280.2302894911441 -48.63277424470573 130.0
280.2411412381616 -48.56986273644891 130.0
280.2412772331416 -48.563562554034334 131.0
280.24080001374244 -49.02356562422443 130.0
280.2495388487083 -48.62035367925305 130.0
280.24980910873984 -48.60775328998743 130.0
280.25061887139816 -48.56995211644149 132.0
280.2507536836658 -48.56365192001327 133.0
280.25088845364843 -48.557351723346116 130.0
280.25942776098844 -48.601541763596174 131.0
280.2595616003824 -48.595241554452016 131.0
280.2596953977676 -48.58894134507258 130.0
280.259829153163 -48.58264113545797 130.0
280.2599628665875 -48.57634092560827 131.0
280.26009653806005 -48.57004071552363 134.0
280.26023016759945 -48.56374050520412 133.0
280.268911380069 -48.60162965066927 131.0
280.26930921955756 -48.58272898117464 130.0
280.269574237854 -48.57012853369011 132.0
280.2697066846497 -48.56382830960171 130.0
280.26983908990206 -48.557528085282705 131.0
280.2778687383269 -48.626917700339966 130.0
280.27892066525936 -48.57651580844413 131.0
280.279051970487 -48.57021557093583 130.0
280.2791832345235 -48.563915333200924 131.0
280.28826945066305 -48.582902329106034 130.0
280.30684618261745 -48.60197338357863 130.0
280.3266917766871 -48.558038434707164 130.0
280.32706747304053 -48.539137520454226 130.0
280.33542198100463 -48.59592266093968 131.0
280.3355463041349 -48.589622344707514 131.0
280.3453969937879 -48.57080296545394 130.0
280.39723600373566 -49.35260230215673 131.0
280.4135744645421 -48.470545417272895 130.0
280.4066275716701 -49.36527992926234 130.0
280.4067457111457 -49.3589795234989 130.0
280.4072178920992 -49.33377789865044 130.0
280.4234853716021 -48.445418828786735 130.0
280.4237109597973 -48.432817966381826 131.0
280.4162578725069 -49.365355972478675 131.0
280.4175418148944 -49.29605136584098 132.0
280.4176583136986 -49.289750946004006 132.0
280.4328283292498 -48.45179358011706 130.0
280.43294000033046 -48.445493137544865 134.0
280.433051636473 -48.43919269480821 130.0
280.43316323769307 -48.43289225190717 130.0
280.4271586246174 -49.296126480350445 130.0
280.4272738966184 -49.2898260485372 132.0
280.427389131879 -49.2835256165527 130.0
280.4275043304163 -49.277225184397025 130.0
280.4422841615536 -48.451867121815646 130.0
280.4423946566534 -48.44556666774356 133.0
280.44250511718286 -48.43926621351046 131.0
280.43677546344776 -49.296200799526524 130.0
280.43688950863145 -49.289900355863814 132.0
280.43700351746577 -49.283599912033466 130.0
280.4517400211742 -48.45193988482878 134.0
280.4518493402803 -48.44563941937853 134.0
280.4519586251839 -48.43933895377069 135.0
280.45206787590035 -48.43303848800531 130.0
280.4461665864288 -49.308875233643136 130.0
280.4465051494284 -49.289973867979334 131.0
280.4610877308714 -48.45831234570466 132.0
280.4611959078211 -48.45201186915229 136.0
280.46130405092083 -48.445711392445595 133.0
280.46141216018583 -48.43941091558469 134.0
280.4615202356314 -48.433110438569614 132.0
280.4556742390984 -49.315248451841015 130.0
280.45578593740726 -49.30894798534162 131.0
280.45589760009955 -49.30264751868148 130.0
280.47054482064067 -48.45838356247238 132.0
280.47065182120343 -48.45208307478195 136.0
280.4707587882843 -48.445782586940574 134.0
280.4708657218983 -48.43948209894829 133.0
280.4709726220604 -48.43318161080517 131.0
280.46529484631407 -49.315320419418875 131.0
280.46540531659105 -49.30901994143977 131.0
280.4798960795751 -48.464754498979346 132.0
280.4800019368673 -48.458454000420375 133.0
280.4801077610308 -48.45215350171367 136.0
280.48021355208033 -48.44585300285931 135.0
280.48031931003084 -48.43955250385734 134.0
280.48042503489705 -48.43325200470785 130.0
280.4749154814383 -49.31539159126516 130.0
280.47502472366995 -49.30909110193322 131.0
280.48935439874805 -48.46482416900129 131.0
280.4894590792606 -48.458523659544554 134.0
280.4895637270124 -48.45222314994334 135.0
280.4896683420183 -48.445922640197736 135.0
280.4897729242931 -48.43962213030779 133.0
280.4898774738513 -48.433321620273595 133.0
280.4988127438089 -48.46489306007359 130.0
280.49901971885765 -48.45229201946693 135.0
280.49912315780784 -48.44599149895182 135.0
280.4992265643947 -48.439690978295594 136.0
280.49932993863274 -48.43339045749833 133.0
280.4994332805365 -48.4270899365601 131.0
280.50837344138347 -48.45866064130535 130.0
280.50847573627584 -48.45236011028045 132.0
280.50857799915826 -48.44605957911756 136.0
280.5086802300453 -48.439759047816764 135.0
280.5087824289511 -48.43345851637812 133.0
280.5179317789763 -48.452427422379934 134.0
280.51803286577916 -48.44612688069102 135.0
280.51813392095437 -48.439826338867334 134.0
280.5182349445162 -48.43352579690897 133.0
280.5183359364789 -48.42722525481595 130.0
280.5272879046829 -48.458794507723 131.0
280.5273878466683 -48.45249395576148 137.0
280.52748775737984 -48.44619340366828 136.0
280.5275876368317 -48.43989285144343 131.0
280.5276874850378 -48.433592299087 130.0
280.52788708776905 -48.420991193979624 130.0
280.5367451735469 -48.458860272668396 130.0
280.53684393906127 -48.452559710421255 132.0
280.53694267366996 -48.44625914804549 135.0
280.5370413773867 -48.43995858554118 132.0
280.5371400502255 -48.43365802290836 130.0
280.53723869220016 -48.4273574601471 131.0
280.5374358836126 -48.41475633423946 131.0
280.54630005586444 -48.45262468635541 132.0
280.5463976143588 -48.446324113818854 134.0
280.5464951423291 -48.44002354115677 133.0
280.5465926397891 -48.43372296836923 134.0
280.5466901067526 -48.427422395456304 133.0
280.54678754323317 -48.421121822418016 130.0
280.54688494924466 -48.41482124925444 132.0
280.54698232480064 -48.40852067596563 130.0
280.55585257915584 -48.446388300984594 132.0
280.55594893136833 -48.440087718286456 135.0
280.5560452534383 -48.43378713546587 134.0
280.5561415453793 -48.427486552522886 134.0
280.56530756777056 -48.44645170953898 130.0
280.5654027442141 -48.44015111692651 131.0
280.56549789088285 -48.43385052419454 132.0
280.5655930077902 -48.42754993134317 133.0
280.56568809494945 -48.42124933837241 132.0
280.565783152374 -48.41494874528234 130.0
280.5748565805759 -48.44021373707323 130.0
280.57504449369503 -48.42761253191344 131.0
280.5751384061771 -48.421311929158854 130.0
280.5752322892916 -48.41501132628788 132.0
280.5844032359966 -48.433974966533356 130.0
280.58458874059755 -48.421373741813284 132.0
280.5846814493912 -48.41507312928297 133.0
280.5847741291977 -48.408772516639225 131.0
280.59394753482604 -48.42773539828953 131.0
280.594039097921 -48.42143477633211 130.0
280.59413063238304 -48.41513415426404 131.0
280.59422213822495 -48.40883353208539 131.0
280.60348947785735 -48.4214950327118 131.0
280.6035798379771 -48.41519440122754 130.0
280.6036701698439 -48.40889376963551 131.0
