# successful candidates for region at (291.9335139643306, -41.1289067614113) and radius 1.0
291.0882081116335 -41.20713173362575 80.0
291.08828814199694 -41.200933136950496 80.0
291.09644649388935 -41.2133907978459 80.0
291.096525758478 -41.207192193053196 80.0
291.10484342060926 -41.20725205467191 80.0
291.11292796599355 -41.22590718115965 80.0
291.1130834083778 -41.213509939470555 80.0
291.11347164475393 -41.182516833539914 81.0
291.11354922873426 -41.17631821206129 80.0
291.12132496532587 -41.21976724231463 81.0
291.12140188818194 -41.213568613442035 80.0
291.12964424774214 -41.21982532628702 80.0
291.1297203828234 -41.213626689516495 80.0
291.13788817705716 -41.2260814567742 81.0
291.13796354484987 -41.21988281227886 80.0
291.14620827670524 -41.22613835252045 80.0
291.146282856497 -41.21993970028785 81.0
291.1544545788905 -41.232393310000795 80.0
291.15452839074663 -41.226194650200306 82.0
291.1546021825317 -41.21999599031177 80.0
291.154675954253 -41.2137973303352 80.0
291.1550445121633 -41.18280402913328 80.0
291.93663775288815 -40.72669569971561 80.0
291.9366339665541 -40.64610848665572 82.0
291.9366336758469 -40.63990947026649 80.0
291.94488370156733 -40.658506000565644 80.0
291.9448815823483 -40.64610796792689 80.0
291.9531291979406 -40.646106858586755 82.0
291.9531273702854 -40.63990784241667 80.0
291.95312554312267 -40.63370882624652 80.0
291.9613846057715 -40.66470220645852 80.0
291.96138200754234 -40.65850319051758 80.0
291.9613742170556 -40.63990614269412 80.0
291.9613716216261 -40.633707126752746 81.0
291.9613690268958 -40.62750811081126 80.0
291.9696716277496 -40.732889086914525 80.0
291.96966825041983 -40.72669007128419 80.0
291.96966487400124 -40.72049105565367 80.0
291.96965475020954 -40.70189400876097 82.0
291.9696513774326 -40.6956949931297 80.0
291.96964800556526 -40.68949597749824 81.0
291.96964463460716 -40.683296961866596 81.0
291.96964126455794 -40.677097946234774 81.0
291.9696378954173 -40.67089893060275 81.0
291.9696311598604 -40.65850089933817 81.0
291.9696210633312 -40.639903852439886 82.0
291.9696176996351 -40.63370483680676 80.0
291.96961433684527 -40.627505821173436 81.0
291.9779217259686 -40.72048816981881 81.0
291.9779175794969 -40.714289154577045 82.0
291.9779134341436 -40.70809013933501 83.0
291.97790928990855 -40.70189112409269 83.0
291.9779051467912 -40.695692108850096 82.0
291.9779010047912 -40.68949309360721 81.0
291.97789686390814 -40.68329407836406 84.0
291.97789272414155 -40.67709506312061 84.0
291.9778885854911 -40.67089604787688 82.0
291.9778844479563 -40.66469703263288 82.0
291.97788031153675 -40.6584980173886 82.0
291.97787617623214 -40.652299002144034 80.0
291.977872042042 -40.64609998689919 80.0
291.97786790896595 -40.639900971654065 82.0
291.9778637770035 -40.63370195640866 82.0
291.9778596461543 -40.627502941162966 81.0
291.9778555164179 -40.621303925917 80.0
291.98617857714447 -40.72048469241745 81.0
291.9861736597089 -40.7142856776444 82.0
291.9861687436 -40.70808666287093 81.0
291.986163828817 -40.70188764809707 84.0
291.98615891535957 -40.69568863332282 85.0
291.9861540032273 -40.68948961854817 87.0
291.98614909241957 -40.68329060377312 84.0
291.9861441829359 -40.67709158899769 83.0
291.98613927477595 -40.670892574221845 83.0
291.9861343679391 -40.66469355944561 80.0
291.98612946242486 -40.658494544669 81.0
291.9861245582328 -40.65229552989198 81.0
291.9861196553624 -40.64609651511456 81.0
291.98611475381324 -40.63989750033675 82.0
291.9861098535848 -40.633698485558554 81.0
291.9861049546766 -40.62749947077996 80.0
291.9944581963336 -40.74527668034305 80.0
291.99444111731566 -40.72667963767388 80.0
291.9944354273817 -40.72048062344977 85.0
291.9944297389828 -40.714281609225125 84.0
291.9944240521184 -40.70808259499994 84.0
291.99441836678795 -40.701883580774236 85.0
291.99441268299086 -40.695684566548 87.0
291.9944070007266 -40.68948555232124 88.0
291.9944013199946 -40.68328653809395 86.0
291.99439564079427 -40.67708752386613 83.0
291.9943899631252 -40.67088850963777 81.0
291.9943842869866 -40.66468949540889 81.0
291.994378612378 -40.658490481179484 80.0
291.9943729392989 -40.652291466949556 80.0
291.9943672677487 -40.64609245271909 80.0
291.9943615977269 -40.6398934384881 80.0
292.00269873763807 -40.7266749765117 80.0
292.0026922765331 -40.720475962915884 85.0
292.0026858171712 -40.714276949319384 86.0
292.00267935955185 -40.708077935722216 84.0
292.00267290367435 -40.70187892212435 86.0
292.002666449538 -40.69567990852581 87.0
292.00265999714225 -40.68948089492658 88.0
292.00265354648644 -40.68328188132668 87.0
292.00264709756993 -40.6770828677261 85.0
292.00264065039204 -40.670883854124824 83.0
292.00263420495224 -40.66468484052287 81.0
292.00262776124976 -40.658485826920234 81.0
292.0109491244515 -40.72047071081599 82.0
292.0109418941272 -40.71427169792737 83.0
292.0109346657534 -40.708072685037905 84.0
292.0109274393293 -40.7018736721476 86.0
292.01092021485425 -40.69567465925641 87.0
292.01091299232746 -40.689475646364386 88.0
292.0109057717483 -40.68327663347151 87.0
292.0108985531161 -40.67707762057776 83.0
292.01089133642995 -40.670878607683164 83.0
292.01088412168934 -40.66467959478771 83.0
292.01087690889347 -40.65848058189141 81.0
292.0108264737158 -40.61508749159343 80.0
292.01920597098973 -40.720464867150284 81.0
292.0191979697036 -40.7142658550493 83.0
292.01918997057584 -40.708066842947254 83.0
292.0191819736057 -40.701867830844165 84.0
292.01917397879254 -40.69566881874003 87.0
292.0191659861353 -40.68946980663484 85.0
292.01915799563335 -40.68327079452861 84.0
292.01915000728593 -40.677071782421336 81.0
292.01913403705134 -40.66467375820364 80.0
292.01912605516264 -40.65847474609322 82.0
292.0274628160007 -40.72045843191901 81.0
292.02745404375327 -40.71425942068536 83.0
292.0274452738722 -40.70806040945045 83.0
292.02743650635676 -40.701861398214284 83.0
292.0274277412059 -40.69566238697686 86.0
292.0274189784189 -40.68946337573818 83.0
292.0274102179948 -40.68326436449824 82.0
292.0273664512883 -40.65226930827968 80.0
292.0357292051205 -40.72665041540746 80.0
292.0356815019476 -40.69565536396717 82.0
292.0356719690314 -40.68945635367464 83.0
292.0356053105427 -40.646063281585285 80.0
292.03555777427636 -40.61506823004831 80.0
292.0355482747049 -40.60886921973646 80.0
292.043924957826 -40.68944874044451 81.0
292.04391465755964 -40.68324973117605 80.0
292.04380153770643 -40.615060629108385 80.0
292.0521779446557 -40.689440536048075 81.0
292.0604309293737 -40.689431740485645 80.0
292.0603126718404 -40.62744167059794 80.0
