# successful candidates for region at (132.34172116707649, -14.380879417569071) and radius 1.0
131.68811096899327 -14.606556791983108 67.0
131.72917794805252 -13.811075425243727 67.0
131.7356058236024 -13.823522810982249 67.0
131.73562221321416 -13.817307296595008 69.0
131.73563859719624 -13.811091782194824 68.0
131.73565497554955 -13.804876267781705 68.0
131.74201814481103 -13.842185551340371 68.0
131.7420343764422 -13.83597003424101 68.0
131.74205060250128 -13.829754517128968 67.0
131.74206682298907 -13.823539000004251 68.0
131.7420830379064 -13.817323482866868 69.0
131.74209924725412 -13.811107965716815 69.0
131.742115451033 -13.804892448554103 70.0
131.74213164924393 -13.798676931378735 70.0
131.748495726304 -13.835986055216894 67.0
131.74852782328105 -13.82355501553798 67.0
131.7485438635035 -13.81733949567992 68.0
131.74855989821634 -13.81112397580947 67.0
131.74857592742038 -13.80490845592663 67.0
131.74859195111642 -13.798692936031404 67.0
131.75498882446857 -13.823570857583201 67.0
131.7550046899957 -13.817355335033945 68.0
131.75502055007323 -13.811139812472563 68.0
131.7873537807788 -13.79878532315624 67.0
131.7873687522288 -13.792569787549771 68.0
131.78738371853225 -13.786354251932492 68.0
131.7938288856949 -13.79258457608996 67.0
