# successful candidates for region at (19.716620184898076, -68.10376247085544) and radius 1.0
17.928504149533072 -68.66631136538558 58.0
17.92900380324673 -68.66005046300837 59.0
17.929503163306343 -68.65378955900478 58.0
17.94610309397282 -68.6602300206365 60.0
17.946597683141377 -68.65396906386468 58.0
17.962712551266485 -68.66666886046967 58.0
17.963202657356142 -68.66040785300055 60.0
17.96369247539341 -68.65414684396661 59.0
17.96418200563147 -68.64788583336926 58.0
17.980302490770978 -68.66058396005722 60.0
17.980787537439024 -68.6543228992674 60.0
17.98127229910666 -68.64806183694444 61.0
17.981756776024316 -68.64180077308974 58.0
17.982240968442138 -68.63553970770465 58.0
17.982724876609975 -68.62927864079049 58.0
17.9969220340785 -68.66701945229896 58.0
17.99740259159134 -68.6607583417638 60.0
17.997882866654557 -68.65449722972427 61.0
17.998362859516416 -68.64823611618164 62.0
17.998842570424916 -68.64197500113727 60.0
17.99932199962774 -68.63571388459248 59.0
17.99980114737229 -68.62945276654857 59.0
18.000280013905673 -68.62319164700688 58.0
18.000758599474725 -68.6169305259687 58.0
18.012598145349966 -68.68597563445041 58.0
18.01355111155127 -68.67345331921858 58.0
18.014027174318095 -68.66719215938618 58.0
18.014502957190988 -68.66093099807783 60.0
18.01497846041606 -68.65466983529484 60.0
18.01545368423912 -68.64840867103852 61.0
18.015928628905694 -68.64214750531016 61.0
18.01640329466103 -68.63588633811105 58.0
18.016877681750074 -68.62962516944248 59.0
18.017351790417496 -68.62336399930572 58.0
18.017825620907676 -68.61710282770214 59.0
18.02971788942428 -68.6861467665734 58.0
18.030189729426244 -68.67988555934163 59.0
18.03066129185066 -68.67362435066086 60.0
18.031132576941744 -68.66736314053236 59.0
18.031603584943426 -68.6611019289574 59.0
18.03207431609935 -68.6548407159373 59.0
18.032544770652876 -68.64857950147324 59.0
18.033014948847075 -68.6423182855666 62.0
18.033484850924733 -68.63605706821858 59.0
18.033954477128358 -68.62979584943042 58.0
18.034423827700163 -68.62353462920348 59.0
18.034892902882092 -68.61727340753893 58.0
18.046837893942072 -68.68631617119212 60.0
18.047304950422077 -68.68005491411273 61.0
18.047771732134265 -68.67379365561355 60.0
18.048238239320384 -68.66753239569587 59.0
18.048704472221896 -68.66127113436094 60.0
18.049170431079986 -68.65500987161002 61.0
18.049636116135556 -68.64874860744429 60.0
18.05010152762922 -68.64248734186509 61.0
18.050566665801316 -68.63622607487359 60.0
18.051031530891898 -68.62996480647107 60.0
18.051496123140737 -68.62370353665872 60.0
18.063958156267073 -68.68648384826523 59.0
18.06442042899768 -68.68022254184575 59.0
18.064882429770456 -68.67396123403547 60.0
18.065344158824693 -68.66769992483557 59.0
18.06580561639939 -68.66143861424734 58.0
18.06626680273327 -68.65517730227195 58.0
18.066727718064772 -68.64891598891066 59.0
18.067188362632052 -68.64265467416467 59.0
18.068108840425214 -68.63013204052342 58.0
18.06856867412603 -68.62387072163061 58.0
18.076949124105248 -68.74300193352364 58.0
18.077409045892093 -68.73674059058537 58.0
18.07786869638748 -68.73047924627404 58.0
18.08107867376276 -68.68664979775193 58.0
18.081536162518837 -68.68038844249995 58.0
18.08199338212735 -68.67412708588583 59.0
18.08245033282511 -68.66786572791075 58.0
18.083819573817877 -68.64908164583167 58.0
18.084275451235236 -68.64282028242468 58.0
18.084731060921754 -68.63655891766273 58.0
18.085186403112587 -68.63029755154699 58.0
18.094568190976204 -68.73690520006767 60.0
18.095023034700894 -68.73064380720379 60.0
18.095477610203822 -68.72438241299665 59.0
18.09593191772155 -68.71812101744744 58.0
18.096385957490362 -68.71185962055736 59.0
18.096839729746257 -68.70559822232755 58.0
18.097746472661946 -68.69307542185356 58.0
18.09819944379236 -68.68681401961175 58.0
18.098652148351107 -68.6805526160349 59.0
18.09910458657281 -68.67429121112427 61.0
18.09955675869182 -68.66802980488102 59.0
18.1000086649422 -68.66176839730628 59.0
18.100911680772 -68.64924557816711 58.0
18.101813635929297 -68.63672275371616 58.0
18.10226421633803 -68.63046133950162 59.0
18.11037588284454 -68.7558523926286 58.0
18.110826717156524 -68.74959095567421 58.0
18.111727587730414 -68.73706807781107 59.0
18.11217762446184 -68.73080663690466 59.0
18.112627395802143 -68.72454519468329 60.0
18.11307690198538 -68.71828375114804 59.0
18.113526143245355 -68.71202230630009 60.0
18.11397511981558 -68.70576086014064 59.0
18.114423831929304 -68.69949941267082 58.0
18.11532046371885 -68.68697651380465 58.0
18.115768383859784 -68.68071506241066 59.0
18.116216040474463 -68.67445360971087 61.0
18.11666343379475 -68.66819215570649 60.0
18.11711056405226 -68.66193070039866 60.0
18.117557431478325 -68.6556692437885 60.0
18.118004036304008 -68.64940778587719 60.0
18.118450378760098 -68.64314632666589 60.0
18.11889645907712 -68.63688486615565 59.0
18.119342277485323 -68.63062340434767 59.0
18.127103685183535 -68.76227516463773 58.0
18.127549967263658 -68.7560136813585 60.0
18.127995985854504 -68.74975219678765 60.0
18.128441741188745 -68.74349071092632 58.0
18.12888723349878 -68.73722922377571 58.0
18.129332463016727 -68.73096773533688 59.0
18.129777429974435 -68.72470624561099 60.0
18.130222134603486 -68.7184447545992 59.0
18.130666577135177 -68.7121832623026 59.0
18.131110757800545 -68.70592176872238 59.0
18.131554676830355 -68.69966027385964 59.0
18.131998334455087 -68.69339877771552 59.0
18.132441730904965 -68.68713728029113 59.0
18.13288486640994 -68.68087578158762 60.0
18.13332774119968 -68.67461428160611 61.0
18.13377035550361 -68.66835278034772 61.0
18.134212709550855 -68.66209127781356 60.0
18.134654803570296 -68.65582977400481 60.0
18.13509663779053 -68.64956826892252 61.0
18.135538212439897 -68.64330676256786 59.0
18.135979527746457 -68.63704525494194 58.0
18.136420583938015 -68.63078374604585 58.0
18.142514371105836 -68.78748087613911 58.0
18.143399125931925 -68.7749578241792 58.0
18.143841111218958 -68.76869629629788 60.0
18.14428283539672 -68.76243476715044 58.0
18.144724298695913 -68.75617323673802 61.0
18.145165501346977 -68.74991170506175 61.0
18.145606443580082 -68.74365017212276 59.0
18.146047125625117 -68.73738863792211 59.0
18.146487547711704 -68.73112710246096 59.0
18.146927710069207 -68.72486556574044 61.0
18.147367612926704 -68.71860402776157 61.0
18.14780725651301 -68.71234248852558 62.0
18.14824664105667 -68.7060809480335 61.0
18.148685766785963 -68.69981940628648 60.0
18.149124633928896 -68.69355786328558 59.0
18.14956324271321 -68.68729631903193 61.0
18.150001593366383 -68.68103477352666 60.0
18.150439686115615 -68.67477322677087 61.0
18.150877521187848 -68.66851167876558 60.0
18.151315098809754 -68.66225012951197 60.0
18.151752419207746 -68.65598857901114 60.0
18.15218948260796 -68.64972702726415 59.0
18.15262628923628 -68.64346547427212 59.0
18.153062839318313 -68.63720392003613 58.0
18.15828151145569 -68.56206517257269 59.0
18.15927513357968 -68.793900502349 58.0
18.159713070339357 -68.78763893151323 59.0
18.160150748149963 -68.7813773594356 59.0
18.160588167240515 -68.77511578611714 62.0
18.16102532783974 -68.768854211559 62.0
18.161462230176117 -68.76259263576229 61.0
18.161898874477835 -68.75633105872805 60.0
18.16233526097282 -68.75006948045741 60.0
18.162771389888746 -68.74380790095145 59.0
18.163207261453 -68.7375463202113 59.0
18.163642875892705 -68.73128473823797 60.0
18.164078233434722 -68.72502315503262 61.0
18.164513334305642 -68.71876157059631 62.0
18.164948178731787 -68.71249998493012 62.0
18.165382766939224 -68.70623839803517 61.0
18.165817099153735 -68.69997680991247 60.0
18.166251175600856 -68.6937152205632 60.0
18.16668499650584 -68.68745362998837 60.0
18.167118562093698 -68.68119203818908 59.0
18.167551872589158 -68.67493044516642 61.0
18.167984928216686 -68.66866885092145 61.0
18.168417729200495 -68.66240725545526 60.0
18.168850275764523 -68.65614565876892 58.0
18.16928256813246 -68.6498840608635 58.0
18.169714606527716 -68.64362246174008 59.0
18.176045549406595 -68.80031848384816 58.0
18.17647890903025 -68.79405686798152 58.0
18.176912012332313 -68.78779525089924 59.0
18.17734485953953 -68.7815336326023 62.0
18.177777450878388 -68.77527201309182 64.0
18.178209786575113 -68.76901039236887 64.0
18.178641866855656 -68.76274877043454 64.0
18.1790736919457 -68.75648714728987 61.0
18.179505262070677 -68.75022552293593 61.0
18.179936577455734 -68.74396389737383 59.0
18.18036763832577 -68.7377022706046 60.0
18.180798444905406 -68.7314406426293 61.0
18.181228997419 -68.72517901344902 61.0
18.18165929609066 -68.71891738306482 62.0
18.182089341144216 -68.71265575147775 62.0
18.182519132803236 -68.70639411868888 62.0
18.182948671291037 -68.70013248469927 61.0
18.183377956830654 -68.69387084950999 61.0
18.183806989644882 -68.68760921312204 61.0
18.18423576995623 -68.68134757553658 60.0
18.184664297986977 -68.67508593675457 61.0
18.18509257395911 -68.6688242967771 61.0
18.185520598094374 -68.66256265560523 59.0
18.185948370614245 -68.65630101324 60.0
18.186375891739946 -68.65003936968247 59.0
18.18680316169244 -68.64377772493368 59.0
18.192396594197668 -68.81299647838588 58.0
18.19325440168164 -68.80047315870175 58.0
18.193682924777594 -68.79421149707451 59.0
18.19411119440895 -68.7879498342586 60.0
18.19453921079993 -68.78168817025501 64.0
18.194966974174516 -68.77542650506481 64.0
18.1953944847564 -68.76916483868911 64.0
18.195821742769027 -68.76290317112887 65.0
18.19624874843557 -68.75664150238518 62.0
18.19667550197894 -68.75037983245909 61.0
18.197102003621797 -68.74411816135164 61.0
18.197528253586526 -68.73785648906387 62.0
18.19795425209525 -68.73159481559681 60.0
18.198379999369838 -68.72533314095155 60.0
18.198805495631895 -68.71907146512905 60.0
18.19923074110276 -68.71280978813043 61.0
18.19965573600352 -68.7065481099567 61.0
18.200080480555002 -68.70028643060887 62.0
18.200504974977765 -68.69402475008799 61.0
18.200929219492117 -68.68776306839511 61.0
18.201353214318104 -68.68150138553125 62.0
18.201776959675513 -68.67523970149745 61.0
18.202200455783874 -68.66897801629473 60.0
18.20262370286246 -68.66271632992411 59.0
18.203046701130287 -68.65645464238662 59.0
18.203469450806114 -68.65019295368332 59.0
18.20389195210844 -68.6439312638152 59.0
18.20961536636126 -68.81314950672349 59.0
18.21003955459943 -68.80688780217605 61.0
18.210463491786044 -68.8006260964645 61.0
18.210887178143327 -68.79436438958992 60.0
18.211310613893257 -68.78810268155334 62.0
18.211733799257544 -68.78184097235577 63.0
18.21215673445763 -68.77557926199822 64.0
18.2125794197147 -68.76931755048174 64.0
18.213001855249683 -68.76305583780739 65.0
18.213424041283247 -68.75679412397616 65.0
18.213845978035785 -68.75053240898903 63.0
18.214267665727455 -68.7442706928471 61.0
18.214689104578138 -68.73800897555134 61.0
18.215110294807456 -68.73174725710281 62.0
18.21553123663479 -68.72548553750248 60.0
18.215951930279235 -68.71922381675138 60.0
18.216372375959654 -68.71296209485055 59.0
18.216792573894644 -68.70670037180098 60.0
18.217212524302536 -68.70043864760369 60.0
18.217632227401417 -68.69417692225971 59.0
18.218051683409115 -68.68791519577003 62.0
18.21847089254319 -68.68165346813566 60.0
18.21888985502097 -68.67539173935762 60.0
18.2193085710595 -68.66913000943691 59.0
18.2197270408756 -68.6628682783745 58.0
18.220145264685808 -68.65660654617146 61.0
18.220563242706426 -68.65034481282878 60.0
18.220980975153495 -68.6440830783474 58.0
18.225994937507338 -68.8258242921569 58.0
18.22683437409116 -68.8133007969051 58.0
18.227253719659494 -68.80703904757073 61.0
18.227672817038826 -68.80077729709873 61.0
18.228091666448847 -68.79451554549007 64.0
18.228510268109012 -68.78825379274582 63.0
18.228928622238495 -68.78199203886693 64.0
18.22934672905623 -68.77573028385444 63.0
18.22976458878088 -68.76946852770935 65.0
18.230182201630857 -68.76320677043265 65.0
18.230599567824314 -68.75694501202533 66.0
18.231016687579146 -68.7506832524884 64.0
18.231433561112993 -68.74442149182286 63.0
18.23185018864324 -68.73815973002971 62.0
18.232266570387008 -68.73189796710994 61.0
18.232682706561175 -68.72563620306455 59.0
18.233098597382355 -68.71937443789454 61.0
18.23351424306691 -68.7131126716009 60.0
18.233929643830944 -68.70685090418458 59.0
18.234344799890312 -68.70058913564664 59.0
18.234759711460615 -68.69432736598803 58.0
18.235174378757197 -68.68806559520974 58.0
18.235588801995153 -68.68180382331276 59.0
18.23600298138932 -68.67554205029805 59.0
18.236830609504395 -68.6630185009195 62.0
18.237244058653726 -68.65675672455761 62.0
18.237657264816118 -68.65049494708192 60.0
18.238070228205146 -68.64423316849346 58.0
18.23971965829059 -68.61918604303119 58.0
18.24322387246916 -68.82597393276957 58.0
18.243638866465943 -68.8197121413882 58.0
18.244053614701393 -68.81345034889335 58.0
18.24446811739319 -68.80718855528603 60.0
18.24488237475878 -68.80092676056718 63.0
18.245296387015323 -68.79466496473779 64.0
18.24571015437974 -68.7884031677989 64.0
18.24612367706869 -68.78214136975146 64.0
18.246536955298584 -68.77587957059643 64.0
18.246949989285568 -68.7696177703348 64.0
18.24736277924553 -68.76335596896757 67.0
18.247775325394123 -68.75709416649569 66.0
18.248187627946724 -68.75083236292015 64.0
18.24859968711847 -68.74457055824195 64.0
18.24901150312424 -68.73830875246202 62.0
18.24942307617866 -68.73204694558135 61.0
18.249834406496106 -68.72578513760094 60.0
18.250245494290695 -68.7195233285217 59.0
18.250656339776302 -68.71326151834467 59.0
18.25106694316654 -68.70699970707075 58.0
18.25147730467478 -68.70073789470098 59.0
18.251887424514134 -68.69447608123625 59.0
18.252297302897475 -68.68821426667758 59.0
18.252706940037413 -68.68195245102591 59.0
18.25311633614632 -68.67569063428223 59.0
18.253525491436307 -68.66942881644746 58.0
18.253934406119246 -68.66316699752258 59.0
18.254343080406752 -68.65690517750858 59.0
18.254751514510204 -68.65064335640636 58.0
18.257603845783972 -68.60681057830186 61.0
18.258010365994664 -68.6005487485285 58.0
18.258416647912533 -68.59428691767553 58.0
18.260453038034502 -68.82612183412317 58.0
18.260863183216745 -68.81985999893108 59.0
18.261273085505763 -68.81359816265137 60.0
18.261682745116705 -68.80733632528505 61.0
18.262092162264466 -68.80107448683303 64.0
18.262501337163684 -68.7948126472963 65.0
18.262910270028758 -68.78855080667583 65.0
18.263318961073814 -68.78228896497255 66.0
18.263727410512743 -68.77602712218744 65.0
18.26413561855917 -68.76976527832146 67.0
18.264543585426484 -68.76350343337556 67.0
18.264951311327803 -68.75724158735069 67.0
18.265358796476008 -68.7509797402478 67.0
18.265766041083726 -68.74471789206785 65.0
18.266173045363328 -68.7384560428118 64.0
18.266579809526945 -68.7321941924806 61.0
18.26698633378645 -68.72593234107518 62.0
18.267392618353472 -68.71967048859649 61.0
18.267798663439386 -68.71340863504551 59.0
18.268204469255323 -68.70714678042316 58.0
18.26861003601216 -68.70088492473037 59.0
18.269015363920538 -68.6946230679681 58.0
18.269420453190833 -68.68836121013733 58.0
18.269825304033187 -68.68209935123895 61.0
18.2702299166575 -68.6758374912739 58.0
18.270634291273407 -68.66957563024314 59.0
18.27103842809031 -68.66331376814762 58.0
18.27466499291688 -68.6069569615273 60.0
18.275066763206848 -68.60069508883541 58.0
18.27646510073708 -68.84505362526423 58.0
18.27687111825522 -68.83879174996778 58.0
18.27768243151216 -68.8262679961812 58.0
18.278492783817853 -68.81374423814275 61.0
18.27889760014599 -68.80748235753141 64.0
18.279302176874214 -68.80122047585992 63.0
18.27970651421464 -68.79495859312922 63.0
18.28011061237914 -68.78869670934024 64.0
18.28051447157931 -68.78243482449396 66.0
18.280918092026518 -68.77617293859127 66.0
18.28132147393188 -68.76991105163312 66.0
18.281724617506253 -68.76364916362041 66.0
18.282127522960252 -68.75738727455413 66.0
18.28253019050425 -68.75112538443517 67.0
18.28293262034836 -68.74486349326449 64.0
18.28333481270246 -68.73860160104299 63.0
18.28373676777617 -68.7323397077716 64.0
18.284138485778865 -68.7260778134513 62.0
18.284539966919677 -68.71981591808293 60.0
18.284941211407496 -68.71355402166749 59.0
18.28534221945096 -68.70729212420586 60.0
18.28574299125846 -68.70103022569899 59.0
18.286543826997928 -68.68850642555316 58.0
18.286943891345466 -68.68224452391604 58.0
18.287343720288167 -68.67598262123737 59.0
18.28894068615051 -68.65093500012523 58.0
18.28933934117181 -68.64467309225242 58.0
18.28973776202768 -68.63841118334352 58.0
18.290135948923844 -68.63214927339943 58.0
18.29053390206577 -68.62588736242112 58.0
18.29093162165871 -68.61962545040944 58.0
18.291329107907654 -68.6133635373653 58.0
18.29172636101736 -68.60710162328962 58.0
18.29212338119235 -68.60083970818332 58.0
18.292520168636905 -68.59457779204726 58.0
18.294896017374594 -68.55700627365718 58.0
18.29370928432352 -68.84519817648689 58.0
18.294110444003675 -68.838936258333 60.0
18.294511365895797 -68.83267433913957 59.0
18.294912050210723 -68.82641241890758 58.0
18.295712706951008 -68.81388857533143 60.0
18.296112679796774 -68.80762665198911 63.0
18.29651241590614 -68.80136472761191 63.0
18.296911915488685 -68.79510280220065 62.0
18.297311178753745 -68.78884087575632 63.0
18.29771020591041 -68.78257894827983 65.0
18.29810899716751 -68.77631701977205 65.0
18.298507552733643 -68.77005509023392 66.0
18.29890587281716 -68.76379315966639 65.0
18.299303957626158 -68.75753122807028 65.0
18.29970180736849 -68.75126929544658 66.0
18.300099422251776 -68.74500736179616 62.0
18.300496802483377 -68.73874542711994 64.0
18.300893948270417 -68.7324834914188 63.0
18.301290859819776 -68.72622155469371 61.0
18.30168753733809 -68.7199596169455 60.0
18.302083981031746 -68.7136976781751 61.0
18.302480191106902 -68.70743573838342 61.0
18.302876167769462 -68.70117379757137 60.0
18.303271911225092 -68.69491185573982 58.0
18.30406269933701 -68.68238796902192 58.0
18.30564148610018 -68.65734018339168 58.0
18.306035602845668 -68.65107823444886 58.0
18.30682314182933 -68.63855433352713 58.0
18.307216564474263 -68.63229238155 58.0
18.307609756158715 -68.62603042856323 58.0
18.308002717085476 -68.61976847456766 58.0
18.308395447457094 -68.61350651956424 58.0
18.30957225726307 -68.5947206485155 59.0
18.309964067434905 -68.58845868948939 59.0
18.31134999267739 -68.83907902630065 58.0
18.311746059409618 -68.83281706479045 60.0
18.312141891438547 -68.82655510226664 59.0
18.312537488972197 -68.82029313873012 62.0
18.31293285221836 -68.81403117418179 61.0
18.313327981384575 -68.8077692086226 62.0
18.313722876678128 -68.8015072420534 64.0
18.314117538306075 -68.79524527447508 63.0
18.314511966475216 -68.78898330588854 63.0
18.314906161392116 -68.7827213362947 64.0
18.315300123263093 -68.7764593656944 65.0
18.315693852294213 -68.77019739408856 66.0
18.31608734869131 -68.76393542147808 65.0
18.31648061265997 -68.75767344786384 65.0
18.316873644405543 -68.75141147324672 67.0
18.317266444133136 -68.74514949762762 65.0
18.317659012047603 -68.73888752100744 63.0
18.318051348353563 -68.73262554338697 63.0
18.318443453255405 -68.72636356476724 62.0
18.318835326957263 -68.72010158514901 62.0
18.31922696966304 -68.71383960453322 62.0
18.31961838157639 -68.70757762292074 61.0
18.320009562900736 -68.70131564031247 62.0
18.320400513839264 -68.69505365670922 60.0
18.32468582657032 -68.62617177165822 58.0
18.32507402864056 -68.61990977618392 60.0
18.327398464961927 -68.58233778271237 58.0
18.328589761579714 -68.83922005383546 58.0
18.328980972956327 -68.83295805052373 59.0
18.329371952503767 -68.82669604622312 60.0
18.329762700427516 -68.8204340409345 62.0
18.33015321693282 -68.81417203465875 62.0
18.330543502224682 -68.80791002739673 63.0
18.330933556507855 -68.80164801914933 63.0
18.33132337998686 -68.79538600991742 65.0
18.331712972865976 -68.78912399970183 64.0
18.33210233534923 -68.78286198850353 64.0
18.332491467640423 -68.77659997632328 64.0
18.332880369943105 -68.77033796316204 66.0
18.33326904246059 -68.76407594902061 66.0
18.333657485395946 -68.75781393389991 67.0
18.334045698952018 -68.75155191780077 67.0
18.334433683331397 -68.74528990072406 65.0
18.33482143873644 -68.73902788267065 64.0
18.33520896536926 -68.73276586364139 62.0
18.33559626343175 -68.72650384363718 63.0
18.335983333125544 -68.7202418226588 63.0
18.336370174652053 -68.71397980070721 62.0
18.33675678821244 -68.70771777778322 62.0
18.337143174007643 -68.70145575388767 63.0
18.33945671693247 -68.66388359016 58.0
18.34137844248364 -68.63257342715939 58.0
18.341762110683746 -68.6263113916719 58.0
18.34214555370942 -68.62004935522395 58.0
18.344823366579348 -68.57621507326549 58.0
18.3458297480138 -68.8393593409025 58.0
18.346216103841464 -68.83309729630463 58.0
18.34660223071431 -68.82683525074226 59.0
18.34698812883528 -68.82057320421626 62.0
18.347373798407084 -68.81431115672748 63.0
18.347759239632172 -68.80804910827679 63.0
18.348144452712774 -68.801787058865 62.0
18.34852943785088 -68.79552500849303 64.0
18.348914195248224 -68.78926295716168 64.0
18.349298725106323 -68.78300090487177 65.0
18.349683027626448 -68.77673885162424 65.0
18.350067103009632 -68.77047679741985 65.0
18.350450951456665 -68.76421474225953 66.0
18.350834573168115 -68.75795268614402 67.0
18.351217968344297 -68.75169062907425 67.0
18.351601137185305 -68.74542857105104 66.0
18.351984079890986 -68.73916651207524 65.0
18.352366796660963 -68.73290445214766 66.0
18.352749287694603 -68.72664239126918 64.0
18.35313155319107 -68.7203803294406 63.0
18.353513593349263 -68.7141182666628 62.0
18.353895408367862 -68.70785620293657 63.0
18.35427699844532 -68.7015941382628 61.0
18.354658363779844 -68.69533207264229 58.0
18.35618158164467 -68.67028380070961 58.0
18.35656182622955 -68.66402173036796 59.0
18.36383272337788 -68.82697271578968 58.0
18.36421377150559 -68.82071062854105 62.0
18.364594593953623 -68.81444854035372 64.0
18.364975190921907 -68.8081864512285 65.0
18.365355562610127 -68.8019243611662 64.0
18.365735709217738 -68.79566227016768 63.0
18.366115630943955 -68.78940017823378 64.0
18.36649532798776 -68.78313808536528 65.0
18.3668748005479 -68.77687599156305 65.0
18.36725404882289 -68.7706138968279 65.0
18.367633073011007 -68.76435180116066 66.0
18.36801187331029 -68.75808970456215 68.0
18.36839044991856 -68.75182760703319 67.0
18.368768803033394 -68.74556550857461 66.0
18.369146932852132 -68.73930340918726 66.0
18.369524839571888 -68.73304130887189 65.0
18.369902523389545 -68.72677920762936 65.0
18.370279984501753 -68.72051710546052 65.0
18.37065722310493 -68.71425500236613 64.0
18.371034239395264 -68.70799289834704 61.0
18.371411033568712 -68.70173079340408 59.0
18.38106342780197 -68.8271084413314 58.0
18.38143962574832 -68.82084631387497 61.0
18.381815600884714 -68.81458418550355 62.0
18.38219135340854 -68.80832205621799 62.0
18.382566883516947 -68.80205992601906 63.0
18.382942191406855 -68.79579779490757 63.0
18.383317277274955 -68.78953566288442 63.0
18.3836921413177 -68.78327352995029 65.0
18.384066783731306 -68.77701139610603 66.0
18.384441204711774 -68.77074926135248 68.0
18.384815404454862 -68.76448712569044 67.0
18.385189383156096 -68.75822498912063 67.0
18.385563141010785 -68.75196285164398 65.0
18.385936678213984 -68.74570071326121 67.0
18.386309994960545 -68.73943857397316 66.0
18.38668309144507 -68.73317643378057 66.0
18.387055967861944 -68.7269142926843 64.0
18.38742862440532 -68.72065215068513 65.0
18.38780106126912 -68.71439000778383 63.0
18.388173278647038 -68.70812786398125 60.0
18.388545276732543 -68.70186571927815 58.0
18.392253238905738 -68.63924422289288 58.0
18.393361383850145 -68.6204577565508 58.0
18.39409906379092 -68.60793344120735 58.0
18.398294341293873 -68.82724242733394 58.0
18.398665688873155 -68.8209802601845 61.0
18.39903681651242 -68.81471809214354 61.0
18.399407724406515 -68.80845592321187 63.0
18.39977841275006 -68.80219375339018 63.0
18.400148881737433 -68.79593158267942 64.0
18.4005191315628 -68.78966941108023 64.0
18.40088916242008 -68.78340723859348 66.0
18.40125897450298 -68.77714506521994 66.0
18.401628568004966 -68.77088289096038 67.0
18.401997943119277 -68.7646207158156 68.0
18.402367100038937 -68.75835853978637 69.0
18.402736038956725 -68.75209636287349 67.0
18.4031047600652 -68.74583418507771 66.0
18.403473263556705 -68.73957200639985 64.0
18.403841549623333 -68.73330982684064 64.0
18.404209618456974 -68.7270476464009 63.0
18.40457747024928 -68.72078546508142 62.0
18.40494510519168 -68.71452328288294 61.0
18.405312523475377 -68.70826109980621 60.0
18.40567972529135 -68.70199891585207 61.0
18.409339879581644 -68.63937702822128 58.0
18.40970471279332 -68.63311483466619 58.0
18.41006933181161 -68.62685264024286 58.0
18.41043373682459 -68.62059044495209 58.0
18.414057298492384 -68.85242349037533 58.0
18.415891958189558 -68.82111246743663 61.0
18.416258238148593 -68.81485026024066 62.0
18.416624301230073 -68.80858805217707 63.0
18.41699014762608 -68.80232584324665 65.0
18.417355777528467 -68.79606363345013 63.0
18.41772119112886 -68.78980142278834 65.0
18.418086388618658 -68.78353921126198 66.0
18.418451370189036 -68.77727699887187 66.0
18.41881613603094 -68.77101478561873 67.0
18.419180686335103 -68.76475257150338 68.0
18.41954502129201 -68.75849035652652 68.0
18.41990914109195 -68.75222814068893 68.0
18.42027304592496 -68.74596592399139 65.0
18.420636735980874 -68.73970370643464 63.0
18.421000211449297 -68.73344148801944 63.0
18.4213634725196 -68.72717926874658 63.0
18.421726519380947 -68.72091704861677 62.0
18.422089352222265 -68.71465482763081 61.0
18.42245197123227 -68.70839260578941 62.0
18.422814376599455 -68.70213038309338 61.0
18.423176568512083 -68.69586815954342 58.0
18.425345247957402 -68.65829480035373 58.0
18.425705950941122 -68.65203257084744 58.0
18.426066441968498 -68.64577034049324 59.0
18.426426721225816 -68.6395081092919 58.0
18.426786788899147 -68.63324587724414 58.0
18.42714664517435 -68.6269836443507 58.0
18.42750629023705 -68.62072141061233 58.0
18.430017907273804 -68.57688575084786 58.0
18.430375869293364 -68.57062351037668 58.0
18.432756784709227 -68.82750518058953 59.0
18.4331184310068 -68.82124293559866 61.0
18.433479863104886 -68.81498068976228 63.0
18.433841081193247 -68.80871844308108 64.0
18.43420208546143 -68.80245619555586 63.0
18.43456287609875 -68.79619394718732 63.0
18.434923453294303 -68.78993169797626 63.0
18.435283817236964 -68.78366944792339 63.0
18.435643968115382 -68.77740719702943 64.0
18.436003906117982 -68.77114494529519 66.0
18.436363631432968 -68.76488269272139 67.0
18.43672314424833 -68.75862043930876 67.0
18.43708244475182 -68.75235818505803 67.0
18.437441533130983 -68.74609592996997 68.0
18.43780040957314 -68.73983367404529 67.0
18.438159074265382 -68.73357141728475 65.0
18.43851752739459 -68.72730915968911 65.0
18.43887576914743 -68.72104690125903 63.0
18.439233799710333 -68.71478464199534 65.0
18.43959161926952 -68.70852238189873 64.0
18.439949228010992 -68.70226012096992 61.0
18.44030662612053 -68.69599785920968 59.0
18.441020791185846 -68.68347333319777 58.0
18.44244660188349 -68.65842427122881 59.0
18.443158250469185 -68.6458997352834 58.0
18.443513761215595 -68.63963746607301 58.0
18.450345104633943 -68.82137166463848 60.0
18.45070168869275 -68.81510938067625 63.0
18.45105806160987 -68.80884709589174 63.0
18.451414223572318 -68.80258481028571 62.0
18.451770174766875 -68.79632252385886 63.0
18.4521259153801 -68.79006023661188 63.0
18.452481445598348 -68.78379794854557 63.0
18.452836765607735 -68.7775356596606 64.0
18.453191875594168 -68.77127336995774 66.0
18.45354677574333 -68.76501107943768 70.0
18.453901466240694 -68.75874878810114 69.0
18.454255947271502 -68.75248649594887 69.0
18.454610219020786 -68.74622420298158 67.0
18.454964281673355 -68.73996190919995 67.0
18.45531813541381 -68.73369961460476 64.0
18.45567178042652 -68.72743731919671 65.0
18.456025216895647 -68.72117502297647 66.0
18.45637844500514 -68.71491272594483 64.0
18.456731464938716 -68.70865042810249 64.0
18.457084276879893 -68.70238812945013 59.0
18.458141466580894 -68.68360122864014 58.0
18.458493448383262 -68.67733892675491 58.0
18.45919679093599 -68.66481432056585 58.0
18.459548152050584 -68.65855201626343 59.0
18.45989930663312 -68.6522897111567 58.0
18.460250254865176 -68.64602740524634 58.0
18.460600996928132 -68.63976509853315 58.0
18.460951533003136 -68.6335027910177 58.0
18.461301863271135 -68.62724048270081 58.0
18.464793886221948 -68.56461735560465 58.0
18.46757197637985 -68.82149865452423 60.0
18.467923712223435 -68.81523633295082 62.0
18.468275239793584 -68.80897401057734 64.0
18.46862655927477 -68.80271168740451 64.0
18.468977670851245 -68.79644936343306 64.0
18.46932857470703 -68.79018703866363 64.0
18.469679271025953 -68.783924713097 65.0
18.47002975999161 -68.77766238673382 66.0
18.470380041787383 -68.77140005957486 68.0
18.47073011659643 -68.76513773162074 67.0
18.471079984601715 -68.75887540287223 70.0
18.47142964598596 -68.75261307333 69.0
18.471779100931695 -68.74635074299479 67.0
18.472128349621215 -68.74008841186725 64.0
18.472477392236613 -68.73382607994809 64.0
18.472826228959764 -68.72756374723804 64.0
18.473174859972328 -68.72130141373776 62.0
18.47352328545575 -68.71503907944796 60.0
18.473871505591273 -68.70877674436937 61.0
18.474219520559906 -68.70251440850268 61.0
18.47491493571954 -68.68998973440765 58.0
18.475262336271516 -68.68372739618074 59.0
18.476303311977517 -68.66494037679068 58.0
18.476649895828704 -68.65867803542653 58.0
18.476996275953535 -68.6524156932798 58.0
18.477342452531126 -68.64615335035117 59.0
18.477688425740393 -68.63989100664135 59.0
18.478034195760024 -68.63362866215101 60.0
18.47837976276851 -68.62736631688081 60.0
18.47872512694413 -68.6211039708315 58.0
18.481137011784813 -68.57726752672741 59.0
18.484104651699845 -68.83414862022728 58.0
18.484451950511268 -68.82788626311572 59.0
18.4847990435532 -68.82162390522463 62.0
18.485145931008006 -68.8153615465547 63.0
18.485492613057833 -68.80909918710658 64.0
18.485839089884614 -68.80283682688103 65.0
18.486185361670056 -68.79657446587873 67.0
18.486531428595672 -68.7903121041003 65.0
18.486877290842738 -68.7840497415465 65.0
18.487222948592333 -68.77778737821795 64.0
18.487568402025317 -68.77152501411538 66.0
18.487913651322334 -68.76526264923947 67.0
18.488258696663813 -68.75900028359092 69.0
18.48860353822998 -68.75273791717039 68.0
18.488948176200847 -68.74647554997858 67.0
18.489292610756202 -68.7402131820161 63.0
18.48963684207563 -68.73395081328376 63.0
18.489980870338506 -68.72768844378217 64.0
18.490324695724 -68.72142607351196 60.0
18.490668318411043 -68.71516370247387 59.0
18.491011738578393 -68.70890133066858 61.0
18.491354956404574 -68.70263895809673 60.0
18.49169797206791 -68.69637658475907 58.0
18.492040785746507 -68.69011421065616 61.0
18.49238339761827 -68.68385183578877 59.0
18.49272580786089 -68.67758946015753 58.0
18.49306801665185 -68.6713270837631 58.0
18.49341002416843 -68.66506470660622 59.0
18.49375183058769 -68.65880232868751 59.0
18.494093436086498 -68.65253995000762 59.0
18.494434840841503 -68.6462775705673 61.0
18.494776045029152 -68.64001519036711 61.0
18.49511704882568 -68.6337528094078 61.0
18.49545785240712 -68.62749042769 60.0
18.495798455949302 -68.62122804521441 61.0
18.49613885962784 -68.61496566198167 60.0
18.496479063618157 -68.60870327799243 58.0
18.498177094371478 -68.57739134672231 58.0
18.49851610390466 -68.57112895820808 59.0
18.50099896976282 -68.84053459791805 59.0
18.501341617345133 -68.83427220493996 59.0
18.50168406185167 -68.82800981120327 60.0
18.50202630346246 -68.82174741670872 63.0
18.502368342357325 -68.81548502145692 62.0
18.502710178715866 -68.80922262544863 63.0
18.503051812717473 -68.80296022868443 66.0
18.503393244541332 -68.796697831165 67.0
18.503734474366407 -68.79043543289106 68.0
18.50407550237146 -68.78417303386324 64.0
18.504416328735037 -68.77791063408222 64.0
18.50475695363547 -68.77164823354866 63.0
18.50509737725089 -68.76538583226323 64.0
18.50543759975922 -68.75912343022658 66.0
18.505777621338147 -68.75286102743942 67.0
18.506117442165184 -68.74659862390236 67.0
18.50645706241761 -68.74033621961608 63.0
18.506796482272513 -68.73407381458127 64.0
18.507135701906755 -68.72781140879856 64.0
18.507474721497 -68.7215490022686 63.0
18.507813541219704 -68.71528659499211 61.0
18.508152161251118 -68.70902418696967 60.0
18.508490581767276 -68.70276177820197 60.0
18.50882880294401 -68.69649936868969 59.0
18.50916682495695 -68.69023695843349 59.0
18.50950464798151 -68.68397454743395 59.0
18.509842272192916 -68.6777121356918 58.0
18.51017969776616 -68.67144972320767 59.0
18.510516924876054 -68.66518730998224 60.0
18.510853953697197 -68.65892489601613 61.0
18.511190784403976 -68.65266248131 62.0
18.51152741717058 -68.6464000658645 60.0
18.511863852170993 -68.64013764968028 61.0
18.512200089579 -68.63387523275799 62.0
18.51253612956817 -68.62761281509829 60.0
18.51287197231188 -68.62135039670181 61.0
18.513207617983298 -68.61508797756923 61.0
18.513543066755393 -68.60882555770115 60.0
18.51387831880093 -68.60256313709826 59.0
18.514882896302797 -68.583775870887 58.0
18.5152173631657 -68.57751344735121 59.0
18.515551634162847 -68.5712510230838 60.0
18.515885709465785 -68.56498859808544 58.0
18.51621958924587 -68.55872617235671 58.0
18.517564801368653 -68.853181334489 58.0
18.51790299253228 -68.84691890685615 59.0
18.518240983141023 -68.84065647848475 58.0
18.518578773372788 -68.83439404937549 60.0
18.51891636340526 -68.82813161952905 59.0
18.51925375341593 -68.82186918894605 65.0
18.519590943582074 -68.81560675762715 68.0
18.51992793408074 -68.80934432557301 68.0
18.520264725088794 -68.80308189278425 65.0
18.520601316782884 -68.79681945926157 65.0
18.52093770933944 -68.79055702500558 65.0
18.521273902934688 -68.78429459001697 63.0
18.52160989774466 -68.77803215429634 64.0
18.52194569394516 -68.77176971784439 63.0
18.522281291711796 -68.76550728066172 64.0
18.522616691219962 -68.759244842749 64.0
18.52295189264486 -68.75298240410689 62.0
18.523286896161466 -68.74671996473599 65.0
18.52362170194456 -68.74045752463697 63.0
18.52395631016872 -68.73419508381049 64.0
18.524290721008313 -68.72793264225716 65.0
18.5246249346375 -68.72167019997765 64.0
18.52495895123024 -68.7154077569726 62.0
18.52529277096028 -68.70914531324262 61.0
18.52562639400118 -68.70288286878836 62.0
18.525959820526275 -68.6966204236105 62.0
18.52629305070871 -68.69035797770962 59.0
18.52662608472142 -68.68409553108637 58.0
18.526958922737144 -68.67783308374145 59.0
18.52729156492841 -68.67157063567538 60.0
18.527624011467548 -68.6653081868889 60.0
18.527956262526686 -68.65904573738261 61.0
18.52828831827775 -68.65278328715713 61.0
18.528620178892453 -68.64652083621309 62.0
18.528951844542334 -68.64025838455115 62.0
18.5292833153987 -68.63399593217189 60.0
18.529614591632676 -68.62773347907601 60.0
18.52994567341518 -68.62147102526409 60.0
18.53027656091694 -68.61520857073675 61.0
18.530607254308464 -68.6089461154947 59.0
18.530937753760075 -68.60268365953847 60.0
18.5312680594419 -68.59642120286874 61.0
18.53159817152385 -68.59015874548611 59.0
18.53192809017566 -68.5838962873912 58.0
18.532257815566847 -68.57763382858468 60.0
18.532587347866738 -68.57137136906718 61.0
18.532916687244462 -68.56510890883922 59.0
18.533245833868953 -68.55884644790152 58.0
18.535483184371895 -68.84077661822855 58.0
18.53581611708612 -68.8345141535038 58.0
18.536148852477748 -68.82825168806292 59.0
18.536481390721708 -68.82198922190652 63.0
18.53681373199273 -68.81572675503524 66.0
18.537145876465335 -68.80946428744973 66.0
18.53747782431384 -68.80320181915057 63.0
18.537809575712355 -68.79693935013846 63.0
18.53814113083478 -68.79067688041397 63.0
18.538472489854822 -68.78441440997778 63.0
18.538803652945965 -68.77815193883049 63.0
18.539134620281505 -68.77188946697274 61.0
18.53946539203453 -68.76562699440515 62.0
18.53979596837791 -68.75936452112838 65.0
18.54012634948433 -68.75310204714302 63.0
18.54045653552626 -68.7468395724497 64.0
18.540786526675973 -68.74057709704906 63.0
18.541116323105538 -68.73431462094172 64.0
18.541445924986814 -68.72805214412833 64.0
18.54177533249147 -68.72178966660945 64.0
18.542104545790956 -68.71552718838574 63.0
18.542433565056545 -68.70926470945787 62.0
18.542762390459284 -68.70300222982637 61.0
18.54309102217004 -68.69673974949191 61.0
18.543419460359456 -68.6904772684551 60.0
18.54374770519799 -68.68421478671658 60.0
18.544075756855904 -68.67795230427694 60.0
18.54440361550325 -68.67168982113681 60.0
18.544731281309875 -68.66542733729683 61.0
18.54505875444545 -68.65916485275754 60.0
18.54538603507942 -68.65290236751964 62.0
18.545713123381045 -68.6466398815837 63.0
18.546040019519392 -68.64037739495038 62.0
18.546366723663315 -68.63411490762022 61.0
18.54669323598148 -68.62785241959389 59.0
18.547019556642354 -68.621589930872 61.0
18.547345685814207 -68.61532744145511 59.0
18.547671623665106 -68.60906495134387 59.0
18.547997370362932 -68.60280246053891 60.0
18.548322926075357 -68.5965399690408 61.0
18.54864829096987 -68.59027747685015 61.0
18.548973465213752 -68.5840149839676 60.0
18.5492984489741 -68.57775249039373 60.0
18.549623242417805 -68.57148999612915 60.0
18.54994784571157 -68.56522750117448 58.0
18.550596482515108 -68.55270250919722 59.0
18.55272557075616 -68.84089501711976 59.0
18.553053645788268 -68.8346325172952 59.0
18.553381526374654 -68.82837001677528 59.0
18.553709212687707 -68.82210751556055 65.0
18.554036704899605 -68.81584501365164 67.0
18.554364003182336 -68.80958251104921 66.0
18.554691107707676 -68.80332000775381 63.0
18.555018018647193 -68.79705750376613 63.0
18.555344736172263 -68.79079499908669 64.0
18.55567126045405 -68.78453249371616 62.0
18.55599759166353 -68.77826998765518 63.0
18.556323729971457 -68.77200748090428 61.0
18.556649675548407 -68.76574497346414 63.0
18.556975428564733 -68.75948246533534 64.0
18.557300989190598 -68.75321995651848 64.0
18.557626357595968 -68.7469574470142 64.0
18.5579515339506 -68.74069493682309 63.0
18.55827651842406 -68.73443242594571 62.0
18.558601311185704 -68.72816991438278 61.0
18.5589259124047 -68.72190740213478 61.0
18.559250322250005 -68.7156448892024 61.0
18.559574540890388 -68.70938237558622 60.0
18.559898568494415 -68.70311986128684 59.0
18.56022240523045 -68.69685734630482 60.0
18.560546051266666 -68.69059483064086 60.0
18.560869506771038 -68.68433231429549 59.0
18.561192771911337 -68.67806979726932 59.0
18.56151584685514 -68.67180727956296 60.0
18.56183873176983 -68.66554476117696 60.0
18.562161426822595 -68.65928224211201 60.0
18.56248393218042 -68.65301972236865 61.0
18.562806248010098 -68.6467572019475 62.0
18.56312837447823 -68.64049468084913 61.0
18.563450311751208 -68.63423215907416 61.0
18.56377205999525 -68.62796963662312 61.0
18.564093619376365 -68.62170711349673 60.0
18.56441499006037 -68.61544458969546 59.0
18.564736172212893 -68.60918206521997 60.0
18.565057165999352 -68.60291954007084 60.0
18.565377971584997 -68.59665701424865 62.0
18.565698589134865 -68.590394487754 63.0
18.566019018813805 -68.58413196058748 60.0
18.566339260786474 -68.5778694327497 60.0
18.566659315217343 -68.5716069042412 59.0
18.56697918227068 -68.56534437506258 59.0
18.56729886211056 -68.55908184521445 58.0
18.57029135678217 -68.83474914072043 59.0
18.57061438240132 -68.82848660563683 60.0
18.570937216621655 -68.8222240698789 63.0
18.571259859612823 -68.81596153344718 67.0
18.571582311544258 -68.8096989963423 67.0
18.571904572585197 -68.80343645856487 65.0
18.572226642904674 -68.79717392011547 64.0
18.572548522671532 -68.79091138099469 63.0
18.572870212054408 -68.78464884120311 62.0
18.573191711221746 -68.77838630074137 63.0
18.573513020341778 -68.77212375961003 61.0
18.57383413958256 -68.76586121780967 61.0
18.57415506911192 -68.75959867534091 63.0
18.574475809097514 -68.75333613220435 64.0
18.574796359706795 -68.74707358840054 63.0
18.57511672110701 -68.74081104393011 63.0
18.57543689346521 -68.73454849879364 61.0
18.575756876948255 -68.7282859529917 62.0
18.57607667172281 -68.72202340652488 60.0
18.57639627795534 -68.7157608593938 59.0
18.576715695812112 -68.70949831159898 58.0
18.577034925459206 -68.70323576314105 58.0
18.577353967062493 -68.6969732140206 59.0
18.577672820787665 -68.69071066423822 59.0
18.577991486800205 -68.68444811379445 58.0
18.578309965265408 -68.67818556268992 59.0
18.578628256348377 -68.6719230109252 60.0
18.578946360214022 -68.66566045850085 61.0
18.579264277027058 -68.65939790541745 61.0
18.57958200695199 -68.65313535167564 63.0
18.57989955015317 -68.64687279727593 61.0
18.580216906794707 -68.64061024221893 61.0
18.58053407704056 -68.6343476865052 61.0
18.580851061054474 -68.62808513013532 61.0
18.581167859000008 -68.62182257310988 60.0
18.581484471040525 -68.61556001542945 61.0
18.581800897339207 -68.60929745709464 61.0
18.582117138059033 -68.60303489810596 60.0
18.5824331933628 -68.596772338464 59.0
18.582749063413107 -68.59050977816939 59.0
18.583064748372372 -68.58424721722263 59.0
18.58338024840282 -68.57798465562433 61.0
18.583695563666474 -68.57172209337506 60.0
18.584010694325187 -68.5654595304754 58.0
18.586892340144338 -68.84738916004926 58.0
18.587210888186906 -68.84112659222765 59.0
18.587529247370604 -68.83486402375065 58.0
18.587847417862907 -68.82860145461885 60.0
18.58816539983112 -68.8223388848328 62.0
18.588483193442322 -68.81607631439307 65.0
18.588800798863424 -68.80981374330031 67.0
18.58911821626111 -68.80355117155504 68.0
18.589435445801886 -68.79728859915782 65.0
18.589752487652063 -68.7910260261093 63.0
18.59006934197774 -68.78476345241002 63.0
18.59038600894483 -68.77850087806051 63.0
18.590702488719057 -68.77223830306141 61.0
18.591018781465937 -68.76597572741326 60.0
18.591334887350794 -68.75971315111664 59.0
18.591650806538762 -68.75345057417215 63.0
18.59196653919478 -68.74718799658035 63.0
18.592282085483586 -68.74092541834179 63.0
18.592597445569726 -68.73466283945706 63.0
18.592912619617557 -68.7284002599267 60.0
18.593227607791242 -68.72213767975134 58.0
18.59354241025475 -68.71587509893153 58.0
18.59385702717185 -68.70961251746779 58.0
18.594171458706125 -68.70334993536073 58.0
18.59448570502097 -68.69708735261091 58.0
18.595427334279915 -68.67829960051057 58.0
18.595740841347087 -68.6720370151954 60.0
18.596054164008898 -68.66577442924026 60.0
18.596367302427595 -68.65951184264578 61.0
18.596680256765225 -68.65324925541248 62.0
18.59699302718365 -68.64698666754092 61.0
18.597305613844544 -68.64072407903168 60.0
18.597618016909387 -68.63446148988535 61.0
18.59793023653947 -68.62819890010243 61.0
18.5982422728959 -68.62193630968352 60.0
18.598554126139597 -68.61567371862917 60.0
18.598865796431276 -68.60941112693993 59.0
18.599177283931486 -68.60314853461634 59.0
18.59948858880057 -68.596885941659 59.0
18.599799711198695 -68.59062334806843 58.0
18.60042140922179 -68.57809815898989 60.0
18.600731985166153 -68.57183556350302 60.0
18.603826253687792 -68.85376497053912 58.0
18.604140126832878 -68.84750236978117 59.0
18.604453813833953 -68.84123976838713 61.0
18.60476731485615 -68.8349771663575 61.0
18.605080630064403 -68.82871456369294 60.0
18.605393759623468 -68.82245196039392 63.0
18.605706703697876 -68.81618935646108 66.0
18.606019462451986 -68.80992675189492 66.0
18.606332036049956 -68.80366414669604 66.0
18.60664442465575 -68.79740154086498 65.0
18.606956628433142 -68.79113893440231 66.0
18.607268647545705 -68.7848763273086 63.0
18.607580482156827 -68.7786137195844 61.0
18.6078921324297 -68.77235111123025 60.0
18.60820359852732 -68.76608850224675 60.0
18.6085148806125 -68.75982589263441 58.0
18.608825978847843 -68.75356328239381 61.0
18.609136893395785 -68.7473006715255 61.0
18.60944762441855 -68.74103806003004 60.0
18.609758172078187 -68.73477544790796 59.0
18.610068536536538 -68.72851283515988 58.0
18.610688716495844 -68.7159876077877 58.0
18.61099853231955 -68.7097249931648 58.0
18.611308165587467 -68.703462377918 58.0
18.6116176164605 -68.69719976204796 58.0
18.612544876316477 -68.67841191070353 58.0
18.612853599215207 -68.6721492923458 60.0
18.613162140520725 -68.66588667336752 60.0
18.613470500392804 -68.65962405376922 58.0
18.613778678991018 -68.65336143355151 59.0
18.61408667647477 -68.64709881271487 61.0
18.614394493003267 -68.64083619125985 61.0
18.61470212873553 -68.63457356918703 60.0
18.615009583830393 -68.62831094649694 60.0
18.615316858446505 -68.62204832319007 58.0
18.615623952742332 -68.61578569926704 59.0
18.615930866876152 -68.60952307472833 59.0
18.616237601006056 -68.60326044957453 58.0
18.61746274064191 -68.57820994281896 59.0
18.617768577117157 -68.5719473145977 58.0
18.620150950572157 -68.87266436966067 58.0
18.62046051039903 -68.8664017376797 58.0
18.620769886475742 -68.86013910508055 60.0
18.621079078965455 -68.85387647186376 60.0
18.621388088031125 -68.84761383802986 60.0
18.62169691383552 -68.84135120357942 60.0
18.622005556541225 -68.83508856851297 63.0
18.62231401631062 -68.82882593283112 63.0
18.622622293305902 -68.82256329653433 63.0
18.622930387689063 -68.81630065962321 62.0
18.623238299621924 -68.81003802209825 66.0
18.623546029266098 -68.80377538396003 65.0
18.62385357678301 -68.79751274520906 65.0
18.6241609423339 -68.79125010584595 65.0
18.624468126079815 -68.78498746587118 63.0
18.62477512818161 -68.77872482528531 61.0
18.625081948799952 -68.7724621840889 59.0
18.62538858809532 -68.76619954228242 58.0
18.625695046227996 -68.75993689986652 58.0
18.62600132335809 -68.75367425684166 59.0
18.6263074196455 -68.74741161320841 60.0
18.626613335249953 -68.74114896896727 60.0
18.626919070330988 -68.73488632411882 59.0
18.62752999955998 -68.72236103260207 58.0
18.629662588736554 -68.67852249324136 58.0
18.629966527316526 -68.67225984234906 59.0
18.630270287115607 -68.66599719085526 58.0
18.6305738682911 -68.65973453876059 58.0
18.630877271000116 -68.65347188606547 59.0
18.63118049539958 -68.64720923277049 59.0
18.631483541646244 -68.64094657887618 60.0
18.631786409896662 -68.63468392438303 61.0
18.632089100307216 -68.62842126929158 58.0
18.632391613034102 -68.62215861360238 58.0
18.632693948233328 -68.61589595731594 59.0
18.63299610606072 -68.60963330043279 59.0
18.637113689879442 -68.87903689075134 58.0
18.637418557830163 -68.87277422675234 58.0
18.637723244760544 -68.86651156215397 61.0
18.638027750831363 -68.86024889695675 61.0
18.638332076203223 -68.85398623116113 61.0
18.63863622103652 -68.84772356476773 60.0
18.63894018549146 -68.84146089777703 61.0
18.639243969728074 -68.83519823018956 62.0
18.639547573906192 -68.82893556200592 62.0
18.63985099818545 -68.82267289322657 63.0
18.640154242725316 -68.81641022385206 62.0
18.640457307685047 -68.81014755388289 65.0
18.640760193223723 -68.80388488331961 65.0
18.641062899500234 -68.79762221216274 65.0
18.641365426673286 -68.79135954041284 63.0
18.64166777490139 -68.78509686807038 62.0
18.641969944342872 -68.77883419513594 62.0
18.642271935155883 -68.77257152161002 60.0
18.643176837402663 -68.75378349748851 58.0
18.64347811527945 -68.74752082160184 60.0
18.64377921531567 -68.74125814512632 60.0
18.644681449950305 -68.72247011217172 58.0
18.645582089661744 -68.70368207393594 58.0
18.647677403490746 -68.65984329759294 58.0
18.64797603016309 -68.65358061292756 59.0
18.648274481330972 -68.64731792768102 59.0
18.648572757148678 -68.64105524185386 60.0
18.6488708577703 -68.6347925554466 60.0
18.64916878334977 -68.62852986845972 59.0
18.649466534040815 -68.62226718089377 58.0
18.649764109997 -68.61600449274924 58.0
18.654986148678677 -68.86661964354006 59.0
18.6552857845927 -68.86035694626177 62.0
18.655585242695974 -68.85409424840412 60.0
18.65588452314634 -68.84783154996764 60.0
18.656183626101452 -68.84156885095284 61.0
18.656482551718774 -68.8353061513602 60.0
18.656781300155586 -68.82904345119027 61.0
18.65707987156899 -68.82278075044357 59.0
18.65737826611588 -68.81651804912056 63.0
18.657676483952994 -68.8102553472218 65.0
18.65797452523686 -68.8039926447478 64.0
18.65827239012383 -68.79772994169905 63.0
18.65857007877008 -68.79146723807602 65.0
18.658867591331585 -68.78520453387932 61.0
18.659164927964152 -68.77894182910936 61.0
18.65946208882339 -68.7726791237667 59.0
18.659759074064734 -68.76641641785186 58.0
18.660055883843434 -68.76015371136528 58.0
18.66035251831456 -68.75389100430753 59.0
18.660648977632988 -68.7476282966791 61.0
18.66094526195342 -68.74136558848046 59.0
18.661241371430375 -68.73510287971214 59.0
18.661833066471022 -68.72257746046849 58.0
18.66212865234284 -68.71631474999415 58.0
18.66242406398744 -68.71005203895214 58.0
18.663309255093132 -68.69126390242509 58.0
18.66478110335984 -68.65995033023987 58.0
18.665074953850358 -68.65368761411129 58.0
18.665368631641677 -68.64742489742 59.0
18.665662136885608 -68.64116218016656 59.0
18.6659554697338 -68.6348994623514 59.0
18.6662486303377 -68.62863674397501 58.0
18.67224921944333 -68.86672598181114 58.0
18.672543985052048 -68.8604632529689 59.0
18.672838575738407 -68.85420052356598 61.0
18.673132991657692 -68.84793779360287 59.0
18.673427232964997 -68.84167506308009 60.0
18.673721299815224 -68.83541233199814 60.0
18.67401519236311 -68.8291496003575 59.0
18.674308910763198 -68.82288686815866 59.0
18.674602455169847 -68.81662413540215 61.0
18.674895825737234 -68.81036140208843 62.0
18.67518902261936 -68.80409866821802 62.0
18.67548204597004 -68.79783593379138 63.0
18.6757748959429 -68.79157319880902 64.0
18.6760675726914 -68.78531046327146 61.0
18.676360076368812 -68.77904772717913 60.0
18.676652407128216 -68.77278499053259 59.0
18.676944565122533 -68.7665222533323 59.0
18.67723655050448 -68.76025951557871 58.0
18.677528363426617 -68.75399677727239 61.0
18.67782000404131 -68.74773403841374 60.0
18.678111472500742 -68.74147129900334 59.0
18.678402768956932 -68.7352085590416 58.0
18.678984846466722 -68.72268307746614 58.0
18.679275627823447 -68.71642033585341 58.0
18.680146944115975 -68.69763210772093 59.0
18.68043704079074 -68.69136936391364 59.0
18.681306306654974 -68.67258112920912 58.0
18.682174039432173 -68.65379288959072 60.0
18.68246294370426 -68.64753014196152 60.0
18.682751678231924 -68.64126739378828 58.0
18.683328638650522 -68.62874189581149 59.0
18.68922238700021 -68.8730933362872 58.0
18.689802349501527 -68.86056781705175 58.0
18.69009207262506 -68.85430505662035 59.0
18.690381623867516 -68.84804229564713 61.0
18.690671003381436 -68.84177953413256 59.0
18.690960211319172 -68.83551677207716 58.0
18.691249247832904 -68.82925400948139 60.0
18.691538113074618 -68.82299124634572 61.0
18.691826807196133 -68.81672848267063 59.0
18.692115330349083 -68.81046571845663 60.0
18.692403682684922 -68.80420295370416 65.0
18.692691864354934 -68.79794018841369 64.0
18.692979875510208 -68.79167742258574 64.0
18.69326771630167 -68.78541465622078 61.0
18.69355538688006 -68.77915188931924 60.0
18.69384288739594 -68.77288912188162 58.0
18.6941302179997 -68.76662635390842 58.0
18.69470437007151 -68.75410081635711 59.0
18.694991191839442 -68.74783804677995 59.0
18.69527784429503 -68.74157527666907 58.0
18.69613678728185 -68.72278696313886 59.0
18.696422763981307 -68.71652419089784 59.0
18.696708572114172 -68.71026141812547 58.0
18.69699421182906 -68.70399864482224 58.0
18.69727968327443 -68.69773587098854 58.0
18.697564986598557 -68.6914730966249 60.0
18.69785012194954 -68.68521032173177 59.0
18.69927328427863 -68.65389643934026 59.0
18.69955741489113 -68.64763366128 59.0
18.699841378562343 -68.64137088269352 59.0
18.706490656813262 -68.87319621879746 58.0
18.70677585067088 -68.86693342890332 58.0
18.70763041707259 -68.84814505607454 60.0
18.707914934649956 -68.8418822640844 60.0
18.7081992835322 -68.83561947157143 59.0
18.708483463868937 -68.82935667853613 59.0
18.708767475809616 -68.82309388497892 60.0
18.7090513195035 -68.81683109090028 60.0
18.709334995099688 -68.81056829630063 61.0
18.709618502747087 -68.80430550118051 62.0
18.709901842594437 -68.79804270554033 63.0
18.710185014790298 -68.79177990938052 63.0
18.710468019483066 -68.7855171127016 60.0
18.710750856820944 -68.77925431550403 60.0
18.71188053558174 -68.75420312153618 59.0
18.712162538362268 -68.74794032175213 58.0
18.713851064329376 -68.71036351222929 58.0
18.714693089872583 -68.69157510053361 59.0
18.719158884973325 -68.59137016065267 58.0
18.723197945219656 -68.88582299592406 59.0
18.723478598701284 -68.87956017701467 59.0
18.72515902406958 -68.84198325291018 59.0
18.725717837775033 -68.82945760749638 59.0
18.725996996274407 -68.82319478403294 61.0
18.72627598940056 -68.8169319600657 61.0
18.72655481730004 -68.81066913559519 61.0
18.726833480119218 -68.80440631062177 61.0
18.7271119780043 -68.79814348514594 63.0
18.72739031110131 -68.79188065916813 62.0
18.727668479556097 -68.78561783268879 60.0
18.727946483514355 -68.77935500570834 58.0
18.729056857289685 -68.7543036927845 60.0
18.73566439485859 -68.60399564859898 58.0
18.735937691024567 -68.59773280727771 58.0
18.74075206017545 -68.87965960160973 59.0
18.742677899291014 -68.83581964870474 62.0
18.74295236685486 -68.82955679633722 60.0
18.743226671775044 -68.82329394348284 59.0
18.74350081419575 -68.81703109014211 61.0
18.743774794260975 -68.81076823631541 60.0
18.744048612114547 -68.80450538200314 61.0
18.744322267900134 -68.7982425272058 61.0
18.74459576176122 -68.79197967192376 63.0
18.744869093841135 -68.78571681615749 60.0
18.74514226428303 -68.7794539599074 58.0
18.75272598754734 -68.60409379020011 58.0
18.75299453200663 -68.59783092010358 58.0
18.75353114880061 -68.58530517849739 58.0
18.75775478098747 -68.88602015941409 58.0
18.758025675216512 -68.87975728192701 60.0
18.758296408539294 -68.87349440396684 59.0
18.759107644498975 -68.85470576725193 58.0
18.759377735624756 -68.84844288740355 58.0
18.75964766655745 -68.84218000708418 60.0
18.759917437439185 -68.8359171262942 60.0
18.760187048411915 -68.82965424503409 63.0
18.760456499617437 -68.8233913633042 60.0
18.760725791197373 -68.81712848110496 61.0
18.760994923293175 -68.81086559843682 61.0
18.76126389604614 -68.80460271530018 61.0
18.76153270959739 -68.79833983169546 60.0
18.761801364087876 -68.79207694762307 58.0
18.762069859658386 -68.78581406308341 58.0
18.77005152055794 -68.59792731165318 59.0
18.770315158543937 -68.59166441283134 58.0
18.770578642028795 -68.58540151355525 58.0
18.77163103366304 -68.56034991191619 58.0
18.7747672541593 -68.89237902948308 58.0
18.775033426708795 -68.88611612394097 60.0
18.77529944110856 -68.87985321794224 61.0
18.775565297499167 -68.87359031148732 62.0
18.775830996021014 -68.8673274045766 60.0
18.776096536814332 -68.86106449721045 58.0
18.77636192001919 -68.85480158938933 59.0
18.77662714577549 -68.84853868111358 59.0
18.77689221422297 -68.84227577238367 60.0
18.77715712550119 -68.8360128632 60.0
18.777421879749564 -68.82974995356294 61.0
18.777686477107334 -68.82348704347288 63.0
18.777950917713568 -68.81722413293026 61.0
18.778215201707184 -68.81096122193547 59.0
18.778479329226922 -68.8046983104889 61.0
18.77874330041137 -68.79843539859097 61.0
18.791527885329796 -68.9049991429589 58.0
18.79178948593251 -68.8987362102879 59.0
18.79205093100886 -68.89247327717607 60.0
18.792312220697156 -68.88621034362384 61.0
18.792573355135556 -68.87994740963163 60.0
18.792834334462047 -68.87368447519977 61.0
18.79309515881446 -68.86742154032868 61.0
18.79335582833046 -68.86115860501876 59.0
18.793616343147537 -68.85489566927038 60.0
18.793876703403043 -68.84863273308395 59.0
18.79413690923414 -68.84236979645982 60.0
18.79439696077785 -68.83610685939843 60.0
18.79465685817102 -68.82984392190015 61.0
18.794916601550337 -68.82358098396536 59.0
18.795176191052335 -68.81731804559442 61.0
18.795435626813372 -68.81105510678778 60.0
18.795694908969654 -68.80479216754576 60.0
18.79595403765723 -68.79852922786878 60.0
18.808564617988814 -68.91135466006861 58.0
18.808821482549924 -68.90509170029819 58.0
18.809078194353905 -68.89882874010293 58.0
18.809334753536668 -68.89256577948316 60.0
18.80959116023394 -68.88630281843933 61.0
18.809847414581295 -68.88003985697176 61.0
18.810103516714154 -68.87377689508084 62.0
18.810359466767764 -68.86751393276698 61.0
18.810615264877224 -68.86125097003051 62.0
18.81087091117747 -68.85498800687182 62.0
18.811126405803268 -68.84872504329131 61.0
18.811381748889236 -68.84246207928933 60.0
18.81163694056983 -68.83619911486626 60.0
18.811891980979347 -68.82993615002246 61.0
18.812146870251915 -68.82367318475832 58.0
18.812656195921992 -68.81114725297051 59.0
18.812910632586973 -68.80488428644757 60.0
18.813419054244353 -68.79235835214551 60.0
18.826115222982374 -68.90518251119065 58.0
18.82636704585992 -68.89891952399024 59.0
18.82661871902154 -68.8926565363814 62.0
18.82687024260038 -68.88639354836441 61.0
18.827121616729443 -68.88013055993972 62.0
18.827372841541564 -68.87386757110762 63.0
18.827623917169422 -68.86760458186856 65.0
18.827874843745548 -68.8613415922228 64.0
18.8281256214023 -68.85507860217079 64.0
18.828376250271894 -68.84881561171288 65.0
18.82862673048638 -68.84255262084937 60.0
18.828877062177654 -68.83628962958066 59.0
18.829127245477462 -68.83002663790712 60.0
18.829377280517384 -68.82376364582909 59.0
18.829876906343138 -68.81123766046099 59.0
18.830126497391362 -68.80497466717168 59.0
18.843656037726802 -68.89900856192732 59.0
18.84390282474215 -68.89274554784816 62.0
18.844149465077578 -68.88648253337657 62.0
18.84439595886351 -68.88021951851294 61.0
18.844642306230213 -68.8739565032576 62.0
18.844888507307786 -68.86769348761092 63.0
18.845134562226182 -68.86143047157321 64.0
18.845380471115206 -68.85516745514484 64.0
18.845626234104497 -68.84890443832617 65.0
18.845871851323555 -68.84264142111755 61.0
18.846117322901712 -68.83637840351929 61.0
18.846362648968157 -68.83011538553176 62.0
18.84660782965192 -68.82385236715528 60.0
18.846852865081885 -68.81758934839024 59.0
18.847097755386777 -68.81132632923696 59.0
18.847342500695174 -68.80506330969578 60.0
18.860945167230657 -68.89909585389198 59.0
18.861187067977028 -68.89283281386135 62.0
18.86142882494649 -68.88656977345373 62.0
18.861670438266888 -68.88030673266937 62.0
18.8619119080659 -68.87404369150873 62.0
18.862153234471062 -68.86778064997203 64.0
18.862394417609757 -68.86151760805967 65.0
18.86263545760922 -68.85525456577199 64.0
18.862876354596523 -68.84899152310928 64.0
18.863117108698606 -68.8427284800719 64.0
18.863357720042245 -68.83646543666016 63.0
18.86359818875407 -68.83020239287443 62.0
18.863838514960563 -68.82393934871502 60.0
18.864078698788052 -68.81767630418227 59.0
18.864318740362727 -68.81141325927649 60.0
18.86455863981061 -68.80515021399803 60.0
18.86479839725759 -68.7988871683472 58.0
18.866949844937093 -68.74251974078815 58.0
18.867426392969005 -68.72999364170681 59.0
18.878234431647453 -68.89918139986253 58.0
18.878471446004575 -68.8929183343993 60.0
18.87870831948794 -68.88665526857415 63.0
18.878945052222807 -68.88039220238738 64.0
18.879181644334285 -68.87412913583933 62.0
18.879418095947333 -68.86786606893031 62.0
18.879654407186763 -68.86160300166061 63.0
18.87989057817724 -68.8553399340306 67.0
18.880126609043277 -68.84907686604058 66.0
18.880362499909243 -68.8428137976909 65.0
18.880598250899368 -68.8365507289818 64.0
18.880833862137717 -68.83028765991368 62.0
18.881069333748222 -68.8240245904868 61.0
18.881304665854664 -68.81776152070152 61.0
18.881539858580677 -68.81149845055815 60.0
18.884351344423816 -68.73634158102125 58.0
18.884584736388863 -68.73007850625136 59.0
18.88528408678103 -68.71128927982082 58.0
18.89482661565122 -68.91805446886231 58.0
18.89552382825303 -68.89926519981765 60.0
18.895755956103056 -68.89300210944074 61.0
18.89598794598261 -68.88673901871665 60.0
18.896219798014386 -68.88047592764573 62.0
18.896451512320898 -68.87421283622825 62.0
18.896683089024542 -68.86794974446452 62.0
18.896914528247553 -68.86168665235489 63.0
18.897145830112034 -68.85542355989959 67.0
18.89737699473993 -68.849160467099 66.0
18.89760802225305 -68.84289737395339 69.0
18.897838912773057 -68.83663428046312 66.0
18.898069666421474 -68.83037118662838 64.0
18.89830028331967 -68.82410809244959 63.0
18.898530763588877 -68.817844997927 61.0
18.901743208864083 -68.73016163868327 58.0
18.90197165414932 -68.72389853904025 58.0
18.90219996472593 -68.71763543905828 58.0
18.902428140712736 -68.71137233873768 58.0
18.90265618222842 -68.70510923807872 58.0
18.904702524182923 -68.64874131697123 58.0
18.913040595550598 -68.89308413896482 62.0
18.913267701711064 -68.88682102386045 61.0
18.913494672924593 -68.88055790842361 61.0
18.913721509311134 -68.8742947926547 63.0
18.913948210990498 -68.86803167655395 63.0
18.91417477808236 -68.86176856012172 65.0
18.91440121070624 -68.85550544335823 69.0
18.91462750898153 -68.84924232626382 67.0
18.91485367302747 -68.84297920883877 65.0
18.91507970296317 -68.8367160910834 65.0
18.91530559890759 -68.83045297299795 65.0
18.91553136097955 -68.82418985458276 64.0
18.91575698929774 -68.8179267358381 59.0
18.917332652359157 -68.77408489542502 58.0
18.919348948177948 -68.71771679135388 58.0
18.919572320705072 -68.71145366705278 59.0
18.919795561590895 -68.70519054242742 58.0
18.923570627457597 -68.5987173744606 58.0
18.929435149499106 -68.91821697562746 59.0
18.92965790118802 -68.91195383793719 59.0
18.92988052036008 -68.90569069992756 59.0
18.93010300713321 -68.89942756159881 58.0
18.930325361625204 -68.89316442295123 62.0
18.930547583953725 -68.88690128398508 62.0
18.930769674236284 -68.88063814470073 62.0
18.930991632590263 -68.87437500509836 65.0
18.93121345913289 -68.86811186517832 64.0
18.931435153981273 -68.86184872494081 66.0
18.931656717252366 -68.85558558438623 68.0
18.931878149062992 -68.84932244351477 69.0
18.93209944952983 -68.84305930232675 66.0
18.932320618769428 -68.83679616082244 67.0
18.93254165689819 -68.83053301900213 66.0
18.93276256403239 -68.82426987686611 63.0
18.932983340288157 -68.81800673441464 60.0
18.933203985781482 -68.81174359164801 59.0
18.933865138844716 -68.79295416145985 58.0
18.934525119208647 -68.77416472844529 58.0
18.936060530341493 -68.7303227071283 59.0
18.936279357263658 -68.72405955997854 60.0
18.93932943670115 -68.6363754673504 58.0
18.939546339931276 -68.63011231556419 58.0
18.939763115815936 -68.62384916347104 58.0
18.940196285996077 -68.61132285836507 58.0
18.940628948134695 -68.59879655203464 59.0
18.940845088966963 -68.59253339841092 59.0
18.94673960431096 -68.91829560756709 58.0
18.94695746042721 -68.91203244647829 60.0
18.947175186938054 -68.90576928508399 63.0
18.947392783958833 -68.89950612338444 61.0
18.94761025160476 -68.89324296137991 62.0
18.9478275899909 -68.88697979907073 62.0
18.94804479923219 -68.88071663645708 64.0
18.948261879443432 -68.87445347353929 65.0
18.948478830739283 -68.86819031031762 66.0
18.948695653234278 -68.86192714679234 65.0
18.948912347042796 -68.85566398296375 67.0
18.949128912279104 -68.84940081883202 66.0
18.94934534905732 -68.84313765439752 65.0
18.949561657491426 -68.83687448966049 65.0
18.949777837695272 -68.83061132462119 65.0
18.94999388978258 -68.8243481592799 61.0
18.95020981386692 -68.81808499363684 62.0
18.950425610061746 -68.81182182769237 62.0
18.950641278480376 -68.80555866144668 58.0
18.950856819235977 -68.79929549490006 58.0
18.953219374023817 -68.73040064310197 59.0
18.953433391602626 -68.72413747296496 61.0
18.953647282977645 -68.71787430253038 58.0
18.9538610482602 -68.71161113179863 59.0
18.95407468756148 -68.7053479607699 58.0
18.95662857293424 -68.63018988535717 60.0
18.956840584538387 -68.62392671049165 60.0
18.957052471704333 -68.61766353533281 59.0
18.957475873158515 -68.60513718413621 58.0
18.957898778169255 -68.5926108317694 59.0
18.96319106980051 -68.94342522479718 58.0
18.964044180738828 -68.91837249185184 58.0
18.964257141173896 -68.91210930788438 59.0
18.964469974915133 -68.90584612362498 58.0
18.964682682075296 -68.8995829390739 61.0
18.96489526276701 -68.89331975423143 63.0
18.96510771710276 -68.88705656909778 65.0
18.965320045194904 -68.88079338367326 67.0
18.965532247155654 -68.87453019795807 68.0
18.96574432309711 -68.86826701195254 65.0
18.965956273131212 -68.86200382565684 64.0
18.966168097369795 -68.85574063907133 63.0
18.96637979592455 -68.8494774521962 62.0
18.96659136890702 -68.8432142650317 62.0
18.966802816428647 -68.83695107757815 64.0
18.967014138600714 -68.83068788983574 61.0
18.967225335534387 -68.82442470180476 62.0
18.967436407340696 -68.81816151348545 62.0
18.967647354130545 -68.81189832487811 64.0
18.967858176014694 -68.80563513598295 60.0
18.970169004513497 -68.73674003921332 58.0
18.97037833612177 -68.73047684688423 59.0
18.970587544252492 -68.72421365427066 62.0
18.97079662901462 -68.71795046137277 59.0
18.971005590516977 -68.7116872681909 60.0
18.971214428868258 -68.70542407472527 59.0
18.971423144177038 -68.69916088097611 60.0
18.974125295490758 -68.61773933655068 58.0
18.98072393831092 -68.93723724576684 58.0
18.980932374967367 -68.93097404027806 58.0
18.981140687510415 -68.92471083450991 58.0
18.981348876050617 -68.91844762846257 58.0
18.98155694069841 -68.9121844221363 58.0
18.981764881564082 -68.90592121553142 58.0
18.981972698757797 -68.8996580086481 61.0
18.982180392389594 -68.89339480148664 64.0
18.982387962569373 -68.88713159404723 66.0
18.98259540940691 -68.88086838633014 66.0
18.98280273301184 -68.87460517833564 64.0
18.983009933493683 -68.86834197006395 63.0
18.98321701096182 -68.86207876151535 61.0
18.983423965525507 -68.85581555269003 62.0
18.983630797293866 -68.84955234358829 63.0
18.98383750637589 -68.84328913421037 60.0
18.98404409288045 -68.83702592455647 59.0
18.984250556916273 -68.83076271462689 60.0
18.98445689859198 -68.82449950442182 63.0
18.98466311801604 -68.81823629394158 60.0
18.98486921529681 -68.81197308318632 60.0
18.987537413975126 -68.73055131845635 60.0
18.987741812555374 -68.72428810387699 62.0
18.987946090602343 -68.7180248890263 61.0
18.98815024822236 -68.71176167390445 60.0
18.98835428552162 -68.70549845851177 59.0
18.9885582026062 -68.69923524284846 59.0
18.988761999582053 -68.69297202691475 58.0
18.998043454944117 -68.93731070027924 58.0
18.998246986958574 -68.93104747291265 59.0
18.998450397779255 -68.92478424527968 59.0
18.998653687514114 -68.91852101738053 60.0
18.998856856270983 -68.91225778921543 58.0
18.999059904157562 -68.90599456078463 61.0
18.999262831281428 -68.89973133208838 63.0
18.999465637750028 -68.89346810312686 65.0
18.999668323670676 -68.88720487390039 65.0
18.999870889150568 -68.88094164440913 65.0
19.00007333429677 -68.87467841465339 63.0
19.000275659216214 -68.86841518463332 62.0
19.000477864015714 -68.8621519543492 62.0
19.000679948801956 -68.85588872380129 61.0
19.000881913681496 -68.84962549298979 62.0
19.001083758760767 -68.84336226191495 59.0
19.001285484146074 -68.83709903057695 58.0
19.001487089943595 -68.83083579897612 60.0
19.00168857625939 -68.82457256711261 61.0
19.00188994319938 -68.8183093349867 59.0
19.002091190869375 -68.8120461025986 58.0
19.00449689819201 -68.73688729357556 58.0
19.00469660492354 -68.73062405780014 62.0
19.004896193853277 -68.72436082176579 61.0
19.005095665085175 -68.71809758547269 60.0
19.005295018723046 -68.71183434892112 59.0
19.005494254870605 -68.70557111211126 59.0
19.005892375108967 -68.69304463771765 58.0
19.015363085301043 -68.93738240551893 58.0
19.01556171257194 -68.9311191567954 58.0
19.0157602215688 -68.92485590781817 59.0
19.015958612396982 -68.91859265858744 60.0
19.016156885161717 -68.91232940910342 60.0
19.016355039968115 -68.90606615936635 62.0
19.01655307692116 -68.89980290937645 66.0
19.016750996125708 -68.89353965913396 65.0
19.0169487976865 -68.88727640863908 66.0
19.017146481708135 -68.88101315789206 63.0
19.01734404829511 -68.87474990689313 63.0
19.017541497551782 -68.86848665564249 61.0
19.01773882958239 -68.86222340414037 59.0
19.01793604449105 -68.85596015238697 60.0
19.018133142381757 -68.84969690038257 58.0
19.01833012335837 -68.84343364812736 58.0
19.01852698752465 -68.83717039562156 61.0
19.018723734984206 -68.83090714286539 60.0
19.018920365840543 -68.82464388985908 59.0
19.021661012161275 -68.73695832162973 59.0
19.02185590630656 -68.73069506489779 61.0
19.022050685488107 -68.72443180791923 59.0
19.022245349807363 -68.71816855069426 60.0
19.02243989936564 -68.71190529322313 60.0
19.022634334264158 -68.705642035506 59.0
19.022828654603998 -68.69937877754313 59.0
19.032682826641924 -68.93745236146803 59.0
19.032876549070135 -68.93118909190845 60.0
19.033070156144166 -68.92492582210751 61.0
19.03326364796678 -68.91866255206544 61.0
19.033457024640608 -68.91239928178246 62.0
19.033650286268166 -68.90613601125874 65.0
19.033843432951848 -68.89987274049456 66.0
19.034036464793928 -68.8936094694901 65.0
19.03422938189655 -68.88734619824555 65.0
19.034422184361745 -68.88108292676118 64.0
19.034614872291424 -68.87481965503716 62.0
19.03480744578737 -68.8685563830737 60.0
19.034999904951245 -68.86229311087105 58.0
19.03538448068886 -68.84976656574896 58.0
19.035576597465333 -68.84350329282994 60.0
19.035768600315198 -68.83724001967258 60.0
19.035960489339523 -68.83097674627705 60.0
19.03615226463926 -68.82471347264358 58.0
19.039015315463622 -68.7307643397319 58.0
19.03920528480165 -68.72450106231996 58.0
19.039395142113044 -68.71823778467365 58.0
19.039584887496627 -68.71197450679313 58.0
19.03977452105111 -68.70571122867864 60.0
19.03996404287508 -68.6994479503304 59.0
19.040153453067017 -68.6931846717486 58.0
19.040342751725277 -68.68692139293344 58.0
19.050002676226878 -68.9375205681091 59.0
19.05019149371572 -68.93125727823433 61.0
19.05038019877036 -68.92499398813025 61.0
19.050568791490953 -68.91873069779713 62.0
19.050757271977538 -68.91246740723513 65.0
19.05094564033004 -68.90620411644444 65.0
19.051133896648253 -68.8999408254253 65.0
19.051322041031867 -68.89367753417788 66.0
19.05151007358044 -68.88741424270243 63.0
19.05169799439343 -68.88115095099911 62.0
19.051885803570155 -68.87488765906815 62.0
19.05207350120983 -68.86862436690969 59.0
19.05244856227429 -68.85609778191129 58.0
19.052823178378144 -68.84357119600547 59.0
19.05301031981663 -68.83730790271282 59.0
19.053197350310864 -68.83104460919392 60.0
19.053384269959246 -68.82478131544897 59.0
19.054130842057987 -68.79972813821279 59.0
19.054317208948902 -68.79346484334063 58.0
19.056729980462386 -68.7120419896142 59.0
19.056914812580185 -68.7057786916123 59.0
19.05709953579575 -68.69951539338831 59.0
19.057284150205067 -68.69325209494245 58.0
19.057468655904007 -68.68698879627489 58.0
19.05765305298832 -68.68072549738586 58.0
19.06713860924888 -68.94385033487639 58.0
19.06732263131591 -68.93758702542505 60.0
19.06750654377115 -68.931323715756 61.0
19.067690346712272 -68.92506040586943 63.0
19.067874040236838 -68.91879709576554 63.0
19.068057624442282 -68.91253378544448 66.0
19.068241099425933 -68.90627047490652 64.0
19.068424465285005 -68.90000716415177 65.0
19.06860772211659 -68.8937438531805 66.0
19.068790870017672 -68.88748054199283 64.0
19.068973909085106 -68.88121723058902 62.0
19.069156839415648 -68.87495391896918 59.0
19.069339661105936 -68.86869060713359 60.0
19.06970497895171 -68.85616398281581 58.0
19.069887475299893 -68.84990067033401 58.0
19.070069863393215 -68.84363735763719 58.0
19.070252143327746 -68.8373740447255 58.0
19.070434315199428 -68.83111073159922 58.0
19.070616379104102 -68.82484741825847 59.0
19.070798335137496 -68.81858410470348 59.0
19.071525082468742 -68.79353084834464 58.0
19.073514795831514 -68.72463437579592 58.0
19.07369503885094 -68.71837105883843 59.0
19.0738751756092 -68.71210774166993 58.0
19.07441494925358 -68.69331778889985 58.0
19.074594661903205 -68.68705447088895 60.0
19.07477426875913 -68.68079115266791 58.0
19.07495376991451 -68.67452783423693 58.0
19.084284354347062 -68.95017839066519 58.0
19.08446357515008 -68.94391506213549 59.0
19.084642689168927 -68.93765173339933 60.0
19.08482169649878 -68.93138840445694 61.0
19.085000597234707 -68.92512507530846 62.0
19.085179391471673 -68.91886174595408 65.0
19.085358079304516 -68.912598416394 65.0
19.08553666082797 -68.90633508662839 65.0
19.085715136136653 -68.90007175665745 63.0
19.085893505325075 -68.89380842648136 63.0
19.086071768487628 -68.88754509610027 63.0
19.086249925718594 -68.88128176551439 61.0
19.086427977112145 -68.87501843472393 60.0
19.086605922762338 -68.86875510372899 59.0
19.086783762763126 -68.86249177252984 58.0
19.08696149720834 -68.85622844112658 58.0
19.087139126191705 -68.84996510951946 58.0
19.08731664980684 -68.84370177770866 58.0
19.087671381306322 -68.83117511347663 58.0
19.090494162971883 -68.73096177048562 58.0
19.0906697022309 -68.72469843483854 60.0
19.090845137970913 -68.7184350989913 60.0
19.091020470283244 -68.71217176294415 58.0
19.091195699259107 -68.70590842669722 58.0
19.09137082498961 -68.6996450902507 59.0
19.091720767078417 -68.68711841675956 59.0
19.091895583618403 -68.68085507971529 59.0
19.09276812489808 -68.64953839151403 58.0
19.101962847045723 -68.93771469201577 61.0
19.102136949160844 -68.93145134432095 61.0
19.102310947602348 -68.9251879964312 62.0
19.102484842462584 -68.91892464834667 64.0
19.102658633833805 -68.91266130006757 65.0
19.102832321808144 -68.90639795159406 65.0
19.10300590647763 -68.90013460292626 62.0
19.10317938793418 -68.89387125406444 61.0
19.10335276626961 -68.8876079050087 60.0
19.103526041575606 -68.88134455575924 59.0
19.103699213943774 -68.87508120631622 59.0
19.10387228346559 -68.86881785667987 60.0
19.10404525023243 -68.86255450685027 58.0
19.104218114335563 -68.85629115682762 60.0
19.10439087586614 -68.85002780661213 60.0
19.107483146787875 -68.73728746994782 58.0
19.107653976617428 -68.73102411610023 59.0
19.107824705675135 -68.72476076206318 60.0
19.10799533404992 -68.71849740783681 59.0
19.108165861830607 -68.71223405342128 59.0
19.108336289105907 -68.7059706988168 58.0
19.108506615964433 -68.69970734402348 60.0
19.10901699492392 -68.6809172785124 58.0
19.10935674709956 -68.66839056723067 58.0
19.109526473312453 -68.66212721130802 59.0
19.10969609972594 -68.6558638551977 59.0
19.119283102206 -68.93777590125869 58.0
19.1194522990195 -68.93151253533237 59.0
19.119621395079783 -68.925249169222 60.0
19.11979039047661 -68.91898580292765 62.0
19.11995928529962 -68.91272243644953 61.0
19.120128079638363 -68.90645906978779 62.0
19.12029677358227 -68.90019570294261 58.0
19.120465367220678 -68.89393233591413 60.0
19.120633860642805 -68.88766896870256 59.0
19.120970547194585 -68.87514223373064 58.0
19.121138740502154 -68.86887886597066 58.0
19.121306833949284 -68.8626154980282 59.0
19.121474827624667 -68.85635212990343 59.0
19.121642721616897 -68.8500887615965 61.0
19.12197821090573 -68.83756202443689 58.0
19.12231330252242 -68.82503528655057 59.0
19.12248069942408 -68.81877191733533 59.0
19.122647997171928 -68.81250854793892 59.0
19.122815195853832 -68.80624517836146 58.0
19.124813884732674 -68.7310847293708 58.0
19.124979803505507 -68.72482135745464 60.0
19.125642500992118 -68.6997678680036 58.0
19.12613850003337 -68.6809777490441 58.0
19.12630363844353 -68.67471437570198 58.0
19.126468679694664 -68.66845100218235 59.0
19.126633623872287 -68.66218762848538 61.0
19.1267984710618 -68.65592425461115 60.0
19.136931936931514 -68.92530859366558 59.0
19.13709603278068 -68.91904520968176 59.0
19.137260030971337 -68.91278182552466 59.0
19.137423931590437 -68.90651844119446 60.0
19.13758773472482 -68.90025505669125 59.0
19.13824197414851 -68.87520151695195 58.0
19.138405291158385 -68.86893813158626 58.0
19.13856851120245 -68.8626747460485 60.0
19.138731634366838 -68.85641136033885 59.0
19.138894660737563 -68.85014797445747 61.0
19.13905759040055 -68.84388458840449 59.0
19.139383159946497 -68.8313578157844 58.0
19.139708343690014 -68.81883104247979 59.0
19.13987079109959 -68.81256765557117 60.0
19.142134993063213 -68.72488022099806 58.0
19.143260096304346 -68.68103649129566 59.0
19.143420446968754 -68.67477310066681 58.0
19.14358070329049 -68.66850970987063 58.0
19.143740865352573 -68.66224631890718 60.0
19.143900933237944 -68.65598292777663 59.0
19.144060907029445 -68.64971953647915 58.0
19.15424257042194 -68.92536626974714 58.0
19.154560868118235 -68.91283946727818 58.0
19.15471987493608 -68.9065760657992 58.0
19.154878787179435 -68.90031266415745 60.0
19.155513492089405 -68.87525905596546 58.0
19.15567193272055 -68.86899565351193 58.0
19.155830279280625 -68.86273225089647 59.0
19.155988531853172 -68.85646884811922 60.0
19.15614669052165 -68.85020544518036 61.0
19.15630475536942 -68.84394204207999 59.0
19.156462726479734 -68.83767863881829 58.0
19.156778387820555 -68.82515183181137 58.0
19.159133973727563 -68.73120075882075 58.0
19.159446477477076 -68.71867394637873 58.0
19.160381781094348 -68.68109350525272 58.0
19.16053734393489 -68.6748300978457 59.0
19.16069281524919 -68.66856669028114 60.0
19.161158680839723 -68.64977646664357 58.0
19.171707589326232 -68.91915877965059 58.0
19.171861794009498 -68.91289536169569 58.0
19.17201590694692 -68.90663194358774 58.0
19.172169928220153 -68.90036852532688 58.0
19.17232385791076 -68.89410510691322 59.0
19.172477696100216 -68.88784168834692 59.0
19.17278509830103 -68.8753148507569 58.0
19.17293866247484 -68.86905143173342 59.0
19.173092135472398 -68.86278801255786 60.0
19.173245517374678 -68.85652459323033 59.0
19.173398808262576 -68.85026117375097 59.0
19.173552008216884 -68.84399775411987 59.0
19.17629414928463 -68.7312561749717 58.0
19.176597034827697 -68.71872932984655 58.0
19.177654326701685 -68.67488536722475 59.0
19.177805012932858 -68.66862194340007 61.0
19.177955610532393 -68.6623585194275 60.0
19.178106119578278 -68.6560950953072 58.0
19.189162805914233 -68.91294950876333 58.0
19.189312024894488 -68.90668607454614 58.0
19.18946115512096 -68.90042264018561 59.0
19.189759149628344 -68.88789577103496 58.0
19.189908014066926 -68.88163233624509 58.0
19.190056790067054 -68.87536890131236 59.0
19.190205477707334 -68.86910546623693 60.0
19.19035407706627 -68.86284203101887 59.0
19.190502588222273 -68.85657859565833 60.0
19.190651011253667 -68.85031516015545 58.0
19.190799346238677 -68.84405172451036 59.0
19.193454408666238 -68.73130985872177 58.0
19.19462540566103 -68.68120234822837 58.0
19.194771392628805 -68.67493890879052 60.0
19.19491729370348 -68.66867546921392 61.0
19.195063108960653 -68.6624120294987 59.0
19.195208838475835 -68.656148589645 59.0
19.206463901101454 -68.91300190846755 59.0
19.206608226050243 -68.90673845866095 59.0
19.206752465155734 -68.9004750087202 58.0
19.20718466817582 -68.88168465809451 60.0
19.207328564671073 -68.87542120761853 61.0
19.20747237570404 -68.86915775700899 60.0
19.20761610135067 -68.86289430626607 59.0
19.211888539075836 -68.67499072252994 58.0
19.212029654922976 -68.6687272677097 60.0
19.21217068776683 -68.66246381275981 60.0
19.21231163768043 -68.6562003576803 60.0
19.21245250473673 -68.6499369024714 58.0
19.224461402477655 -68.88173523516339 58.0
19.22460041939658 -68.87547176966237 59.0
19.224739353750888 -68.86920830403672 59.0
19.229142093953175 -68.6687773388748 59.0
19.229278344315077 -68.66251386919815 59.0
19.229414514558552 -68.65625039940058 59.0
19.229550604754078 -68.64998692948217 58.0
19.241872351527007 -68.87552058743131 58.0
19.242140387144325 -68.86299362706775 58.0
19.243076010456306 -68.8191492621525 58.0
19.243475804978086 -68.80035881831743 58.0
19.243608912079548 -68.79409533680935 58.0
19.25875635508035 -68.89435814257857 58.0
19.259273539138288 -68.86930416680927 58.0
19.260047015557685 -68.83172319992804 58.0
19.26030422996114 -68.81919621011008 58.0
19.26043272289198 -68.81293271504073 58.0
19.260561139732246 -68.80666921986463 58.0
19.260817745410584 -68.79414222919242 58.0
19.275918482109322 -68.90066701936317 58.0
19.276043081902934 -68.89440351219648 58.0
19.27616760762801 -68.88814000492974 58.0
19.276292059350414 -68.88187649756308 58.0
19.276416437135943 -68.87561299009657 59.0
19.277285016912238 -68.83176843504292 58.0
19.277408805561915 -68.82550492678085 58.0
19.277656162881545 -68.8129779099597 58.0
19.277779731681452 -68.80671440140077 58.0
19.293210166919383 -68.90071065609037 60.0
19.293329878165743 -68.89444713594867 59.0
19.293449518249275 -68.88818361571462 58.0
19.293569087233266 -68.88192009538837 58.0
19.294285011581415 -68.8443389714983 59.0
19.29499839221093 -68.80675784430801 58.0
19.309811545861287 -68.93833374021851 58.0
19.310387027547687 -68.9070160789342 59.0
19.31050191850507 -68.90075254642176 60.0
19.310616741144635 -68.8944890138243 58.0
19.311532870097423 -68.84438074999319 59.0
19.32691190269436 -68.95090104380748 58.0
19.32746353952337 -68.91958332348102 58.0
19.327573669902023 -68.91331977918107 58.0
19.327683734754707 -68.90705623480298 59.0
19.32779373413975 -68.90079269034693 60.0
19.328780792150845 -68.84442078674395 58.0
19.331925768572095 -68.66277794389865 59.0
19.3320332594854 -68.65651439645401 58.0
19.33256976730767 -68.62519665810292 58.0
19.344242994324023 -68.95093953289923 58.0
19.34434854115053 -68.94467597751897 59.0
19.344559446183787 -68.93214886654367 58.0
19.344664804502603 -68.92588531094881 58.0
19.34498050333876 -68.90709464373602 58.0
19.345085611096714 -68.9008310878559 59.0
19.348931124243375 -68.66907947080053 60.0
19.349033895505407 -68.66281591226053 60.0
19.349136606333804 -68.65655235365173 60.0
19.349239256781733 -68.6502887949742 59.0
19.349341846902284 -68.644025236228 58.0
19.361372695430834 -68.96350340386498 58.0
19.361775354433195 -68.93844913867454 58.0
19.361875869270758 -68.93218557221422 59.0
19.361976324249984 -68.92592200568892 59.0
19.36207671942421 -68.91965843909868 58.0
19.3623775466492 -68.90086773893911 58.0
19.365946044789975 -68.67537929205679 58.0
19.366044090776786 -68.66911572291671 60.0
19.366142079091592 -68.66285215371404 61.0
19.366240009785127 -68.65658858444878 60.0
19.36633788290809 -68.65032501512111 59.0
19.366435698511104 -68.64406144573097 58.0
19.366533456644735 -68.63779787627844 58.0
19.378617841488328 -68.96980198922226 58.0
19.378713735461226 -68.96353841264082 58.0
19.37880957224286 -68.95727483600032 59.0
19.379096739950153 -68.93848410572511 59.0
19.379192348476405 -68.93222052884894 61.0
19.379287900065936 -68.92595695191403 60.0
19.379383394769462 -68.91969337492034 59.0
19.37947883263765 -68.91342979786799 60.0
19.380145310568935 -68.86958475686293 58.0
19.383063851197342 -68.67541382690831 58.0
19.383157111374334 -68.66915024760766 60.0
19.383250316694216 -68.66288666825034 62.0
19.38334346720526 -68.65662308883644 59.0
19.383436562955684 -68.65035950936603 58.0
19.396054829110422 -68.96357166976341 58.0
19.396145747820288 -68.95730808320467 58.0
19.396236612322024 -68.95104449659281 59.0
19.396327422663973 -68.94478090992793 59.0
19.39641817889444 -68.93851732321002 61.0
19.396508881061663 -68.93225373643915 62.0
19.396599529213823 -68.92599014961543 61.0
19.396690123399036 -68.9197265627388 60.0
19.39678066366537 -68.9134629758094 59.0
19.396871150060846 -68.9071993888272 58.0
19.400270183397208 -68.66918304486492 61.0
19.413395973627022 -68.96360317522449 59.0
19.413481974219625 -68.95733957926983 59.0
19.413567923536252 -68.95107598326769 61.0
19.413653821622646 -68.94481238721806 61.0
19.41373966852448 -68.93854879112101 61.0
19.413825464287395 -68.9322851949766 62.0
19.413911208956957 -68.92602159878484 61.0
19.413996902578692 -68.91975800254578 60.0
19.414082545198063 -68.91349440625946 59.0
19.414168136860482 -68.90723080992598 59.0
19.414253677611313 -68.9009672135453 58.0
19.417299615783115 -68.6754777127774 58.0
19.417383304206552 -68.6692141146806 58.0
19.417466943402843 -68.6629505165382 58.0
19.4305748561909 -68.97616013854564 59.0
19.430656035440315 -68.96989653380203 58.0
19.43073716625956 -68.96363292901611 59.0
19.430818248691875 -68.95736932418795 61.0
19.430899282780416 -68.95110571931754 61.0
19.430980268568316 -68.94484211440496 60.0
19.431061206098644 -68.93857850945021 61.0
19.43114209541442 -68.93231490445336 61.0
19.431222936558612 -68.92605129941442 60.0
19.43130372957414 -68.91978769433345 62.0
19.431384474503865 -68.91352408921047 59.0
19.431465171390613 -68.90726048404552 58.0
19.447925939396868 -68.97618815737759 59.0
19.44800219457304 -68.9699245442729 59.0
19.44807840425655 -68.96366093113089 59.0
19.448154568487993 -68.95739731795156 59.0
19.448230687307923 -68.95113370473501 61.0
19.448306760756857 -68.9448700914812 61.0
19.44838278887525 -68.93860647819021 62.0
19.44845877170351 -68.93234286486205 61.0
19.448534709282 -68.92607925149679 61.0
19.448610601651037 -68.9198156380944 62.0
19.448686448850886 -68.91355202465498 60.0
19.465277065292085 -68.97621442347996 58.0
19.46534839635682 -68.96995080253718 58.0
19.465419684866426 -68.96368718156175 60.0
19.46549093085889 -68.9574235605537 59.0
19.46556213437215 -68.95115993951302 60.0
19.465633295444096 -68.94489631843979 61.0
19.46570441411258 -68.93863269733401 62.0
19.46577549041539 -68.93236907619571 62.0
19.465846524390297 -68.92610545502492 60.0
19.465917516075 -68.91984183382168 59.0
19.465988465507174 -68.913578212586 59.0
19.48269463803759 -68.96997530858832 58.0
19.482761005337604 -68.96371168030218 58.0
19.482827333055447 -68.95744805198777 58.0
19.482893621226424 -68.9511844236451 58.0
19.482959869885818 -68.94492079527419 60.0
19.48302607906886 -68.9386571668751 60.0
19.483092248810745 -68.9323935384478 60.0
19.483158379146623 -68.92612990999234 60.0
19.483224470111605 -68.91986628150875 59.0
19.483290521740752 -68.91360265299708 58.0
19.500225145124027 -68.95120715712507 62.0
19.500286481337756 -68.94494352197827 60.0
19.500347781002294 -68.9386798868073 59.0
19.50040904415022 -68.9324162516122 60.0
19.50047027081408 -68.92615261639291 59.0
19.50053146102638 -68.91988898114953 60.0
19.517500245928794 -68.95749178132766 59.0
19.517556703318217 -68.95122813994725 59.0
19.51761312705563 -68.94496449854636 60.0
19.51766951717104 -68.938700857125 59.0
19.517725873694424 -68.93243721568322 58.0
19.51778219665572 -68.92617357422098 59.0
19.517838486084827 -68.91990993273835 59.0
19.534939804295096 -68.94498372497321 58.0
19.60437402782228 -68.91998846973557 58.0
