# successful candidates for region at (131.34973462825076, 6.557045813263261) and radius 1.0
130.60975317493723 6.203982999040721 11.0
130.6097442131454 6.2102456289726735 11.0
130.6097352452463 6.216508258896107 11.0
130.67236818083165 6.147705322194455 31.0
130.72858940292465 6.197877689174408 31.0
130.73485834058397 6.185359837983884 31.0
130.73485090874104 6.191622523150469 31.0
130.73484347182418 6.197885208311183 31.0
130.734836029833 6.204147893466021 31.0
130.73482858276714 6.2104105786149795 31.0
130.73482113062627 6.2166732637580555 31.0
130.74111225844555 6.185367276047397 31.0
130.74110490218615 6.191629963706858 31.0
130.74109754090443 6.197892651360568 31.0
130.7410901746 6.204155339008518 31.0
130.74108280327252 6.21041802665071 31.0
130.74107542692167 6.216680714287137 31.0
130.74106804554702 6.222943401917798 31.0
130.75356231621325 6.2354834644601596 32.0
130.75986688358665 6.191651829003693 31.0
130.75985974921142 6.197914523983473 31.0
130.7598526099683 6.204177218957846 31.0
130.759845465857 6.21043991392681 31.0
130.75983831687714 6.216702608890359 31.0
130.75983116302837 6.22296530384849 31.0
130.75982400431036 6.2292279988012 32.0
130.75981684072275 6.235490693748487 32.0
130.76613498076702 6.179133570554025 31.0
130.76612793165916 6.1853962679354355 31.0
130.7661208777357 6.19165896531156 31.0
130.76611381899633 6.197921662682394 31.0
130.7661067554407 6.204184360047934 31.0
130.76609968706848 6.210447057408181 31.0
130.7660926138793 6.216709754763126 31.0
130.76608553587286 6.222972452112766 31.0
130.76607845304878 6.229235149457102 32.0
130.76607136540673 6.235497846796127 31.0
130.77236788895283 6.197928725293477 31.0
130.77236090108482 6.204191425024699 31.0
130.7723329019596 6.22924222389772 32.0
130.7723258902633 6.235504923602992 31.0
130.7785942820767 6.222986520071859 31.0
130.77858735104104 6.22924922212297 32.0
130.77858041529066 6.235511924168996 32.0
130.78484865543246 6.222993439766504 32.0
130.78484180029125 6.229256144132765 32.0
130.78483494048692 6.235518848494051 33.0
130.78482807601918 6.2417815528503615 31.0
130.79109624970832 6.229262989927019 31.0
130.79108946585026 6.235525696578074 31.0
130.79735740264226 6.223007050585561 31.0
130.79735069929046 6.229269759505649 32.0
130.79734399137882 6.235532468420979 31.0
130.80361177649263 6.223013741709806 32.0
130.8036051490358 6.22927645286857 31.0
130.80359851707075 6.235539164022685 31.0
130.80987269760968 6.216757643267265 31.0
130.80986615050418 6.223020356643753 31.0
130.80985959894247 6.229283070015702 31.0
130.8098530429242 6.235545783383108 31.0
130.8161205246751 6.223026895387321 31.0
130.8161140490087 6.229289610946963 31.0
130.8161075689373 6.235552326502166 31.0
130.8223812944215 6.216770640214253 31.0
130.82237489900353 6.2230333579404284 32.0
130.82236849923254 6.229296075662272 32.0
130.82236209510825 6.23555879337978 32.0
130.82863559306156 6.216777024440211 31.0
130.8286292734876 6.223039744302996 32.0
130.8286229496122 6.22930246416155 32.0
130.82861662143512 6.23556518401587 31.0
130.8348898918553 6.216783332501043 31.0
130.83488364812547 6.2230460544749455 32.0
130.83487740014584 6.229308776444717 31.0
130.8411380229153 6.223052288456199 31.0
