# successful candidates for region at (283.9920260102448, -48.15338942828764) and radius 1.0
283.07676579102997 -47.65692919206897 114.0
283.1896738737083 -47.58212378474291 114.0
283.189770769873 -47.57582009608532 115.0
283.19878081379164 -47.594796042578864 116.0
283.1988766461857 -47.588492344200404 114.0
283.218317087617 -47.53188635051797 115.0
283.2268683120492 -47.582378692446596 115.0
283.22705309407297 -47.569771236658255 114.0
283.22733005408696 -47.550860052110764 114.0
283.23616697772843 -47.582440529312464 114.0
283.23625826018844 -47.57613679197168 117.0
283.23634951457416 -47.5698330545183 114.0
283.2366231094088 -47.550921841483 116.0
283.2367142516206 -47.54461810357969 115.0
283.2368053658197 -47.538314365564 115.0
283.24546566530665 -47.582501610147375 114.0
283.24555582499494 -47.576197863418486 115.0
283.24564595695415 -47.569894116579746 115.0
283.24582613773407 -47.557286622572875 114.0
283.25503140309485 -47.56365066662413 114.0
283.4665751375396 -48.70588403242705 114.0
283.4879079259831 -47.51448088160627 114.0
283.4971351112319 -47.52082543657843 115.0
283.49719476902555 -47.51452147980655 116.0
283.49725440849426 -47.50821752298648 114.0
283.51599799609215 -47.48938453570106 114.0
283.5252804063413 -47.489422845872184 114.0
283.5901123879331 -47.50858193287193 114.0
