# successful candidates for region at (248.51142987980145, -6.406149924293657) and radius 1.0
248.43304476815612 -7.1561150601823345 46.0
248.43933362459882 -7.210792319763277 46.0
248.43934105768736 -7.162191156613384 46.0
248.4393419842804 -7.156116011219276 46.0
248.45193641659964 -7.156117674490895 46.0
248.45822746387964 -7.210794702024372 46.0
248.45822952393686 -7.192569263591838 46.0
248.46452541034552 -7.210795336457162 46.0
248.46452662150912 -7.198645043769021 46.0
248.46452722653933 -7.192569897424898 46.0
248.47082492915763 -7.192570451506285 46.0
248.59048536176226 -7.216866406471256 46.0
248.59678449315447 -7.222940508937118 46.0
248.59678338950008 -7.216865364205738 46.0
248.60308141720887 -7.216864242087989 46.0
248.61567477905976 -7.204711471104645 46.0
248.61567343355034 -7.198636327508774 46.0
248.61567208885822 -7.192561183912732 46.0
248.62197407160923 -7.210785253454966 46.0
248.62197264394538 -7.204710110288216 46.0
248.62197121714843 -7.198634967121276 46.0
248.62827050879358 -7.204708669669933 46.0
248.628269000709 -7.198633526957073 46.0
248.65975409232107 -7.186474849354785 46.0
248.67864695475595 -7.186468857333709 46.0
