# successful candidates for region at (88.73180899804528, 69.3285022062168) and radius 1.0
87.17356077377526 69.12604611138187 130.0
87.19113640023285 69.12620452736296 129.0
87.19069355081909 69.13247868862685 129.0
87.22715313791255 69.11396745607658 131.0
87.22672090451852 69.12024171351949 131.0
87.24514636398797 69.10784608569514 131.0
87.24471942949243 69.11412039033242 131.0
87.24429223798583 69.12039469380655 130.0
87.24386478923655 69.1266689961165 129.0
87.24343708301271 69.13294329726122 129.0
87.26270786091841 69.10799717894187 129.0
87.26228596550123 69.11427152904331 131.0
87.2618638161028 69.12054587800891 132.0
87.28026959917842 69.1081464771441 130.0
87.27985274305749 69.11442087217021 131.0
87.27943563598535 69.12069526608745 130.0
87.29824314480058 69.1020195397708 129.0
87.29783157588885 69.10829398026328 131.0
89.80155897855825 69.29298549211013 129.0
