# successful candidates for region at (91.85437941863161, -21.984678242101065) and radius 1.0
91.94599010117658 -21.50854974660883 143.0
91.94598613802475 -21.502303114775877 143.0
91.94595447117776 -21.452330060094578 145.0
91.9527211522261 -21.508545887115883 143.0
91.95271689788422 -21.502299255799713 143.0
92.0276876803135 -22.27057339892747 145.0
92.02767997477645 -22.264326775930034 145.0
92.02767227130043 -22.25808015293078 143.0
92.02659908314288 -21.371059668908075 144.0
92.0265916697643 -21.364813045655403 144.0
92.02658425838263 -21.358566422400994 145.0
92.0344548432669 -22.27056613941379 143.0
92.03331603713626 -21.36480592582116 143.0
92.05348056617694 -21.358536310995987 143.0
92.06024008895545 -21.383514574009368 143.0
92.06700196646585 -21.408492555247495 144.0
92.066965321346 -21.383506087352114 143.0
92.06695616623324 -21.37725947037166 144.0
92.07372835732552 -21.408483791105954 143.0
92.07371890240985 -21.402237175309356 143.0
92.14111594180837 -21.470847158397852 143.0
92.14110355426259 -21.464600556391865 144.0
92.14107878917218 -21.452107352365438 143.0
92.14099221629239 -21.4083811381213 143.0
92.14097986205377 -21.40213453606719 146.0
92.14096751114191 -21.39588793400827 143.0
92.14095516355607 -21.38964133194455 143.0
92.14783254752547 -21.46458877575327 144.0
92.14781987268019 -21.458342175319736 143.0
92.14773124424288 -21.414615972143746 143.0
92.14771859666864 -21.40836937166988 144.0
92.14770595249996 -21.402122771190978 146.0
92.14769331173609 -21.395876170707044 145.0
92.15456153967928 -21.464576721849475 144.0
92.15448379913963 -21.427097128852193 143.0
92.15447085458811 -21.420850530000845 143.0
92.15445791352177 -21.414603931144228 144.0
92.15444497593981 -21.408357332282343 145.0
92.15443204184152 -21.40211073341519 147.0
92.1544191112261 -21.395864134542773 146.0
92.16129053069857 -21.46456439468069 144.0
92.16126402204469 -21.452071200336682 143.0
92.16119781282151 -21.42083821438011 143.0
92.1611713540806 -21.4083450199589 143.0
92.16792476989822 -21.4208256257506 143.0
92.1880912424463 -21.41453963156431 143.0
92.34554672859288 -22.21371281835047 144.0
92.35282091632074 -22.357362801827833 143.0
92.35231112432862 -22.21369251603575 143.0
92.35228903053387 -22.207445981691215 144.0
92.35959223520152 -22.35734215824543 144.0
92.35956970309105 -22.35109562701459 144.0
92.35954717700359 -22.344849095768303 143.0
92.35905312417876 -22.207425404450174 143.0
92.36647781411529 -22.388553878004128 143.0
92.36643209097207 -22.376060821298015 143.0
92.3663863922655 -22.363567764528337 144.0
92.36636355207254 -22.357321236119677 143.0
92.36634071798464 -22.351074707695144 143.0
92.3731811575947 -22.36979308656379 144.0
92.3731580091572 -22.36354656101552 148.0
92.37313486690688 -22.35730003545095 145.0
92.37311173084237 -22.351053509870077 143.0
92.37995307455925 -22.369771601589132 144.0
92.37992962398445 -22.363525078922745 144.0
92.3799061796776 -22.35727855623962 146.0
92.3798827416373 -22.351032033539777 145.0
92.38667749035778 -22.357256798486087 144.0
92.3934487989205 -22.357234762190725 143.0
92.39342475693111 -22.35098824536501 144.0
92.40041509147675 -22.40718455736482 144.0
92.40026881279171 -22.369705474965038 143.0
92.40024445581015 -22.36345896116852 145.0
92.40022010533879 -22.35721244735394 145.0
92.40019576137618 -22.350965933521326 143.0
92.40017142392085 -22.344719419670675 144.0
92.40716411571857 -22.400915429073038 143.0
92.40713942362629 -22.394668918400466 143.0
92.40711473813234 -22.388422407709367 143.0
92.40706538693348 -22.375929386271604 146.0
92.40704072122564 -22.369682875524948 145.0
92.40701606211022 -22.36343636475979 146.0
92.40699140958574 -22.35718985397613 143.0
92.41388755124984 -22.388399520444977 143.0
92.41383759538112 -22.37590650514696 147.0
92.41381262745952 -22.3696599974695 147.0
92.41378766621112 -22.363413489773077 145.0
92.41376271163442 -22.3571669820577 143.0
92.41373776372794 -22.350920474323367 144.0
92.41371282249018 -22.34467396657009 144.0
92.42063507849078 -22.38212984992147 143.0
92.4205845314664 -22.369636840799107 144.0
92.42055926808592 -22.363390336208788 143.0
92.4205340114579 -22.35714383159905 144.0
92.42050876158082 -22.3508973269699 143.0
92.42048351845317 -22.34465082232135 144.0
92.42812658360693 -22.557008439641763 143.0
92.42745876362864 -22.394599411102586 143.0
92.43493366737022 -22.563231127728486 143.0
92.43488150884411 -22.550738132444515 145.0
92.43485544002273 -22.5444916347717 146.0
92.43482937816036 -22.538245137078334 143.0
92.43423187242962 -22.394575684475434 146.0
92.43420597711639 -22.388329186290928 146.0
92.43405075050593 -22.35085019675607 143.0
92.44166220296721 -22.550714046394788 144.0
92.44163582966681 -22.54446755195412 146.0
92.44160946340673 -22.53822105749243 146.0
92.44153040685246 -22.519481573981253 143.0
92.44150406873777 -22.513235079435514 144.0
92.44105739545971 -22.407044668951198 144.0
92.44100497891905 -22.394551679085062 144.0
92.4409787811533 -22.388305184120686 146.0
92.44095259038852 -22.382058689135448 143.0
92.44082174152433 -22.350826213896557 143.0
92.44079559273251 -22.34457971878628 144.0
92.44074331611736 -22.332086728503292 144.0
92.44841621694974 -22.544443189474663 145.0
92.44838954629287 -22.53819669828217 147.0
92.44836288275599 -22.531950207068164 145.0
92.44833622633747 -22.525703715832655 144.0
92.4477780830699 -22.394527394931888 143.0
92.44775158285259 -22.38828090322504 143.0
92.44769860366169 -22.3757879197473 144.0
92.44756627953271 -22.344555460679732 144.0
92.4475398359254 -22.338308968802295 144.0
92.44751339938723 -22.332062476903562 145.0
92.44748696991662 -22.325815984983542 144.0
92.44746054751201 -22.319569493042245 143.0
92.44743413217181 -22.313323001079674 147.0
92.44740772389446 -22.307076509095833 147.0
92.44738132267834 -22.300830017090735 144.0
92.45522358409976 -22.55066503519753 143.0
92.45519660184422 -22.54441854733377 144.0
92.45516962679154 -22.538172059447994 148.0
92.4551426589401 -22.531925571540224 147.0
92.45511569828828 -22.52567908361045 146.0
92.45455118485523 -22.394502832016368 144.0
92.45447079833755 -22.375763366715052 146.0
92.4544440171526 -22.36951687823762 146.0
92.45433696397494 -22.34453092410981 145.0
92.45431021856307 -22.33828443552337 147.0
92.45428348030102 -22.332037946915147 145.0
92.45425674918718 -22.32579145828515 146.0
92.45423002521999 -22.31954496963338 148.0
92.45420330839784 -22.31329848095985 149.0
92.45417659871912 -22.30705199226457 148.0
92.45414989618226 -22.30080550354754 151.0
92.45412320078565 -22.294559014808765 146.0
92.461324284248 -22.394477990338924 143.0
92.46129717913036 -22.3882315052593 144.0
92.46127008125613 -22.381985020157327 146.0
92.46124299062373 -22.37573853503304 148.0
92.46121590723152 -22.369492049886436 149.0
92.46118883107789 -22.363245564717513 148.0
92.46116176216121 -22.356999079526286 145.0
92.46113470047989 -22.35075259431276 144.0
92.46110764603229 -22.344506109076953 144.0
92.46108059881682 -22.338259623818857 145.0
92.46105355883184 -22.332013138538482 147.0
92.46102652607574 -22.325766653235846 147.0
92.4609995005469 -22.319520167910945 148.0
92.46097248224376 -22.31327368256378 150.0
92.46094547116465 -22.307027197194373 149.0
92.46091846730796 -22.300780711802727 150.0
92.46089147067212 -22.294534226388844 147.0
92.4683718600795 -22.456917685741885 143.0
92.4683443791804 -22.45067120426069 143.0
92.46831690562196 -22.444424722756587 144.0
92.46817964788222 -22.413192314892733 143.0
92.46809738122123 -22.394452869900007 145.0
92.46806997365486 -22.388206388190078 145.0
92.46804257341276 -22.38195990645731 147.0
92.46801518049327 -22.375713424701715 150.0
92.46798779489477 -22.369466942923303 149.0
92.46796041661561 -22.36322046112208 146.0
92.46793304565416 -22.35697397929805 148.0
92.46790568200879 -22.35072749745122 145.0
92.46785097665975 -22.3382345336892 147.0
92.4678236349528 -22.33198805177402 151.0
92.46779630055539 -22.325741569836076 146.0
92.46776897346591 -22.319495087875367 145.0
92.46774165368272 -22.313248605891896 150.0
92.46771434120417 -22.307002123885685 148.0
92.46768703602866 -22.300755641856735 148.0
92.46765973815455 -22.29450915980505 145.0
92.4676324475802 -22.288262677730636 143.0
92.47520357411632 -22.46938520851093 143.0
92.47517577511196 -22.46313873048875 144.0
92.4751479835326 -22.45689225244314 143.0
92.47512019937658 -22.45064577437411 143.0
92.4750924226422 -22.44439929628167 146.0
92.47503689143181 -22.431906340026565 143.0
92.47495365023718 -22.413166905468486 143.0
92.47489819316873 -22.400673948979566 144.0
92.4748704757479 -22.394427470700073 145.0
92.47484276573383 -22.388180992397235 147.0
92.47481506312482 -22.38193451407105 146.0
92.47478736791922 -22.375688035721534 146.0
92.47475968011541 -22.369441557348686 146.0
92.4747319997117 -22.363195078952526 144.0
92.47470432670644 -22.35694860053306 143.0
92.47462135206494 -22.338209165134845 146.0
92.47459370863702 -22.331962686622205 148.0
92.4745660725993 -22.325716208086284 145.0
92.47453844395014 -22.3194697295271 145.0
92.47451082268788 -22.313223250944652 147.0
92.47448320881088 -22.306976772338952 149.0
92.4744556023175 -22.30073029371001 145.0
92.47442800320609 -22.294483815057834 143.0
92.47440041147499 -22.28823733638242 143.0
92.48198030184092 -22.46935948917663 143.0
92.48195219941856 -22.463113014605092 145.0
92.48189601709025 -22.450620065390197 144.0
92.48186793718095 -22.444373590746853 145.0
92.48183986477264 -22.43812711607959 145.0
92.48181179986362 -22.43188064138841 144.0
92.48167158774945 -22.400648267574073 144.0
92.48164356780106 -22.394401792739576 149.0
92.48161555534024 -22.388155317881214 146.0
92.48158755036532 -22.381908842999 147.0
92.48155955287461 -22.37566236809294 146.0
92.48153156286648 -22.36941589316304 148.0
92.48150358033921 -22.363169418209317 143.0
92.48147560529115 -22.356922943231766 144.0
92.48144763772063 -22.3506764682304 144.0
92.48139172500554 -22.33818351815625 144.0
92.48136377985762 -22.33193704308348 145.0
92.48133584218056 -22.32569056798693 146.0
92.48130791197269 -22.319444092866604 143.0
92.48127998923236 -22.3131976177225 145.0
92.4812520739579 -22.306951142554638 146.0
92.48122416614765 -22.300704667363018 148.0
92.48119626579991 -22.29445819214765 144.0
92.48116837291306 -22.288211716908545 144.0
92.48872862121357 -22.463087019549654 145.0
92.48870022296128 -22.456840548441757 143.0
92.48867183229437 -22.4505940773094 145.0
92.48864344921114 -22.4443476061526 148.0
92.48861507370987 -22.43810113497135 145.0
92.48858670578888 -22.431854663765677 145.0
92.48855834544645 -22.425608192535574 143.0
92.48850164749057 -22.413115250002132 145.0
92.48847330987371 -22.406868778698804 144.0
92.48844497982864 -22.40062230737108 143.0
92.48841665735368 -22.394375836018966 148.0
92.48838834244712 -22.38812936464248 148.0
92.48836003510729 -22.381882893241624 145.0
92.4883317353325 -22.375636421816402 146.0
92.48830344312103 -22.369389950366823 147.0
92.4882751584712 -22.3631434788929 143.0
92.48824688138134 -22.356897007394632 144.0
92.48821861184975 -22.350650535872035 144.0
92.48819034987471 -22.34440406432511 146.0
92.4881620954546 -22.338157592753877 143.0
92.4881056092723 -22.325664649538474 143.0
92.48802093661841 -22.306925234533193 146.0
92.48799272749227 -22.30067876281621 145.0
92.48796452590923 -22.294432291074965 149.0
92.48793633186762 -22.288185819309465 143.0
92.48790814536575 -22.281939347519717 144.0
92.49567741108359 -22.50053955029506 143.0
92.495619923517 -22.488046615404404 143.0
92.49550504046987 -22.463060745322906 145.0
92.49547633888265 -22.456814277740037 143.0
92.49544764496183 -22.450567810132192 145.0
92.49541895870567 -22.44432134249937 145.0
92.49539028011247 -22.438074874841586 145.0
92.49536160918052 -22.431828407158843 145.0
92.49533294590807 -22.42558193945115 146.0
92.49530429029345 -22.419335471718515 145.0
92.49527564233492 -22.41308900396095 143.0
92.49524700203078 -22.40684253617846 145.0
92.4952183693793 -22.400596068371044 145.0
92.49518974437878 -22.394349600538725 147.0
92.49516112702752 -22.3881031326815 148.0
92.49513251732378 -22.381856664799383 146.0
92.49510391526587 -22.375610196892378 144.0
92.49507532085211 -22.369363728960494 144.0
92.49496101960405 -22.344377856984334 143.0
92.49493246338525 -22.33813138892818 144.0
92.49478979676555 -22.30689904827508 143.0
92.49476128632455 -22.300652580070047 145.0
92.4947327835072 -22.294406111840235 146.0
92.49470428831184 -22.288159643585644 146.0
92.50222345506553 -22.45054126385904 145.0
92.50219446563749 -22.44429479978764 146.0
92.50216548395338 -22.438048335690755 147.0
92.50213651001148 -22.431801871568375 145.0
92.50210754381006 -22.425555407420518 150.0
92.50207858534736 -22.41930894324718 144.0
92.50204963462168 -22.41306247904839 145.0
92.50202069163126 -22.40681601482414 145.0
92.50199175637441 -22.40056955057445 145.0
92.50196282884936 -22.394323086299313 147.0
92.5019339090544 -22.388076621998742 147.0
92.50190499698779 -22.381830157672752 146.0
92.50187609264782 -22.375583693321346 144.0
92.50184719603276 -22.369337228944534 144.0
92.50181830714087 -22.36309076454232 145.0
92.50178942597044 -22.356844300114712 145.0
92.50167397846876 -22.33185844215055 143.0
92.50155865437249 -22.30687258378077 144.0
92.50152984261761 -22.300626119125003 146.0
92.50150103856699 -22.294379654443926 145.0
92.50147224221888 -22.288133189737547 150.0
92.50902856300392 -22.456760898936917 144.0
92.50899926257837 -22.450514438490426 146.0
92.50896996997947 -22.444267978017894 148.0
92.50894068520552 -22.438021517519335 146.0
92.5089114082547 -22.43177505699475 149.0
92.50888213912533 -22.425528596444146 150.0
92.50885287781561 -22.419282135867544 146.0
92.50882362432381 -22.413035675264936 144.0
92.50879437864818 -22.406789214636337 146.0
92.50876514078696 -22.40054275398175 146.0
92.50873591073842 -22.394296293301203 147.0
92.5087066885008 -22.388049832594685 147.0
92.50867747407237 -22.3818033718622 145.0
92.50864826745136 -22.375556911103775 145.0
92.50861906863604 -22.36931045031941 143.0
92.5085606944155 -22.356817528672877 144.0
92.50853151900677 -22.350571067810733 144.0
92.50850235139679 -22.344324606922676 146.0
92.50847319158375 -22.33807814600872 145.0
92.50829839634468 -22.30059937998155 145.0
92.5082692910618 -22.29435291888652 147.0
92.50824019356199 -22.28810645776566 147.0
92.51577506747326 -22.450487334026832 145.0
92.51574547170458 -22.44424087719061 148.0
92.51571588384179 -22.437994420327808 150.0
92.51568630388314 -22.431747963438443 149.0
92.51565673182687 -22.42550150652253 150.0
92.51562716767117 -22.41925504958006 150.0
92.5155976114143 -22.413008592611053 145.0
92.51556806305449 -22.406762135615516 144.0
92.51553852258996 -22.40051567859346 143.0
92.51547946533975 -22.388022764469795 146.0
92.51544994855051 -22.38177630736822 146.0
92.51542043964953 -22.37552985024015 144.0
92.515390938635 -22.369283393085595 145.0
92.51533196025831 -22.356790478697086 145.0
92.51530248289264 -22.350544021463136 143.0
92.51527301340637 -22.344297564202744 145.0
92.51524355179778 -22.338051106915913 146.0
92.51518465220659 -22.32555819226297 143.0
92.51506694747889 -22.300572362640164 147.0
92.51503754096478 -22.29432590516849 146.0
92.5150081423143 -22.288079447670444 147.0
92.52255086972313 -22.450459950468733 145.0
92.5225209707857 -22.44421349730626 147.0
92.52249107983516 -22.43796704411666 148.0
92.52246119686973 -22.43172059089995 148.0
92.5224313218876 -22.425474137656142 149.0
92.52240145488697 -22.419227684385234 149.0
92.5223715958661 -22.41298123108724 143.0
92.52234174482318 -22.406734777762175 143.0
92.52225223954424 -22.38799541762458 145.0
92.5222224203953 -22.381748964191278 147.0
92.52219260921535 -22.37550251073095 144.0
92.52216280600268 -22.36925605724359 145.0
92.52213301075547 -22.363009603729214 144.0
92.52210322347196 -22.356763150187827 147.0
92.52207344415037 -22.350516696619437 144.0
92.52201390938582 -22.3380237894017 143.0
92.52198415393931 -22.33177733575236 143.0
92.5219544064476 -22.325530882076052 146.0
92.52192466690894 -22.319284428372793 143.0
92.5218354959934 -22.300545067101332 143.0
92.52180578824914 -22.29429861329032 148.0
92.52177608844904 -22.28805215945239 147.0
92.52174639659135 -22.281805705587555 146.0
92.52929646719578 -22.44418583836535 146.0
92.52926627315856 -22.437939388886385 147.0
92.52923608718739 -22.431692939379765 148.0
92.52920590928049 -22.425446489845484 146.0
92.52917573943603 -22.419200040283553 145.0
92.52902501108731 -22.38796779205951 147.0
92.52899488957968 -22.381721342331883 147.0
92.52896477612188 -22.37547489257667 149.0
92.52893467071213 -22.369228442793872 145.0
92.52890457334861 -22.362981992983514 145.0
92.52887448402952 -22.356735543145593 146.0
92.52884440275308 -22.35048909328012 143.0
92.52881432951749 -22.344242643387105 143.0
92.52878426432095 -22.337996193466555 143.0
92.52872415803786 -22.325503293542894 145.0
92.52860404186141 -22.30051749336554 143.0
92.52857403288805 -22.294271043252497 146.0
92.5285440319394 -22.28802459311199 150.0
92.52851403901369 -22.281778142944027 145.0
92.53607196090772 -22.44415790036837 143.0
92.5360414637849 -22.437911454637483 145.0
92.53601097480909 -22.431665008878372 144.0
92.53598049397849 -22.425418563091043 143.0
92.5358586520716 -22.40043277965978 145.0
92.53582821193966 -22.39418633373151 144.0
92.53579777994199 -22.387939887775094 147.0
92.53576735607676 -22.381693441790514 148.0
92.53573694034216 -22.3754469957778 147.0
92.53570653273641 -22.369200549736945 146.0
92.53567613325764 -22.362954103667974 146.0
92.53564574190406 -22.35670765757088 143.0
92.5355849835652 -22.34421476529238 143.0
92.53555461657629 -22.337968319110992 144.0
92.53552425770532 -22.331721872901525 144.0
92.53549390695046 -22.32547542666399 147.0
92.53546356430992 -22.319228980398385 146.0
92.53543322978189 -22.312982534104727 143.0
92.53537258505607 -22.300489641433284 143.0
92.53534227485467 -22.294243195055518 146.0
92.53531197275855 -22.287996748649732 147.0
92.53528167876587 -22.28175030221594 146.0
92.53525139287486 -22.275503855754145 145.0
92.54266277403337 -22.406651031211915 143.0
92.54263202316633 -22.400404589093945 144.0
92.54260128051624 -22.394158146947245 146.0
92.54257054608124 -22.387911704771824 147.0
92.54253981985953 -22.381665262567687 147.0
92.54250910184923 -22.375418820334847 147.0
92.54247839204855 -22.369172378073312 147.0
92.54244769045563 -22.362925935783085 145.0
92.54241699706864 -22.35667949346418 146.0
92.54238631188575 -22.350433051116614 143.0
92.54235563490514 -22.34418660874038 144.0
92.54232496612495 -22.3379401663355 145.0
92.54229430554336 -22.33169372390198 146.0
92.54226365315856 -22.32544728143982 149.0
92.5422330089687 -22.319200838949047 146.0
92.54220237297196 -22.312954396429657 149.0
92.54217174516651 -22.306707953881656 146.0
92.54214112555053 -22.300461511305063 146.0
92.54211051412219 -22.29421506869988 146.0
92.54207991087966 -22.28796862606612 144.0
92.54204931582113 -22.281722183403787 143.0
92.54946750674603 -22.412868996302542 143.0
92.54943644498144 -22.40662255803342 144.0
92.54940539151649 -22.40037611973498 145.0
92.54937434634934 -22.39412968140724 148.0
92.54934330947813 -22.387883243050208 150.0
92.549312280901 -22.3816368046639 153.0
92.54928126061613 -22.37539036624831 150.0
92.54925024862162 -22.369143927803457 150.0
92.54921924491565 -22.362897489329356 149.0
92.54918824949634 -22.356651050826013 148.0
92.54915726236186 -22.350404612293428 145.0
92.54912628351036 -22.344158173731614 145.0
92.54909531294 -22.337911735140587 148.0
92.5490643506489 -22.331665296520352 146.0
92.54903339663524 -22.325418857870915 149.0
92.54900245089716 -22.319172419192295 152.0
92.54897151343283 -22.31292598048449 151.0
92.54894058424038 -22.30667954174751 150.0
92.54890966331799 -22.300433102981373 147.0
92.5488787506638 -22.294186664186086 146.0
92.54884784627596 -22.287940225361652 143.0
92.55633562122776 -22.43157954349201 143.0
92.55630423163267 -22.42533310917009 144.0
92.55627285042372 -22.41908667481826 147.0
92.55624147759906 -22.41284024043653 146.0
92.55621011315681 -22.406593806024897 146.0
92.55617875709505 -22.400347371583397 146.0
92.55614740941198 -22.394100937112007 149.0
92.55611607010566 -22.387854502610757 149.0
92.55608473917425 -22.381608068079654 150.0
92.55605341661588 -22.3753616335187 149.0
92.55602210242866 -22.36911519892792 151.0
92.55599079661073 -22.3628687643073 149.0
92.55595949916022 -22.356622329656865 146.0
92.55592821007528 -22.35037589497663 145.0
92.55589692935402 -22.34412946026659 145.0
92.55586565699458 -22.33788302552676 147.0
92.55583439299508 -22.331636590757153 149.0
92.55580313735366 -22.32539015595777 150.0
92.55577189006848 -22.31914372112863 152.0
92.55574065113765 -22.31289728626974 153.0
92.55570942055931 -22.3066508513811 153.0
92.5556781983316 -22.300404416462733 149.0
92.55564698445266 -22.294157981514644 146.0
92.56307880528064 -22.425304066645598 146.0
92.56304712123337 -22.41905763618984 146.0
92.56301544565126 -22.412811205703598 147.0
92.56298377853246 -22.406564775186876 145.0
92.56295211987505 -22.400318344639697 150.0
92.56292046967714 -22.394071914062067 147.0
92.56288882793685 -22.387825483453987 149.0
92.56285719465227 -22.38157905281548 148.0
92.56282556982153 -22.37533262214654 151.0
92.56279395344272 -22.369086191447185 149.0
92.56276234551397 -22.362839760717428 146.0
92.56273074603338 -22.356593329957278 145.0
92.56269915499908 -22.350346899166738 144.0
92.56266757240918 -22.344100468345818 145.0
92.56263599826177 -22.337854037494537 149.0
92.56260443255499 -22.33160760661289 152.0
92.56257287528696 -22.3253611757009 152.0
92.56254132645576 -22.31911474475857 153.0
92.56250978605955 -22.312868313785913 154.0
92.56247825409645 -22.30662188278294 152.0
92.56244673056455 -22.300375451749655 150.0
92.56241521546197 -22.294129020686064 145.0
92.56238370878687 -22.287882589592186 143.0
92.56982138921398 -22.41902831865761 144.0
92.56975744108139 -22.40653546551987 146.0
92.56972547982944 -22.40028903890442 151.0
92.56969352711786 -22.394042612257934 149.0
92.5696615829447 -22.387796185580417 148.0
92.56962964730809 -22.381549758871884 147.0
92.56959772020612 -22.375303332132336 149.0
92.56956580163686 -22.369056905361795 149.0
92.56953389159841 -22.36281047856026 148.0
92.56950199008888 -22.356564051727748 147.0
92.56947009710635 -22.350317624864264 146.0
92.56943821264892 -22.34407119796982 146.0
92.56940633671469 -22.337824771044428 148.0
92.56937446930176 -22.331578344088094 153.0
92.56934261040821 -22.325331917100826 153.0
92.56931076003217 -22.319085490082642 153.0
92.5692789181717 -22.312839063033536 154.0
92.56924708482494 -22.30659263595354 151.0
92.56921525998997 -22.300346208842647 150.0
92.5691834436649 -22.294099781700872 147.0
92.56915163584783 -22.287853354528224 144.0
92.57653110077659 -22.406505877024397 147.0
92.57649883693125 -22.400259454378084 149.0
92.57646658170711 -22.394013031700137 149.0
92.57643433510226 -22.38776660899057 147.0
92.57640209711477 -22.3815201862494 148.0
92.57636986774268 -22.37527376347663 147.0
92.57633764698411 -22.369027340672265 145.0
92.57630543483711 -22.36278091783633 151.0
92.57627323129977 -22.356534494968816 148.0
92.57620885004636 -22.344041649139125 146.0
92.57617667232644 -22.337795226176965 147.0
92.57614450320848 -22.331548803183274 146.0
92.57611234269058 -22.325302380158067 150.0
92.5760801907708 -22.31905595710135 152.0
92.57604804744723 -22.312809534013137 154.0
92.57601591271796 -22.306563110893425 151.0
92.57598378658106 -22.300316687742242 149.0
92.57595166903462 -22.294070264559586 147.0
92.57591956007674 -22.28782384134547 144.0
92.58336991658014 -22.418968846883846 143.0
92.5833373327326 -22.412722428308548 143.0
92.58330475759102 -22.406476009701 146.0
92.58327219115345 -22.400229591061215 150.0
92.58323963341793 -22.393983172389206 148.0
92.58320708438254 -22.38773675368499 149.0
92.5831745440453 -22.381490334948555 146.0
92.58314201240428 -22.375243916179933 149.0
92.58310948945756 -22.36899749737913 147.0
92.58307697520316 -22.362751078546143 150.0
92.58304446963916 -22.356504659680997 149.0
92.5830119727636 -22.350258240783702 146.0
92.58297948457458 -22.344011821854252 148.0
92.58294700507012 -22.33776540289268 150.0
92.5829145342483 -22.331518983898974 149.0
92.58288207210718 -22.325272564873156 152.0
92.58284961864483 -22.31902614581524 152.0
92.58281717385931 -22.312779726725232 152.0
92.58278473774867 -22.306533307603136 149.0
92.582752310311 -22.30028688844897 148.0
92.58271989154434 -22.294040469262736 149.0
92.58268748144678 -22.287794050044454 145.0
92.59014417591158 -22.418938692643383 145.0
92.59011128931121 -22.412692278113216 143.0
92.5900784114977 -22.406445863550204 147.0
92.59004554246906 -22.400199448954357 150.0
92.59001268222332 -22.39395303432568 152.0
92.58997983075852 -22.387706619664186 148.0
92.58994698807273 -22.38146020496989 148.0
92.58991415416394 -22.3752137902428 149.0
92.5898813290302 -22.368967375482917 151.0
92.58984851266958 -22.362720960690265 153.0
92.58981570508008 -22.35647454586484 151.0
92.58978290625977 -22.350228131006666 150.0
92.58975011620667 -22.34398171611575 150.0
92.58971733491884 -22.337735301192094 149.0
92.58968456239432 -22.33148888623572 151.0
92.58965179863115 -22.325242471246632 153.0
92.5896190436274 -22.31899605622484 154.0
92.58958629738106 -22.312749641170356 149.0
92.58955355989022 -22.306503226083187 148.0
92.58952083115292 -22.30025681096335 149.0
92.58948811116721 -22.294010395810854 148.0
92.58945539993114 -22.2877639806257 144.0
92.59691843230588 -22.418908259501244 144.0
92.59688524295387 -22.41266184905363 144.0
92.5968520624696 -22.406415438572555 146.0
92.59681889085105 -22.400169028058045 146.0
92.59678572809628 -22.393922617510096 145.0
92.59675257420328 -22.38767620692872 148.0
92.59671942917008 -22.381429796313935 149.0
92.59668629299469 -22.37518338566575 150.0
92.59665316567514 -22.36893697498417 150.0
92.59662004720944 -22.362690564269208 151.0
92.59658693759563 -22.356444153520876 153.0
92.59655383683172 -22.35019774273918 153.0
92.59652074491574 -22.343951331924142 149.0
92.59648766184571 -22.337704921075762 150.0
92.59645458761966 -22.331458510194054 153.0
92.59642152223562 -22.325212099279025 154.0
92.59638846569159 -22.31896568833069 153.0
92.59635541798563 -22.312719277349057 155.0
92.59632237911578 -22.306472866334133 151.0
92.59628934908002 -22.300226455285937 153.0
92.59625632787642 -22.29398004420448 152.0
92.596223315503 -22.287733633089758 146.0
92.59619031195778 -22.2814872219418 145.0
92.60365919363355 -22.412631141130326 143.0
92.60362571047969 -22.406384734768604 145.0
92.60359223627246 -22.40013832837282 146.0
92.60355877100983 -22.393891921943 144.0
92.6035253146898 -22.38764551547913 148.0
92.60349186731038 -22.381399108981242 151.0
92.60345842886959 -22.375152702449345 151.0
92.6034249993654 -22.368906295883438 151.0
92.60339157879582 -22.362659889283535 149.0
92.60335816715889 -22.356413482649653 151.0
92.60332476445257 -22.3501670759818 152.0
92.60329137067487 -22.34392066927998 151.0
92.60325798582383 -22.337674262544223 151.0
92.60322460989744 -22.331427855774514 151.0
92.60319124289369 -22.325181448970877 152.0
92.60315788481061 -22.31893504213333 154.0
92.60312453564622 -22.312688635261868 152.0
92.60309119539848 -22.306442228356513 152.0
92.60305786406546 -22.30019582141727 153.0
92.60302454164515 -22.29394941444415 151.0
92.60299122813558 -22.287703007437173 146.0
92.60295792353473 -22.281456600396336 145.0
92.61039935550099 -22.40635375213889 143.0
92.61036557870625 -22.400107349899244 145.0
92.61033181093696 -22.393860947624933 146.0
92.61029805219111 -22.387614545315973 150.0
92.61026430246669 -22.381368142972363 151.0
92.61023056176167 -22.375121740594125 149.0
92.61019683007403 -22.368875338181265 152.0
92.61016310740179 -22.362628935733788 149.0
92.61012939374291 -22.356382533251722 152.0
92.61009568909537 -22.350136130735063 155.0
92.61006199345718 -22.34388972818382 152.0
92.61002830682631 -22.33764332559802 149.0
92.60999462920076 -22.331396922977657 149.0
92.6099609605785 -22.32515052032275 153.0
92.60992730095755 -22.318904117633313 152.0
92.60989365033589 -22.312657714909346 154.0
92.60986000871152 -22.306411312150875 151.0
92.60982637608242 -22.300164909357896 153.0
92.6097927524466 -22.293918506530424 150.0
92.60975913780204 -22.287672103668477 146.0
92.60972553214674 -22.281425700772065 147.0
92.60969193547871 -22.275179297841188 144.0
92.61713891812542 -22.400076092637867 145.0
92.61710484785068 -22.393829694556466 147.0
92.61707078668022 -22.38758329643979 147.0
92.61703673461199 -22.38133689828785 150.0
92.61700269164396 -22.375090500100647 149.0
92.61696865777411 -22.368844101878206 153.0
92.61693463300038 -22.36259770362053 151.0
92.61690061732078 -22.356351305327628 148.0
92.61686661073323 -22.35010490699952 149.0
92.61683261323572 -22.34385850863621 152.0
92.61679862482625 -22.337612110237707 147.0
92.61676464550274 -22.33136571180403 151.0
92.6167306752632 -22.325119313335186 152.0
92.61669671410557 -22.31887291483119 151.0
92.61666276202786 -22.312626516292042 153.0
92.61662881902804 -22.30638011771776 152.0
92.61659488510406 -22.300133719108363 152.0
92.61656096025392 -22.29388732046385 148.0
92.61652704447559 -22.287640921784238 146.0
92.61649313776705 -22.281394523069533 144.0
92.62391225450298 -22.400044556589247 143.0
92.62387788172401 -22.393798162738154 145.0
92.62384351813016 -22.387551768851157 147.0
92.62380916371934 -22.38130537492826 146.0
92.62377481848952 -22.37505898096948 148.0
92.62374048243866 -22.36881258697483 151.0
92.62370615556468 -22.36256619294431 148.0
92.62367183786556 -22.356319798877944 145.0
92.62363752933922 -22.350073404775735 145.0
92.62360322998363 -22.343827010637703 144.0
92.62356893979674 -22.33758061646385 147.0
92.6235346587765 -22.331334222254196 147.0
92.62350038692088 -22.325087828008748 150.0
92.6234661242278 -22.318841433727513 151.0
92.62343187069526 -22.312595039410514 152.0
92.62339762632119 -22.306348645057746 152.0
92.62336339110355 -22.300102250669237 151.0
92.62332916504032 -22.293855856244985 147.0
92.62329494812941 -22.287609461785006 143.0
92.62326074036885 -22.281363067289316 143.0
92.63061624651395 -22.387519962550627 146.0
92.63058158976177 -22.381273572894163 145.0
92.63054694227141 -22.375027183201176 149.0
92.63051230404075 -22.36878079347169 147.0
92.63047767506775 -22.3625344037057 145.0
92.63044305535033 -22.356288013903228 144.0
92.63040844488643 -22.35004162406428 145.0
92.63037384367398 -22.343795234188875 144.0
92.63033925171091 -22.337548844277016 143.0
92.63030466899517 -22.331302454328718 144.0
92.63027009552468 -22.325056064344 149.0
92.63023553129739 -22.31880967432286 152.0
92.63020097631123 -22.312563284265323 151.0
92.63016643056415 -22.306316894171392 151.0
92.63013189405407 -22.30007050404107 150.0
92.63009736677895 -22.29382411387439 143.0
92.63006284873673 -22.287577723671347 145.0
92.62995934998685 -22.268838552844187 143.0
92.62989039694703 -22.25634577211117 143.0
92.62971817567141 -22.225113819643763 143.0
92.63731906296263 -22.374995106796316 143.0
92.63728412255342 -22.36874872136936 147.0
92.63724919148264 -22.362502335905262 143.0
92.63721426974817 -22.356255950404048 144.0
92.63717935734795 -22.350009564865715 145.0
92.63714445427986 -22.343763179290285 144.0
92.63710956054187 -22.337516793677768 143.0
92.63707467613185 -22.331270408028175 146.0
92.63703980104775 -22.32502402234151 145.0
92.63700493528746 -22.3187776366178 148.0
92.63697007884893 -22.31253125085704 148.0
92.63693523173006 -22.306284865059254 152.0
92.6369003939288 -22.300038479224447 149.0
92.63686556544302 -22.293792093352636 146.0
92.63683074627069 -22.28754570744383 143.0
92.63679593640973 -22.281299321498036 143.0
92.63672634461356 -22.26880654949555 145.0
92.63669156267424 -22.26256016343888 143.0
92.64398548103215 -22.356223608380976 143.0
92.64395026669685 -22.34997722718062 145.0
92.6439150617744 -22.343730845942517 143.0
92.64384468015967 -22.33123808335312 144.0
92.6437391782815 -22.312498939186238 144.0
92.6437040297921 -22.306252557721916 149.0
92.64366889070087 -22.30000617621993 149.0
92.6436337610057 -22.29375979468029 145.0
92.64359864070451 -22.28751341310302 143.0
92.64356352979522 -22.281267031488124 144.0
92.6435284282757 -22.27502064983561 144.0
92.64349333614389 -22.268774268145503 145.0
92.65047282472342 -22.30621997215995 145.0
92.65043738434349 -22.2999735950281 145.0
92.65033112005501 -22.281234463402797 144.0
92.65029571756892 -22.274988086117823 143.0
92.65720587482983 -22.299940735649542 144.0
