# successful candidates for region at (67.1310149705717, -36.112436050723765) and radius 1.0
67.31424817115423 -35.56310010741952 15.0
67.31423449081817 -35.55714278449062 15.0
67.32151291738398 -35.5571314533342 15.0
67.32149869708647 -35.551174131788265 15.0
67.32148448027485 -35.54521681023849 15.0
67.32147026694803 -35.53925948868488 15.0
67.32879134184245 -35.55711968081404 15.0
67.32877657823056 -35.55116236070864 16.0
67.32876181823772 -35.54520504059908 16.0
67.32874706186283 -35.53924772048539 16.0
67.32873230910474 -35.53329040036756 16.0
67.33603915401433 -35.54519282970426 15.0
