# successful candidates for region at (116.89207135591198, -69.48103676758927) and radius 1.0
115.95063049191111 -69.69256573402845 52.0
115.96788331586065 -69.7110916791084 52.0
115.96815117132208 -69.70494821767844 55.0
115.96841886442445 -69.69880475580418 55.0
115.96868639531506 -69.69266129348608 52.0
115.96895376414098 -69.68651783072455 52.0
115.98595507898918 -69.7111854734913 54.0
115.98621769840598 -69.70504198362549 55.0
115.98648015863606 -69.69889849333266 52.0
115.98674245982379 -69.69275500261315 53.0
115.98700460211343 -69.68661151146733 52.0
116.00505559789931 -69.68670334241415 52.0
