# successful candidates for region at (114.34227755775849, 26.19450363891605) and radius 1.0
114.03426416802793 25.67443936844632 76.0
114.03418297130831 25.705642408705003 76.0
114.04115136725532 25.693175772854513 76.0
114.04113548948166 25.699416382750627 76.0
114.04111960766146 25.705656992640094 76.0
114.04110372179376 25.71189760252291 76.0
114.04814928253613 25.668227574199022 76.0
114.04813378627428 25.674468185929666 76.0
114.04807176172356 25.699430632788847 76.0
114.04805624570508 25.705671244487785 76.0
114.07588707714862 25.66828121982963 76.0
114.11756480694147 25.630907968156635 76.0
114.117552982165 25.637148595672056 76.0
114.11754115437478 25.64338922318379 76.0
114.12451998868858 25.618437293164362 76.0
114.12448561747014 25.63715917975066 77.0
114.12447415455678 25.643399808605828 76.0
114.13152907894182 25.57476313045852 76.0
114.1314515311376 25.618447541713234 77.0
114.13845807297626 25.574773038701974 76.0
114.18005761307693 25.55610361848062 76.0
114.19390564542027 25.56235910120083 76.0
114.19389785515841 25.56859974119453 76.0
114.20082649416852 25.56860666769089 76.0
