# successful candidates for region at (66.45496575936002, 16.73844248238053) and radius 1.0
65.66323330969087 17.12453045081864 108.0
65.66983589810073 17.124555644778056 109.0
65.66980941890283 17.130872156589195 109.0
65.67654343357482 17.09931456475949 108.0
65.67649097710442 17.111947596318213 109.0
65.67643848827909 17.12458062776785 110.0
65.67641223172967 17.130897143451726 109.0
65.67638596708711 17.1372136591083 109.0
65.67635969435 17.14353017473756 108.0
65.6831451355957 17.099339321423734 109.0
65.68309312394369 17.11197236065931 109.0
65.68304108021108 17.124605399787622 108.0
65.68301504631094 17.130921919311536 109.0
65.68298900438631 17.137238438808602 110.0
65.68296295443574 17.14355495827882 108.0
65.68293689645778 17.149871477722176 109.0
65.68291083045096 17.156187997138662 108.0
65.68964367388185 17.124629960837005 108.0
65.6896178626318 17.13094648416825 111.0
65.68959204342589 17.137263007473106 112.0
65.68956621626266 17.143579530751566 111.0
65.68954038114072 17.149896054003626 111.0
65.68951453805856 17.156212577229276 110.0
65.68948868701479 17.162529100428507 110.0
65.69634854482926 17.099388202232966 108.0
65.69624626927653 17.124654310915602 108.0
65.69622068067736 17.130970838021476 111.0
65.69619508419095 17.13728736510141 112.0
65.69616947981588 17.143603892155415 113.0
65.69614386755073 17.149920419183466 112.0
65.69611824739405 17.156236946185558 113.0
65.69609261934444 17.162553473161683 110.0
65.69606698340044 17.16887000011183 108.0
65.70284886638022 17.124678450023044 108.0
65.70282350043273 17.13099498087084 109.0
65.70279812666664 17.137311511693163 113.0
65.70277274508051 17.143628042489986 116.0
65.70274735567295 17.149944573261312 113.0
65.70272195844254 17.15626110400713 113.0
65.70269655338787 17.16257763472743 110.0
65.70267114050749 17.168894165422206 108.0
65.70952684857723 17.105752774337745 108.0
65.70945146517806 17.124702378158958 109.0
65.70942632188306 17.131018912715984 111.0
65.70940117083805 17.13733544724797 114.0
65.70937601204166 17.14365198175491 118.0
65.70935084549247 17.149968516236793 115.0
65.7093256711891 17.156285050693622 114.0
65.70930048913016 17.162601585125376 112.0
65.7092752993142 17.168918119532048 108.0
65.70925010173984 17.175234653913638 110.0
65.7092248964057 17.181551188270124 110.0
65.71610388390026 17.112093018782126 108.0
65.71607897861703 17.118409557064837 108.0
65.71605406565521 17.12472609532297 114.0
65.71602914501344 17.131042633556515 114.0
65.7160042166903 17.137359171765468 117.0
65.71597928068442 17.143675709949814 120.0
65.7159543369944 17.149992248109545 119.0
65.71592938561885 17.156308786244658 115.0
65.71590442655639 17.16262532435514 112.0
65.71587945980563 17.168941862440995 111.0
65.71585448536518 17.17525840050219 112.0
65.71582950323364 17.18157493853874 112.0
65.71580451340962 17.18789147655063 109.0
65.7226813581732 17.1184330596132 108.0
65.7226566677968 17.12474960151472 111.0
65.72263196980903 17.131066143392083 113.0
65.72260726420852 17.13738268524529 117.0
65.72258255099392 17.14369922707433 120.0
65.72255783016384 17.15001576887919 120.0
65.72253310171689 17.156332310659874 113.0
65.7225083656517 17.162648852416368 112.0
65.72248362196692 17.168965394148664 111.0
65.72245887066113 17.17528193585675 110.0
65.72243411173297 17.181598477540618 112.0
65.72240934518105 17.18791501920027 108.0
65.7292592715879 17.12477289673383 110.0
65.72923479625493 17.13108944222231 113.0
65.72921031337783 17.137405987687064 117.0
65.72918582295526 17.14372253312809 116.0
65.72916132498587 17.150039078545372 113.0
65.72913681946828 17.156355623938907 111.0
65.72911230640115 17.162672169308685 110.0
65.72908778578308 17.168988714654695 109.0
65.72906325761274 17.17530525997694 110.0
65.72903872188871 17.181621805275398 111.0
65.72901417860967 17.187938350550066 110.0
65.72898962777424 17.194254895800945 108.0
65.73586187701373 17.12479598097995 109.0
65.73583762433627 17.131112530046842 113.0
65.73581336418333 17.137429079090438 113.0
65.73578909655357 17.14374562811074 113.0
65.73576482144564 17.15006217710772 110.0
65.73574053885817 17.15637872608139 111.0
65.73571624878981 17.162695275031727 110.0
65.73569195123925 17.169011823958733 109.0
65.73566764620509 17.175328372862403 110.0
65.73564333368599 17.181644921742713 110.0
65.73561901368058 17.187961470599678 110.0
65.73559468618751 17.194278019433266 108.0
65.73557035120544 17.200594568243485 109.0
65.73552165876885 17.213227665793774 108.0
65.7354973013116 17.219544214533826 109.0
65.74246448405935 17.124818854252712 113.0
65.74244045403817 17.13113540686532 112.0
65.74241641661015 17.137451959455053 112.0
65.74239237177395 17.14376851202191 109.0
65.74236831952821 17.150085064565886 109.0
65.74234425987162 17.156401617086964 111.0
65.74232019280282 17.162718169585148 110.0
65.74229611832048 17.169034722060417 108.0
65.74227203642326 17.175351274512774 111.0
65.7422479471098 17.18166782694221 112.0
65.74222385037879 17.18798437934872 109.0
65.74219974622886 17.194300931732286 111.0
65.74217563465868 17.200617484092906 111.0
65.74215151566688 17.20693403643057 110.0
65.74212738925215 17.21325058874528 113.0
65.74210325541311 17.21956714103701 111.0
65.74207911414844 17.22588369330577 108.0
65.74205496545677 17.23220024555155 108.0
65.7491146854289 17.112208404233247 108.0
65.7490908927372 17.11852496040373 108.0
65.74906709270994 17.12484151655178 112.0
65.74904328534578 17.131158072677387 111.0
65.7490194706434 17.137474628780552 112.0
65.74899564860148 17.14379118486126 112.0
65.74897181921871 17.150107740919502 111.0
65.74894798249373 17.156424296955283 109.0
65.74892413842522 17.16274085296858 112.0
65.74890028701188 17.16905740895939 111.0
65.74887642825234 17.175373964927715 112.0
65.74885256214529 17.181690520873538 111.0
65.7488286886894 17.18800707679685 112.0
65.74880480788335 17.194323632697646 112.0
65.74878091972579 17.20064018857592 112.0
65.74875702421538 17.20695674443167 112.0
65.74873312135081 17.213273300264877 116.0
65.74870921113074 17.21958985607554 113.0
65.74868529355383 17.22590641186365 110.0
65.75566970295058 17.124863967876784 109.0
65.75564611824419 17.131180527482698 109.0
65.7556225262682 17.13749708706658 108.0
65.75559892702131 17.14381364662843 109.0
65.75555170670961 17.15644676568599 108.0
65.75552808564213 17.162763325181675 111.0
65.7555044572985 17.169079884655304 112.0
65.7554808216774 17.17539644410686 112.0
65.75545717877749 17.18171300353633 112.0
65.75543352859748 17.18802956294372 112.0
65.75540987113602 17.194346122329 111.0
65.75538620639182 17.200662681692187 114.0
65.75536253436356 17.20697924103326 115.0
65.7553388550499 17.213295800352217 115.0
65.75531516844953 17.219612359649048 112.0
65.75529147456112 17.22592891892374 112.0
65.76234235771744 17.105936518937224 110.0
65.76210862916544 17.169102149147808 111.0
65.76208521668349 17.175418712049865 110.0
65.76206179699146 17.18173527493025 113.0
65.76203837008805 17.18805183778897 113.0
65.76201493597195 17.194368400626 115.0
65.76199149464183 17.200684963441347 118.0
65.76196804609644 17.207001526234997 119.0
65.76194459033442 17.213318089006943 115.0
65.76192112735448 17.219634651757186 114.0
65.76189765715532 17.225951214485708 110.0
65.76187417973561 17.232267777192504 110.0
65.76875915986301 17.156491069733168 108.0
65.76868961325572 17.17544076875638 110.0
65.76866641677229 17.18175733505495 114.0
65.7686432131462 17.188073901332256 115.0
65.76862000237617 17.194390467588295 115.0
65.76859678446088 17.200707033823058 118.0
65.76857355939907 17.207023600036532 120.0
65.76855032718942 17.213340166228722 116.0
65.76852708783065 17.21965673239961 116.0
65.76850384132145 17.225973298549196 111.0
65.76848058766052 17.232289864677465 112.0
65.77529401137915 17.175462614226067 109.0
65.77527103810503 17.181779183910084 113.0
65.77524805775698 17.188095753573247 114.0
65.77522507033373 17.19441232321554 117.0
65.775202075834 17.200728892836974 120.0
65.77517907425649 17.20704546243753 116.0
65.77515606559993 17.2133620320172 112.0
65.77513304986303 17.219678601575982 114.0
65.7751100270445 17.225995171113865 112.0
65.77508699714308 17.23231174063085 111.0
65.78187566097476 17.181800821495315 111.0
65.78185290390547 17.188117394511593 113.0
65.78183013982972 17.19443396750741 114.0
65.78180736874623 17.200750540482762 116.0
65.78178459065374 17.207067113437642 112.0
65.78176180555099 17.213383686372044 113.0
65.78173901343668 17.219700259285954 112.0
65.78171621430955 17.22601683217938 111.0
65.78169340816834 17.232333405052298 110.0
65.78167059501176 17.238649977904718 109.0
65.78848028536655 17.18182224781031 110.0
65.78845775157671 17.188138824146964 111.0
65.78843521084916 17.194455400463557 112.0
65.78841266318263 17.200771976760084 112.0
65.78839010857587 17.207088553036538 111.0
65.7883675470276 17.213405129292916 113.0
65.7883449785366 17.219721705529203 111.0
65.78832240310157 17.226038281745396 111.0
65.78829982072128 17.232354857941495 109.0
65.78827723139445 17.238671434117485 108.0
65.79506260075577 17.188160042479023 109.0
65.79504028337713 17.194476622083652 108.0
65.79501795912824 17.20079320166861 112.0
65.79499562800791 17.207109781233882 109.0
65.79497329001484 17.21342636077948 113.0
65.79495094514783 17.219742940305384 113.0
65.7949285934056 17.226059519811592 113.0
65.79490623478692 17.2323760992981 112.0
65.79488386929054 17.23869267876489 109.0
65.7948614969152 17.24500925821197 109.0
65.79483911765968 17.251325837639325 108.0
65.80162325656813 17.200814215208 109.0
65.80160114893489 17.207130798029347 111.0
65.80157903449773 17.213447380831408 115.0
65.8015569132554 17.219763963614167 115.0
65.80153478520667 17.226080546377627 117.0
65.80151265035029 17.23239712912177 116.0
65.80149050868505 17.238713711846607 113.0
65.8014683602097 17.245030294552112 112.0
65.801446204923 17.251346877238287 112.0
65.80142404282373 17.25766345990512 109.0
65.8082285554873 17.20083501737794 110.0
65.80820667134188 17.207151603422613 113.0
65.80818478046129 17.21346818944838 112.0
65.80816288284433 17.21978477545524 114.0
65.80814097848976 17.22610136144318 115.0
65.80811906739639 17.232417947412202 116.0
65.80809714956297 17.2387345333623 115.0
65.80807522498827 17.24505111929346 114.0
65.80805329367111 17.251367705205674 113.0
65.80803135561021 17.257684291098943 111.0
65.80800941080439 17.264000876973256 109.0
65.8079874592524 17.27031746282861 109.0
65.81485550986265 17.194539018924345 108.0
65.81483385587084 17.2008556081781 110.0
65.81481219521389 17.207172197413342 113.0
65.81479052789055 17.21348878663007 114.0
65.81476885389965 17.219805375828265 112.0
65.81474717323994 17.226121965007938 114.0
65.81472548591023 17.23243855416906 115.0
65.81470379190931 17.23875514331165 117.0
65.81468209123597 17.245071732435687 115.0
65.814660383889 17.251388321541164 115.0
65.81463866986718 17.257704910628078 113.0
65.81461694916929 17.264021499696433 110.0
65.81459522179415 17.270338088746197 110.0
65.8145734877405 17.276654677777394 108.0
65.82146058827522 17.194559395196972 108.0
65.8214391577038 17.200875987608168 108.0
65.82141772053598 17.20719258000123 111.0
65.82139627677057 17.21350917237615 112.0
65.82137482640637 17.219825764732928 113.0
65.82135336944218 17.22614235707156 115.0
65.82133190587683 17.232458949392033 117.0
65.82131043570908 17.238775541694338 116.0
65.82128895893776 17.245092133978474 114.0
65.82126747556165 17.25140872624444 114.0
65.82124598557958 17.257725318492216 111.0
65.82122448899031 17.26404191072181 109.0
65.82120298579268 17.27035850293321 110.0
65.82118147598547 17.27667509512641 109.0
65.82804446097119 17.20089615566782 108.0
65.82802324729317 17.20721275118595 110.0
65.82800202708636 17.213529346686318 111.0
65.82798080034954 17.219845942168917 112.0
65.82795956708155 17.226162537633744 112.0
65.82793832728119 17.232479133080787 114.0
65.82791708094729 17.238795728510045 114.0
65.82789582807864 17.24511232392151 114.0
65.82787456867408 17.25142891931518 113.0
65.82785330273241 17.25774551469104 111.0
65.82781075123297 17.270378705389327 109.0
65.83464976565807 17.20091611235675 109.0
65.83462877547053 17.207232710967197 112.0
65.83460777882296 17.213549309560257 112.0
65.83458677571417 17.219865908135915 112.0
65.83456576614303 17.226182506694176 112.0
65.83454475010834 17.232499105235025 112.0
65.83452372760893 17.238815703758462 110.0
65.83450269864362 17.245132302264476 110.0
65.83448166321125 17.251448900753072 109.0
65.8412550717495 17.200935857674644 110.0
65.84123430505308 17.20725245934466 110.0
65.8412135319654 17.21356906099765 110.0
65.8411927524853 17.21988566263361 110.0
65.84117196661165 17.226202264252542 109.0
65.84115117434327 17.23251886585443 108.0
65.84110957061769 17.24515206900707 108.0
65.84786037923053 17.200955391621196 108.0
65.8478192864987 17.213588600998193 108.0
65.8544453683739 17.207291321886995 108.0
65.8543843717104 17.22624114486186 108.0
65.88057540713766 17.302115798417123 110.0
65.88055588561394 17.308432417517828 110.0
65.88053635809428 17.314749036603555 108.0
65.88720359783093 17.295817487504085 109.0
65.8871843068306 17.30213410945519 109.0
65.88716500990438 17.30845073139166 110.0
65.88714570705119 17.314767353313503 109.0
65.8938122742892 17.295835583841637 109.0
65.89379320781799 17.302152208595352 110.0
65.89377413548988 17.308468833334782 109.0
65.89373597325859 17.321102082770757 108.0
65.90042095202627 17.29585346831382 109.0
65.90040211008477 17.302170095837337 109.0
65.90038326235533 17.308486723346906 108.0
65.90036440883688 17.314803350842514 108.0
65.90704824272031 17.289554510646216 108.0
65.90702963102706 17.29587114092035 109.0
65.90701101361584 17.30218777118087 108.0
65.91371182631828 17.270622069669304 108.0
65.91358311568449 17.314838500515158 108.0
65.92026515552845 17.28958921488635 108.0
65.92001036861234 17.378022112790998 109.0
65.92685567546123 17.295922887543348 108.0
65.93348207320857 17.289623071791883 108.0
65.9991785733016 17.447696271963572 108.0
65.99916298505167 17.45401293687 109.0
66.00583873536827 17.42876081897628 108.0
66.0058233874251 17.435077486161685 108.0
66.00580803477956 17.44139415333788 109.0
66.00579267743079 17.447710820504874 110.0
66.00577731537791 17.45402748766265 110.0
66.00574657715644 17.46666082195056 108.0
66.01242191381462 17.44140848700277 108.0
66.01240678259413 17.447725156387932 111.0
66.01239164673882 17.454041825764154 110.0
66.01236136112028 17.46667516448975 108.0
66.01908048175835 17.4224725932788 108.0
66.0190655903583 17.428789264875245 108.0
66.01905069439519 17.435105936463014 110.0
66.01903579386817 17.44142260804211 108.0
66.01902088877644 17.447739279612538 109.0
66.0189910648954 17.460372622727355 108.0
66.01897614610446 17.46668929427174 108.0
66.01896122274545 17.473005965807445 109.0
66.01894629481751 17.47932263733446 109.0
66.0256790193644 17.428803168984864 108.0
66.02566434939202 17.435119842724472 108.0
66.02564967492496 17.441436516455674 109.0
66.02563499596243 17.447753190178464 108.0
66.0256203125036 17.454069863892833 108.0
66.02560562454765 17.46038653759879 109.0
66.02559093209376 17.466703211296327 109.0
66.02557623514109 17.473019884985433 108.0
66.0255615336888 17.479336558666116 108.0
66.02554682773611 17.48565323233837 109.0
66.03232132404706 17.41618350879274 108.0
66.03229244935764 17.42881686053429 108.0
66.03227800537643 17.435133536392843 109.0
66.03223464687704 17.45408356391958 110.0
66.0322201851893 17.460400239745503 111.0
66.0322057190729 17.466716915563268 111.0
66.03219124852703 17.473033591372864 108.0
66.03217677355087 17.47935026717429 110.0
66.03216229414363 17.48566694296755 108.0
66.03214781030448 17.491983618752638 110.0
66.0321333220326 17.49830029452954 109.0
66.0321188293272 17.50461697029827 109.0
66.03892009395702 17.42251366157081 108.0
66.03890588032279 17.42883033952331 109.0
66.0388916623332 17.435147017467912 110.0
66.03887743998743 17.44146369540461 109.0
66.03886321328469 17.44778037333341 108.0
66.03884898222418 17.4540970512543 110.0
66.0388347468051 17.460413729167293 112.0
66.03882050702664 17.46673040707237 110.0
66.03880626288803 17.47304708496953 109.0
66.03879201438845 17.47936376285878 111.0
66.0387777615271 17.485680440740115 111.0
66.03876350430319 17.491997118613526 110.0
66.03874924271592 17.498313796479017 110.0
66.03873497676447 17.504630474336576 109.0
66.04550532024713 17.435160285949454 108.0
66.04549132396266 17.44147696593956 111.0
66.04547732339049 17.447793645922005 108.0
66.04546331852978 17.454110325896803 109.0
66.04544930937982 17.460427005863938 109.0
66.04542127820883 17.473060365775225 109.0
66.04540725618625 17.47937704571937 110.0
66.04539322987127 17.485693725655853 110.0
66.04537919926302 17.49201040558466 110.0
66.04536516436077 17.498327085505792 110.0
66.04535112516375 17.50464376541925 109.0
66.05218776696663 17.403589931673245 110.0
66.05217401782467 17.40990661372085 108.0
66.0520638728982 17.46044006983524 109.0
66.05205008579696 17.46675675181619 109.0
66.05202249892905 17.47939011575586 109.0
66.05200869916082 17.48570679771455 109.0
66.05199489516872 17.492023479665825 111.0
66.05198108695194 17.49834016160967 108.0
66.05881381675795 17.39728608099162 108.0
66.05880029747675 17.403602765032765 109.0
66.05878677405086 17.409919449066766 111.0
66.05870554641525 17.447819553120425 109.0
66.05867843734502 17.46045292108099 108.0
66.05866487658304 17.466769605050512 110.0
66.05865131166881 17.47308628901286 110.0
66.05863774260156 17.47940297296803 109.0
66.05862416938054 17.485719656916014 111.0
66.05861059200497 17.492036340856817 108.0
66.06542612253016 17.39729869996817 108.0
66.06539953118691 17.409932071950113 108.0
66.06538622940133 17.41624875793071 108.0
66.06529300270503 17.46046555960099 109.0
66.06527966828274 17.46678224552616 110.0
66.06526632977749 17.473098931444397 109.0
66.06525298718853 17.479415617355684 110.0
66.06523964051512 17.48573230326004 112.0
66.06522628975652 17.492048989157443 108.0
66.07205149317674 17.390994418626217 108.0
66.07192067303231 17.45416129754044 108.0
66.07190756896301 17.46047798539505 108.0
66.07189446088078 17.46679467324295 111.0
66.07188134878493 17.47311136108415 112.0
66.07186823267467 17.479428048918646 110.0
66.07185511254931 17.48574473674643 109.0
66.0718419884081 17.492061424567503 108.0
66.07865073674087 17.397323300730086 108.0
66.07852213610369 17.46049019846296 108.0
66.07850925436196 17.466806888200683 111.0
66.0784963686759 17.473123577931933 108.0
66.07848347904478 17.479440267656702 110.0
66.07847058546784 17.485756957374985 109.0
66.07844478647374 17.49839033679212 108.0
66.08521255518073 17.422602049105695 108.0
66.08512404871101 17.46681889039917 109.0
66.08509872628352 17.47945227356966 108.0
66.08508605925545 17.485768965145528 108.0
66.08506071356707 17.49840234827849 109.0
66.09191250474129 17.37839697143011 108.0
66.09171397437568 17.47946406665735 108.0
66.0985119840914 17.384725218339398 109.0
66.09849982615738 17.391041913618647 108.0
66.09848766449511 17.397358608892105 108.0
66.09832922330598 17.47947564691957 108.0
66.10512384390708 17.38473655941971 109.0
66.1049564567699 17.473170317399532 108.0
66.10494447305915 17.479487014356152 109.0
66.10493248567994 17.485803711307184 108.0
66.1117357045248 17.384747688167657 110.0
66.11155972361993 17.479498168966924 108.0
66.11839345632967 17.35949180274179 108.0
66.11838198900756 17.365808503209838 108.0
66.11834756592943 17.384758604583055 109.0
66.11829012372132 17.416342106768543 108.0
66.11824410653836 17.441608908423916 108.0
66.11817497497309 17.479509110751692 108.0
66.11811726827153 17.51109261254892 108.0
66.12500441714744 17.359502500198534 108.0
66.1249931750613 17.365819202322765 110.0
66.12498192952609 17.37213590444205 110.0
66.12497068054113 17.378452606556372 109.0
66.1249594281058 17.384769308665746 111.0
66.12494817221949 17.391086010770156 108.0
66.12492565009136 17.40371941496409 108.0
66.12491438384826 17.410036117053615 109.0
66.12490311415168 17.416352819138176 109.0
66.13161537872041 17.359512985453833 108.0
66.13160436187061 17.3658296892014 109.0
66.13159334164082 17.37214639294421 110.0
66.1315823180304 17.378463096682264 109.0
66.13157129103875 17.38477980041555 110.0
66.13156026066525 17.39109650414408 110.0
66.13154922690929 17.397413207867846 112.0
66.13153818977023 17.403729911586844 110.0
66.13152714924746 17.410046615301077 109.0
66.1313833142525 17.49216376315161 108.0
66.13137222629278 17.49848046679894 108.0
66.13823712933628 17.35320655316492 108.0
66.13822634103343 17.35952325850753 111.0
66.13821554942031 17.36583996384557 110.0
66.13819395626076 17.378473374507976 111.0
66.13818315471313 17.384790079832317 112.0
66.1381723498528 17.391106785152097 110.0
66.13816154167912 17.397423490467308 112.0
66.13815073019155 17.40374019577794 109.0
66.1381290972722 17.416373606385488 108.0
66.14483730407139 17.359533319359453 108.0
66.14479501911377 17.384800146915882 109.0
66.14478443976692 17.391116853794045 108.0
66.1447738571759 17.39743356066782 111.0
66.14474208993198 17.416383681262847 108.0
66.1513965303925 17.39112671006976 109.0
66.15138617338447 17.397443418469237 109.0
66.15135508330451 17.416393543642464 110.0
66.15134471359063 17.422710252025134 108.0
66.15126164142595 17.473243918935037 108.0
66.15124084157073 17.48587733562039 108.0
66.15123043686779 17.492194043956736 109.0
66.15122002898055 17.498510752288865 108.0
66.15783596463368 17.49852042160085 108.0
66.16445190097326 17.498529877986925 108.0
66.16444194342313 17.50484658927371 110.0
66.16443198282626 17.51116330055663 108.0
66.17106783798403 17.498539121446942 110.0
66.17105810719536 17.504855834163745 109.0
66.17104837342934 17.511172546876868 109.0
66.17103863668544 17.517489259586295 108.0
66.17101915426177 17.530122684994073 108.0
66.17768377565068 17.49854815198075 109.0
66.17767427162377 17.50486486609464 110.0
66.17766476468893 17.51118158020501 111.0
66.17765525484558 17.517498294311864 110.0
66.2041475325705 17.49858214485117 108.0
66.21078856856697 17.479639948919942 108.0
66.21076347328734 17.49859011075191 108.0
66.21738755552747 17.49228114191843 108.0
66.21737941456837 17.49859786372565 109.0
66.21737127111807 17.504914585530283 109.0
66.23068040225665 17.441762213845887 108.0
66.23066506237565 17.45439566209437 108.0
66.23064971309685 17.467029110333662 108.0
66.25092390880863 17.07541270074158 108.0
66.25091704198947 17.08172942817609 109.0
66.29706109571923 17.157570673435778 108.0
66.29705576258867 17.163887407125543 111.0
66.30366490025484 17.15757561684231 109.0
66.30365979016247 17.163892351298255 112.0
66.31027359068091 17.151263613903033 110.0
66.31026870513202 17.15758034909338 109.0
66.31026381807801 17.163897084282777 110.0
66.3168864937648 17.138634662513372 108.0
66.31687717291496 17.15126813429793 110.0
66.31687251033588 17.157584870188916 110.0
66.31686784632036 17.163901606079047 110.0
66.31686318086815 17.17021834196831 108.0
66.32349850022452 17.12600549732651 108.0
66.32348963057659 17.138638970449776 110.0
66.32348519370223 17.144955707010247 109.0
66.32348075546062 17.15127244356994 108.0
66.3234763158515 17.157589180128845 110.0
66.32347187487464 17.16390591668698 109.0
66.33010119187321 17.126009592935542 108.0
66.33009698042807 17.132326330132457 111.0
66.33009276768482 17.13864306732868 109.0
66.33008433830301 17.151276541719 109.0
66.33008012166398 17.15759327891311 108.0
66.3300759037259 17.163910016106513 108.0
66.33007168448853 17.17022675329921 109.0
66.3300505688041 17.201810439252153 108.0
66.33669989505363 17.132330215351523 110.0
66.3366759367295 17.170230642132903 108.0
66.33667193936896 17.176547379927595 108.0
66.34329904273103 17.13865062791368 109.0
66.34329150481832 17.15128410464803 109.0
66.34326508552672 17.195501273200545 108.0
66.34989508846145 17.151287569427886 109.0
66.34987733888977 17.18287126393971 108.0
66.34987023140609 17.195504741740947 109.0
66.34970554809385 17.486074730615986 108.0
66.356501996075 17.144974083676452 108.0
66.35649867234169 17.15129082308455 109.0
66.35649534758429 17.15760756249222 108.0
66.35648203830992 17.182874520118506 108.0
66.35647870842924 17.189191259523984 108.0
66.35647537752331 17.19550799892902 108.0
66.35647204559201 17.201824738333624 109.0
66.35633117606801 17.46712779292928 108.0
66.35632779986759 17.473444532314897 109.0
66.35632104436556 17.48607801108481 108.0
66.3563176650636 17.492394750469092 109.0
66.35631428472742 17.498711489852937 111.0
66.35631090335681 17.505028229236327 110.0
66.3563075209516 17.51134496861928 109.0
66.3563007530366 17.523978447383843 108.0
66.36310535727544 17.144977125738365 108.0
66.36310225644414 17.15129386561799 110.0
66.36308673795281 17.182877565010422 108.0
66.36308052386349 17.195511044764718 108.0
66.36307741538397 17.2018277846413 110.0
66.36293969257362 17.479764338831323 109.0
66.36293654086498 17.48608107869061 108.0
66.36293338819165 17.49239781854951 108.0
66.36293023455347 17.498714558408018 111.0
66.36292707995023 17.505031298266143 111.0
66.36292392438178 17.511348038123877 110.0
66.36291445188331 17.53029825769476 108.0
66.3697058407539 17.151296697028144 109.0
66.369682785384 17.2018306195638 110.0
66.36955788698015 17.473450452831194 108.0
66.36955203757684 17.48608393343335 108.0
66.36954618459215 17.498717414034164 109.0
66.36954325675637 17.505034154334076 110.0
66.36954032802478 17.51135089463365 108.0
66.36953739839717 17.51766763493289 108.0
66.36953446787341 17.5239843752318 110.0
66.36953153645331 17.53030111553037 109.0
66.376296137847 17.18288302093339 108.0
66.37616213482819 17.498720056731333 109.0
66.37615943375997 17.505036797440088 110.0
66.37615402914405 17.51767027885674 109.0
66.37615132559603 17.523987019564643 109.0
66.38277808524629 17.498722486499474 110.0
66.38277561094571 17.50503922758413 108.0
66.38277313588809 17.51135596866855 108.0
66.38939403583116 17.498724703338556 109.0
66.39608831533737 17.252373779357235 108.0
66.39608432124453 17.265007262844676 108.0
66.39608232327713 17.27132400458816 110.0
66.39600998656753 17.498726707248547 109.0
66.40270256147136 17.22710859147872 108.0
66.4027007909827 17.233425333498786 109.0
66.40269193036812 17.265009043597253 109.0
66.40269015661023 17.27132578561658 110.0
66.40268838230715 17.277642527635777 108.0
66.40933812377347 17.107092056046916 108.0
66.4093072802106 17.23342690132347 109.0
66.41594277938061 17.094459923176327 108.0
66.41593883506258 17.11341015059955 108.0
66.42254763518048 17.07551083605191 108.0
66.4291502872901 17.06287828002878 108.0
66.43575140456932 17.056562255735777 108.0
66.43575075846014 17.06287899864293 108.0
66.43573323800837 17.233431057129703 109.0
66.43573062997764 17.25869802875634 108.0
66.44235165383998 17.056562763605296 108.0
66.44235122967328 17.06287950659121 108.0
66.44234740627846 17.11973019346407 108.0
66.44234698080142 17.12604693644991 108.0
66.44234058289295 17.220798081236623 108.0
66.44233972760439 17.233431567208058 108.0
66.44894764330718 17.189214664513358 110.0
66.44894743976975 17.195531407545328 108.0
66.44894601325282 17.239748608769073 108.0
66.44894560511209 17.25238209483299 108.0
66.45555252814049 17.176581265307963 109.0
66.4555525479746 17.18289800835339 110.0
66.45555256781482 17.18921475139883 108.0
66.45555276655311 17.25238218185317 109.0
66.46215652014939 17.16394765485967 108.0
66.46215676308007 17.17026439788583 109.0
66.46215700608559 17.17658114091199 111.0
66.46215724916593 17.18289788393814 108.0
66.46215749232113 17.1892146269643 108.0
66.46215773555119 17.195531369990444 109.0
66.46215919650443 17.23343182814731 108.0
66.46876055179195 17.1639473193132 110.0
66.46876101783141 17.170264062287355 112.0
66.46876148401442 17.176580805261505 111.0
66.46876288342496 17.195531034183894 109.0
66.46876521864907 17.227114749054376 108.0
66.46876568612511 17.233431492028448 109.0
66.47536389446732 17.157630029688256 108.0
66.47536458340335 17.163946772577695 109.0
66.47536527255158 17.170263515467116 112.0
66.47536596191208 17.176580258356516 109.0
66.47536665148488 17.182897001245898 108.0
66.47537217571448 17.233430944360283 109.0
66.4819677029926 17.157629271881174 108.0
66.48196861496866 17.163946014653156 110.0
66.48196952722564 17.17026275742511 111.0
66.4819704397636 17.176579500197033 109.0
66.48197135258259 17.18289624296892 109.0
66.48197866525754 17.233430185142822 108.0
66.48857151145693 17.157628302917797 110.0
66.4951807545799 17.18289409255329 109.0
66.50837932973013 17.144990645139888 108.0
66.51497661789068 17.126038607030225 108.0
66.51498269192791 17.144988832113608 108.0
66.51498471785506 17.15130557380774 109.0
66.5149968865306 17.189206023969135 108.0
66.51500907770264 17.227106474124678 108.0
66.5215905523423 17.157620290757162 109.0
66.52818694493203 17.138667831754667 108.0
66.52820425772019 17.182885018988802 108.0
66.53478469872715 17.126031904524442 108.0
66.53480086404271 17.16393234845382 109.0
66.53480356116808 17.17024908910771 109.0
66.53480625912415 17.176565829761312 109.0
66.54138447805737 17.119712508126597 108.0
66.5413932225788 17.13866272885818 108.0
66.5413961392163 17.14497946910137 109.0
66.54140489452216 17.16392968982892 108.0
66.54140781475577 17.17024643007076 109.0
66.5414107358888 17.176563170312264 108.0
66.54799636111733 17.138659860823104 108.0
66.99047772762576 17.163253459650868 108.0
66.99708170964288 17.163236229277 108.0
66.99710002374948 17.169552862043005 110.0
66.9971183434968 17.175869494795755 109.0
67.00368569043567 17.163218787725114 108.0
67.00370422762752 17.169535417787962 110.0
67.0037227705288 17.17585204783722 110.0
67.00374131914054 17.18216867787289 108.0
67.01021468664358 17.137934625548617 108.0
67.01028966998919 17.16320113499549 109.0
67.01030843026572 17.169517762322446 113.0
67.01032719632039 17.175834389635483 110.0
67.01034596815425 17.182151016934608 108.0
67.01683673327715 17.144233397327955 108.0
67.01687467077369 17.156866646515816 108.0
67.01689364828853 17.163183271088393 110.0
67.01691263164916 17.169499895646723 112.0
67.01693162085665 17.17581652019081 109.0
67.02342085867637 17.137898708830406 108.0
67.02344004146899 17.144215330645682 111.0
67.02345923017288 17.150531952446393 111.0
67.02347842478912 17.156848574232534 109.0
67.02349762531878 17.163165196004098 110.0
67.02351683176292 17.16948181776109 112.0
67.02353604412264 17.175798439503485 112.0
67.03000454315581 17.131563814904638 108.0
67.03002394277777 17.1378804339021 111.0
67.0300433483786 17.144197052884664 111.0
67.03006275995935 17.15051367185232 110.0
67.03008217752114 17.156830290805065 111.0
67.03010160106503 17.163146909742895 111.0
67.0301210305921 17.1694635286658 111.0
67.03014046610345 17.17578014757379 110.0
67.0365289742312 17.106278867113804 109.0
67.03660740322172 17.13154533179566 108.0
67.03662702558265 17.137861947928037 108.0
67.03664665399108 17.144178564045173 108.0
67.03666628844812 17.150495180147058 112.0
67.03668592895485 17.156811796233686 113.0
67.03670557551236 17.16312841230506 112.0
67.03672522812175 17.169445028361164 110.0
67.03678422227217 17.188394876437837 108.0
67.03680389910005 17.194711492432827 109.0
67.0431309427191 17.106260184579746 108.0
67.04319042299261 17.125210024423744 108.0
67.04323010707614 17.137843250908507 109.0
67.04324995829158 17.144159864127502 109.0
67.04326981562427 17.150476477330898 110.0
67.04328967907534 17.15679309051869 111.0
67.04330954864585 17.16310970369088 113.0
67.04332942433697 17.16942631684745 109.0
67.0434089883293 17.194692769317495 109.0
67.04342889463993 17.201009382395927 108.0
67.0497329098838 17.106241291164018 108.0
67.04979305775295 17.12519112221968 110.0
67.04981311940631 17.131507732539706 109.0
67.04983318724334 17.137824342843793 108.0
67.04985326126517 17.144140953131934 110.0
67.04987334147292 17.15045756340413 109.0
67.04989342786769 17.15677417366037 111.0
67.04991352045063 17.163090783900643 112.0
67.04993361922283 17.169407394124956 109.0
67.04995372418543 17.175724004333293 108.0
67.0563348757104 17.1062221868669 108.0
67.0563551412821 17.11253879427293 108.0
67.05639569117336 17.12517200903614 109.0
67.05641597549521 17.131488616393312 108.0
67.05645656289697 17.144121831058772 110.0
67.05647686597915 17.150438438367043 110.0
67.05649717531702 17.156755045659008 109.0
67.05651749091174 17.163071652934647 108.0
67.05653781276442 17.16938826019397 109.0
67.0565581408762 17.175704867436963 110.0
67.05663951593698 17.200971296245555 109.0
67.06293684018411 17.106202871688698 109.0
67.06295732821783 17.112519476100246 108.0
67.06303934353936 17.137785893580002 109.0
67.0630598631721 17.144102497908307 108.0
67.06308038912807 17.150419102219942 108.0
67.06310092140842 17.156735706514905 108.0
67.06312146001429 17.163052310793194 109.0
67.06314200494681 17.169368915054793 110.0
67.06318311379644 17.182002123527933 108.0
67.06322424796645 17.194635331934272 109.0
67.06324482454947 17.200951936112382 108.0
67.06330659230436 17.219901748546377 109.0
67.0696424196384 17.13776635238152 110.0
67.06966316207566 17.14408295368083 108.0
67.06974619575509 17.16934935870773 109.0
67.06991257022085 17.219882167942625 108.0
67.07618263737986 17.118796805321885 108.0
67.07624549435161 17.13774660013905 108.0
67.07626645959274 17.14406319837666 108.0
67.0762874312944 17.150379796596877 108.0
67.07637138272987 17.17564618930364 108.0
67.07649750389827 17.21354577784086 108.0
67.07651854674315 17.21986237586931 108.0
67.08286975570846 17.144043231996097 108.0
67.08299702112906 17.181942802481924 109.0
67.08303949521367 17.194575992501484 108.0
67.08306074206337 17.20089258748455 109.0
67.08308199545293 17.20720918244978 112.0
67.0831032553835 17.213525777397187 114.0
67.0831245218563 17.21984237232676 112.0
67.08314579487252 17.22615896723849 112.0
67.08316707443332 17.23247556213237 110.0
67.08318836053989 17.238792157008405 109.0
67.08323095239514 17.251425346706878 108.0
67.08329488930109 17.270375131120545 108.0
67.08331621470732 17.27669172588933 109.0
67.08934468425272 17.10612350217104 109.0
67.0895802036342 17.175606014347515 113.0
67.08960165408615 17.181922606254627 110.0
67.08962311114314 17.188239198143563 112.0
67.08964457480634 17.1945557900143 111.0
67.08966604507697 17.20087238186685 113.0
67.08968752195621 17.207188973701196 114.0
67.08970900544527 17.213505565517337 113.0
67.08973049554533 17.21982215731527 113.0
67.08975199225762 17.22613874909498 113.0
67.0897734955833 17.232455340856465 114.0
67.0897950055236 17.238771932599725 110.0
67.0898165220797 17.245088524324743 109.0
67.08983804525283 17.251405116031517 108.0
67.08985957504417 17.257721707720048 108.0
67.08988111145493 17.264038299390318 108.0
67.08992420413949 17.276671482676075 109.0
67.09611963097466 17.156635843663913 109.0
67.09614128462663 17.16295243246456 109.0
67.09616294494872 17.169269021246663 110.0
67.09618461194215 17.175585610010213 109.0
67.09620628560813 17.181902198755207 114.0
67.09622796594789 17.18821878748164 111.0
67.09624965296258 17.194535376189503 111.0
67.09627134665347 17.200851964878794 111.0
67.09629304702173 17.207168553549504 112.0
67.09631475406859 17.213485142201627 113.0
67.09633646779525 17.219801730835155 113.0
67.09635818820294 17.226118319450087 115.0
67.09637991529286 17.232434908046407 114.0
67.09640164906621 17.238751496624122 113.0
67.09642338952422 17.245068085183213 113.0
67.0964451366681 17.251384673723685 109.0
67.09646689049904 17.257701262245522 108.0
67.09648865101832 17.26401785074872 111.0
67.10270149868383 17.150298652043922 109.0
67.10272336860542 17.15661523766979 110.0
67.10274524526463 17.16293182327673 108.0
67.10276712866266 17.16924840886475 110.0
67.10278901880072 17.17556499443383 112.0
67.10281091568007 17.181881579983976 113.0
67.1028328193019 17.18819816551517 112.0
67.10285472966744 17.19451475102742 110.0
67.1028766467779 17.200831336520704 111.0
67.10289857063452 17.207147921995023 111.0
67.10292050123851 17.213464507450368 113.0
67.1029424385911 17.219781092886734 113.0
67.10296438269353 17.226097678304125 114.0
67.10298633354698 17.232414263702513 115.0
67.10300829115272 17.23873084908191 113.0
67.10303025551195 17.245047434442302 112.0
67.10305222662592 17.25136401978368 111.0
67.10307420449583 17.25768060510605 110.0
67.10309618912291 17.263997190409395 110.0
67.1031181805084 17.270313775693705 108.0
67.10932710477393 17.15659442053509 109.0
67.10937131091296 17.169227585276815 110.0
67.109393424195 17.1755441676187 110.0
67.10941554428703 17.181860749941254 110.0
67.10943767119025 17.18817733224448 110.0
67.10952624694006 17.21344366126388 111.0
67.10954840791791 17.219760243470336 114.0
67.10957057571439 17.226076825657405 113.0
67.1095927503307 17.232393407825104 115.0
67.10961493176815 17.238709989973415 113.0
67.10963712002794 17.24502657210233 113.0
67.10965931511129 17.251343154211845 112.0
67.10968151701947 17.257659736301964 110.0
67.1097037257537 17.263976318372656 110.0
67.10972594131523 17.270292900423932 109.0
67.11590852366857 17.150256813119064 108.0
67.11595316213688 17.162889971381514 108.0
67.11599782811005 17.175523129565132 108.0
67.11610961344206 17.207106024678964 108.0
67.11613199115828 17.213422603642496 109.0
67.11615437576069 17.21973918258627 113.0
67.11617676725052 17.226055761510278 113.0
67.11619916562904 17.232372340414507 112.0
67.11622157089751 17.238688919298955 112.0
67.11624398305715 17.24500549816362 111.0
67.11626640210922 17.251322077008496 113.0
67.11628882805498 17.25763865583357 112.0
67.11631126089567 17.26395523463884 111.0
67.12251203393132 17.150235576995666 108.0
67.12276034210447 17.219717910234866 109.0
67.12278295728699 17.226034485863043 108.0
67.12280557942701 17.232351061471043 111.0
67.12282820852579 17.238667637058864 110.0
67.12287348760468 17.251300788173953 109.0
67.12289613758732 17.25761736370121 108.0
67.12902456610975 17.124947839458954 110.0
67.12907004038169 17.137580984653123 109.0
67.12909278802984 17.143897557219503 110.0
67.12911554268776 17.15021412976539 110.0
67.12913830435674 17.156530702290798 109.0
67.12916107303805 17.162847274795705 110.0
67.12934347508484 17.213379854096324 108.0
67.12938914580877 17.226012998716037 108.0
67.12941199170959 17.232329570995045 108.0
67.12943484463798 17.238646143253472 109.0
67.13553542785306 17.099659917329117 109.0
67.13555835585512 17.105976486664552 108.0
67.13562718229113 17.12492619454576 108.0
67.135650138584 17.13124276379778 112.0
67.13567310195273 17.137559333028925 112.0
67.13569607239864 17.143875902239195 111.0
67.13571904992303 17.150192471428582 112.0
67.13574203452711 17.15650904059707 111.0
67.13576502621221 17.16282560974466 111.0
67.1357880249796 17.16914217887135 109.0
67.14213715254806 17.09963807498851 108.0
67.14225297589194 17.131220904521214 111.0
67.14227616198912 17.13753747036395 113.0
67.1422993552321 17.143854036185395 110.0
67.1423225556222 17.15017060198556 112.0
67.14234576316068 17.156487167764418 110.0
67.14236897784886 17.162803733521965 112.0
67.14239219968802 17.16912029925821 110.0
67.14243866482447 17.18175343066672 108.0
67.14246190812435 17.188069996338974 109.0
67.1487388756978 17.09961602180364 109.0
67.14876224846996 17.10593258433363 109.0
67.14887922047593 17.13751539665853 109.0
67.14890263651529 17.143831959058453 109.0
67.14894949024256 17.156465083793176 109.0
67.14897292793309 17.162781646127964 111.0
67.1489963728433 17.169098208441028 110.0
67.1490198249745 17.175414770732367 111.0
67.14904328432797 17.181731333001956 113.0
67.14906675090505 17.188047895249802 111.0
67.14918419219019 17.21963070616257 108.0
67.15529342879951 17.08696063955221 108.0
67.15531700940655 17.093277198674564 110.0
67.15534059728746 17.099593757774866 110.0
67.1553641924436 17.1059103168531 110.0
67.15541140458673 17.118543434943334 108.0
67.15555321575783 17.156442788683684 108.0
67.15557687645 17.162759347562993 112.0
67.15560054443053 17.169075906420154 109.0
67.15562421970075 17.17539246525517 111.0
67.15564790226198 17.18170902406803 113.0
67.15567159211552 17.188025582858728 113.0
67.15569528926272 17.194342141627256 109.0
67.15571899370488 17.200658700373605 108.0
67.1557664244794 17.213291817799742 109.0
67.1557901508144 17.219608376479517 108.0
67.16189470425346 17.08693817164749 108.0
67.16191850710659 17.093254727286237 109.0
67.16194231730219 17.099571282902517 112.0
67.16196613484156 17.105887838496308 109.0
67.16215693969161 17.156420282436308 110.0
67.16218082338467 17.1627368378274 110.0
67.16220471443481 17.169053393195934 109.0
67.16225251861155 17.181686503865294 110.0
67.16227643174084 17.188003059166107 111.0
67.1623003522325 17.194319614444325 109.0
67.16234821530836 17.206952724932965 109.0
67.1623721578952 17.213269280143365 110.0
67.16239610784977 17.219585835331152 108.0
67.1684959781191 17.086915492964913 109.0
67.16852000321761 17.09323204508738 108.0
67.16854403572715 17.099548597186946 110.0
67.168568075649 17.105865149263607 109.0
67.16859212298455 17.112181701317358 109.0
67.16878476872219 17.16271411692153 108.0
67.16880888284118 17.16903066876871 109.0
67.16883300438724 17.1753472205929 108.0
67.16885713336174 17.18166377239409 109.0
67.16888126976603 17.187980324172276 109.0
67.16890541360146 17.194296875927446 110.0
67.16892956486934 17.200613427659594 109.0
67.16895372357105 17.206929979368713 110.0
67.16897788970795 17.213246531054796 110.0
67.16900206328134 17.219563082717837 109.0
67.1690262442926 17.22587963435782 109.0
67.17509725038161 17.08689260350483 108.0
67.17512149772476 17.09320915207833 110.0
67.17546174649766 17.18164082965478 110.0
67.1754861061762 17.187957377877595 109.0
67.1755104733546 17.194273926076974 108.0
67.17553484803425 17.200590474252902 109.0
67.17555923021646 17.206907022405378 110.0
67.17558361990264 17.21322357053438 109.0
67.17560801709412 17.219540118639912 110.0
67.17563242179226 17.225856666721967 110.0
67.17565683399845 17.232173214780527 108.0
67.18209094095637 17.187934220282425 108.0
67.18216473522965 17.2068838540433 108.0
67.18218934846435 17.213200398582476 109.0
67.18221396927315 17.219516943097748 109.0
67.18223859765742 17.225833487589103 108.0
67.1887702385956 17.206860474282852 109.0
67.18879507537808 17.213177015199445 109.0
67.18881991980345 17.21949355609169 109.0
67.19537574029941 17.206836883124396 108.0
67.20815431206049 17.099408055205792 108.0
